1711628119.1473696 -0.013022521510720253 1.4332782626152039 -0.016084017455879777 -0.0 48.94209899338853 1.1675148450760604 15.1647723239602 1.1675148450760604 0.5 1.4987993240356445 0.8874306082725525 0.000156645934116563 -0.00026059663671964986
1711628119.161531 -0.013022521510720253 1.4332782626152039 -0.016084017455879777 -0.0 2.0999999999999996 0.11996148149680236 0.00033185498024090876 0.11996148149680236 0.5 1.4987993240356445 0.8874306082725525 0.000156645934116563 -0.00026059663671964986
1711628119.1740284 -0.013022521510720253 1.4332782626152039 -0.016084017455879777 -0.0 2.0999999999999996 0.11996148149680236 0.00033185498024090876 0.11996148149680236 0.5 1.4987993240356445 0.8874306082725525 0.000156645934116563 -0.00026059663671964986
1711628119.3071089 -0.01248498447239399 1.4333866238594055 -0.02020811634718473 0.06363829970359802 2.002493786800728 0.12391808345104136 0.8103527274941367 224.3490283678326 0.5 1.498775839805603 0.8879405856132507 -0.0002257693347941488 0.004902747280453647
1711628119.4038599 0.00010687485337257385 1.4328622817993164 -0.024168233708760898 0.15764941275119781 1.3962060584249445 0.12868863625888785 1.3916103803917637 19.170536205009327 0.5 1.4989709854125977 0.8922566175460815 0.0019433680931487075 0.042981437688757194
1711628119.504354 0.016298828646540642 1.4326053261756897 -0.013082846457879202 0.17568594217300415 1.819611701749786 0.11800035543681911 1.8194950899170865 3.6952778049296997 0.5 1.498739778995514 0.8971411883831024 -0.0022884415707003967 0.04834664668680385
1711628119.6079628 0.03266192600131035 1.4323997497558594 0.0005882856585635398 0.16198839247226715 1.9816254075762008 0.10464690297984039 1.9812879387631577 6.32521483297104 0.5 1.4991127252578735 0.9023260474205017 0.0037185347891304918 0.05169666692815864
1711628119.6881835 0.048490782268345356 1.4334673285484314 0.03080880211398423 0.1605420708656311 1.9849116687177408 0.07277641375091864 1.9848940427794417 1.6604734791702485 0.5 1.498813509941101 0.907625675201416 -0.002956231287998172 0.052360038348562045
1711628119.799641 0.06452972770057386 1.4347320199012756 0.0696926668962539 0.16560420393943787 2.033542954531233 0.03193720124276912 2.0335429545312316 0.03193720110777527 0.5 1.4990569949150085 0.9126117825508118 0.0024033539878614446 0.04921610064787599
1711628119.898321 0.08032068237662315 1.4361885786056519 0.10374532404560952 0.17410683631896973 1.9309920303932107 -0.004368416761737076 1.9309920303932004 -0.004368417244880201 0.5 1.499498963356018 0.9180571734905243 0.004399340247288606 0.05420325367254432
1711628120.002489 0.096756836399436 1.43778657913208 0.12835643462677623 0.18834128975868225 1.975456328074505 -0.03145243019650046 1.975456328074504 -0.031452430226401415 0.5 1.4991729855537415 0.9229887425899506 -0.003234364576581521 0.04893122258862715
1711628120.091876 0.11569335497915745 1.4402841329574585 0.14108605782333394 0.19950775802135468 1.849442847508485 -0.04804938456402365 1.8494428475084839 -0.04804938460096706 0.5 1.4997244477272034 0.9278970658779144 0.005435791620937551 0.04838160056214499
1711628120.2025404 0.13426348939538002 1.4423002004623413 0.14118821337564402 0.19727446138858795 1.917322084088626 -0.051275357501835414 1.917322084088625 -0.05127535754516428 0.5 1.4996638298034668 0.9329527914524078 -0.0006019190386340877 0.05020194176596062
1711628120.3020036 0.15364697575569153 1.4442251324653625 0.13850852274156142 0.19876332581043243 2.0077262431681073 -0.05157991714721538 2.007726243168106 -0.0515799171882995 0.5 1.4998172521591187 0.9376760721206665 0.0015294808321706743 0.047086796551715944
1711628120.395181 0.171000674366951 1.4462944269180298 0.13024731198378933 0.1980188935995102 1.9684528388243956 -0.05157991714721538 1.9684528388243945 -0.0515799171868702 0.5 1.5003240704536438 0.9422345459461212 0.004213652969032153 0.037898842595804484
1711628120.5002182 0.1933073177933693 1.4489938616752625 0.13189758819598396 0.19597703218460083 1.91994888984086 -0.046528494558284755 1.9199488898408585 -0.04652849461592259 0.5 1.5001168847084045 0.9480283260345459 -0.001999995397018649 0.055928237219246904
1711628120.5974698 0.21252533048391342 1.4513400197029114 0.13281077515427955 0.19670018553733826 1.9918040669384631 -0.052368592301164196 1.9918040669384625 -0.05236859232598371 0.5 1.5006906390190125 0.952910989522934 0.005537135507384765 0.04712116122233446
1711628120.6980047 0.23177026212215424 1.453399419784546 0.14001059626048598 0.20397435128688812 1.9136194257251424 -0.05692555561100836 1.9136194257251413 -0.05692555565411794 0.5 1.5006881356239319 0.9583177864551544 -2.4050079136212776e-05 0.051943017345833266
1711628120.7878036 0.23177026212215424 1.453399419784546 0.14001059626048598 0.19308437407016754 2.019339731862433 -0.06732546239175449 2.019339731862432 -0.06732546242409523 0.5 1.5006881356239319 0.9583177864551544 -2.4050079136212776e-05 0.051943017345833266
1711628120.885086 0.2515833079814911 1.4551820158958435 0.145342553188055 0.20397435128688812 1.9524796180324888 -0.07542858846481315 1.9524796180324875 -0.07542858850921001 0.5 1.5009312629699707 0.9632394909858704 0.002277091753567202 0.0460958957640176
1711628120.9836729 0.2724530026316643 1.4567761421203613 0.13995020547097925 0.19950775802135468 1.9390796922990416 -0.07251533298601508 1.939079692299041 -0.0725153330139133 0.5 1.5015737414360046 0.9687924385070801 0.0064237187127532775 0.05552026221692491
1711628121.0836298 0.2922111228108406 1.4580819606781006 0.1347105684883254 0.19742335379123688 1.9560999617250583 -0.0693070490341537 1.9560999617250574 -0.06930704907059641 0.5 1.5011990666389465 0.973888486623764 -0.0036902231980368906 0.05019167322210612
1711628121.184826 0.3104461058974266 1.4596546292304993 0.1230402067388949 0.20248548686504364 1.9635817219103517 -0.06008387279986871 1.9635817219103509 -0.06008387283339001 0.5 1.5017178058624268 0.9786163568496704 0.005140263090749299 0.04684915988622081
1711628121.2912295 0.32639777660369873 1.4609111547470093 0.108614548015426 0.19453071057796478 1.943796929334898 -0.047614002458747015 1.9437969293348973 -0.047614002488634705 0.5 1.5019214749336243 0.9833749234676361 0.001970906490090672 0.04604866991209653
1711628121.388391 0.3481503278017044 1.463039755821228 0.08938874498724478 0.20099662244319916 2.011816083611233 -0.03170243651796753 2.0118160836112136 -0.03170243771903396 0.5 1.502051591873169 0.9887915551662445 0.0012489844491995743 0.05199391241661041
1711628121.4887133 0.36753393709659576 1.4647852182388306 0.07009340695249648 0.19380754232406616 1.906980907980025 -0.015125738029482867 1.9069809079800177 -0.015125738735190542 0.5 1.5026915669441223 0.9942294657230377 0.006334453480085144 0.053824270685350464
1711628121.5825987 0.38208746910095215 1.4657559394836426 0.057366953648021496 0.1952538639307022 2.0031992814094512 -0.003911583178901647 2.0031992814094193 -0.003911585389826849 0.5 1.5024088621139526 0.9980986714363098 -0.0023642794904362077 0.032358427362833904
1711628121.687818 0.4092864394187927 1.4668906331062317 0.060181015753590514 0.19670018553733826 1.9550790826928177 -0.008493708110612758 1.9550605240369183 1.6403646113301371 0.5 1.5030710101127625 1.0050784051418304 0.006484144809648996 0.0683496803746784
1711628121.7834914 0.42894212901592255 1.466956913471222 0.04005854943311068 0.20248548686504364 1.9293269336911103 0.011525471018532137 1.929326933691109 0.011525470711492248 0.5 1.5029986500740051 1.0102137923240662 -0.0007111825548208102 0.050472579050225654
1711628121.8926046 0.44553783535957336 1.4671896696090698 0.038988735198361886 0.1866663098335266 2.021898168247052 0.012232563877191148 2.0218981682470445 0.012232563063377366 0.5 1.5032938122749329 1.0140586197376251 0.0028593403192391106 0.03724619890199484
1711628121.9848127 0.46731939911842346 1.4681023359298706 0.04667975353108869 0.1965300291776657 1.936364393991402 0.0031191397825870437 1.9363607341260722 0.8362940481452509 0.5 1.5037228465080261 1.0201373994350433 0.0042256563915547924 0.05987129301093575
1711628122.0826306 0.486926332116127 1.4694639444351196 0.04656218245778741 0.1981465220451355 1.9454593179346051 0.0011142479780894485 1.9454593179346036 0.0011142476586883752 0.5 1.5035104155540466 1.0252419114112854 -0.0020781050294339906 0.04993486971610893
1711628122.1827512 0.505705401301384 1.469529151916504 0.05173919790793581 0.1822369396686554 1.9845925973843455 -0.00416442323711954 1.9845925973843441 -0.00416442352353832 0.5 1.5039804577827454 1.030129611492157 0.0046610540152681144 0.04846763268577427
1711628122.285738 0.5255070775747299 1.4708390831947327 0.05321017587572676 0.19308437407016754 1.9645345814106936 -0.007677735482859861 1.9645345814106927 -0.007677735801250931 0.5 1.5039892196655273 1.0355122089385986 8.495970482571123e-05 0.0521924227502439
1711628122.3971205 0.5449164509773254 1.4714948534965515 0.05350185388611693 0.1980188935995102 1.9746096503016701 -0.00899197905322379 1.9746096503016688 -0.008991979341081605 0.5 1.5040530562400818 1.0403701961040497 0.000628990654995983 0.04786642376233902
1711628122.4842134 0.5658498704433441 1.4727360606193542 0.06480038482576389 0.19504117965698242 1.9536734014522827 -0.022226220940872725 1.9536734014522814 -0.02222622121123336 0.5 1.504451334476471 1.0456745326519012 0.00386844731802319 0.05152063210498649
1711628122.5842571 0.5864252150058746 1.4736924171447754 0.06493937895016141 0.19950775802135468 1.962259483546008 -0.023856908930829396 1.9622594835460063 -0.023856909269844406 0.5 1.5040969848632812 1.0507696270942688 -0.003530846951890206 0.050769065385702715
1711628122.6828635 0.6066184937953949 1.4747791290283203 0.06461388997211402 0.1980188935995102 1.9475503638372575 -0.025226659570643593 1.9475503638372549 -0.02522666003054478 0.5 1.5046583414077759 1.0556085705757141 0.005430545753126398 0.04681178874727262
1711628122.7886586 0.62689208984375 1.4757331013679504 0.0633472988282236 0.20325247943401337 1.931568280815104 -0.02544842517505643 1.9315682862083372 -0.02355747187756989 0.5 1.504617989063263 1.0609923005104065 -0.0003976757409574293 0.05305711023078116
1711628122.883691 0.6471990346908569 1.4766850471496582 0.061780185452142755 0.19742335379123688 1.9909687086146386 -0.025366674253787178 1.9909687086146366 -0.02536667469478518 0.5 1.5047829747200012 1.0656839609146118 0.001607410814251137 0.04570958360626797
1711628123.0008426 0.6666720509529114 1.4766067266464233 0.06312822685810168 0.19597703218460083 1.9414401774988908 -0.026592502609876445 1.9414403058083602 0.0315224630234147 0.5 1.5051923394203186 1.0706794261932373 0.004083545002235604 0.04983137836886517
1711628123.0901275 0.6864048540592194 1.4776768684387207 0.05514770959906017 0.19742335379123688 1.979678493424203 -0.020281951258145088 1.9796786760816631 0.13007533309742267 0.5 1.5051708221435547 1.0754713416099548 -0.00021138207573685098 0.04707496393037156
1711628123.1983957 0.7051376402378082 1.4781046509742737 0.05082534127612963 0.20025219023227692 1.9456892122659604 -0.020281951258145088 1.9456893853319197 0.10023404719080775 0.5 1.5057839751243591 1.0797375440597534 0.004919825072886298 0.034231212169907335
1711628123.2823381 0.7282232642173767 1.479321539402008 0.05738267011445024 0.2040674090385437 1.9380710146245939 -0.0166271963893405 1.938071014624591 -0.016627197231390993 0.5 1.5060654282569885 1.085952877998352 0.0027503506376713 0.060736036233335976
1711628123.3979113 0.7488598525524139 1.4804097414016724 0.05384419075398992 0.19597703218460083 1.9619269997105295 -0.025083811683569143 1.9619204991376442 1.010997080971073 0.5 1.5060111284255981 1.090717852115631 -0.000507971415316537 0.044576025087431304
1711628123.5003374 0.7690136134624481 1.4804502129554749 0.056983071276950584 0.20095151662826538 1.980016725824801 -0.023243966354932158 1.9800166609620211 0.26561098213119894 0.5 1.5066954493522644 1.0962826609611511 0.006673603199330373 0.054268873956613735
1711628123.5887823 0.7690136134624481 1.4804502129554749 0.056983071276950584 0.18610799312591553 2.024874025114975 -0.02644602460800006 2.024862550539844 1.2997313688047207 0.5 1.5066954493522644 1.0962826609611511 0.006673603199330373 0.054268873956613735
1711628123.6843429 0.7885152399539948 1.482149600982666 0.06906114540163213 0.18079061806201935 1.9877842162546155 -0.04117712596603029 1.9877819472353853 0.666701435276826 0.5 1.5062642097473145 1.1015000939369202 -0.004167434680429473 0.05042048753513663
1711628123.8016093 0.8217965364456177 1.4835883975028992 0.11006325252095113 0.17717480659484863 2.0296634284438104 -0.062138762795389185 2.029660975262002 0.703259980872314 0.5 1.5069221258163452 1.1114700436592102 0.00012522929307182164 0.04806629509430412
1711628123.8873792 0.8217965364456177 1.4835883975028992 0.11006325252095113 0.1749415099620819 1.9742434091755678 -0.08442574212059836 1.9742437012179168 0.021039418981209215 0.5 1.5069221258163452 1.1114700436592102 0.00012522929307182164 0.04806629509430412
1711628123.9937046 0.8401526212692261 1.4854900240898132 0.12720757865987734 0.17866367101669312 1.9812981201505957 -0.10453962463636796 1.9812981201505941 -0.10453962502262407 0.5 1.506967008113861 1.1165986061096191 0.00044141336691123196 0.05043895130032288
1711628124.08825 0.8566900789737701 1.4879960417747498 0.13293348556096546 0.19091489911079407 1.889385461354574 -0.11417949981053829 1.8893855133280073 -0.10048816691372008 0.5 1.507589042186737 1.1220127940177917 0.0062140500887211065 0.05408712531707375
1711628124.1867547 0.8734782636165619 1.4901698231697083 0.14375512856147835 0.19380754232406616 1.94443385860242 -0.12839668497048423 1.9444338586024106 -0.12839668614623903 0.5 1.5071511268615723 1.1264591813087463 -0.004159589646035736 0.04223452680209253
1711628124.289567 0.8950004577636719 1.4917855858802795 0.14167508532600537 0.1981465220451355 1.9396107363947162 -0.128840767998681 1.939610736394712 -0.12884076898346075 0.5 1.5076203346252441 1.1317593455314636 0.00468346176362797 0.052904317447322956
1711628124.3911862 0.9137651324272156 1.4940938353538513 0.128684890172404 0.20397435128688812 1.9280918352243919 -0.11945676987177112 1.9280919262194403 -0.0875710468873496 0.5 1.5075250267982483 1.1365708112716675 -0.0009526771479026804 0.048094407385958764
1711628124.4852765 0.9343250691890717 1.4967265129089355 0.11594279402837258 0.19727446138858795 2.015195855206303 -0.11082801505156731 2.015195589061851 0.32691515112772257 0.5 1.5072486996650696 1.1416895389556885 -0.002709064262557179 0.05018313648401325
1711628124.601715 0.9529976844787598 1.4986053705215454 0.11057462023573686 0.19453071057796478 1.9643347203731536 -0.10839551512481765 1.9643324437862908 0.6095275436780401 0.5 1.507813811302185 1.1468778252601624 0.005569850781341793 0.05113676418752203
1711628124.6976182 0.9625974893569946 1.4997686743736267 0.1081931147162319 0.20025219023227692 1.927595125229638 -0.10783166844076382 1.9275952218684929 -0.027188475437740736 0.5 1.507727026939392 1.1495028734207153 -0.0007316891768295747 0.02213208999776875
1711628124.789822 0.9925762414932251 1.502325713634491 0.1208986434242998 0.18657591938972473 2.0234955607908724 -0.12453255498246067 2.023486461525104 1.1276343557979756 0.5 1.5084238052368164 1.1576159596443176 0.005067757961452092 0.05900751710205745
1711628124.895541 1.0204395353794098 1.5062231421470642 0.13630514965721893 0.19091489911079407 1.9228001661221987 -0.14602850282349095 1.9227836571597416 1.4710917023129488 0.5 1.5082749724388123 1.1654133796691895 -0.0014617041702765354 0.0765793663802187
1711628124.9898736 1.0380759835243225 1.5085762739181519 0.15283971773216895 0.18079061806201935 2.0239286573891784 -0.16623934370417168 2.023927213848384 0.4908618951984758 0.5 1.508789598941803 1.1702660918235779 0.005096258729866413 0.048055583100773
1711628125.0948822 1.0471171438694 1.5095753073692322 0.16414316245019736 0.16849686205387115 2.000025293471388 -0.16623934370417168 2.000023356663674 0.5559341516422908 0.5 1.5088420510292053 1.1731414794921875 0.0004376759407545931 0.023993096656752644
1711628125.1896703 1.071440875530243 1.5149630308151245 0.2038346566349365 0.17866367101669312 2.028024649945178 -0.17910346402322377 2.0280248436661035 -0.07988398405039869 0.5 1.5087200999259949 1.180715262889862 -0.0012057394612713657 0.07488254942588886
1711628125.289123 1.071440875530243 1.5149630308151245 0.2038346566349365 0.18407772481441498 1.906874491658906 -0.2272101337984668 1.9068700882336531 0.8198898165078138 0.5 1.5087200999259949 1.180715262889862 -0.0012057394612713657 0.07488254942588886
1711628125.391386 1.0896204710006714 1.5192083716392517 0.22967378917061812 0.1965300291776657 1.9171313446388492 -0.2596778629466703 1.9171316523937407 -0.17454002536342125 0.5 1.5094214081764221 1.1862040162086487 0.006648569478285634 0.05203469054711975
1711628125.4953597 1.1096321940422058 1.5248848795890808 0.23231741544524828 0.18561169505119324 2.009750828677956 -0.2711804625505282 2.009750828677945 -0.2711804650133613 0.5 1.5094839930534363 1.1921120882034302 0.00035994257373337925 0.033978921762882176
1711628125.5886571 1.139281690120697 1.5308567881584167 0.24168490999325604 0.1902136504650116 1.9438313157330234 -0.28986133487662036 1.9438276600211704 0.7301728742225171 0.5 1.5100354552268982 1.2003852725028992 0.005475722639142065 0.08214826827016405
1711628125.6893647 1.1587781310081482 1.535469651222229 0.23909208103983115 0.19578559696674347 1.9422593288847818 -0.28986133487662036 1.9422564521630714 0.6564887898328278 0.5 1.5096372365951538 1.2054948806762695 -0.0037275709694697375 0.04782907070166042
1711628125.7923412 1.175533950328827 1.539413571357727 0.24311600956405985 0.18440642952919006 1.9906258438043802 -0.29445677277235294 1.990625898243086 0.1756197458757497 0.5 1.5102700591087341 1.2103238701820374 0.006297466777704227 0.048055181871457416
1711628125.8911347 1.1927293539047241 1.54287451505661 0.2583322078880857 0.1728358268737793 1.9883355828139666 -0.3046220383390462 1.9883349072042942 0.31015733650132404 0.5 1.5104740858078003 1.2159274816513062 0.0019843202181534865 0.054499531600719756
1711628125.9887888 1.2100729942321777 1.547537922859192 0.2759241430583151 0.19057458639144897 1.9959171575440395 -0.32522369078785396 1.9959149949335135 0.507524221693517 0.5 1.5105029344558716 1.2204577326774597 0.000283960902573249 0.04459183553735494
1711628126.0860977 1.2286423444747925 1.5518146753311157 0.28500881881604695 0.19453071057796478 1.9234842986859826 -0.35006599520645704 1.9234833589296085 0.30772427352728343 0.5 1.5107582211494446 1.22581946849823 0.0025070945566253323 0.05265601000262241
1711628126.1874723 1.2467123866081238 1.5578039288520813 0.2932241181274077 0.1887454092502594 1.975111673769069 -0.36579305392628975 1.9751085454925594 0.5548146568294678 0.5 1.5105725526809692 1.2310940623283386 -0.0018437101959837305 0.05237735036057408
1711628126.2919338 1.264688789844513 1.5631957650184631 0.30519330342416195 0.18729907274246216 1.9571849783389537 -0.3832983619103373 1.957180735180519 0.6331482156353191 0.5 1.5113547444343567 1.2361649870872498 0.007522223317688545 0.04876633932604364
1711628126.3940048 1.2822981476783752 1.5689313411712646 0.3193227662113183 0.18610799312591553 2.0019958118228596 -0.4036176263364352 2.0019894491011674 0.7735820001289624 0.5 1.5114540457725525 1.2414642572402954 0.000977694940399341 0.0521752245294623
1711628126.4895184 1.2822981476783752 1.5689313411712646 0.3193227662113183 0.18089696764945984 1.990912548532245 -0.4266143866879676 1.9909069658766605 0.7464698107879798 0.5 1.5114540457725525 1.2414642572402954 0.000977694940399341 0.0521752245294623
1711628126.6047857 1.3178645968437195 1.5800376534461975 0.354188232445468 0.17862112820148468 1.9900812769557281 -0.45106547803667035 1.9897207140333988 5.826891171997689 0.5 1.511700689792633 1.2517744898796082 0.0031349721502935387 0.04966897378401957
1711628126.7105181 1.333234429359436 1.5863316655158997 0.37554789436138586 0.1764303743839264 1.9841807661692175 -0.47860115495147093 1.98396568113327 4.388597401372835 0.5 1.5113710165023804 1.256794512271881 -0.0032588432432177645 0.04962326805826913
1711628126.8086631 1.3484126329421997 1.592424213886261 0.40117204499709364 0.16720393300056458 2.0216710552965083 -0.5096317592996956 2.0215449397124403 3.298851402880765 0.5 1.5119193196296692 1.261516034603119 0.005150708187380737 0.04435353824928554
1711628126.9088047 1.3635764718055725 1.5998914241790771 0.43257715496696864 0.1634347140789032 1.958041649015349 -0.5445933439583758 1.9580179075025341 1.1158263955011472 0.5 1.5122364163398743 1.2674060463905334 0.00310050773728209 0.05759134841780857
1711628127.0056684 1.3779194355010986 1.606752634048462 0.47001563791363815 0.1674971878528595 2.04843421176296 -0.5874082860165316 2.048434384303784 -0.5424867199771201 0.5 1.5123061537742615 1.2723029851913452 0.0006961053796451647 0.04888028177393829
1711628127.0971928 1.3779194355010986 1.606752634048462 0.47001563791363815 0.16154173016548157 1.981917155085178 -0.635295006135534 1.9819171550851593 -0.6352950068447111 0.5 1.5123061537742615 1.2723029851913452 0.0006961053796451647 0.04888028177393829
1711628127.204518 1.3915626406669617 1.6138132214546204 0.49895949023973507 0.17355899512767792 1.9190499471427618 -0.6749527992434163 1.9190499471427611 -0.6749527992581117 0.5 1.5127259492874146 1.277374505996704 0.004097016036708519 0.04949576977131635
1711628127.3374481 1.4236279726028442 1.6317246556282043 0.5134489861461723 0.17428214848041534 1.9449858829609092 -0.7058690521723942 1.9449858829609081 -0.7058690521948457 0.5 1.5129100680351257 1.2870756387710571 0.004194899929715381 0.0449389388159885
1711628127.4060278 1.4236279726028442 1.6317246556282043 0.5134489861461723 0.17568594217300415 1.9737095957618715 -0.7164341688223717 1.9737095957618698 -0.716434168850704 0.5 1.5129100680351257 1.2870756387710571 0.004194899929715381 0.0449389388159885
1711628127.5022333 1.4421440958976746 1.6406726837158203 0.48425734951842053 0.1699431836605072 2.0002103365664397 -0.700617898679648 2.000210336566438 -0.7006178987054894 0.5 1.5131896138191223 1.2931078672409058 0.002771585867157712 0.05980715908311921
1711628127.6083 1.4578157663345337 1.6476387977600098 0.4585200065353537 0.1712193489074707 1.9945134436983787 -0.6852394713009378 1.9945134436983765 -0.6852394713293133 0.5 1.513161838054657 1.29795640707016 -0.00027181584651387426 0.047448197499294215
1711628127.7060225 1.4735714197158813 1.6548351645469666 0.42970669070717943 0.16973048448562622 1.9626529235342574 -0.6670757047074478 1.962652923534255 -0.66707570473714 0.5 1.5137808322906494 1.3031655550003052 0.006182327769932872 0.052027398695549676
1711628127.8103874 1.4894288778305054 1.6608512997627258 0.3932891369751382 0.17419707775115967 2.010153421069481 -0.6395193191664017 2.0101534210694783 -0.6395193191950543 0.5 1.5134621858596802 1.3081175684928894 -0.0031730091237366725 0.049311030865912174
1711628127.9170697 1.5063295364379883 1.6663211584091187 0.3702103947211186 0.17211267352104187 1.9447163617881855 -0.62446306016725 1.9447163617881824 -0.6244630602006592 0.5 1.5138757228851318 1.3129407167434692 0.003983290618311425 0.04645775346542839
1711628128.0037944 1.5220244526863098 1.670910656452179 0.35004670166682916 0.17866367101669312 1.976777682950794 -0.6110049835166698 1.9767776829507904 -0.6110049835512557 0.5 1.5141732096672058 1.318060278892517 0.002919826740956201 0.050248398804690446
1711628128.0986362 1.540835976600647 1.6769801378250122 0.3226246114043189 0.1838746964931488 1.9644735039795778 -0.5924140552387677 1.9644735039795738 -0.5924140552756145 0.5 1.5138800740242004 1.3234131336212158 -0.002865640055098602 0.05232852191707707
1711628128.1977665 1.5586413741111755 1.6819009184837341 0.3025054271224839 0.1801525354385376 2.00030838335627 -0.5794232033465749 2.0003083833562654 -0.5794232033851852 0.5 1.5145057439804077 1.3285095691680908 0.00609232333597216 0.04962541816890193
1711628128.3068845 1.576373279094696 1.68503999710083 0.2707021017679046 0.18089696764945984 1.9491601167040098 -0.5521522096668705 1.9491601167040047 -0.5521522097082955 0.5 1.514230728149414 1.3336361646652222 -0.002677787940552411 0.04991689223383461
1711628128.4120376 1.593721866607666 1.6889079213142395 0.24650486487798656 0.17572848498821259 1.987770142147556 -0.533523334416952 1.9877701421475502 -0.533523334460459 0.5 1.5144991874694824 1.3385587930679321 0.002653657616892911 0.04865903092006033
1711628128.5061734 1.611142098903656 1.6919012069702148 0.21984918829352337 0.18271151185035706 1.9426637302261902 -0.5111643583066863 1.9426637302261842 -0.511164358353851 0.5 1.5149167776107788 1.3437931537628174 0.004095983761055531 0.05134186439171776
1711628128.6016686 1.611142098903656 1.6919012069702148 0.21984918829352337 0.17789797484874725 1.99790665989085 -0.5111643583066863 1.9979066598908437 -0.5111643583521404 0.5 1.5149167776107788 1.3437931537628174 0.004095983761055531 0.05134186439171776
1711628128.70552 1.6277103424072266 1.6943114399909973 0.19560429060999573 0.1853635609149933 1.9329206560608265 -0.4903712000668015 1.9329206560608196 -0.49037120012698177 0.5 1.5147740244865417 1.3483996987342834 -0.0008486179043850337 0.02738431513168991
1711628128.8018684 1.6411218643188477 1.6962395310401917 0.17811193079310353 0.18313026428222656 2.0045702041752462 -0.47563490032267686 2.0045702041752387 -0.4756349003820543 0.5 1.5149695873260498 1.352117896080017 0.0014824366722572437 0.028185273408131397
1711628128.903815 1.6812990307807922 1.699603796005249 0.13206984344028871 0.17789797484874725 1.9552668922597545 -0.4343906210039791 1.9552668922597454 -0.43439062103479065 0.5 1.5152106881141663 1.3635278344154358 0.0023702097738192898 0.11216863939997657
1711628129.0017087 1.698977768421173 1.7006964087486267 0.10671733983995947 0.17866367101669312 1.9654731422711607 -0.41059323006091153 1.9654731422711504 -0.410593230120814 0.5 1.5155556797981262 1.3688398599624634 0.003380288270609947 0.05204814633120751
1711628129.1041915 1.716772973537445 1.7017513513565063 0.08167696711303467 0.1822369396686554 1.955369710208332 -0.38705291644453965 1.9553697102083207 -0.38705291651006124 0.5 1.5152873396873474 1.3739109635353088 -0.002678492809359375 0.05061827848233813
1711628129.2105865 1.716772973537445 1.7017513513565063 0.08167696711303467 0.18407772481441498 1.9840544597450502 -0.38705291644453965 1.984054459745039 -0.38705291650861645 0.5 1.5152873396873474 1.3739109635353088 -0.002678492809359375 0.05061827848233813
1711628129.277256 1.716772973537445 1.7017513513565063 0.08167696711303467 0.18407772481441498 1.9711455926299093 -0.38705291644453965 1.971145592629898 -0.38705291650824075 0.5 1.5152873396873474 1.3739109635353088 -0.002678492809359375 0.05061827848233813
1711628129.4016316 1.7314028143882751 1.7019813656806946 0.06707449510874909 0.1928078830242157 1.9775215220886755 -0.3727773216642638 1.977521522088663 -0.37277732174741846 0.5 1.5159779787063599 1.3776172399520874 0.0028695552251314293 0.015399310732191026
1711628129.5067124 1.7314028143882751 1.7019813656806946 0.06707449510874909 0.18368326127529144 1.96433118434486 -0.3727773216642638 1.9643311843448477 -0.37277732174828687 0.5 1.5159779787063599 1.3776172399520874 0.0028695552251314293 0.015399310732191026
1711628129.6026664 1.76735121011734 1.7022703886032104 0.02608310398556282 0.18983015418052673 1.9538461566749836 -0.33219657027620186 1.9538461566749579 -0.3321965710579211 0.5 1.516004204750061 1.3875840306282043 9.818781007264113e-05 0.03731471513931065
1711628129.6846704 1.8276711106300354 1.6992145776748657 -0.04240373364613475 0.1890391856431961 1.9589739674635043 -0.25936270553323226 1.9589739674634634 -0.2593627059371295 0.5 1.5167266726493835 1.4037362337112427 0.00716398256198816 0.1601650417037051
1711628129.798902 1.8458188772201538 1.6977546215057373 -0.061481836483428205 0.18512959778308868 1.946193447638678 -0.238203578756424 1.9461934476386242 -0.23820357923662655 0.5 1.5171339511871338 1.4089496731758118 0.00399190985399413 0.051099133499093306
1711628129.9049842 1.862252116203308 1.6960784792900085 -0.07772665310532229 0.19355231523513794 1.9692676244046348 -0.21956628272909506 1.9692676244045726 -0.21956628322581734 0.5 1.5168334245681763 1.413431465625763 -0.0030019552600305316 0.04476854817775005
1711628129.9921267 1.8818784356117249 1.6941078305244446 -0.09264790444752329 0.19578559696674347 1.944289816702558 -0.20182769046831883 1.9442898167024887 -0.20182769093721428 0.5 1.5173163414001465 1.419087290763855 0.004753623596560399 0.05567348672599602
1711628130.0890326 1.9010518789291382 1.6911014914512634 -0.10249867394998599 0.1887454092502594 1.9684775025513017 -0.18766962372582804 1.9684775025512213 -0.18766962420865252 0.5 1.517412781715393 1.423972725868225 0.0009358291863028848 0.04740686243889348
1711628130.183366 1.921000897884369 1.6879487037658691 -0.11204865150274192 0.19131901860237122 1.983570534895757 -0.17359059550861367 1.9835705348956663 -0.1735905959588441 0.5 1.5179113149642944 1.428891122341156 0.004763673063034945 0.04699713177217295
1711628130.2878995 1.940666377544403 1.6848256587982178 -0.12492604070412856 0.2016945332288742 1.9601413676284545 -0.15621497195773687 1.9601413676283546 -0.15621497238850474 0.5 1.518147349357605 1.4346755743026733 0.0023237254717866865 0.056947117641536
1711628130.3902068 1.9599739909172058 1.6809056997299194 -0.13160202327614584 0.19876332581043243 1.928830063655953 -0.14387636399392773 1.9288300636558406 -0.14387636447815802 0.5 1.5178077816963196 1.4396738409996033 -0.0033504669599378955 0.04931720341574725
1711628130.4987504 1.9790191650390625 1.6775785684585571 -0.13652633647580373 0.1952538639307022 1.9735897257760027 -0.13413152300077388 1.9735897257758772 -0.1341315234481682 0.5 1.5183036923408508 1.4447563886642456 0.004916653271938201 0.05039037754224067
1711628130.5851557 1.9983141422271729 1.6732651591300964 -0.14018361638344742 0.1952538639307022 1.9697073596165657 -0.12420552082503714 1.9697073596164265 -0.12420552126511766 0.5 1.5182050466537476 1.4499908685684204 -0.0009657083105764607 0.05124380896364035
1711628130.694837 1.9983141422271729 1.6732651591300964 -0.14018361638344742 0.20018452405929565 1.9592036692045565 -0.12420552082503714 1.959203669204418 -0.12420552126718475 0.5 1.5182050466537476 1.4499908685684204 -0.0009657083105764607 0.05124380896364035
1711628130.7839417 1.9983141422271729 1.6732651591300964 -0.14018361638344742 0.20099662244319916 1.9342236422110093 -0.12420552082503714 1.9342236422108714 -0.12420552129109415 0.5 1.5182050466537476 1.4499908685684204 -0.0009657083105764607 0.05124380896364035
1711628130.9045522 2.011267125606537 1.670611321926117 -0.14009460689002237 0.20248548686504364 1.9635481268031938 -0.12042704811783558 1.9635481268030417 -0.12042704871085978 0.5 1.5182889699935913 1.4531028866767883 0.00033342963640066496 0.012364129791274943
1711628130.993262 2.0638023614883423 1.6591497659683228 -0.17040407173169075 0.20095151662826538 1.9558326115699127 -0.07332385692079091 1.9558326115697429 -0.07332385707114011 0.5 1.5184929370880127 1.467337429523468 0.0020243010778131397 0.14127278965488685
1711628131.083781 2.082848310470581 1.6539647579193115 -0.18508429393703826 0.20099662244319916 1.9918001298418198 -0.050999511000086095 1.9918001298416166 -0.05099951139958849 0.5 1.5189486145973206 1.4726656079292297 0.00451581272815339 0.052802816402235164
1711628131.182942 2.082848310470581 1.6539647579193115 -0.18508429393703826 0.20248548686504364 1.9221422243199644 -0.050999511000086095 1.922142224319766 -0.05099951142791786 0.5 1.5189486145973206 1.4726656079292297 0.00451581272815339 0.052802816402235164
1711628131.2873847 2.0953197479248047 1.6508448123931885 -0.18720973238032737 0.2010391652584076 1.9879696778354803 -0.04426077165450354 1.9879696778352602 -0.04426077224325333 0.5 1.5188087224960327 1.4758533239364624 -0.0007254233851525275 0.016530195168871886
1711628131.403973 2.1163876056671143 1.64591783285141 -0.19608719414975007 0.19788354635238647 1.9569352446764794 -0.04426077165450354 1.9569352446762622 -0.044260772241114736 0.5 1.5190232992172241 1.4809660911560059 0.001175954090752297 0.02801971944348626
1711628131.4852195 2.1163876056671143 1.64591783285141 -0.19608719414975007 0.20090357959270477 1.9984044343003824 -0.028077631424982014 1.9984044343001446 -0.028077631919549574 0.5 1.5190232992172241 1.4809660911560059 0.001175954090752297 0.02801971944348626
1711628131.585758 2.172556161880493 1.6310928463935852 -0.21417478770467083 0.19634956121444702 1.8955265465358022 0.0121368712503582 1.895526546535552 0.012136871302267963 0.5 1.5197634100914001 1.495926856994629 0.007328915247354579 0.14814832303181116
1711628131.686549 2.191459059715271 1.6256377696990967 -0.2135290044616626 0.20025219023227692 1.978418684116851 0.01968497447250117 1.978418684116541 0.01968497409858733 0.5 1.5196911692619324 1.5012295246124268 -0.0007151370679380214 0.0524929489373252
1711628131.7844892 2.210279703140259 1.620772123336792 -0.21525952518210836 0.19380754232406616 1.959823466837406 0.028746361155211758 1.959823466837077 0.028746360775067193 0.5 1.5198693871498108 1.5059621334075928 0.0017593575461728383 0.046720063266262
1711628131.8978143 2.2287306785583496 1.6152059435844421 -0.2168200374365274 0.20471878349781036 1.934365354715139 0.038718103820155864 1.9343653547147939 0.038718103484348274 0.5 1.5203929543495178 1.5111306309700012 0.005169296824978344 0.051029739934465745
1711628131.9880464 2.2467072010040283 1.6101662516593933 -0.22229251644948295 0.19886967539787292 1.9900368653390248 0.05182828752230806 1.9900368653386469 0.05182828714551183 0.5 1.5200177431106567 1.5157576203346252 -0.0037083597444736898 0.04573034952247873
1711628132.0857377 2.261613368988037 1.6062284708023071 -0.23040994971297335 0.19670018553733826 1.9486745617193775 0.0659275223182299 1.9486745617189893 0.06592752190809127 0.5 1.5203706622123718 1.5195680856704712 0.0035289167340146806 0.03810169192515192
1711628132.1850872 2.284156918525696 1.5999755263328552 -0.23984956766450863 0.19380754232406616 1.9720419716210487 0.08489015471655209 1.9720419716206374 0.08489015452130592 0.5 1.5206175446510315 1.5260301232337952 0.0024677324029588957 0.06459179344924884
1711628132.2860916 2.3031888008117676 1.5947309136390686 -0.24579789343960004 0.19876332581043243 1.9608656719326971 0.09884782059984182 1.9608656719322566 0.09884782026188106 0.5 1.5206850171089172 1.5306117534637451 0.0006742654556890851 0.04578512613290892
1711628132.3855395 2.3215123414993286 1.5895938277244568 -0.24486961098249022 0.19670018553733826 1.935394242139467 0.1057831283012301 1.9353942421390082 0.10578312802056265 0.5 1.5211955904960632 1.5355838537216187 0.005046850991223688 0.04914758533573402
1711628132.4884818 2.3404500484466553 1.584245502948761 -0.24929345874033174 0.19886967539787292 2.007319091010211 0.11841234212832463 2.0073190910097103 0.11841234185810447 0.5 1.520845353603363 1.5406145453453064 -0.003443079036125376 0.04945529505241965
1711628132.5929997 2.3593045473098755 1.5785695910453796 -0.2480374311367259 0.19886967539787292 1.909870443841071 0.1258836677082683 1.909870443840564 0.12588366745663898 0.5 1.52128005027771 1.5454296469688416 0.0043027462530177635 0.04766118926419676
1711628132.6863987 2.3760974407196045 1.5734437108039856 -0.2449449727718271 0.19597703218460083 2.003137233850098 0.13068896713264758 2.003137233849546 0.13068896690755338 0.5 1.5216054320335388 1.5501652956008911 0.003051787020038149 0.04441610744258123
1711628132.7848039 2.3983570337295532 1.5668399333953857 -0.2442533831439473 0.19308437407016754 1.9793002091026473 0.14019322696893838 1.9793002091020697 0.1401932268750591 0.5 1.521411418914795 1.5557411313056946 -0.0019179099201018172 0.055119729430342455
1711628132.8869112 2.4156126976013184 1.560904324054718 -0.24173961651872203 0.2017184942960739 1.915609628080382 0.14686232464937737 1.9156096280797899 0.14686232450587303 0.5 1.5218836665153503 1.5604880452156067 0.004570395512555753 0.04594046429634484
1711628132.9885755 2.4360984563827515 1.5553104281425476 -0.24295472230605208 0.20248548686504364 1.9544264266381313 0.15674637843349531 1.9544264266374958 0.1567463784103841 0.5 1.521622359752655 1.5663673281669617 -0.0025688804509604005 0.05779863821209671
1711628133.0910463 2.4541927576065063 1.5495904684066772 -0.24399171336507847 0.19453071057796478 2.003597681102147 0.1666611222619077 2.0035976811014717 0.1666611222261623 0.5 1.5219413042068481 1.5712152123451233 0.0031876312045921906 0.04845127946071785
1711628133.1891418 2.472552537918091 1.5443041324615479 -0.24962180351383775 0.20099662244319916 1.9269643702470103 0.18050685839619302 1.9269643702463268 0.18050685840859082 0.5 1.5222864747047424 1.5765810012817383 0.003387389621754166 0.05265808598155332
1711628133.2870727 2.4912785291671753 1.5386841297149658 -0.25557383349050533 0.20620764791965485 1.9805196762783603 0.19520332995581408 1.9805196762776225 0.1952033298583777 0.5 1.522073745727539 1.5811983942985535 -0.0020632347636269457 0.04478358291787297
1711628133.3847487 2.5107109546661377 1.5326635837554932 -0.2564605238192122 0.19950775802135468 1.9491745335870374 0.20546791799026481 1.9491745335862822 0.2054679180129847 0.5 1.5226255655288696 1.586021065711975 0.005495705774943191 0.048030141494537534
1711628133.483337 2.5293338298797607 1.5278104543685913 -0.25676563284937726 0.20248548686504364 1.9928307984796794 0.21333911731568642 1.9928307984788747 0.2133391173565037 0.5 1.5225645899772644 1.5909550786018372 -0.0006020962129737314 0.04872035426564273
1711628133.5844781 2.5479570627212524 1.5216511487960815 -0.25432317742632365 0.20025219023227692 1.9498486239255213 0.22050615428035233 1.949848623925513 0.2205061542800322 0.5 1.5228158235549927 1.595594048500061 0.0021419424343442554 0.03955047158305553
1711628133.6837368 2.5699403285980225 1.5149725675582886 -0.25741935057934184 0.1928078830242157 1.953041497364729 0.23402898040050876 1.9530414973647205 0.2340289804039612 0.5 1.5233166217803955 1.6018439531326294 0.004961228958177348 0.061915570535425374
1711628133.8117054 2.588764786720276 1.5093010067939758 -0.25244451745659513 0.19380754232406616 1.9894834193923845 0.2379127173364021 1.9894834193923754 0.23791271733800626 0.5 1.5230869054794312 1.6066645979881287 -0.0022790169595761287 0.04782564988054971
1711628133.8988569 2.607201933860779 1.504012942314148 -0.24825094440606787 0.19597703218460083 1.9196852620141844 0.2419808042109765 1.919685262014175 0.24198080421370352 0.5 1.5236302614212036 1.6115484237670898 0.005410808321106189 0.04863376496341353
1711628133.997542 2.626104712486267 1.4986817240715027 -0.2436850644658425 0.19853070378303528 1.9879239299030118 0.24574486769101092 1.9879239299030018 0.24574486769443316 0.5 1.5234912633895874 1.616764485836029 -0.0013632197238953945 0.051156398481050545
1711628134.0960414 2.6447389125823975 1.4936431050300598 -0.24503625265178947 0.1980188935995102 1.9511795262293863 0.2549685744182222 1.951179526229376 0.25496857442135656 0.5 1.523631513118744 1.6214305758476257 0.0013961441974277245 0.04644953351102082
1711628134.196997 2.6632988452911377 1.4883268475532532 -0.24234272845851487 0.19727446138858795 1.9656303256328935 0.2605800069914114 1.965630325632883 0.2605800069965574 0.5 1.5242058634757996 1.6267728805541992 0.005610101442930201 0.052182210692028955
1711628134.2833414 2.682399034500122 1.4836482405662537 -0.24427849699544682 0.19236122071743011 1.989926381819625 0.2698225638312159 1.9899263818196138 0.2698225638356359 0.5 1.5239790081977844 1.631762444972992 -0.0022568517925546424 0.049638287022212735
1711628134.399265 2.7004836797714233 1.4775461554527283 -0.23231446645180756 0.2017410546541214 1.9119794604225908 0.26738421420238434 1.9119794604225797 0.26738421420937314 0.5 1.5248562097549438 1.6371272802352905 0.008595796079237621 0.05257062021498543
1711628134.4831722 2.72000515460968 1.4729321599006653 -0.23528639048054684 0.19950775802135468 1.9715300777355604 0.2775547003049297 1.9715300777355487 0.277554700311708 0.5 1.524800956249237 1.642470896244049 -0.0005478231270004113 0.0529804651118812
1711628134.5831082 2.7389702796936035 1.4672939777374268 -0.22445100240466964 0.19853070378303528 1.9659128865159892 0.2755097459042456 1.965912886515977 0.2755097459103911 0.5 1.524733543395996 1.6470178365707397 -0.0006591815657631236 0.04446124292152068
1711628134.688644 2.758273959159851 1.4625242948532104 -0.22592980039236962 0.19788354635238647 1.9647164208414152 0.28441880204852493 1.9647164208414025 0.28441880205732334 0.5 1.5252302885055542 1.6523780226707458 0.004867626719497607 0.05252469441537081
1711628134.7858908 2.7755930423736572 1.457212209701538 -0.21810675332746468 0.1961578130722046 1.984718453448312 0.2848633329945162 1.9847184534482987 0.284863333002164 0.5 1.5248847603797913 1.6570740938186646 -0.003401723806081205 0.04623281240464376
1711628134.8912337 2.795822262763977 1.4522790908813477 -0.21074783594347568 0.20099662244319916 1.972572472740858 0.28517402930212027 1.9725724727408445 0.28517402931210706 0.5 1.52530175447464 1.6621246337890625 0.004108469225239954 0.04976086782897117
1711628134.9829066 2.8142900466918945 1.4475480914115906 -0.20929127659212046 0.19380754232406616 1.9256367409373496 0.2910646253734727 1.9256367409373358 0.29106462538487743 0.5 1.5253769755363464 1.6675502061843872 0.0007432763527394033 0.053611310051075216
1711628135.0890353 2.8329217433929443 1.4428331851959229 -0.20272428718250016 0.19694878160953522 2.000145545763845 0.2918110074793411 2.0001455457638304 0.2918110074896694 0.5 1.5253334045410156 1.6721580028533936 -0.00042906615014380464 0.045375359511651114
1711628135.1832893 2.8512831926345825 1.4387429356575012 -0.19871559643159126 0.19536685943603516 1.9482224752255752 0.294139070077746 1.9482224752255606 0.29413907009028817 0.5 1.5257713794708252 1.677129089832306 0.004366749944732207 0.04956332500552678
1711628135.2850163 2.869855046272278 1.4342372417449951 -0.19862146167539793 0.1980188935995102 2.0051138635537504 0.3010164033200383 2.005113863553735 0.3010164033327275 0.5 1.5255120396614075 1.6823151111602783 -0.0025576785613513667 0.05114592934670153
1711628135.3829834 2.888958215713501 1.430275797843933 -0.19271524154710623 0.19727446138858795 1.9156340435138044 0.3012313388722455 1.9156340435137889 0.301231338885444 0.5 1.5258579850196838 1.687008559703827 0.0034121426186254546 0.04629261650903242
1711628135.48469 2.907539486885071 1.4264407753944397 -0.18844988433169013 0.19711655378341675 1.9857954414405055 0.30288403067826425 1.9857954414404893 0.302884030693692 0.5 1.5260812044143677 1.6921520233154297 0.0022278829817105384 0.051335302040252995
1711628135.579946 2.9268168210983276 1.4219640493392944 -0.1861836150716742 0.19578559696674347 1.9494470775490804 0.30288403067826425 1.9494470775490644 0.30288403069369757 0.5 1.526151418685913 1.696886658668518 0.0006457016441822173 0.04354046214258934
1711628135.6830642 2.945979952812195 1.4181062579154968 -0.1784983702681315 0.20025219023227692 1.9374873905137602 0.3075158627562059 1.9374873905137435 0.3075158627704868 0.5 1.526683270931244 1.7019609212875366 0.005131877106410389 0.0489618919447416
1711628135.784154 2.9646832942962646 1.413900077342987 -0.17092299340473677 0.19355231523513794 1.9980130258769946 0.30576574530427425 1.9980130258769773 0.30576574532155354 0.5 1.5265792608261108 1.7070114016532898 -0.0010351168584648237 0.050262783248309406
1711628135.8931808 2.9840786457061768 1.4097464084625244 -0.16467066626225152 0.19091489911079407 1.960270032312636 0.30465121413698615 1.9602700323126185 0.30465121415508495 0.5 1.5269086956977844 1.7117671370506287 0.0031336320876668585 0.04523724208626078
1711628135.9852612 2.9840786457061768 1.4097464084625244 -0.16467066626225152 0.19876332581043243 1.9385347287357353 0.30476807229253355 1.9385347287357173 0.304768072311098 0.5 1.5269086956977844 1.7117671370506287 0.0031336320876668585 0.04523724208626078
1711628136.0879793 3.005066394805908 1.405954658985138 -0.16018480651247555 0.19308437407016754 1.9438939521022855 0.3060864758110783 1.943893952102267 0.30608647583347826 0.5 1.5272979736328125 1.7173795700073242 0.0036143338136949547 0.05210982793313897
1711628136.1842124 3.0249342918395996 1.401559293270111 -0.15112776924305277 0.1887454092502594 2.0026128993547028 0.30374530049354087 2.0026128993546832 0.30374530051611903 0.5 1.5268591046333313 1.7226746082305908 -0.004306674028702582 0.05196084395135441
1711628136.283573 3.044377326965332 1.398427426815033 -0.14776631706186744 0.19727446138858795 1.9944093658662387 0.30516074215192845 1.994409365866219 0.30516074217537864 0.5 1.5273582935333252 1.7279300689697266 0.004903166128050208 0.05162053299611259
1711628136.3834183 3.063525915145874 1.3949647545814514 -0.14118681631772317 0.19019173085689545 1.9150702155400463 0.30385427194542086 1.9150702155400265 0.30385427197045034 0.5 1.5271751284599304 1.7332078218460083 -0.0018073706374319221 0.05207791749497136
1711628136.4848902 3.082727789878845 1.391961395740509 -0.14079675062255395 0.19457590579986572 1.981031133531272 0.3080304161677311 1.9810311335312512 0.30803041619234917 0.5 1.5275137424468994 1.7379011511802673 0.003361928365656609 0.04659771192398645
1711628136.5848486 3.1018013954162598 1.3886306881904602 -0.13562343176138603 0.19091489911079407 1.9356962740347678 0.30791277082069285 1.9356962740347468 0.3079127708467435 0.5 1.5276421308517456 1.7425913214683533 0.0012774467196781357 0.04666654014764769
1711628136.6840708 3.1208651065826416 1.3854942321777344 -0.1288528049969278 0.19308437407016754 1.996968535690539 0.30589484961294633 1.9969685356905167 0.305894849640236 0.5 1.5275115370750427 1.7474266290664673 -0.001305602829779424 0.04834067474221644
1711628136.7849376 3.140016794204712 1.382772445678711 -0.11909723045012255 0.19876332581043243 1.9324683810861643 0.300257095047427 1.9324683810861423 0.3002570950774395 0.5 1.5279929637908936 1.75238037109375 0.004717785648866376 0.04854465337096503
1711628136.895784 3.158968448638916 1.3798466324806213 -0.10991078067251134 0.18729907274246216 2.0262081427268392 0.29549021875858006 2.0262081427268157 0.2954902187896083 0.5 1.527917504310608 1.7576237916946411 -0.0007466524492087607 0.05188231908127542
1711628136.9873762 3.1775888204574585 1.3769460916519165 -0.10378481577722756 0.19742335379123688 1.9111984868771363 0.2937384254228429 1.9111984868771135 0.29373842545392426 0.5 1.5280744433403015 1.7622541785240173 0.0015456050342228535 0.04560209915822346
1711628137.0843382 3.1970279216766357 1.3742742538452148 -0.09803719940799682 0.19727446138858795 1.9626524977543185 0.2920135882915482 1.9626524977542947 0.29201358832781077 0.5 1.528559148311615 1.7675523161888123 0.0047951958411759435 0.0524145804144672
1711628137.1861627 3.215797185897827 1.3717345595359802 -0.09182187560156495 0.19206345081329346 2.0105241249414276 0.2896162023988216 2.0105241249414028 0.2896162024330261 0.5 1.5282251238822937 1.7725288271903992 -0.0033085448306643776 0.04929283101388833
1711628137.2833188 3.2353020906448364 1.3694486021995544 -0.08685460129223291 0.19504117965698242 1.9678782135248183 0.28808043580013165 1.9678782135247934 0.2880804358347153 0.5 1.5286322832107544 1.7773187756538391 0.0039905735770400935 0.046946343697569316
1711628137.3882918 3.2538681030273438 1.3670640587806702 -0.08076212665616654 0.19019173085689545 1.9245355081793523 0.28556234578419987 1.9245355081793272 0.2855623458236695 0.5 1.5287523865699768 1.7826120257377625 0.001187574260226694 0.0523393150142391
1711628137.4835527 3.2722805738449097 1.3653995990753174 -0.08118953321469863 0.19504117965698242 1.9935169142462308 0.2884816093579259 1.9935169142462041 0.2884816093945246 0.5 1.5287413001060486 1.7871499061584473 -0.00010948673091457916 0.04481480260601965
1711628137.5862098 3.291376829147339 1.3633575439453125 -0.07536950377496326 0.19727446138858795 1.9300987353068038 0.28571516696210486 1.9300987353067778 0.28571516700466904 0.5 1.529239535331726 1.792377769947052 0.0049733690633716335 0.052184379373042544
1711628137.6886346 3.3106495141983032 1.361286222934723 -0.0709996808183745 0.20248548686504364 1.9775458961282468 0.2844386312628172 1.9775458961282195 0.2844386313051436 0.5 1.5290093421936035 1.7973886132240295 -0.002286500529293494 0.049772534048846566
1711628137.7834294 3.330657482147217 1.3594096302986145 -0.06754064938434998 0.19950775802135468 1.9354534926248712 0.28377850696820806 1.9354534926248437 0.2837785070114162 0.5 1.5293870568275452 1.8019899725914001 0.003755303766563159 0.04574750515561666
1711628137.8832653 3.3496787548065186 1.3568211197853088 -0.06403067778141999 0.19091489911079407 2.0093280039422656 0.2841236075567174 2.009328003942237 0.28412360760294353 0.5 1.5299668312072754 1.8072211146354675 0.005776114546046209 0.05211626575708846
1711628137.9836557 3.3688172101974487 1.3554984331130981 -0.059534841938111246 0.19481559097766876 1.9441353684860636 0.2815950942611386 1.9441353684860347 0.2815950943060438 0.5 1.5297535061836243 1.8120355010032654 -0.0021048483850478724 0.04750288174268978
1711628138.1007805 3.3877233266830444 1.3531721234321594 -0.05678483564613725 0.20011261105537415 1.9326259195694757 0.2823009236459728 1.9326259195694466 0.28230092369581383 0.5 1.5301596522331238 1.8171237707138062 0.0040101035305860145 0.0502392879506217
1711628138.1830235 3.4070791006088257 1.3520632982254028 -0.054127183877617335 0.19727446138858795 2.0130509688808504 0.2812885595185224 2.01305096888082 0.28128855956835513 0.5 1.5299596786499023 1.8223836421966553 -0.001991249186881852 0.05237549202550698
1711628138.2830844 3.426202654838562 1.350534737110138 -0.04745924317290453 0.1916380524635315 1.9622379550957207 0.27688666377759097 1.9622379550956903 0.27688666382743804 0.5 1.5302467346191406 1.8274561762809753 0.0028087856201374065 0.049633738087739555
1711628138.383761 3.445810317993164 1.3490232229232788 -0.04137357997852647 0.19355231523513794 1.9549431972051468 0.2730394181082863 1.9549431972051161 0.273039418163173 0.5 1.5306994318962097 1.8329707980155945 0.004507985574446162 0.0549149210464462
1711628138.4876227 3.4642841815948486 1.348279595375061 -0.035141318942446306 0.19694878160953522 1.9919088704051848 0.26790753754136887 1.9919088704051526 0.2679075375970234 0.5 1.5304194688796997 1.837916612625122 -0.0027911481917257935 0.04930830391842265
1711628138.5933378 3.4831185340881348 1.346303641796112 -0.026487749154058424 0.1916380524635315 1.9192610504957948 0.2621750847809914 1.9192610504957635 0.2621750848380075 0.5 1.5310618877410889 1.8429930806159973 0.0063109695401154684 0.04987000971999391
1711628138.6893575 3.502560257911682 1.3460694551467896 -0.02502758059586614 0.19308437407016754 1.957663802135772 0.26106085156484626 1.9576638021357393 0.2610608516251747 0.5 1.531097650527954 1.8482905626296997 0.00035157211329997306 0.05207779118960284
1711628138.792662 3.5220214128494263 1.3444448709487915 -0.016678997334444886 0.20011261105537415 1.9977439134292418 0.2551104799008233 1.9977439134292079 0.2551104799582876 0.5 1.5311835408210754 1.8529735207557678 0.0008477647485180296 0.04622229909563916
1711628138.8883278 3.542075514793396 1.3440906405448914 -0.013279818720932441 0.1955825835466385 1.9039979668068698 0.25223384624806267 1.903997966806837 0.2522338463136801 0.5 1.5315263867378235 1.8584170937538147 0.0033727208334701497 0.053550738574263186
1711628138.9864545 3.5614142417907715 1.3430885076522827 -0.006087038009630977 0.19950775802135468 1.9752262735692538 0.2465186463277409 1.975226273569219 0.24651864639363366 0.5 1.531230092048645 1.8634793758392334 -0.002908473481462065 0.04969212658500396
1711628139.1023479 3.5808777809143066 1.3423603773117065 -0.0013644613491734685 0.1965300291776657 1.984595792867448 0.24286898052308178 1.9845957928674127 0.24286898058855116 0.5 1.5317662358283997 1.8683213591575623 0.00534574076099101 0.048278071230584176
1711628139.1866724 3.5993616580963135 1.3416454195976257 0.005882102453961897 0.19634956121444702 1.9570740057890101 0.2366753660366523 1.9570740057889748 0.23667536610579015 0.5 1.531735122203827 1.8736348748207092 -0.00030724533952375795 0.05247067631644622
1711628139.2853482 3.61891508102417 1.3412129282951355 0.012031583095726642 0.19578559696674347 1.965769254071688 0.23116256807690325 1.9657692540716514 0.23116256814373853 0.5 1.5317824482917786 1.878541648387909 0.0004331535982298529 0.04490940870715107
1711628139.4000182 3.6396753787994385 1.3406122326850891 0.014081341900941808 0.19380754232406616 1.9518154664689 0.22999677658577247 1.951815466468864 0.22999677666113383 0.5 1.5322091579437256 1.8842560052871704 0.004178534740381023 0.055957578446021665
1711628139.4974241 3.6588785648345947 1.3412469029426575 0.018266076092785404 0.19950775802135468 1.9881126616838558 0.22487806731221802 1.9881126616838178 0.22487806738379904 0.5 1.5319124460220337 1.889199674129486 -0.002963786788345852 0.04938116512900629
1711628139.5888305 3.678227424621582 1.3404467105865479 0.02525208951527104 0.1980188935995102 1.936704266883661 0.21906953846687893 1.9367042668836234 0.2190695385402224 0.5 1.5323758125305176 1.8938427567481995 0.004631461049019374 0.046408741033767846
1711628139.686043 3.697929620742798 1.341366946697235 0.028935890273550376 0.19504117965698242 1.9783618882873735 0.21403154908412644 1.9783618882873348 0.21403154916219122 0.5 1.5325562953948975 1.8992342948913574 0.0017570817124235194 0.05248904435180629
1711628139.7853715 3.718295454978943 1.340595006942749 0.034360302184562166 0.19380754232406616 1.9165333026543165 0.20974315950324096 1.9165333026542781 0.2097431595821366 0.5 1.5326603651046753 1.9039073586463928 0.0010274359529615577 0.04613516961519993
1711628139.890981 3.7383735179901123 1.3414051532745361 0.036824732582472146 0.20397435128688812 1.953729660643689 0.20608646355988502 1.9537296606436496 0.20608646364462255 0.5 1.5332070589065552 1.9089948534965515 0.005379030460841925 0.05005688682454227
1711628139.988643 3.757296085357666 1.3409883975982666 0.04509397087135817 0.19597703218460083 1.9702083095805887 0.19843063902408414 1.9702083095805483 0.1984306391099926 0.5 1.5329549908638 1.914022147655487 -0.002498269111256566 0.04982596593043836
1711628140.0879953 3.7774817943573 1.3414245247840881 0.04768784596722345 0.19742335379123688 1.9996846662433743 0.19519483312531924 1.9996846662433325 0.19519483320774866 0.5 1.533251941204071 1.918820559978485 0.0028905490302561926 0.04670830171251395
1711628140.1948524 3.7974103689193726 1.3418715000152588 0.04927954509553671 0.20322991907596588 1.951463571086025 0.1929450241266864 1.9514635710859842 0.19294502421417184 0.5 1.5335026383399963 1.9242731928825378 0.0024628522710238346 0.05356674411632439
1711628140.2843513 3.816840648651123 1.34229576587677 0.052524032786358914 0.19504117965698242 1.9421212899176743 0.18907566494654246 1.9421212899176323 0.18907566503400253 0.5 1.533255159854889 1.9290749430656433 -0.002460502767473007 0.04774039088333946
1711628140.3835082 3.836643934249878 1.3424398303031921 0.06630501406933584 0.19236122071743011 2.004904359041644 0.17508245745582965 2.004904359041601 0.17508245754404417 0.5 1.5337485074996948 1.934002161026001 0.004824663666674439 0.048185432162092846
1711628140.4832802 3.8566558361053467 1.3431522846221924 0.07285588784128898 0.20471878349781036 1.894886873732414 0.16748171723653754 1.894886873732373 0.1674817173318114 0.5 1.5336461663246155 1.9391565322875977 -0.001017172863700021 0.051229493629192206
1711628140.5875866 3.8752039670944214 1.3438149690628052 0.0682442367524799 0.1916380524635315 2.031244140796129 0.17111635708623538 2.0312441407960837 0.17111635717594284 0.5 1.534031629562378 1.9437060356140137 0.0038474901775069075 0.045410736086090496
1711628140.7030027 3.894716739654541 1.3454910516738892 0.07066078292483075 0.20099662244319916 1.9346330617294982 0.16622664609910673 1.9346330617294552 0.16622664619394228 0.5 1.534542202949524 1.9491837620735168 0.0048300843319417095 0.05181993698222917
1711628140.8024635 3.916691780090332 1.3452019095420837 0.08255716569629483 0.20322991907596588 1.9271560137421082 0.1547571223862616 1.927156013742065 0.15475712248788792 0.5 1.5341245532035828 1.9545226693153381 -0.004116176391111362 0.05261797512553545
1711628140.8851788 3.9367048740386963 1.345615029335022 0.09381380850818749 0.2016945332288742 1.9664918250324732 0.1428905659633265 1.9664918250324286 0.14289056606639142 0.5 1.5345438718795776 1.9594379663467407 0.0041882179802251816 0.04909472576251167
