1698840592.1978385 3.5 -0.05 -0.04 0
1698840592.342794 3.4998686504364014 -0.05 -0.04 0
1698840592.4016857 3.4940741443634034 -0.05 -0.04 0
1698840592.4980226 3.491719923019409 -0.05 -0.04 0
1698840592.5979755 3.4878640937805176 -0.05 -0.04 0
1698840592.6979203 3.483862228393555 -0.05 -0.04 0
1698840592.797995 3.4798686027526857 -0.05 -0.04 0
1698840592.898026 3.475864944458008 -0.05 -0.04 0
1698840592.9980445 3.4718655586242675 -0.05 -0.04 0
1698840593.097924 3.4678525924682617 -0.05 -0.04 0
1698840593.197914 3.4638689041137694 -0.05 -0.04 0
1698840593.2979395 3.459868335723877 -0.05 -0.04 0
1698840593.397914 3.455867338180542 -0.05 -0.04 0
1698840593.4979246 3.4518681621551512 -0.05 -0.04 0
1698840593.5979247 3.4478677654266354 -0.05 -0.04 0
1698840593.6978922 3.4438618946075437 -0.05 -0.04 0
1698840593.7980075 3.4398700141906735 -0.05 -0.04 0
1698840593.897945 3.435865440368652 -0.05 -0.04 0
1698840593.9979677 3.431868801116943 -0.05 -0.04 0
1698840594.1305459 3.427866992950439 -0.05 -0.04 0
1698840594.1979444 3.422563219070434 -0.05 -0.04 0
1698840594.2984836 3.419863023757934 -0.05 -0.04 0
1698840594.3979366 3.4154169845581053 -0.05 -0.04 0
1698840594.4980078 3.411864757537842 -0.05 -0.04 0
1698840594.6010017 3.407856025695801 -0.05 -0.04 0
1698840594.6980386 3.4037468910217283 -0.05 -0.04 0
1698840594.7978468 3.399853181838989 -0.05 -0.04 0
1698840594.8980155 3.3958733272552486 -0.05 -0.04 0
1698840594.9999259 3.3918544292449946 -0.05 -0.04 0
1698840595.0978954 3.387790203094482 -0.05 -0.04 0
1698840595.19796 3.383870096206665 -0.05 -0.04 0
1698840595.2978463 3.379861631393432 -0.05 -0.04 0
1698840595.397991 3.3758721542358394 -0.05 -0.04 0
1698840595.4980814 3.371866254806518 -0.05 -0.04 0
1698840595.603126 3.3678350448608394 -0.05 -0.04 0
1698840595.6979883 3.3636576652526853 -0.05 -0.04 0
1698840595.7980068 3.3598634910583494 -0.05 -0.04 0
1698840595.8980176 3.355862655639648 -0.05 -0.04 0
1698840596.0042944 3.3518412303924556 -0.05 -0.04 0
1698840596.0994883 3.3476155662536615 -0.05 -0.04 0
1698840596.1979675 3.343757963180541 -0.05 -0.04 0
1698840596.299938 3.3398675823211663 -0.05 -0.04 0
1698840596.3979838 3.3357823753356928 -0.05 -0.04 0
1698840596.5046713 3.331855382919311 -0.05 -0.04 0
1698840596.5978582 3.3276000499725336 -0.05 -0.04 0
1698840596.6978617 3.3238718986511224 -0.05 -0.04 0
1698840596.7980032 3.319871807098388 -0.05 -0.04 0
1698840596.8979483 3.315865678787231 -0.05 -0.04 0
1698840597.0063663 3.3118681335449214 -0.05 -0.04 0
1698840597.0978975 3.307531070709228 -0.05 -0.04 0
1698840597.1979668 3.303869915008544 -0.05 -0.04 0
1698840597.297965 3.2998604297637932 -0.05 -0.04 0
1698840597.398036 3.2958662128448477 -0.05 -0.04 0
1698840597.4998605 3.2918530464172355 -0.05 -0.04 0
1698840597.5979915 3.2877924633026114 -0.05 -0.04 0
1698840597.6986063 3.2838658142089834 -0.05 -0.04 0
1698840597.8016062 3.2798164463043205 -0.05 -0.04 0
1698840597.8980458 3.2757095813751214 -0.05 -0.04 0
1698840597.9993412 3.2718500518798823 -0.05 -0.04 0
1698840598.097897 3.267810668945312 -0.05 -0.04 0
1698840598.1979144 3.2638698673248285 -0.05 -0.04 0
1698840598.2978864 3.2598696136474605 -0.05 -0.04 0
1698840598.398036 3.255870685577392 -0.05 -0.04 0
1698840598.5225434 3.2518435573577875 -0.05 -0.04 0
1698840598.5981386 3.246884241104125 -0.05 -0.04 0
1698840598.69786 3.243845376968383 -0.05 -0.04 0
1698840598.7979152 3.239872322082519 -0.05 -0.04 0
1698840598.8980002 3.23586874961853 -0.05 -0.04 0
1698840599.001753 3.2318585586547846 -0.05 -0.04 0
1698840599.0980074 3.2276977634429924 -0.05 -0.04 0
1698840599.1980188 3.223864908218383 -0.05 -0.04 0
1698840599.3038282 3.2198546886444084 -0.05 -0.04 0
1698840599.3984928 3.21563021659851 -0.05 -0.04 0
1698840599.497898 3.2118434238433826 -0.05 -0.04 0
1698840599.59803 3.2078693485259997 -0.05 -0.04 0
1698840599.7050633 3.203808212280272 -0.05 -0.04 0
1698840599.7978878 3.199584798812865 -0.05 -0.04 0
1698840599.9117918 3.195870370864867 -0.05 -0.04 0
1698840599.9999268 3.1913154315948473 -0.05 -0.04 0
1698840600.0980616 3.1877872562408434 -0.05 -0.04 0
1698840600.2163491 3.1838512611389147 -0.05 -0.04 0
1698840600.2980297 3.1791331100463855 -0.05 -0.04 0
1698840600.3978496 3.175831251144408 -0.05 -0.04 0
1698840600.4980016 3.171868791580199 -0.05 -0.04 0
1698840600.5978532 3.1678645038604727 -0.05 -0.04 0
1698840600.6980226 3.1638726234436025 -0.05 -0.04 0
1698840600.8435776 3.159851932525634 -0.05 -0.04 0
1698840600.897923 3.154042835235595 -0.05 -0.04 0
1698840601.00579 3.1518687915801995 -0.05 -0.04 0
1698840601.0979762 3.1475498199462884 -0.05 -0.04 0
1698840601.211616 3.143865709304809 -0.05 -0.04 0
1698840601.2979317 3.1393224716186516 -0.05 -0.04 0
1698840601.4060555 3.13586853981018 -0.05 -0.04 0
1698840601.49804 3.13154179573059 -0.05 -0.04 0
1698840601.6514156 3.1278527927398674 -0.05 -0.04 0
1698840601.697998 3.121723852157592 -0.05 -0.04 0
1698840601.8027267 3.119865722656249 -0.05 -0.04 0
1698840601.8980508 3.115674648284911 -0.05 -0.04 0
1698840602.0279424 3.1118514347076403 -0.05 -0.04 0
1698840602.0979779 3.106663942337035 -0.05 -0.04 0
1698840602.2480032 3.10385471343994 -0.05 -0.04 0
1698840602.2978837 3.097864656448363 -0.05 -0.04 0
1698840602.4063356 3.095870418548583 -0.05 -0.04 0
1698840602.4979246 3.0915331172943104 -0.05 -0.04 0
1698840602.6093476 3.087847986221312 -0.05 -0.04 0
1698840602.698063 3.083413219451903 -0.05 -0.04 0
1698840602.8515651 3.0798509788513173 -0.05 -0.04 0
1698840602.8978963 3.07372176170349 -0.05 -0.04 0
1698840603.0060349 3.071869716644286 -0.05 -0.04 0
1698840603.0980127 3.067543430328368 -0.05 -0.04 0
1698840603.210827 3.063730220794677 -0.05 -0.04 0
1698840603.2980082 3.0593540477752676 -0.05 -0.04 0
1698840603.407435 3.0558628463745108 -0.05 -0.04 0
1698840603.498042 3.0514892196655263 -0.05 -0.04 0
1698840603.6179142 3.047852382659911 -0.05 -0.04 0
1698840603.697912 3.04307065963745 -0.05 -0.04 0
1698840603.8028731 3.0398689937591543 -0.05 -0.04 0
1698840603.8979974 3.035672216415404 -0.05 -0.04 0
1698840604.0045984 3.031866121292113 -0.05 -0.04 0
1698840604.0979235 3.0275992965698233 -0.05 -0.04 0
1698840604.2087424 3.023867988586425 -0.05 -0.04 0
1698840604.2979014 3.0194357109069814 -0.05 -0.04 0
1698840604.4064524 3.0158647537231436 -0.05 -0.04 0
1698840604.4983182 3.0115277576446524 -0.05 -0.04 0
1698840604.5994666 3.007851028442382 -0.05 -0.04 0
1698840604.698021 3.003808584213256 -0.05 -0.04 0
1698840604.8038175 2.999865255355834 -0.05 -0.04 0
1698840604.8980134 2.995633726119994 -0.05 -0.04 0
1698840605.0561702 2.9918453121185293 -0.05 -0.04 0
1698840605.0992422 2.9855315208435047 -0.05 -0.04 0
1698840605.1979463 2.9838036823272693 -0.05 -0.04 0
1698840605.3076956 2.979861974716185 -0.05 -0.04 0
1698840605.3985164 2.975478372573851 -0.05 -0.04 0
1698840605.5192091 2.971814327239989 -0.05 -0.04 0
1698840605.6239874 2.967017812728881 -0.05 -0.04 0
1698840605.6979258 2.962823200225829 -0.05 -0.04 0
1698840605.8085544 2.959866676330565 -0.05 -0.04 0
1698840605.897886 2.9554376411437975 -0.05 -0.04 0
1698840606.0040622 2.9518702793121325 -0.05 -0.04 0
1698840606.0980365 2.9476244449615465 -0.05 -0.04 0
1698840606.2374296 2.9438510417938217 -0.05 -0.04 0
1698840606.2979164 2.9382841682434067 -0.05 -0.04 0
1698840606.401934 2.9358624553680404 -0.05 -0.04 0
1698840606.4979203 2.9317075634002667 -0.05 -0.04 0
1698840606.6015723 2.9278686618804914 -0.05 -0.04 0
1698840606.6979177 2.9237229442596417 -0.05 -0.04 0
1698840606.80292 2.919868793487547 -0.05 -0.04 0
1698840606.8980048 2.9156673336029035 -0.05 -0.04 0
1698840607.0492103 2.911847906112669 -0.05 -0.04 0
1698840607.0987186 2.9058140563964825 -0.05 -0.04 0
1698840607.2082107 2.9038308811187727 -0.05 -0.04 0
1698840607.2985 2.8994575786590557 -0.05 -0.04 0
1698840607.4089093 2.8958449268341044 -0.05 -0.04 0
1698840607.4980009 2.8914268684387188 -0.05 -0.04 0
1698840607.6143305 2.8878648853301985 -0.05 -0.04 0
1698840607.698054 2.8832127475738507 -0.05 -0.04 0
1698840607.828397 2.8798517227172833 -0.05 -0.04 0
1698840607.8982136 2.8746499919891337 -0.05 -0.04 0
1698840608.0186155 2.871809558868406 -0.05 -0.04 0
1698840608.122617 2.867040281295774 -0.05 -0.04 0
1698840608.2070172 2.8628814792633035 -0.05 -0.04 0
1698840608.3149676 2.8595015907287578 -0.05 -0.04 0
1698840608.3980446 2.855187406539915 -0.05 -0.04 0
1698840608.5396466 2.851843433380125 -0.05 -0.04 0
1698840608.6054957 2.846193790435789 -0.05 -0.04 0
1698840608.7070196 2.8435548019409156 -0.05 -0.04 0
1698840608.7980392 2.8395042324066138 -0.05 -0.04 0
1698840608.905263 2.8358605480194066 -0.05 -0.04 0
1698840608.9979713 2.8315765571594214 -0.05 -0.04 0
1698840609.1180727 2.8278613948822 -0.05 -0.04 0
1698840609.202689 2.823061676025388 -0.05 -0.04 0
1698840609.3059156 2.8196713447570776 -0.05 -0.04 0
1698840609.39789 2.8155505084991432 -0.05 -0.04 0
1698840609.5040503 2.811869907379148 -0.05 -0.04 0
1698840609.5979881 2.807622976303098 -0.05 -0.04 0
1698840609.7105489 2.8038612556457494 -0.05 -0.04 0
1698840609.7979825 2.799360723495481 -0.05 -0.04 0
1698840609.8995595 2.7958483982086157 -0.05 -0.04 0
1698840610.000456 2.7918047714233376 -0.05 -0.04 0
1698840610.0979216 2.7877672100067117 -0.05 -0.04 0
1698840610.1991708 2.7838686752319313 -0.05 -0.04 0
1698840610.298066 2.7798196029663065 -0.05 -0.04 0
1698840610.4522324 2.775850944519041 -0.05 -0.04 0
1698840610.497921 2.769695005416868 -0.05 -0.04 0
1698840610.598167 2.7678688240051246 -0.05 -0.04 0
1698840610.697951 2.7638400459289527 -0.05 -0.04 0
1698840610.7980578 2.7598674011230444 -0.05 -0.04 0
1698840610.967257 2.755850858688352 -0.05 -0.04 0
1698840610.9984872 2.7490756988525367 -0.05 -0.04 0
1698840611.0980804 2.7473581027984597 -0.05 -0.04 0
1698840611.2384691 2.7438502693176248 -0.05 -0.04 0
1698840611.297896 2.738245859146116 -0.05 -0.04 0
1698840611.403957 2.7358666229248025 -0.05 -0.04 0
1698840611.4980206 2.7316283607482887 -0.05 -0.04 0
1698840611.5980675 2.727864818572996 -0.05 -0.04 0
1698840611.6980312 2.7238506507873512 -0.05 -0.04 0
1698840611.8003151 2.719864511489866 -0.05 -0.04 0
1698840611.8979166 2.715773935317991 -0.05 -0.04 0
1698840611.9980154 2.711869478225706 -0.05 -0.04 0
1698840612.0978756 2.7078542137145973 -0.05 -0.04 0
1698840612.1979752 2.7038717174530005 -0.05 -0.04 0
1698840612.297899 2.699866809844968 -0.05 -0.04 0
1698840612.3979235 2.6958699893951388 -0.05 -0.04 0
1698840612.498032 2.691864051818845 -0.05 -0.04 0
1698840612.5980237 2.6878638458251927 -0.05 -0.04 0
1698840612.702699 2.6838579654693575 -0.05 -0.04 0
1698840612.7985034 2.6796774101257297 -0.05 -0.04 0
1698840612.8978868 2.675844469070432 -0.05 -0.04 0
1698840612.9979703 2.6718704128265354 -0.05 -0.04 0
1698840613.097964 2.667867298126218 -0.05 -0.04 0
1698840613.1987514 2.6638630580902074 -0.05 -0.04 0
1698840613.2998254 2.6598356151580784 -0.05 -0.04 0
1698840613.3997598 2.655791749954221 -0.05 -0.04 0
1698840613.4980083 2.651794071197507 -0.05 -0.04 0
1698840613.5979345 2.647863225936887 -0.05 -0.04 0
1698840613.697876 2.6438684272766086 -0.05 -0.04 0
1698840613.8456652 2.639865570068357 -0.05 -0.04 0
1698840613.9198968 2.633955574035642 -0.05 -0.04 0
1698840613.998659 2.6309888935089085 -0.05 -0.04 0
1698840614.1002164 2.6276806735992406 -0.05 -0.04 0
1698840614.197875 2.623768701553342 -0.05 -0.04 0
1698840614.2981184 2.6198688697814916 -0.05 -0.04 0
1698840614.3978934 2.615853538513181 -0.05 -0.04 0
1698840614.4978943 2.611868982315061 -0.05 -0.04 0
1698840614.5978982 2.6078703308105444 -0.05 -0.04 0
1698840614.6981122 2.6038699245452857 -0.05 -0.04 0
1698840614.7979 2.5998509693145726 -0.05 -0.04 0
1698840614.897893 2.5958618736267063 -0.05 -0.04 0
1698840614.9979146 2.5918707084655734 -0.05 -0.04 0
1698840615.097895 2.5878695392608617 -0.05 -0.04 0
1698840615.1978977 2.583674135208127 -0.05 -0.04 0
1698840615.2978985 2.579870157241819 -0.05 -0.04 0
1698840615.3979867 2.5758697032928444 -0.05 -0.04 0
1698840615.5073984 2.5718544578552223 -0.05 -0.04 0
1698840615.5997076 2.567486066818235 -0.05 -0.04 0
1698840615.6979704 2.5636607360839823 -0.05 -0.04 0
1698840615.800047 2.5598604774475078 -0.05 -0.04 0
1698840615.8978868 2.5557810497283917 -0.05 -0.04 0
1698840616.005638 2.5518707942962626 -0.05 -0.04 0
1698840616.0978959 2.547530651092527 -0.05 -0.04 0
1698840616.1978936 2.5438699817657446 -0.05 -0.04 0
1698840616.297899 2.5398701953887914 -0.05 -0.04 0
1698840616.3996742 2.53586993217468 -0.05 -0.04 0
1698840616.4993188 2.531674604415891 -0.05 -0.04 0
1698840616.602787 2.5278026866912815 -0.05 -0.04 0
1698840616.6978855 2.5236670017242404 -0.05 -0.04 0
1698840616.7978952 2.5198708915710424 -0.05 -0.04 0
1698840616.8978956 2.51587029457092 -0.05 -0.04 0
1698840616.9979017 2.5118701267242405 -0.05 -0.04 0
1698840617.0979872 2.5078700542449925 -0.05 -0.04 0
1698840617.197936 2.503866519927976 -0.05 -0.04 0
1698840617.2979324 2.4998637962341284 -0.05 -0.04 0
1698840617.397892 2.495867891311643 -0.05 -0.04 0
1698840617.5021622 2.49187036514282 -0.05 -0.04 0
1698840617.5979924 2.4876962089538552 -0.05 -0.04 0
1698840617.6980233 2.4838667583465552 -0.05 -0.04 0
1698840617.8155823 2.479854230880735 -0.05 -0.04 0
1698840617.8998046 2.4751639175415017 -0.05 -0.04 0
1698840617.998212 2.4715291023254373 -0.05 -0.04 0
1698840618.1003919 2.4676895523071267 -0.05 -0.04 0
1698840618.20598 2.463765478134153 -0.05 -0.04 0
1698840618.297895 2.4595461082458474 -0.05 -0.04 0
1698840618.397862 2.4558700180053687 -0.05 -0.04 0
1698840618.499796 2.451866321563718 -0.05 -0.04 0
1698840618.5980384 2.4477450084686256 -0.05 -0.04 0
1698840618.72321 2.443854808807371 -0.05 -0.04 0
1698840618.7981925 2.4388541507720927 -0.05 -0.04 0
1698840618.899741 2.435846996307371 -0.05 -0.04 0
1698840619.000348 2.4317955780029274 -0.05 -0.04 0
1698840619.1009982 2.427770681381223 -0.05 -0.04 0
1698840619.2026243 2.4237365245819067 -0.05 -0.04 0
1698840619.2979174 2.4196731662750217 -0.05 -0.04 0
1698840619.3979952 2.4158676815032933 -0.05 -0.04 0
1698840619.4980192 2.4118661880493137 -0.05 -0.04 0
1698840619.6004195 2.4078538990020726 -0.05 -0.04 0
1698840619.6979167 2.4037615203857396 -0.05 -0.04 0
1698840619.7980502 2.3998690891265846 -0.05 -0.04 0
1698840619.902995 2.3958497714996314 -0.05 -0.04 0
1698840619.9980106 2.3916624832153297 -0.05 -0.04 0
1698840620.097985 2.3878655719757056 -0.05 -0.04 0
1698840620.198046 2.383866519927976 -0.05 -0.04 0
1698840620.309791 2.3798532772064185 -0.05 -0.04 0
1698840620.3979905 2.3753948402404763 -0.05 -0.04 0
1698840620.497897 2.3718664360046366 -0.05 -0.04 0
1698840620.6033535 2.367870464324949 -0.05 -0.04 0
1698840620.6980145 2.3636504745483378 -0.05 -0.04 0
1698840620.797938 2.359847574234007 -0.05 -0.04 0
1698840620.8978956 2.355866308212278 -0.05 -0.04 0
1698840620.9979043 2.3518702697753886 -0.05 -0.04 0
1698840621.097891 2.3478668880462625 -0.05 -0.04 0
1698840621.1979766 2.3438706016540505 -0.05 -0.04 0
1698840621.3002434 2.3398595428466775 -0.05 -0.04 0
1698840621.3980212 2.3357752895355204 -0.05 -0.04 0
1698840621.498019 2.3318649673461893 -0.05 -0.04 0
1698840621.6033907 2.327854881286619 -0.05 -0.04 0
1698840621.6979148 2.323645362854002 -0.05 -0.04 0
1698840621.7979271 2.3198697471618632 -0.05 -0.04 0
1698840621.8978643 2.3158690452575663 -0.05 -0.04 0
1698840621.9978893 2.3118715095519997 -0.05 -0.04 0
1698840622.0979993 2.3078706169128393 -0.05 -0.04 0
1698840622.1980875 2.30386610984802 -0.05 -0.04 0
1698840622.2979994 2.2998133850097635 -0.05 -0.04 0
1698840622.3978922 2.295866127014158 -0.05 -0.04 0
1698840622.4978936 2.2918700408935524 -0.05 -0.04 0
1698840622.5979216 2.287870168685911 -0.05 -0.04 0
1698840622.697863 2.2838690280914284 -0.05 -0.04 0
1698840622.797895 2.2798712158203105 -0.05 -0.04 0
1698840622.897894 2.275869846343992 -0.05 -0.04 0
1698840622.9980097 2.2718705654144267 -0.05 -0.04 0
1698840623.0997353 2.2678539276123026 -0.05 -0.04 0
1698840623.2004757 2.263787736892698 -0.05 -0.04 0
1698840623.2980123 2.2597557067871072 -0.05 -0.04 0
1698840623.3979268 2.2558655738830544 -0.05 -0.04 0
1698840623.4980233 2.2518685817718485 -0.05 -0.04 0
1698840623.597928 2.2478450965881325 -0.05 -0.04 0
1698840623.698053 2.243868885040281 -0.05 -0.04 0
1698840623.806668 2.2398520469665506 -0.05 -0.04 0
1698840623.8978899 2.2355176734924296 -0.05 -0.04 0
1698840623.997893 2.2318706035613993 -0.05 -0.04 0
1698840624.097895 2.2278701400756815 -0.05 -0.04 0
1698840624.1979187 2.2238700485229472 -0.05 -0.04 0
1698840624.2979991 2.219869022369383 -0.05 -0.04 0
1698840624.3980076 2.215865783691404 -0.05 -0.04 0
1698840624.49789 2.2118623256683327 -0.05 -0.04 0
1698840624.5979576 2.2078701972961405 -0.05 -0.04 0
1698840624.7025564 2.203862991333006 -0.05 -0.04 0
1698840624.800793 2.1996822834014873 -0.05 -0.04 0
1698840624.9004304 2.1957524490356426 -0.05 -0.04 0
1698840624.9978862 2.1917636013030988 -0.05 -0.04 0
1698840625.0978918 2.1878702259063703 -0.05 -0.04 0
1698840625.1980505 2.1838700294494613 -0.05 -0.04 0
1698840625.2978482 2.1798522377014145 -0.05 -0.04 0
1698840625.3980305 2.1758719158172593 -0.05 -0.04 0
1698840625.4980001 2.171864547729491 -0.05 -0.04 0
1698840625.6004853 2.1678634071350085 -0.05 -0.04 0
1698840625.6979897 2.163746986389159 -0.05 -0.04 0
1698840625.7979515 2.159863119125365 -0.05 -0.04 0
1698840625.8979244 2.155867738723754 -0.05 -0.04 0
1698840625.9980092 2.1518691444396962 -0.05 -0.04 0
1698840626.0979052 2.1478579235076896 -0.05 -0.04 0
1698840626.1979866 2.143869686126708 -0.05 -0.04 0
1698840626.2979803 2.139866590499877 -0.05 -0.04 0
1698840626.3979943 2.135865859985351 -0.05 -0.04 0
1698840626.4981263 2.1318662834167474 -0.05 -0.04 0
1698840626.6014206 2.127849798202514 -0.05 -0.04 0
1698840626.697893 2.1237235546112054 -0.05 -0.04 0
1698840626.797904 2.1198701477050776 -0.05 -0.04 0
1698840626.8980584 2.11586968421936 -0.05 -0.04 0
1698840627.0021226 2.1118526268005366 -0.05 -0.04 0
1698840627.0980022 2.1076993751525874 -0.05 -0.04 0
1698840627.2008522 2.1038659000396724 -0.05 -0.04 0
1698840627.2980552 2.0997518253326413 -0.05 -0.04 0
1698840627.3989506 2.0958531665802 -0.05 -0.04 0
1698840627.4980545 2.0918290233612056 -0.05 -0.04 0
1698840627.6095006 2.0878518486022943 -0.05 -0.04 0
1698840627.6978903 2.0833877468109123 -0.05 -0.04 0
1698840627.7979028 2.079870605468749 -0.05 -0.04 0
1698840627.8979297 2.075869846343993 -0.05 -0.04 0
1698840627.997927 2.0718687152862536 -0.05 -0.04 0
1698840628.0998387 2.067869663238524 -0.05 -0.04 0
1698840628.197905 2.063708219528197 -0.05 -0.04 0
1698840628.2979498 2.059869709014891 -0.05 -0.04 0
1698840628.398004 2.055867872238158 -0.05 -0.04 0
1698840628.4988933 2.0518661594390855 -0.05 -0.04 0
1698840628.5979037 2.047829217910765 -0.05 -0.04 0
1698840628.697991 2.0438699817657455 -0.05 -0.04 0
1698840628.7980764 2.039866275787352 -0.05 -0.04 0
1698840628.9016619 2.0358514213562 -0.05 -0.04 0
1698840628.9980917 2.0317169952392566 -0.05 -0.04 0
1698840629.0979006 2.027858781814574 -0.05 -0.04 0
1698840629.1978762 2.0238695716857897 -0.05 -0.04 0
1698840629.2980175 2.0198705387115465 -0.05 -0.04 0
1698840629.4066114 2.015853881835936 -0.05 -0.04 0
1698840629.498003 2.0115180206298815 -0.05 -0.04 0
1698840629.598999 2.0078661346435536 -0.05 -0.04 0
1698840629.6980436 2.003822135925292 -0.05 -0.04 0
1698840629.8001482 1.999853115081786 -0.05 -0.04 0
1698840629.898042 1.9957811737060536 -0.05 -0.04 0
1698840629.9998262 1.9918527221679676 -0.05 -0.04 0
1698840630.098027 1.9877932453155507 -0.05 -0.04 0
1698840630.1979918 1.983864803314208 -0.05 -0.04 0
1698840630.2980504 1.9798662281036365 -0.05 -0.04 0
1698840630.406077 1.9758463382720937 -0.05 -0.04 0
1698840630.497862 1.9715418624877918 -0.05 -0.04 0
1698840630.5978787 1.9678612422943105 -0.05 -0.04 0
1698840630.6978981 1.9638638019561756 -0.05 -0.04 0
1698840630.79792 1.9598697757720935 -0.05 -0.04 0
1698840630.8980742 1.9558690166473376 -0.05 -0.04 0
1698840630.9979932 1.951863040924071 -0.05 -0.04 0
1698840631.098058 1.9478664398193346 -0.05 -0.04 0
1698840631.197967 1.943852386474608 -0.05 -0.04 0
1698840631.2993302 1.9398611354827868 -0.05 -0.04 0
1698840631.3980024 1.9357238101959215 -0.05 -0.04 0
1698840631.4979868 1.9318656539916979 -0.05 -0.04 0
1698840631.5979218 1.9278638744354235 -0.05 -0.04 0
1698840631.697894 1.9238682746887195 -0.05 -0.04 0
1698840631.7979288 1.9198699569702136 -0.05 -0.04 0
1698840631.8980124 1.915868864059447 -0.05 -0.04 0
1698840632.0020366 1.9118550395965563 -0.05 -0.04 0
1698840632.0980618 1.9076961708068836 -0.05 -0.04 0
1698840632.1979876 1.9038591575622548 -0.05 -0.04 0
1698840632.3032997 1.8998548793792713 -0.05 -0.04 0
1698840632.3979023 1.8956533908843982 -0.05 -0.04 0
1698840632.4980288 1.89186966896057 -0.05 -0.04 0
1698840632.602862 1.887854194641112 -0.05 -0.04 0
1698840632.6979105 1.883669509887694 -0.05 -0.04 0
1698840632.7980127 1.8798695850372302 -0.05 -0.04 0
1698840632.8980756 1.8758596897125233 -0.05 -0.04 0
1698840632.997998 1.8718515110015859 -0.05 -0.04 0
1698840633.0980241 1.8678662872314442 -0.05 -0.04 0
1698840633.1983714 1.8638545513153064 -0.05 -0.04 0
1698840633.2979853 1.8596346473693837 -0.05 -0.04 0
1698840633.4026523 1.855859670639037 -0.05 -0.04 0
1698840633.4981291 1.8516800022125233 -0.05 -0.04 0
1698840633.5978577 1.847850341796874 -0.05 -0.04 0
1698840633.7043855 1.843871955871581 -0.05 -0.04 0
1698840633.7978957 1.839609546661376 -0.05 -0.04 0
1698840633.8979917 1.8358696556091298 -0.05 -0.04 0
1698840633.9979904 1.8318663215637196 -0.05 -0.04 0
1698840634.0978997 1.8278668212890614 -0.05 -0.04 0
1698840634.1980565 1.8238677406311024 -0.05 -0.04 0
1698840634.2978783 1.819854459762572 -0.05 -0.04 0
1698840634.3980553 1.815871295928954 -0.05 -0.04 0
1698840634.4979076 1.811852741241454 -0.05 -0.04 0
1698840634.5979023 1.807869997024535 -0.05 -0.04 0
1698840634.6979914 1.803855381011962 -0.05 -0.04 0
1698840634.8008902 1.7998497581481925 -0.05 -0.04 0
1698840634.898047 1.7957434940338126 -0.05 -0.04 0
1698840634.9978628 1.7918535804748525 -0.05 -0.04 0
1698840635.0980198 1.7878714656829824 -0.05 -0.04 0
1698840635.1978943 1.7838539600372305 -0.05 -0.04 0
1698840635.2978709 1.7798682022094716 -0.05 -0.04 0
1698840635.3979096 1.7758709049224843 -0.05 -0.04 0
1698840635.502354 1.7718694591522206 -0.05 -0.04 0
