1699367725.7673745 3.5 -0.1 -0.04 0
1699367725.919508 3.4998444175720214 -0.1 -0.04 0
1699367725.9842143 3.4937817192077634 -0.1 -0.04 0
1699367726.0510807 3.4911936092376705 -0.1 -0.04 0
1699367726.1179163 3.4885146808624263 -0.1 -0.04 0
1699367726.183154 3.4858430862426752 -0.1 -0.04 0
1699367726.2568767 3.483232803344726 -0.1 -0.04 0
1699367726.3229187 3.4802836322784416 -0.1 -0.04 0
1699367726.3876848 3.4776422214508047 -0.1 -0.04 0
1699367726.4529815 3.475053415298461 -0.1 -0.04 0
1699367726.520194 3.4724398422241203 -0.1 -0.04 0
1699367726.582945 3.4697526645660393 -0.1 -0.04 0
1699367726.6456037 3.467242984771728 -0.1 -0.04 0
1699367726.711673 3.4647365665435785 -0.1 -0.04 0
1699367726.7741296 3.462089586257934 -0.1 -0.04 0
1699367726.8378637 3.459594631195068 -0.1 -0.04 0
1699367726.9011965 3.457045068740844 -0.1 -0.04 0
1699367726.9641452 3.454499492645263 -0.1 -0.04 0
1699367727.0928748 3.4519953155517573 -0.1 -0.04 0
1699367727.1572864 3.4468337917327876 -0.1 -0.04 0
1699367727.2200274 3.444268522262573 -0.1 -0.04 0
1699367727.2844322 3.4417500782012937 -0.1 -0.04 0
1699367727.3479216 3.4391787910461424 -0.1 -0.04 0
1699367727.4125133 3.4366401481628417 -0.1 -0.04 0
1699367727.4758093 3.434053153991699 -0.1 -0.04 0
1699367727.540083 3.4315287208557126 -0.1 -0.04 0
1699367727.600606 3.4289451408386227 -0.1 -0.04 0
1699367727.6637294 3.4265326595306393 -0.1 -0.04 0
1699367727.7265153 3.424011602401733 -0.1 -0.04 0
1699367727.7885373 3.4214778041839597 -0.1 -0.04 0
1699367727.8506556 3.419017696380615 -0.1 -0.04 0
1699367727.915448 3.416531581878662 -0.1 -0.04 0
1699367727.986881 3.413585357666016 -0.1 -0.04 0
1699367728.0523753 3.41108380317688 -0.1 -0.04 0
1699367728.1153305 3.4084597110748294 -0.1 -0.04 0
1699367728.1775064 3.405947256088257 -0.1 -0.04 0
1699367728.241457 3.403458881378174 -0.1 -0.04 0
1699367728.3075418 3.4008756637573243 -0.1 -0.04 0
1699367728.372481 3.3982593536376955 -0.1 -0.04 0
1699367728.436205 3.3956525039672854 -0.1 -0.04 0
1699367728.5033228 3.3931101894378664 -0.1 -0.04 0
1699367728.5684388 3.3904210376739505 -0.1 -0.04 0
1699367728.6326616 3.3878226757049563 -0.1 -0.04 0
1699367728.6975822 3.385242509841919 -0.1 -0.04 0
1699367728.760961 3.3826550483703617 -0.1 -0.04 0
1699367728.8249655 3.3801207447052004 -0.1 -0.04 0
1699367728.889342 3.377559118270874 -0.1 -0.04 0
1699367728.9539084 3.3749775505065918 -0.1 -0.04 0
1699367729.018551 3.372404680252075 -0.1 -0.04 0
1699367729.082585 3.369815673828125 -0.1 -0.04 0
1699367729.147162 3.3672562885284423 -0.1 -0.04 0
1699367729.2231553 3.3646562480926514 -0.1 -0.04 0
1699367729.2860157 3.3616315269470216 -0.1 -0.04 0
1699367729.3495026 3.3590897274017335 -0.1 -0.04 0
1699367729.413498 3.3565776252746584 -0.1 -0.04 0
1699367729.4747872 3.3540100288391117 -0.1 -0.04 0
1699367729.5382504 3.3515675449371343 -0.1 -0.04 0
1699367729.600751 3.349028949737549 -0.1 -0.04 0
1699367729.6622012 3.3465291881561283 -0.1 -0.04 0
1699367729.72523 3.3440709400177004 -0.1 -0.04 0
1699367729.7876813 3.3415452480316166 -0.1 -0.04 0
1699367729.8509364 3.339053688049317 -0.1 -0.04 0
1699367729.913303 3.3365206241607672 -0.1 -0.04 0
1699367729.975037 3.334024162292481 -0.1 -0.04 0
1699367730.0391037 3.3315559768676763 -0.1 -0.04 0
1699367730.1022327 3.3289906597137455 -0.1 -0.04 0
1699367730.1654587 3.3264717006683355 -0.1 -0.04 0
1699367730.2295778 3.3239424610137944 -0.1 -0.04 0
1699367730.2921143 3.3213655567169194 -0.1 -0.04 0
1699367730.3590322 3.3188151741027836 -0.1 -0.04 0
1699367730.4190307 3.3161989688873295 -0.1 -0.04 0
1699367730.4817424 3.3137961387634283 -0.1 -0.04 0
1699367730.5454755 3.3112811660766606 -0.1 -0.04 0
1699367730.6093767 3.308738861083985 -0.1 -0.04 0
1699367730.6740553 3.3061844253540045 -0.1 -0.04 0
1699367730.7389061 3.3035912513732915 -0.1 -0.04 0
1699367730.8033032 3.3010040473937994 -0.1 -0.04 0
1699367730.8658955 3.298427696228028 -0.1 -0.04 0
1699367730.926943 3.295916614532471 -0.1 -0.04 0
1699367730.988275 3.2934817981719977 -0.1 -0.04 0
1699367731.0566623 3.2910190486907966 -0.1 -0.04 0
1699367731.1207738 3.288293247222901 -0.1 -0.04 0
1699367731.1854117 3.285729532241822 -0.1 -0.04 0
1699367731.2485507 3.2831411075592047 -0.1 -0.04 0
1699367731.3126233 3.280613059997559 -0.1 -0.04 0
1699367731.375453 3.2780560970306403 -0.1 -0.04 0
1699367731.441203 3.2755414199829107 -0.1 -0.04 0
1699367731.5078819 3.2729095268249515 -0.1 -0.04 0
1699367731.5729105 3.2702404403686525 -0.1 -0.04 0
1699367731.6373131 3.267637119293213 -0.1 -0.04 0
1699367731.703332 3.265066766738892 -0.1 -0.04 0
1699367731.766415 3.262423324584961 -0.1 -0.04 0
1699367731.830733 3.2599042224884034 -0.1 -0.04 0
1699367731.8935943 3.25732593536377 -0.1 -0.04 0
1699367731.9554718 3.254815998077393 -0.1 -0.04 0
1699367732.0176063 3.2523404026031497 -0.1 -0.04 0
1699367732.0806556 3.2498361873626713 -0.1 -0.04 0
1699367732.1419735 3.247331333160401 -0.1 -0.04 0
1699367732.2151358 3.244880723953248 -0.1 -0.04 0
1699367732.278211 3.2419483280181893 -0.1 -0.04 0
1699367732.34226 3.2394303131103523 -0.1 -0.04 0
1699367732.4064043 3.2368696117401132 -0.1 -0.04 0
1699367732.469952 3.2342866611480723 -0.1 -0.04 0
1699367732.532217 3.2317574691772473 -0.1 -0.04 0
1699367732.5968301 3.229268436431886 -0.1 -0.04 0
1699367732.6571894 3.226684885025026 -0.1 -0.04 0
1699367732.7207465 3.224271564483644 -0.1 -0.04 0
1699367732.783674 3.2217270088195815 -0.1 -0.04 0
1699367732.8470023 3.219206686019899 -0.1 -0.04 0
1699367732.909863 3.2166808509826676 -0.1 -0.04 0
1699367732.9736755 3.214165687561037 -0.1 -0.04 0
1699367733.0360134 3.2116108989715593 -0.1 -0.04 0
1699367733.1007636 3.209113683700563 -0.1 -0.04 0
1699367733.1643589 3.2065281867980975 -0.1 -0.04 0
1699367733.226042 3.2039859294891375 -0.1 -0.04 0
1699367733.2896476 3.201518917083742 -0.1 -0.04 0
1699367733.3527274 3.198972063064577 -0.1 -0.04 0
1699367733.413999 3.196447858810427 -0.1 -0.04 0
1699367733.4878538 3.1939906787872334 -0.1 -0.04 0
1699367733.6001976 3.1910288047790547 -0.1 -0.04 0
1699367733.615248 3.1865487957000753 -0.1 -0.04 0
1699367733.6328347 3.1859505367279075 -0.1 -0.04 0
1699367733.6641607 3.1852435016632104 -0.1 -0.04 0
1699367733.7140722 3.183987274169924 -0.1 -0.04 0
1699367733.764035 3.181998109817507 -0.1 -0.04 0
1699367733.8140936 3.179997291564944 -0.1 -0.04 0
1699367733.8641813 3.17799406051636 -0.1 -0.04 0
1699367733.9140642 3.1755487728118923 -0.1 -0.04 0
1699367734.0000098 3.1739768028259303 -0.1 -0.04 0
1699367734.017265 3.170557994842532 -0.1 -0.04 0
1699367734.0649214 3.169867496490481 -0.1 -0.04 0
1699367734.1734765 3.167940397262576 -0.1 -0.04 0
1699367734.190261 3.163614501953128 -0.1 -0.04 0
1699367734.2194211 3.162948369979861 -0.1 -0.04 0
1699367734.268804 3.1616710186004666 -0.1 -0.04 0
1699367734.3478966 3.159666004180911 -0.1 -0.04 0
1699367734.4605832 3.156644096374514 -0.1 -0.04 0
1699367734.4743474 3.1521265411376977 -0.1 -0.04 0
1699367734.48423 3.1515796184539817 -0.1 -0.04 0
1699367734.5181792 3.151184873580935 -0.1 -0.04 0
1699367734.6248965 3.1498324871063255 -0.1 -0.04 0
1699367734.638015 3.145563087463381 -0.1 -0.04 0
1699367734.6667035 3.1450393104553243 -0.1 -0.04 0
1699367734.7179399 3.143881063461306 -0.1 -0.04 0
1699367734.823221 3.141829700469973 -0.1 -0.04 0
1699367734.840031 3.13763140678406 -0.1 -0.04 0
1699367734.8693361 3.1369559288024926 -0.1 -0.04 0
1699367734.9140966 3.135686531066897 -0.1 -0.04 0
1699367735.0193439 3.1339971828460715 -0.1 -0.04 0
1699367735.0375862 3.129785251617434 -0.1 -0.04 0
1699367735.0682578 3.129052581787112 -0.1 -0.04 0
1699367735.1727326 3.127828321456912 -0.1 -0.04 0
1699367735.1867177 3.1236516189575223 -0.1 -0.04 0
1699367735.2187543 3.1230900955200225 -0.1 -0.04 0
1699367735.2647052 3.121704053878787 -0.1 -0.04 0
1699367735.371118 3.119971294403079 -0.1 -0.04 0
1699367735.3842344 3.1157160758972196 -0.1 -0.04 0
1699367735.4140563 3.1151927375793487 -0.1 -0.04 0
1699367735.5177443 3.113999042510989 -0.1 -0.04 0
1699367735.5309732 3.1098505973815946 -0.1 -0.04 0
1699367735.5640585 3.1093202209472683 -0.1 -0.04 0
1699367735.6698976 3.1079987907409694 -0.1 -0.04 0
1699367735.6867604 3.103763322830203 -0.1 -0.04 0
1699367735.7190192 3.1030869674682644 -0.1 -0.04 0
1699367735.7640572 3.101787528991702 -0.1 -0.04 0
1699367735.8739123 3.099998550415042 -0.1 -0.04 0
1699367735.8879561 3.095598754882815 -0.1 -0.04 0
1699367735.914061 3.095041294097903 -0.1 -0.04 0
1699367735.967257 3.0935827445983914 -0.1 -0.04 0
1699367736.0726135 3.0918476581573513 -0.1 -0.04 0
1699367736.1757479 3.0876534366607693 -0.1 -0.04 0
1699367736.2280495 3.0835301494598415 -0.1 -0.04 0
1699367736.330077 3.0814356327056913 -0.1 -0.04 0
1699367736.3440473 3.077355613708499 -0.1 -0.04 0
1699367736.3758159 3.076798563003543 -0.1 -0.04 0
1699367736.4836078 3.075527448654178 -0.1 -0.04 0
1699367736.497152 3.0712147903442415 -0.1 -0.04 0
1699367736.5272207 3.0706743144989046 -0.1 -0.04 0
1699367736.5758169 3.069455776214603 -0.1 -0.04 0
1699367736.6794956 3.067528390884403 -0.1 -0.04 0
1699367736.6962445 3.0633795547485385 -0.1 -0.04 0
1699367736.7258105 3.0627090454101595 -0.1 -0.04 0
1699367736.7770147 3.0615117073059115 -0.1 -0.04 0
1699367736.8855536 3.0594799900054963 -0.1 -0.04 0
1699367736.9038482 3.0551354408264193 -0.1 -0.04 0
1699367736.927563 3.0544051933288605 -0.1 -0.04 0
1699367736.9764063 3.053455629348758 -0.1 -0.04 0
1699367737.0947566 3.051068162918094 -0.1 -0.04 0
1699367737.1971543 3.046767110824588 -0.1 -0.04 0
1699367737.2472765 3.042672624588016 -0.1 -0.04 0
1699367737.353237 3.0406677436828646 -0.1 -0.04 0
1699367737.371244 3.036426239013675 -0.1 -0.04 0
1699367737.3974066 3.0357113742828403 -0.1 -0.04 0
1699367737.5027153 3.0346648311615025 -0.1 -0.04 0
1699367737.516739 3.030450649261478 -0.1 -0.04 0
1699367737.5521293 3.0298893642425573 -0.1 -0.04 0
1699367737.5972726 3.0284604454040562 -0.1 -0.04 0
1699367737.7029653 3.0266699314117465 -0.1 -0.04 0
1699367737.7199008 3.0224398994445836 -0.1 -0.04 0
1699367737.7512765 3.0217640209198033 -0.1 -0.04 0
1699367737.7972283 3.0204925155639684 -0.1 -0.04 0
1699367737.9050896 3.0186706066131626 -0.1 -0.04 0
1699367737.9196947 3.0143551921844516 -0.1 -0.04 0
1699367737.953164 3.013774328231815 -0.1 -0.04 0
1699367737.9975789 3.0123020839691197 -0.1 -0.04 0
1699367738.1028888 3.010648937225345 -0.1 -0.04 0
1699367738.2053716 3.006445064544681 -0.1 -0.04 0
1699367738.2554793 3.0023447036743196 -0.1 -0.04 0
1699367738.3602111 3.000336894989017 -0.1 -0.04 0
1699367738.3773837 2.996150798797611 -0.1 -0.04 0
1699367738.405473 2.995462913513187 -0.1 -0.04 0
1699367738.5108917 2.9943204402923618 -0.1 -0.04 0
1699367738.5280178 2.990118780136112 -0.1 -0.04 0
1699367738.5568995 2.9894380760192907 -0.1 -0.04 0
1699367738.6072593 2.9882452106475865 -0.1 -0.04 0
1699367738.7127929 2.986252861022953 -0.1 -0.04 0
1699367738.8139935 2.9820441627502476 -0.1 -0.04 0
1699367738.8654678 2.977997751235965 -0.1 -0.04 0
1699367738.9696193 2.9759405994415316 -0.1 -0.04 0
1699367738.9875164 2.9717727661132844 -0.1 -0.04 0
1699367739.0140908 2.971058158874515 -0.1 -0.04 0
1699367739.1168249 2.9699979209899934 -0.1 -0.04 0
1699367739.134106 2.9658831691741976 -0.1 -0.04 0
1699367739.1640756 2.965194597244266 -0.1 -0.04 0
1699367739.2662392 2.963998022079471 -0.1 -0.04 0
1699367739.280126 2.9599103450775175 -0.1 -0.04 0
1699367739.3164873 2.9593563270568874 -0.1 -0.04 0
1699367739.4209867 2.9578999137878443 -0.1 -0.04 0
1699367739.4381464 2.9537191772460965 -0.1 -0.04 0
1699367739.4642177 2.9530333232879666 -0.1 -0.04 0
1699367739.5191832 2.951513795852664 -0.1 -0.04 0
1699367739.6289968 2.949633693695071 -0.1 -0.04 0
1699367739.7337995 2.9453937530517607 -0.1 -0.04 0
1699367739.78674 2.9412076663970974 -0.1 -0.04 0
1699367739.8947828 2.9390884685516383 -0.1 -0.04 0
1699367739.9096377 2.9347649860382106 -0.1 -0.04 0
1699367739.933842 2.934172582626345 -0.1 -0.04 0
1699367740.0391717 2.9332075977325465 -0.1 -0.04 0
1699367740.056723 2.9289937305450464 -0.1 -0.04 0
1699367740.0852094 2.9282903766632105 -0.1 -0.04 0
1699367740.1920998 2.927150850296023 -0.1 -0.04 0
1699367740.209047 2.9228767108917264 -0.1 -0.04 0
1699367740.2358289 2.9221939373016386 -0.1 -0.04 0
1699367740.2889538 2.921016902923587 -0.1 -0.04 0
1699367740.3939586 2.9189721107482938 -0.1 -0.04 0
1699367740.5003715 2.9147999095916775 -0.1 -0.04 0
1699367740.5519447 2.910543975830081 -0.1 -0.04 0
1699367740.6537952 2.908479833602908 -0.1 -0.04 0
1699367740.6672661 2.9044077301025415 -0.1 -0.04 0
1699367740.7004414 2.9038695716857936 -0.1 -0.04 0
1699367740.806016 2.9025434207916287 -0.1 -0.04 0
1699367740.8199542 2.8983101272583034 -0.1 -0.04 0
1699367740.8541002 2.8977606582641626 -0.1 -0.04 0
1699367740.9025865 2.8963576507568383 -0.1 -0.04 0
1699367741.008184 2.8944532012939477 -0.1 -0.04 0
1699367741.0252016 2.890231161117556 -0.1 -0.04 0
1699367741.0549436 2.889550571441653 -0.1 -0.04 0
1699367741.1004648 2.8882165050506616 -0.1 -0.04 0
1699367741.2025857 2.8865425109863305 -0.1 -0.04 0
1699367741.2199087 2.882455272674563 -0.1 -0.04 0
1699367741.2540083 2.8817630481719996 -0.1 -0.04 0
1699367741.3004446 2.880332698822024 -0.1 -0.04 0
1699367741.4026551 2.8785431194305446 -0.1 -0.04 0
1699367741.4194794 2.8744507312774683 -0.1 -0.04 0
1699367741.4505343 2.873781709671023 -0.1 -0.04 0
1699367741.5582552 2.872539901733401 -0.1 -0.04 0
1699367741.5713005 2.8682293987274194 -0.1 -0.04 0
1699367741.6014578 2.8677085494995143 -0.1 -0.04 0
1699367741.7057607 2.8665010356903102 -0.1 -0.04 0
1699367741.7222528 2.8623310661315946 -0.1 -0.04 0
1699367741.755411 2.8616642665863066 -0.1 -0.04 0
1699367741.9299254 2.8603432941436795 -0.1 -0.04 0
1699367741.9799898 2.8533596515655546 -0.1 -0.04 0
1699367742.0854728 2.8513494205474883 -0.1 -0.04 0
1699367742.1021976 2.847139091491702 -0.1 -0.04 0
1699367742.1334572 2.8464736080169706 -0.1 -0.04 0
1699367742.2352989 2.8452186203002956 -0.1 -0.04 0
1699367742.2519188 2.84114874839783 -0.1 -0.04 0
1699367742.282451 2.8404818058013945 -0.1 -0.04 0
1699367742.3864913 2.8392584133148224 -0.1 -0.04 0
1699367742.4001784 2.8351010990142855 -0.1 -0.04 0
1699367742.4386528 2.834552907943729 -0.1 -0.04 0
1699367742.4799752 2.8329806613922153 -0.1 -0.04 0
1699367742.6004221 2.830884313583377 -0.1 -0.04 0
1699367742.71031 2.826529121398929 -0.1 -0.04 0
1699367742.763871 2.8221441745758087 -0.1 -0.04 0
1699367742.869093 2.8200050926208524 -0.1 -0.04 0
1699367742.88316 2.815796241760257 -0.1 -0.04 0
1699367742.9114392 2.8152336502075226 -0.1 -0.04 0
1699367742.960345 2.8140897369384796 -0.1 -0.04 0
1699367743.0653796 2.8121275997161894 -0.1 -0.04 0
1699367743.0800474 2.8079423904418976 -0.1 -0.04 0
1699367743.1146624 2.8073586463928253 -0.1 -0.04 0
1699367743.2196074 2.8059732246398954 -0.1 -0.04 0
1699367743.2362657 2.801774339675906 -0.1 -0.04 0
1699367743.2654443 2.801103944778445 -0.1 -0.04 0
1699367743.3168788 2.799866323471072 -0.1 -0.04 0
1699367743.4214058 2.797884273529055 -0.1 -0.04 0
1699367743.4340189 2.7937048339843775 -0.1 -0.04 0
1699367743.4645486 2.7931994438171412 -0.1 -0.04 0
1699367743.56662 2.7919729614257838 -0.1 -0.04 0
1699367743.5800538 2.787896099090579 -0.1 -0.04 0
1699367743.610369 2.7873558330535917 -0.1 -0.04 0
1699367743.7161713 2.786146230697635 -0.1 -0.04 0
1699367743.7331471 2.781912670135501 -0.1 -0.04 0
1699367743.7611282 2.7812297630310088 -0.1 -0.04 0
1699367743.8673985 2.7801117515563996 -0.1 -0.04 0
1699367743.8806396 2.7758615589141877 -0.1 -0.04 0
1699367743.911308 2.7753329658508332 -0.1 -0.04 0
1699367743.9639175 2.774075403213504 -0.1 -0.04 0
1699367744.0704863 2.7719902229309112 -0.1 -0.04 0
1699367744.1758754 2.7677389907836942 -0.1 -0.04 0
1699367744.2259343 2.7635189533233673 -0.1 -0.04 0
1699367744.328051 2.7615167331695587 -0.1 -0.04 0
1699367744.3421974 2.7574309158325225 -0.1 -0.04 0
1699367744.3760233 2.7568702030181913 -0.1 -0.04 0
1699367744.4833758 2.7555134296417263 -0.1 -0.04 0
1699367744.4970632 2.751224851608279 -0.1 -0.04 0
1699367744.5324306 2.750678768157962 -0.1 -0.04 0
1699367744.5766823 2.749223871231082 -0.1 -0.04 0
1699367744.6809497 2.747492618560794 -0.1 -0.04 0
1699367744.6939526 2.7433191776275665 -0.1 -0.04 0
1699367744.7259097 2.7428027534484896 -0.1 -0.04 0
1699367744.8282871 2.7415244865417514 -0.1 -0.04 0
1699367744.8447583 2.7374220275878938 -0.1 -0.04 0
1699367744.8788426 2.7367642307281526 -0.1 -0.04 0
1699367744.9837644 2.735404100418094 -0.1 -0.04 0
1699367744.997204 2.7312102222442656 -0.1 -0.04 0
1699367745.0310433 2.7306685829162625 -0.1 -0.04 0
1699367745.0810263 2.72916575431824 -0.1 -0.04 0
1699367745.1916559 2.7271744918823266 -0.1 -0.04 0
1699367745.294975 2.7228956699371363 -0.1 -0.04 0
1699367745.3482144 2.718758878707888 -0.1 -0.04 0
1699367745.451068 2.7166286468505882 -0.1 -0.04 0
1699367745.4662635 2.7125176239013693 -0.1 -0.04 0
1699367745.4985006 2.7119086742401146 -0.1 -0.04 0
1699367745.60612 2.7106199550628687 -0.1 -0.04 0
1699367745.6230783 2.706312932968142 -0.1 -0.04 0
1699367745.6509924 2.705632553100588 -0.1 -0.04 0
1699367745.6952899 2.704289894104006 -0.1 -0.04 0
1699367745.814641 2.702705345153811 -0.1 -0.04 0
1699367745.9215608 2.697972860336306 -0.1 -0.04 0
1699367745.9716399 2.693695707321169 -0.1 -0.04 0
1699367746.0860705 2.691692533493044 -0.1 -0.04 0
1699367746.1043901 2.6871092414855977 -0.1 -0.04 0
1699367746.1269302 2.686382551193239 -0.1 -0.04 0
1699367746.1797948 2.685439224243166 -0.1 -0.04 0
1699367746.2837477 2.683354959487917 -0.1 -0.04 0
1699367746.3905787 2.679211654663088 -0.1 -0.04 0
1699367746.4406822 2.6749324226379416 -0.1 -0.04 0
1699367746.5485702 2.6729308605194113 -0.1 -0.04 0
1699367746.5628345 2.6686142635345482 -0.1 -0.04 0
1699367746.5937924 2.6680434703826927 -0.1 -0.04 0
1699367746.6417253 2.6666197013855 -0.1 -0.04 0
1699367746.747789 2.664889087677004 -0.1 -0.04 0
1699367746.7611384 2.660640230178835 -0.1 -0.04 0
1699367746.7941656 2.660111589431765 -0.1 -0.04 0
1699367746.8981175 2.658793010711672 -0.1 -0.04 0
1699367746.914476 2.654636049270632 -0.1 -0.04 0
1699367746.945287 2.653979206085207 -0.1 -0.04 0
1699367747.0009317 2.652537364959719 -0.1 -0.04 0
1699367747.1041093 2.65050569534302 -0.1 -0.04 0
1699367747.209743 2.646393547058108 -0.1 -0.04 0
1699367747.263393 2.6421670341491725 -0.1 -0.04 0
1699367747.3678002 2.6400239467620876 -0.1 -0.04 0
1699367747.385502 2.635848855972293 -0.1 -0.04 0
1699367747.413199 2.635140066146853 -0.1 -0.04 0
1699367747.5134935 2.6340302944183374 -0.1 -0.04 0
1699367747.5271814 2.630016317367556 -0.1 -0.04 0
1699367747.5633268 2.629470987319949 -0.1 -0.04 0
1699367747.611013 2.6279070758819607 -0.1 -0.04 0
1699367747.7151787 2.6261192607879664 -0.1 -0.04 0
1699367747.7285974 2.621953639984133 -0.1 -0.04 0
1699367747.7597978 2.6214146423339866 -0.1 -0.04 0
1699367747.8660522 2.62016932487488 -0.1 -0.04 0
1699367747.8796499 2.6159132671356224 -0.1 -0.04 0
1699367747.9121292 2.6153737163543727 -0.1 -0.04 0
1699367747.9648786 2.6138878250122097 -0.1 -0.04 0
1699367748.075216 2.6119159221649197 -0.1 -0.04 0
1699367748.1808736 2.6075440979003934 -0.1 -0.04 0
1699367748.2321646 2.603324022293094 -0.1 -0.04 0
1699367748.3397875 2.6012672519683866 -0.1 -0.04 0
1699367748.3571713 2.596968193054202 -0.1 -0.04 0
1699367748.381011 2.596270904541018 -0.1 -0.04 0
1699367748.4931364 2.5953197479248074 -0.1 -0.04 0
1699367748.5184557 2.590828361511233 -0.1 -0.04 0
1699367748.5309286 2.58982005119324 -0.1 -0.04 0
1699367748.5809386 2.58931992530823 -0.1 -0.04 0
1699367748.6951656 2.58732210159302 -0.1 -0.04 0
1699367748.721324 2.582753219604495 -0.1 -0.04 0
1699367748.7435658 2.5817043113708524 -0.1 -0.04 0
1699367748.7851548 2.580812311172488 -0.1 -0.04 0
1699367748.8319094 2.5791509723663357 -0.1 -0.04 0
1699367748.8809729 2.5772811889648466 -0.1 -0.04 0
1699367748.93097 2.5753218173980743 -0.1 -0.04 0
1699367748.981003 2.57331560134888 -0.1 -0.04 0
1699367749.030971 2.5713169765472443 -0.1 -0.04 0
1699367749.0818574 2.569321451187137 -0.1 -0.04 0
1699367749.1309671 2.5672852993011506 -0.1 -0.04 0
1699367749.2464666 2.565322380065921 -0.1 -0.04 0
1699367749.3069866 2.560703525543216 -0.1 -0.04 0
1699367749.370178 2.558275146484378 -0.1 -0.04 0
1699367749.4336326 2.5557523059845 -0.1 -0.04 0
1699367749.498136 2.5532162952423123 -0.1 -0.04 0
1699367749.566049 2.550634603500369 -0.1 -0.04 0
1699367749.6280038 2.5479117870330836 -0.1 -0.04 0
1699367749.6903517 2.5454354953765894 -0.1 -0.04 0
1699367749.757086 2.542945003509524 -0.1 -0.04 0
1699367749.8212028 2.540271215438845 -0.1 -0.04 0
1699367749.8866727 2.537692384719851 -0.1 -0.04 0
1699367749.94935 2.53508951187134 -0.1 -0.04 0
1699367750.0142655 2.5325838279724144 -0.1 -0.04 0
1699367750.0796902 2.5299732685089134 -0.1 -0.04 0
1699367750.1424825 2.527373037338259 -0.1 -0.04 0
1699367750.2075722 2.5248582458496114 -0.1 -0.04 0
1699367750.2688553 2.522252941131594 -0.1 -0.04 0
1699367750.3339412 2.519798612594607 -0.1 -0.04 0
1699367750.3952928 2.5171988296508814 -0.1 -0.04 0
1699367750.4607956 2.5147451019287135 -0.1 -0.04 0
1699367750.5234284 2.5121204376220727 -0.1 -0.04 0
1699367750.5889556 2.5096201419830346 -0.1 -0.04 0
1699367750.6511383 2.507001590728762 -0.1 -0.04 0
1699367750.708781 2.5045118904113792 -0.1 -0.04 0
1699367750.7710454 2.5022017192840598 -0.1 -0.04 0
1699367750.833215 2.4997100830078147 -0.1 -0.04 0
1699367750.8946018 2.497224693298342 -0.1 -0.04 0
1699367750.9615588 2.494774627685549 -0.1 -0.04 0
1699367751.0237703 2.492086811065676 -0.1 -0.04 0
1699367751.0893524 2.4896111011505146 -0.1 -0.04 0
1699367751.154462 2.486964426040651 -0.1 -0.04 0
1699367751.2172632 2.4843792247772236 -0.1 -0.04 0
1699367751.2806873 2.4818695068359395 -0.1 -0.04 0
1699367751.3413513 2.4793237781524677 -0.1 -0.04 0
1699367751.3999262 2.476907691955568 -0.1 -0.04 0
1699367751.4641645 2.4745388031005877 -0.1 -0.04 0
1699367751.526444 2.471993246078493 -0.1 -0.04 0
1699367751.5897977 2.469502096176149 -0.1 -0.04 0
1699367751.6556644 2.466953315734865 -0.1 -0.04 0
1699367751.7219157 2.4643349838256854 -0.1 -0.04 0
1699367751.7837417 2.461682558059694 -0.1 -0.04 0
1699367751.8480716 2.4592121696472184 -0.1 -0.04 0
1699367751.9136953 2.4566338729858415 -0.1 -0.04 0
1699367751.9782877 2.454009504318239 -0.1 -0.04 0
1699367752.0472875 2.451426734924318 -0.1 -0.04 0
1699367752.1136725 2.448668241500856 -0.1 -0.04 0
1699367752.1802459 2.446008281707765 -0.1 -0.04 0
1699367752.244171 2.4433465957641616 -0.1 -0.04 0
1699367752.3098235 2.440792522430421 -0.1 -0.04 0
1699367752.3739603 2.438160133361818 -0.1 -0.04 0
1699367752.440289 2.4355977249145524 -0.1 -0.04 0
1699367752.5037637 2.432947721481325 -0.1 -0.04 0
1699367752.5677514 2.430407781600954 -0.1 -0.04 0
1699367752.6333382 2.427852144241335 -0.1 -0.04 0
1699367752.6961145 2.425220813751223 -0.1 -0.04 0
1699367752.7602317 2.4227156162261982 -0.1 -0.04 0
1699367752.824163 2.4201481533050555 -0.1 -0.04 0
1699367752.8874872 2.417592535018923 -0.1 -0.04 0
1699367752.9514306 2.415060091018679 -0.1 -0.04 0
1699367753.0161397 2.412502250671389 -0.1 -0.04 0
1699367753.0782049 2.4099136447906515 -0.1 -0.04 0
1699367753.1422708 2.4074257183074974 -0.1 -0.04 0
1699367753.2077563 2.4048668575286887 -0.1 -0.04 0
1699367753.2701287 2.4022468852996846 -0.1 -0.04 0
1699367753.3322802 2.3997450828552265 -0.1 -0.04 0
1699367753.39795 2.3972681045532247 -0.1 -0.04 0
1699367753.4638386 2.394635238647463 -0.1 -0.04 0
1699367753.526768 2.3920080566406274 -0.1 -0.04 0
1699367753.5902483 2.3894891738891624 -0.1 -0.04 0
1699367753.655781 2.3869404888153096 -0.1 -0.04 0
1699367753.7191164 2.38432929992676 -0.1 -0.04 0
1699367753.7835376 2.381790008544924 -0.1 -0.04 0
1699367753.85077 2.3792152309417745 -0.1 -0.04 0
1699367753.9154258 2.3765246105194113 -0.1 -0.04 0
1699367753.9783123 2.373941860198977 -0.1 -0.04 0
1699367754.0404356 2.371427392959597 -0.1 -0.04 0
1699367754.1044629 2.368934650421145 -0.1 -0.04 0
1699367754.1677775 2.3663759899139425 -0.1 -0.04 0
1699367754.2315657 2.363843994140627 -0.1 -0.04 0
1699367754.2965283 2.3612973594665547 -0.1 -0.04 0
1699367754.3592134 2.3586990451812766 -0.1 -0.04 0
1699367754.4202328 2.356189069747927 -0.1 -0.04 0
1699367754.481601 2.3537483978271507 -0.1 -0.04 0
1699367754.5461054 2.351290445327761 -0.1 -0.04 0
1699367754.6133049 2.348709011077883 -0.1 -0.04 0
1699367754.675519 2.3460288810730003 -0.1 -0.04 0
1699367754.738192 2.3435391330719018 -0.1 -0.04 0
1699367754.8016348 2.341030254364016 -0.1 -0.04 0
1699367754.8641107 2.3384968280792258 -0.1 -0.04 0
1699367754.9293497 2.335991840362551 -0.1 -0.04 0
1699367754.9920964 2.333376140594485 -0.1 -0.04 0
1699367755.052735 2.3308728027343775 -0.1 -0.04 0
1699367755.1160586 2.3284473896026636 -0.1 -0.04 0
1699367755.1798763 2.325903577804568 -0.1 -0.04 0
1699367755.2399988 2.3233664608001736 -0.1 -0.04 0
1699367755.3036764 2.3209581279754667 -0.1 -0.04 0
1699367755.3658085 2.3184123611450222 -0.1 -0.04 0
1699367755.427989 2.3159288120269803 -0.1 -0.04 0
1699367755.4892151 2.31343333244324 -0.1 -0.04 0
1699367755.5519767 2.310978546142581 -0.1 -0.04 0
1699367755.614587 2.3084832286834747 -0.1 -0.04 0
1699367755.6782737 2.3059751796722443 -0.1 -0.04 0
1699367755.7457035 2.3034249210357696 -0.1 -0.04 0
1699367755.8115523 2.3007273292541535 -0.1 -0.04 0
1699367755.8750465 2.2980936145782502 -0.1 -0.04 0
1699367755.9385724 2.295548725128177 -0.1 -0.04 0
1699367756.0004604 2.2930144882202184 -0.1 -0.04 0
1699367756.063082 2.2905220603942906 -0.1 -0.04 0
1699367756.1273065 2.288033523559574 -0.1 -0.04 0
1699367756.1893084 2.2854635143280064 -0.1 -0.04 0
1699367756.2502935 2.282989120483402 -0.1 -0.04 0
1699367756.3126857 2.2805488491058385 -0.1 -0.04 0
1699367756.3751833 2.2780415725708045 -0.1 -0.04 0
1699367756.43732 2.275550727844242 -0.1 -0.04 0
1699367756.5018466 2.2730638504028358 -0.1 -0.04 0
1699367756.563679 2.270487833023075 -0.1 -0.04 0
1699367756.6275592 2.26800876617432 -0.1 -0.04 0
1699367756.6909578 2.265449609756473 -0.1 -0.04 0
1699367756.7531881 2.262921428680423 -0.1 -0.04 0
1699367756.8170452 2.2604284191131625 -0.1 -0.04 0
1699367756.8817377 2.2578733921051057 -0.1 -0.04 0
1699367756.9454012 2.2552902698516877 -0.1 -0.04 0
1699367757.0090063 2.2527447605133086 -0.1 -0.04 0
1699367757.0731497 2.2501974296569855 -0.1 -0.04 0
1699367757.1343083 2.247620544433597 -0.1 -0.04 0
1699367757.1958258 2.2451828479766878 -0.1 -0.04 0
1699367757.2603443 2.242725296020511 -0.1 -0.04 0
1699367757.3216655 2.240138692855838 -0.1 -0.04 0
1699367757.3827276 2.237694387435916 -0.1 -0.04 0
1699367757.4484873 2.235247554779056 -0.1 -0.04 0
1699367757.5108604 2.232618465423587 -0.1 -0.04 0
1699367757.5722423 2.230121192932132 -0.1 -0.04 0
1699367757.6357903 2.227661762237552 -0.1 -0.04 0
1699367757.6998422 2.2251280689239534 -0.1 -0.04 0
1699367757.7646282 2.222560205459598 -0.1 -0.04 0
1699367757.8287914 2.2199663543701202 -0.1 -0.04 0
1699367757.8909523 2.217405357360843 -0.1 -0.04 0
1699367757.9555676 2.214921121597293 -0.1 -0.04 0
1699367758.0265179 2.212335186004642 -0.1 -0.04 0
1699367758.089376 2.209499101638797 -0.1 -0.04 0
1699367758.1564288 2.206978921890262 -0.1 -0.04 0
1699367758.2213147 2.2043024921417267 -0.1 -0.04 0
1699367758.2852519 2.2016972732543976 -0.1 -0.04 0
1699367758.3480992 2.19914812088013 -0.1 -0.04 0
1699367758.4130614 2.1966345024108915 -0.1 -0.04 0
1699367758.4770734 2.1940345859527617 -0.1 -0.04 0
1699367758.539794 2.1914760398864774 -0.1 -0.04 0
1699367758.6045768 2.18896857261658 -0.1 -0.04 0
1699367758.668501 2.1863778686523467 -0.1 -0.04 0
1699367758.7303042 2.183816108703616 -0.1 -0.04 0
1699367758.7950392 2.1813423919677764 -0.1 -0.04 0
1699367758.857661 2.178759298324588 -0.1 -0.04 0
1699367758.920853 2.1762487316131622 -0.1 -0.04 0
1699367758.9837677 2.1737168884277374 -0.1 -0.04 0
1699367759.0462072 2.171207218170169 -0.1 -0.04 0
1699367759.1106925 2.1687063694000273 -0.1 -0.04 0
1699367759.1734908 2.166130075454715 -0.1 -0.04 0
1699367759.2366471 2.163608455657962 -0.1 -0.04 0
1699367759.3048575 2.1610869121551546 -0.1 -0.04 0
1699367759.3700001 2.1583667182922395 -0.1 -0.04 0
1699367759.432395 2.155756139755252 -0.1 -0.04 0
1699367759.495479 2.1532473754882844 -0.1 -0.04 0
1699367759.559818 2.1507378005981477 -0.1 -0.04 0
1699367759.6251612 2.14816818237305 -0.1 -0.04 0
1699367759.6894698 2.1455466747283967 -0.1 -0.04 0
1699367759.7533603 2.1429813385009795 -0.1 -0.04 0
1699367759.8179028 2.1404129791259794 -0.1 -0.04 0
1699367759.8824105 2.137832460403445 -0.1 -0.04 0
1699367759.9478056 2.135264444351199 -0.1 -0.04 0
1699367760.010836 2.132644681930545 -0.1 -0.04 0
1699367760.0764267 2.130124921798709 -0.1 -0.04 0
1699367760.140364 2.127498321533206 -0.1 -0.04 0
1699367760.2056515 2.1249373912811307 -0.1 -0.04 0
1699367760.2680495 2.1223197937011746 -0.1 -0.04 0
1699367760.3349683 2.119817771911624 -0.1 -0.04 0
1699367760.3974528 2.117156820297244 -0.1 -0.04 0
1699367760.4601002 2.1146551132202176 -0.1 -0.04 0
1699367760.5274816 2.1121489906311064 -0.1 -0.04 0
1699367760.5905774 2.1094572257995634 -0.1 -0.04 0
1699367760.652098 2.1069358825683624 -0.1 -0.04 0
1699367760.716577 2.104473686218265 -0.1 -0.04 0
1699367760.7780738 2.101880455017093 -0.1 -0.04 0
1699367760.840922 2.0994275760650667 -0.1 -0.04 0
1699367760.9029715 2.0969222736358675 -0.1 -0.04 0
1699367760.9642925 2.0944336509704624 -0.1 -0.04 0
1699367761.025777 2.0919769382476843 -0.1 -0.04 0
1699367761.0902758 2.0895286178588903 -0.1 -0.04 0
1699367761.1595562 2.086944894790653 -0.1 -0.04 0
1699367761.2228706 2.084169254302982 -0.1 -0.04 0
1699367761.2878325 2.0816226577758825 -0.1 -0.04 0
1699367761.350733 2.0790450477600135 -0.1 -0.04 0
1699367761.4118989 2.0765328311920204 -0.1 -0.04 0
1699367761.4745224 2.0740812015533483 -0.1 -0.04 0
1699367761.536369 2.0715790557861364 -0.1 -0.04 0
1699367761.5967386 2.069107446670536 -0.1 -0.04 0
1699367761.663019 2.0666895580291786 -0.1 -0.04 0
1699367761.7259998 2.064037876129154 -0.1 -0.04 0
1699367761.7904916 2.0615011119842563 -0.1 -0.04 0
1699367761.8569574 2.058942537307743 -0.1 -0.04 0
1699367761.921007 2.056283063888553 -0.1 -0.04 0
1699367761.9841034 2.0537181472778356 -0.1 -0.04 0
1699367762.048257 2.051190366744999 -0.1 -0.04 0
1699367762.113479 2.0486275005340615 -0.1 -0.04 0
1699367762.1756535 2.0460230636596717 -0.1 -0.04 0
1699367762.241079 2.0435359573364296 -0.1 -0.04 0
1699367762.304479 2.0409102249145548 -0.1 -0.04 0
1699367762.3724897 2.038373785018925 -0.1 -0.04 0
1699367762.4392898 2.0356578636169473 -0.1 -0.04 0
1699367762.5028317 2.0329893970489543 -0.1 -0.04 0
1699367762.5710707 2.0304450035095254 -0.1 -0.04 0
1699367762.6363158 2.0277148723602334 -0.1 -0.04 0
1699367762.7009578 2.0250982379913367 -0.1 -0.04 0
1699367762.7664335 2.022519664764408 -0.1 -0.04 0
1699367762.8311865 2.019892463684086 -0.1 -0.04 0
1699367762.8959954 2.0173127555847206 -0.1 -0.04 0
1699367762.959837 2.0147199249267618 -0.1 -0.04 0
1699367763.0237923 2.01216593742371 -0.1 -0.04 0
1699367763.0850847 2.009604310989384 -0.1 -0.04 0
1699367763.1508489 2.0071474742889444 -0.1 -0.04 0
1699367763.2140677 2.0045256996154825 -0.1 -0.04 0
1699367763.2764022 2.001992483139042 -0.1 -0.04 0
1699367763.341281 1.9995003414154093 -0.1 -0.04 0
1699367763.4040833 1.9968925762176555 -0.1 -0.04 0
1699367763.4668477 1.9943931102752728 -0.1 -0.04 0
1699367763.5311978 1.9918820381164593 -0.1 -0.04 0
1699367763.5970042 1.9893124580383343 -0.1 -0.04 0
1699367763.6613195 1.9866759300231975 -0.1 -0.04 0
1699367763.7267241 1.98410592079163 -0.1 -0.04 0
1699367763.79337 1.981436767578129 -0.1 -0.04 0
1699367763.856537 1.9788254547119182 -0.1 -0.04 0
1699367763.9217188 1.976291322708134 -0.1 -0.04 0
1699367763.9834998 1.9736891078949015 -0.1 -0.04 0
1699367764.0480616 1.9712185955047647 -0.1 -0.04 0
1699367764.1160028 1.9686290454864541 -0.1 -0.04 0
1699367764.1800325 1.965915174484257 -0.1 -0.04 0
1699367764.2424552 1.9633534717559855 -0.1 -0.04 0
1699367764.3089342 1.9608431243896525 -0.1 -0.04 0
1699367764.3709433 1.9581995391845743 -0.1 -0.04 0
1699367764.4336562 1.9557213687896768 -0.1 -0.04 0
1699367764.4996662 1.953211145401005 -0.1 -0.04 0
1699367764.5616066 1.95057245254517 -0.1 -0.04 0
1699367764.623968 1.9480851650238076 -0.1 -0.04 0
1699367764.6873403 1.945595703125004 -0.1 -0.04 0
1699367764.7500427 1.9430556392669718 -0.1 -0.04 0
1699367764.811765 1.9405558395385782 -0.1 -0.04 0
1699367764.8807971 1.9380886936187784 -0.1 -0.04 0
1699367764.943801 1.9353290367126506 -0.1 -0.04 0
1699367765.0096147 1.9328059673309368 -0.1 -0.04 0
1699367765.145111 1.9301715087890667 -0.1 -0.04 0
1699367765.2068732 1.9247547721862834 -0.1 -0.04 0
1699367765.2698543 1.922285852432255 -0.1 -0.04 0
1699367765.331541 1.9197553157806437 -0.1 -0.04 0
1699367765.3944612 1.9172977161407512 -0.1 -0.04 0
1699367765.4583054 1.9147702407836955 -0.1 -0.04 0
1699367765.5229242 1.9122272300720256 -0.1 -0.04 0
1699367765.5856645 1.9096416664123577 -0.1 -0.04 0
1699367765.6493962 1.9071269702911418 -0.1 -0.04 0
1699367765.71428 1.9045820617675822 -0.1 -0.04 0
1699367765.7758172 1.9019892883300822 -0.1 -0.04 0
1699367765.8385792 1.8995141696929971 -0.1 -0.04 0
1699367765.9008667 1.8970146942138713 -0.1 -0.04 0
1699367765.9640255 1.8945275688171428 -0.1 -0.04 0
1699367766.0281794 1.8919926071167033 -0.1 -0.04 0
1699367766.0895703 1.8894339656829875 -0.1 -0.04 0
1699367766.1594553 1.8869060707092327 -0.1 -0.04 0
1699367766.2228656 1.8841838741302532 -0.1 -0.04 0
1699367766.2862527 1.881624746322636 -0.1 -0.04 0
1699367766.3486319 1.8791079521179241 -0.1 -0.04 0
1699367766.412461 1.8766095924377484 -0.1 -0.04 0
1699367766.4749482 1.8740491676330608 -0.1 -0.04 0
1699367766.5378807 1.8715557003021281 -0.1 -0.04 0
1699367766.600641 1.8690412521362345 -0.1 -0.04 0
1699367766.6644616 1.866531400680546 -0.1 -0.04 0
1699367766.7266562 1.8639801502227824 -0.1 -0.04 0
1699367766.7927437 1.8614866638183634 -0.1 -0.04 0
1699367766.8560061 1.858847656250004 -0.1 -0.04 0
1699367766.9189985 1.8563197231292765 -0.1 -0.04 0
1699367766.9810016 1.853793535232548 -0.1 -0.04 0
1699367767.0471506 1.8513145446777386 -0.1 -0.04 0
1699367767.1096597 1.848670701980595 -0.1 -0.04 0
1699367767.1715238 1.8461730098724407 -0.1 -0.04 0
1699367767.236076 1.8436963272094768 -0.1 -0.04 0
1699367767.2984445 1.8411185836792034 -0.1 -0.04 0
1699367767.3668325 1.8386170578002972 -0.1 -0.04 0
1699367767.432554 1.835883722305302 -0.1 -0.04 0
1699367767.498063 1.8332558536529582 -0.1 -0.04 0
1699367767.5630803 1.8306381797790567 -0.1 -0.04 0
1699367767.6263695 1.828034553527836 -0.1 -0.04 0
1699367767.6902697 1.8254962158203165 -0.1 -0.04 0
1699367767.7526336 1.822946958541874 -0.1 -0.04 0
1699367767.815663 1.8204522132873575 -0.1 -0.04 0
1699367767.8765578 1.8179314231872599 -0.1 -0.04 0
1699367767.9380229 1.8154697513580362 -0.1 -0.04 0
1699367768.002638 1.813037290573124 -0.1 -0.04 0
1699367768.0664396 1.810450506210331 -0.1 -0.04 0
1699367768.1290596 1.8079007720947304 -0.1 -0.04 0
1699367768.191526 1.8053946399688758 -0.1 -0.04 0
1699367768.2526736 1.8028972434997597 -0.1 -0.04 0
1699367768.313142 1.8004533195495644 -0.1 -0.04 0
1699367768.3764808 1.7980245208740273 -0.1 -0.04 0
1699367768.4440548 1.795472888946537 -0.1 -0.04 0
1699367768.5072923 1.7927974224090615 -0.1 -0.04 0
1699367768.5713224 1.7902683639526407 -0.1 -0.04 0
1699367768.6346247 1.7877076530456582 -0.1 -0.04 0
1699367768.696638 1.7851731204986612 -0.1 -0.04 0
1699367768.7620087 1.7826770782470742 -0.1 -0.04 0
1699367768.8241081 1.7800804996490518 -0.1 -0.04 0
1699367768.8897746 1.7775926780700724 -0.1 -0.04 0
1699367768.9565666 1.7749696636199992 -0.1 -0.04 0
1699367769.02108 1.7722974109649698 -0.1 -0.04 0
1699367769.0839527 1.7697092914581338 -0.1 -0.04 0
1699367769.1483827 1.7671924018859904 -0.1 -0.04 0
1699367769.2125123 1.764605255126957 -0.1 -0.04 0
1699367769.2753925 1.7620582962036173 -0.1 -0.04 0
1699367769.3461378 1.75954612731934 -0.1 -0.04 0
1699367769.4094398 1.7567010021209757 -0.1 -0.04 0
1699367769.4716556 1.7541772079467814 -0.1 -0.04 0
1699367769.5418117 1.7516173934936565 -0.1 -0.04 0
1699367769.606979 1.748889093399052 -0.1 -0.04 0
1699367769.671622 1.7462791061401408 -0.1 -0.04 0
1699367769.7368631 1.7436931610107462 -0.1 -0.04 0
1699367769.8011353 1.7410807514190714 -0.1 -0.04 0
1699367769.8655317 1.7385154151916544 -0.1 -0.04 0
1699367769.9297106 1.7359236907959024 -0.1 -0.04 0
1699367769.990827 1.7333645248413125 -0.1 -0.04 0
1699367770.0536788 1.7309222221374552 -0.1 -0.04 0
1699367770.1177263 1.7284088230133097 -0.1 -0.04 0
1699367770.180982 1.7258438396453897 -0.1 -0.04 0
1699367770.2460382 1.7233108139038125 -0.1 -0.04 0
1699367770.3111236 1.720716276168827 -0.1 -0.04 0
1699367770.3765366 1.7181146717071571 -0.1 -0.04 0
1699367770.4383636 1.7154983139038125 -0.1 -0.04 0
1699367770.5011969 1.7129948234558143 -0.1 -0.04 0
