1699367004.3175704 0 0
1699367004.4436328 0 0
1699367004.5075138 0 0
1699367004.5717053 0 0
1699367004.6309223 0 0
1699367004.7005188 0 0
1699367004.7655282 0 0
1699367004.8281658 0 0
1699367004.8941567 0 0
1699367004.958979 0 0
1699367005.0259054 0 0
1699367005.0922782 0 0
1699367005.157642 0 0
1699367005.2218277 0 0
1699367005.2841842 0 0
1699367005.348368 0 0
1699367005.4138525 0 0
1699367005.4773617 0 0
1699367005.5386891 0 0
1699367005.666454 0 0
1699367005.728419 0 0
1699367005.7908955 0 0
1699367005.8554783 0 0
1699367005.9166026 0 0
1699367005.9787953 0 0
1699367006.0407984 0 0
1699367006.102069 0 0
1699367006.1628911 0 0
1699367006.225612 0 0
1699367006.2887146 0 0
1699367006.3528225 0 0
1699367006.4148865 0 0
1699367006.4774213 0 0
1699367006.5378914 0 0
1699367006.5990765 0 0
1699367006.661978 0 0
1699367006.7233028 0 0
1699367006.784194 0 0
1699367006.8474858 0 0
1699367006.9106944 0 0
1699367006.9725304 0 0
1699367007.0359595 0 0
1699367007.1090064 0 0
1699367007.2011106 0 0
1699367007.2512121 0 0
1699367007.3270319 0 0
1699367007.3511655 0 0
1699367007.4012163 0 0
1699367007.4717321 0 0
1699367007.5011928 0 0
1699367007.574359 0 0
1699367007.6058216 0 0
1699367007.6513267 0.05760028100463514 -0.002552636560974389
1699367007.803906 0.05760028100463514 -0.002552636560974389
1699367007.8540387 0.054468523067618166 -0.004199597190107538
1699367007.9567907 0.054468523067618166 -0.004199597190107538
1699367007.9704058 0.054468523067618166 -0.004199597190107538
1699367008.0051203 0.054468523067618166 -0.004199597190107538
1699367008.0540004 0.05405002209900642 -0.004705813488921821
1699367008.152489 0.05405002209900642 -0.004705813488921821
1699367008.1659005 0.05405002209900642 -0.004705813488921821
1699367008.203988 0.05415933076088594 -0.0042151330300719235
1699367008.305283 0.05415933076088594 -0.0042151330300719235
1699367008.3225532 0.05415933076088594 -0.0042151330300719235
1699367008.3559096 0.05415933076088594 -0.0042151330300719235
1699367008.4040105 0.04527327895780904 -0.005527964685448194
1699367008.5084264 0.04527327895780904 -0.005527964685448194
1699367008.5218937 0.04527327895780904 -0.005527964685448194
1699367008.5558813 0.04527327895780904 -0.005527964685448194
1699367008.604126 0.04127613549136559 -0.005456600933735328
1699367008.7036994 0.04127613549136559 -0.005456600933735328
1699367008.717394 0.04127613549136559 -0.005456600933735328
1699367008.7539997 0.03967356689062627 -0.005514057600341192
1699367008.8548126 0.03967356689062627 -0.005514057600341192
1699367008.871443 0.03967356689062627 -0.005514057600341192
1699367008.904149 0.039573067908683084 -0.004436805705173198
1699367009.0075467 0.039573067908683084 -0.004436805705173198
1699367009.022011 0.039573067908683084 -0.004436805705173198
1699367009.059435 0.039573067908683084 -0.004436805705173198
1699367009.1041133 0.04048681162106527 -0.0036150524202863037
1699367009.2145374 0.04048681162106527 -0.0036150524202863037
1699367009.2314646 0.04048681162106527 -0.0036150524202863037
1699367009.2590845 0.04048681162106527 -0.0036150524202863037
1699367009.3040838 0.037711998872558015 -0.004315989827551019
1699367009.423941 0.037711998872558015 -0.004315989827551019
1699367009.4410367 0.037711998872558015 -0.004315989827551019
1699367009.457113 0.037711998872558015 -0.004315989827551019
1699367009.5039728 0.036795812973942035 -0.004184702657362057
1699367009.6077092 0.036795812973942035 -0.004184702657362057
1699367009.6212156 0.036795812973942035 -0.004184702657362057
1699367009.654152 0.03633065275842514 -0.003904218871491589
1699367009.794447 0.03633065275842514 -0.003904218871491589
1699367009.8121598 0.03633065275842514 -0.003904218871491589
1699367009.830104 0.03633065275842514 -0.003904218871491589
1699367009.8545508 0.03633065275842514 -0.003904218871491589
1699367009.9040935 0.03675212557577251 -0.003144465004809395
1699367010.0433228 0.03675212557577251 -0.003144465004809395
1699367010.0605943 0.03675212557577251 -0.003144465004809395
1699367010.0707052 0.03675212557577251 -0.003144465004809395
1699367010.1040943 0.03754026578936693 -0.0024016842331035116
1699367010.207959 0.03754026578936693 -0.0024016842331035116
1699367010.225563 0.03754026578936693 -0.0024016842331035116
1699367010.2564995 0.03763519332420991 -0.0014448044634600787
1699367010.3580987 0.03763519332420991 -0.0014448044634600787
1699367010.3720255 0.03763519332420991 -0.0014448044634600787
1699367010.4072902 0.03763519332420991 -0.0014448044634600787
1699367010.454032 0.03744664703910369 -6.770037896127942e-05
1699367010.5569577 0.03744664703910369 -6.770037896127942e-05
1699367010.5705462 0.03744664703910369 -6.770037896127942e-05
1699367010.603999 0.037446492592179643 0.001267265966638847
1699367010.7099605 0.037446492592179643 0.001267265966638847
1699367010.7268488 0.037446492592179643 0.001267265966638847
1699367010.7577615 0.037446492592179643 0.001267265966638847
1699367010.804111 0.038022285709307664 0.002654213785412329
1699367010.9402978 0.038022285709307664 0.002654213785412329
1699367010.9539695 0.038022285709307664 0.002654213785412329
1699367010.971102 0.038022285709307664 0.002654213785412329
1699367011.004437 0.038022285709307664 0.002654213785412329
1699367011.0541134 0.038799775521057595 0.004059693938003301
1699367011.1656098 0.038799775521057595 0.004059693938003301
1699367011.1797807 0.038799775521057595 0.004059693938003301
1699367011.204022 0.038799775521057595 0.004059693938003301
1699367011.2541676 0.022347883444957528 0.009233484365136449
1699367011.3888748 0.022347883444957528 0.009233484365136449
1699367011.4141607 0.022347883444957528 0.009233484365136449
1699367011.4250321 0.022347883444957528 0.009233484365136449
1699367011.4539957 0.022347883444957528 0.009233484365136449
1699367011.504084 0.025254295009449063 0.009965202867954765
1699367011.6340568 0.025254295009449063 0.009965202867954765
1699367011.648369 0.025254295009449063 0.009965202867954765
1699367011.6659899 0.025254295009449063 0.009965202867954765
1699367011.7041261 0.0280878474355828 0.01113800961733747
1699367011.8357983 0.0280878474355828 0.01113800961733747
1699367011.8616872 0.0280878474355828 0.01113800961733747
1699367011.8863049 0.0280878474355828 0.01113800961733747
1699367011.9117377 0.0280878474355828 0.01113800961733747
1699367011.9540265 0.01494274138554739 0.015446596522248352
1699367012.0563028 0.01494274138554739 0.015446596522248352
1699367012.0795476 0.01494274138554739 0.015446596522248352
1699367012.1059427 0.01494274138554739 0.015446596522248352
1699367012.1540122 0.025092725112679588 0.01612525941227887
1699367012.261792 0.025092725112679588 0.01612525941227887
1699367012.2755125 0.025092725112679588 0.01612525941227887
1699367012.3039796 0.025092725112679588 0.01612525941227887
1699367012.354019 0.025092725112679588 0.01612525941227887
1699367012.4040906 0.025092725112679588 0.01612525941227887
1699367012.454011 0.025092725112679588 0.01612525941227887
1699367012.5040042 0.025092725112679588 0.01612525941227887
1699367012.5540094 0.025092725112679588 0.01612525941227887
1699367012.6040304 0.025092725112679588 0.01612525941227887
1699367012.6541255 0.025092725112679588 0.01612525941227887
1699367012.7118168 0.025092725112679588 0.01612525941227887
1699367012.7541254 0.025092725112679588 0.01612525941227887
1699367012.8064528 0.025092725112679588 0.01612525941227887
1699367012.8541665 0.025092725112679588 0.01612525941227887
1699367012.9114184 0.025092725112679588 0.01612525941227887
1699367012.954124 0.025092725112679588 0.01612525941227887
1699367013.0041428 0.025092725112679588 0.01612525941227887
1699367013.057967 0.025092725112679588 0.01612525941227887
1699367013.1041 0.025092725112679588 0.01612525941227887
1699367013.1541548 0.025092725112679588 0.01612525941227887
1699367013.2105615 0.025092725112679588 0.01612525941227887
1699367013.2541406 0 0
1699367013.3945627 0 0
1699367013.4670775 0 0
1699367013.5355062 0 0
1699367013.607991 0 0
1699367013.678519 0 0
1699367013.7471488 0 0
1699367013.8155117 0 0
1699367013.8887072 0 0
1699367013.9587438 0 0
1699367014.0209775 0 0
1699367014.083992 0 0
1699367014.1479225 0 0
1699367014.209488 0 0
1699367014.2738206 0 0
1699367014.3361132 0 0
1699367014.3985593 0 0
1699367014.4631171 0 0
1699367014.5256102 0 0
1699367014.592784 0 0
1699367014.6557388 0 0
1699367014.7186744 0 0
1699367014.77935 0 0
1699367014.8432655 0 0
1699367014.903958 0 0
1699367014.9676623 0 0
1699367015.0314467 0 0
1699367015.093824 0 0
1699367015.157653 0 0
1699367015.220651 0 0
1699367015.2818947 0 0
1699367015.3471646 0 0
1699367015.412324 0 0
1699367015.4765441 0 0
1699367015.542501 0 0
1699367015.6065085 0 0
1699367015.670306 0 0
1699367015.7342255 0 0
1699367015.7985053 0 0
1699367015.8617485 0 0
1699367015.9266582 0 0
1699367015.9896824 0 0
1699367016.0544841 0 0
1699367016.116906 0 0
1699367016.1821525 0 0
1699367016.246829 0 0
1699367016.309233 0 0
1699367016.374171 0 0
1699367016.4368067 0 0
1699367016.5001335 0 0
1699367016.566557 0 0
1699367016.629561 0 0
1699367016.6920018 0 0
1699367016.7570028 0 0
1699367016.819412 0 0
1699367016.8820262 0 0
1699367016.9511306 0 0
1699367017.0157845 0 0
1699367017.0803528 0 0
1699367017.1449716 0 0
1699367017.2087107 0 0
1699367017.2697816 0 0
1699367017.33252 0 0
1699367017.39303 0 0
1699367017.45816 0 0
1699367017.523536 0 0
1699367017.5900779 0 0
1699367017.653366 0 0
1699367017.7158465 0 0
1699367017.7793438 0 0
1699367017.845991 0 0
1699367017.910076 0 0
1699367017.974075 0 0
1699367018.0413084 0 0
1699367018.1046023 0 0
1699367018.1683702 0 0
1699367018.2300947 0 0
1699367018.2940478 0 0
1699367018.3577552 0 0
1699367018.4212608 0 0
1699367018.4820843 0 0
1699367018.5451887 0 0
1699367018.610227 0 0
1699367018.6710088 0 0
1699367018.7318554 0 0
1699367018.7927759 0 0
1699367018.8555884 0 0
1699367018.9191895 0 0
1699367018.9831173 0 0
1699367019.0452366 0 0
1699367019.1077359 0 0
1699367019.178758 0 0
1699367019.2433913 0 0
1699367019.379095 0 0
1699367019.4435215 0 0
1699367019.5069306 0 0
1699367019.5681725 0 0
1699367019.63384 0 0
1699367019.6978648 0 0
1699367019.7611156 0 0
1699367019.826168 0 0
1699367019.889675 0 0
1699367019.9553444 0 0
1699367020.0211 0 0
1699367020.081875 0 0
1699367020.1497884 0 0
1699367020.2133732 0 0
1699367020.2764487 0 0
1699367020.3396354 0 0
1699367020.4034235 0 0
1699367020.4651885 0 0
1699367020.5275273 0 0
1699367020.5915103 0 0
1699367020.655266 0 0
1699367020.7155855 0 0
1699367020.77824 0 0
1699367020.8403456 0 0
1699367020.9012282 0 0
1699367020.9617567 0 0
1699367021.0268383 0 0
1699367021.0893567 0 0
1699367021.1541545 0 0
1699367021.217073 0 0
1699367021.284131 0 0
1699367021.3476562 0 0
1699367021.413421 0 0
1699367021.481384 0 0
1699367021.5444405 0 0
1699367021.6098385 0 0
1699367021.6733646 0 0
1699367021.7393565 0 0
1699367021.8034055 0 0
1699367021.8663554 0 0
1699367021.928874 0 0
1699367021.9921188 0 0
1699367022.0557694 0 0
1699367022.1182704 0 0
1699367022.179976 0 0
1699367022.2444298 0 0
1699367022.3092492 0 0
1699367022.3760705 0 0
1699367022.442225 0 0
1699367022.5065722 0 0
1699367022.571665 0 0
1699367022.6367521 0 0
1699367022.7029953 0 0
1699367022.7662137 0 0
1699367022.8318791 0 0
1699367022.8957055 0 0
1699367022.9577448 0 0
1699367023.022002 0 0
1699367023.0868933 0 0
1699367023.1495554 0 0
1699367023.2153113 0 0
1699367023.280068 0 0
1699367023.34325 0 0
1699367023.4082882 0 0
1699367023.473392 0 0
1699367023.5401216 0 0
1699367023.6058092 0 0
1699367023.6700628 0 0
1699367023.7332573 0 0
1699367023.80153 0 0
1699367023.86442 0 0
1699367023.9269629 0 0
1699367023.9921634 0 0
1699367024.0540254 0 0
1699367024.1158705 0 0
1699367024.180703 0 0
1699367024.241605 0 0
1699367024.3036277 0 0
1699367024.367381 0 0
1699367024.4300838 0 0
1699367024.492608 0 0
1699367024.5559845 0 0
1699367024.6218014 0 0
1699367024.6868234 0 0
1699367024.7511163 0 0
1699367024.8137078 0 0
1699367024.8767257 0 0
1699367024.9381907 0 0
1699367024.999355 0 0
1699367025.0599585 0 0
1699367025.1247966 0 0
1699367025.1866143 0 0
1699367025.2479358 0 0
1699367025.3107061 0 0
1699367025.3730233 0 0
1699367025.4362354 0 0
1699367025.4991508 0 0
1699367025.5618355 0 0
1699367025.6241663 0 0
1699367025.686272 0 0
1699367025.749231 0 0
1699367025.814493 0 0
1699367025.877364 0 0
1699367025.9415069 0 0
1699367026.0099568 0 0
1699367026.0733705 0 0
1699367026.1366234 0 0
1699367026.198171 0 0
1699367026.2612474 0 0
1699367026.3253756 0 0
1699367026.3892202 0 0
1699367026.4534936 0 0
1699367026.517193 0 0
1699367026.580474 0 0
1699367026.6412494 0 0
1699367026.705894 0 0
1699367026.7697506 0 0
1699367026.8338923 0 0
1699367026.899809 0 0
1699367026.9650633 0 0
1699367027.0329664 0 0
1699367027.09859 0 0
1699367027.1626651 0 0
1699367027.2262518 0 0
1699367027.2912614 0 0
1699367027.355837 0 0
1699367027.4219658 0 0
1699367027.4859016 0 0
1699367027.551036 0 0
1699367027.6145084 0 0
1699367027.680041 0 0
1699367027.7447019 0 0
1699367027.8101454 0 0
1699367027.8734825 0 0
1699367027.940233 0 0
1699367028.0051427 0 0
1699367028.0674453 0 0
1699367028.1321108 0 0
1699367028.1999252 0 0
1699367028.2634416 0 0
1699367028.333836 0 0
1699367028.397621 0 0
1699367028.461349 0 0
1699367028.5273097 0 0
1699367028.5913703 0 0
1699367028.6526659 0 0
1699367028.719068 0 0
1699367028.7825933 0 0
1699367028.843977 0 0
1699367028.9085658 0 0
1699367028.972201 0 0
1699367029.0356648 0 0
1699367029.1000068 0 0
1699367029.162968 0 0
1699367029.226189 0 0
1699367029.2914352 0 0
1699367029.355805 0 0
1699367029.418741 0 0
1699367029.484135 0 0
1699367029.5447655 0 0
1699367029.6062152 0 0
1699367029.669392 0 0
1699367029.7329323 0 0
1699367029.7950215 0 0
1699367029.8568301 0 0
1699367029.9196517 0 0
1699367029.981098 0 0
1699367030.0432954 0 0
1699367030.1058512 0 0
1699367030.170206 0 0
1699367030.234185 0 0
1699367030.2953072 0 0
1699367030.3587675 0 0
1699367030.424694 0 0
1699367030.4880633 0 0
1699367030.5553296 0 0
1699367030.6181676 0 0
1699367030.6775634 0 0
1699367030.740027 0 0
1699367030.8001292 0 0
1699367030.8601632 0 0
1699367030.9242387 0 0
1699367030.9857724 0 0
1699367031.0479493 0 0
1699367031.1104875 0 0
1699367031.1739044 0 0
1699367031.2349398 0 0
1699367031.2985275 0 0
1699367031.3610163 0 0
1699367031.4220116 0 0
1699367031.4843674 0 0
1699367031.5452325 0 0
1699367031.6090307 0 0
1699367031.6709087 0 0
1699367031.7332828 0 0
1699367031.7946503 0 0
1699367031.8579783 0 0
1699367031.9208927 0 0
1699367031.9857478 0 0
1699367032.0513675 0 0
1699367032.1162121 0 0
1699367032.1813931 0 0
1699367032.2478032 0 0
1699367032.3099546 0 0
1699367032.374078 0 0
1699367032.4365249 0 0
1699367032.4993608 0 0
1699367032.562944 0 0
1699367032.6259046 0 0
1699367032.6895266 0 0
1699367032.7573714 0 0
1699367032.8251626 0 0
1699367032.8890145 0 0
1699367032.9531302 0 0
