1699367004.3175704 -7.073636381499382e-13 -3.4924260705615495e-10 0
1699367004.4436328 2.5310608180006966e-05 -6.271461927553901e-08 0
1699367004.5075138 0.00032903801184147596 -7.739513989690749e-07 0
1699367004.5717053 0.00032903801184147596 -7.739513989690749e-07 0
1699367004.6309223 0.022323155775666237 -0.00018530736269894987 0
1699367004.7005188 0.028852829709649086 -0.000264691305346787 0
1699367004.7655282 0.028852829709649086 -0.000264691305346787 0
1699367004.8281658 0.05616125836968422 -0.000578544451855123 0
1699367004.8941567 0.06319708377122879 -0.0006659886566922069 0
1699367004.958979 0.08460783213376999 -0.0009652249282225966 0
1699367005.0259054 0.09857776015996933 -0.0011748429387807846 0
1699367005.0922782 0.10515770316123962 -0.0012797836679965258 0
1699367005.157642 0.11803903430700302 -0.0014957800740376115 0
1699367005.2218277 0.13091973960399628 -0.0017465736018493772 0
1699367005.2841842 0.13742326200008392 -0.0018775317585095763 0
1699367005.348368 0.15564310550689697 -0.002251728205010295 0
1699367005.4138525 0.16751141846179962 -0.0024902706500142813 0
1699367005.4773617 0.17345817387104034 -0.0026123246643692255 0
1699367005.5386891 0.19653759896755219 -0.0030370932072401047 0
1699367005.666454 0.2081792652606964 -0.0032080060336738825 0
1699367005.728419 0.21982163190841675 -0.0033199621830135584 0
1699367005.7908955 0.23138852417469025 -0.0033633944112807512 0
1699367005.8554783 0.23710870742797852 -0.0033822571858763695 0
1699367005.9166026 0.24249987304210663 -0.003391505219042301 0
1699367005.9787953 0.264722615480423 -0.003405050840228796 0
1699367006.0407984 0.2701137959957123 -0.0034034554846584797 0
1699367006.102069 0.2756568193435669 -0.0033949038479477167 0
1699367006.1628911 0.2811491787433624 -0.0033686766400933266 0
1699367006.225612 0.30256134271621704 -0.003198205027729273 0
1699367006.2887146 0.30782583355903625 -0.0031590459402650595 0
1699367006.3528225 0.31298911571502686 -0.0031258398666977882 0
1699367006.4148865 0.3236192464828491 -0.0030371006578207016 0
1699367006.4774213 0.33386966586112976 -0.002947638276964426 0
1699367006.5378914 0.34455031156539917 -0.0028489085379987955 0
1699367006.5990765 0.35523083806037903 -0.002737712347880006 0
1699367006.661978 0.3653545379638672 -0.002629595808684826 0
1699367006.7233028 0.3706694543361664 -0.0025706689339131117 0
1699367006.784194 0.38091957569122314 -0.0024487851187586784 0
1699367006.8474858 0.3912958800792694 -0.002299583051353693 0
1699367006.9106944 0.4015701711177826 -0.0021046523470431566 0
1699367006.9725304 0.4070108234882355 -0.0019926349632441998 0
1699367007.0359595 0.42183825373649597 -0.0016243902500718832 0
1699367007.1090064 0.4369674623012543 -0.0011780537897720933 0
1699367007.2011106 0.4369674623012543 -0.0011780537897720933 1
1699367007.2512121 0.4574851393699646 -0.0005612107343040407 1
1699367007.3270319 0.4574851393699646 -0.0005612107343040407 1
1699367007.3511655 0.46264591813087463 -0.00039770902367308736 1
1699367007.4012163 0.4776975214481354 0.00010037123138317838 1
1699367007.4717321 0.4776975214481354 0.00010037123138317838 1
1699367007.5011928 0.4911543130874634 0.0005778958438895643 1
1699367007.574359 0.4911543130874634 0.0005778958438895643 1
1699367007.6058216 0.4954289197921753 0.0007355627021752298 1
1699367007.6513267 0.5122983455657959 0.001391407917253673 1
1699367007.803906 0.5122983455657959 0.001391407917253673 1
1699367007.8540387 0.5256245136260986 0.001970711862668395 1
1699367007.9567907 0.5283297896385193 0.0020969510078430176 1
1699367007.9704058 0.5283297896385193 0.0020969510078430176 0
1699367008.0051203 0.5283297896385193 0.0020969510078430176 1
1699367008.0540004 0.5413740873336792 0.002742640906944871 1
1699367008.152489 0.5441545248031616 0.0028866715729236603 1
1699367008.1659005 0.5441545248031616 0.0028866715729236603 0
1699367008.203988 0.5554020404815674 0.003480607643723488 1
1699367008.305283 0.5554020404815674 0.003480607643723488 1
1699367008.3225532 0.5554020404815674 0.003480607643723488 1
1699367008.3559096 0.5613154172897339 0.0038126548752188683 1
1699367008.4040105 0.5703110098838806 0.004332777578383684 1
1699367008.5084264 0.5733932852745056 0.004519427660852671 1
1699367008.5218937 0.5733932852745056 0.004519427660852671 1
1699367008.5558813 0.576551079750061 0.004715256858617067 1
1699367008.604126 0.5857190489768982 0.005318044684827328 1
1699367008.7036994 0.5857190489768982 0.005318044684827328 1
1699367008.717394 0.5857190489768982 0.005318044684827328 1
1699367008.7539997 0.604042649269104 0.006696847267448902 1
1699367008.8548126 0.604042649269104 0.006696847267448902 1
1699367008.871443 0.604042649269104 0.006696847267448902 1
1699367008.904149 0.6129703521728516 0.0074565960094332695 1
1699367009.0075467 0.6191477179527283 0.00799876730889082 1
1699367009.022011 0.6191477179527283 0.00799876730889082 1
1699367009.059435 0.6222986578941345 0.008284296840429306 1
1699367009.1041133 0.6345458626747131 0.009432854130864143 1
1699367009.2145374 0.6345458626747131 0.009432854130864143 1
1699367009.2314646 0.6345458626747131 0.009432854130864143 1
1699367009.2590845 0.6405912637710571 0.01002763956785202 1
1699367009.3040838 0.6529033780097961 0.01129281334578991 1
1699367009.423941 0.6529033780097961 0.01129281334578991 1
1699367009.4410367 0.6529033780097961 0.01129281334578991 1
1699367009.457113 0.6529033780097961 0.01129281334578991 1
1699367009.5039728 0.668073832988739 0.012964257970452309 1
1699367009.6077092 0.668073832988739 0.012964257970452309 1
1699367009.6212156 0.6741330027580261 0.013667721301317215 1
1699367009.654152 0.6829513311386108 0.014746195636689663 1
1699367009.794447 0.6889021396636963 0.01550200954079628 1
1699367009.8121598 0.6889021396636963 0.01550200954079628 1
1699367009.830104 0.6889021396636963 0.01550200954079628 1
1699367009.8545508 0.6919137835502625 0.015895837917923927 1
1699367009.9040935 0.7092325091362 0.018334150314331055 1
1699367010.0433228 0.7092325091362 0.018334150314331055 1
1699367010.0605943 0.7092325091362 0.018334150314331055 1
1699367010.0707052 0.7092325091362 0.018334150314331055 1
1699367010.1040943 0.7236834168434143 0.020612414926290512 1
1699367010.207959 0.7236834168434143 0.020612414926290512 1
1699367010.225563 0.7236834168434143 0.020612414926290512 1
1699367010.2564995 0.7323182821273804 0.022072626277804375 1
1699367010.3580987 0.7352858781814575 0.02258758433163166 1
1699367010.3720255 0.7382280826568604 0.02310088649392128 1
1699367010.4072902 0.7412687540054321 0.023639021441340446 1
1699367010.454032 0.7496597766876221 0.025170395150780678 1
1699367010.5569577 0.7496597766876221 0.025170395150780678 1
1699367010.5705462 0.7496597766876221 0.025170395150780678 1
1699367010.603999 0.7635224461555481 0.027870630845427513 1
1699367010.7099605 0.7635224461555481 0.027870630845427513 1
1699367010.7268488 0.7635224461555481 0.027870630845427513 1
1699367010.7577615 0.7660757303237915 0.028397096320986748 1
1699367010.804111 0.7792648077011108 0.03123295120894909 1
1699367010.9402978 0.7845474481582642 0.032429441809654236 1
1699367010.9539695 0.7845474481582642 0.032429441809654236 1
1699367010.971102 0.7845474481582642 0.032429441809654236 1
1699367011.004437 0.7845474481582642 0.032429441809654236 1
1699367011.0541134 0.7947673797607422 0.03485536575317383 1
1699367011.1656098 0.7973722815513611 0.03549766540527344 1
1699367011.1797807 0.7973722815513611 0.03549766540527344 1
1699367011.204022 0.7973722815513611 0.03549766540527344 1
1699367011.2541676 0.8153011798858643 0.04016706347465515 0
1699367011.3888748 0.8153011798858643 0.04016706347465515 0
1699367011.4141607 0.8180578351020813 0.040929362177848816 0
1699367011.4250321 0.8180578351020813 0.040929362177848816 0
1699367011.4539957 0.8233673572540283 0.04243076220154762 0
1699367011.504084 0.8325265645980835 0.04510664567351341 1
1699367011.6340568 0.8393858671188354 0.047169964760541916 1
1699367011.648369 0.8393858671188354 0.047169964760541916 1
1699367011.6659899 0.8393858671188354 0.047169964760541916 1
1699367011.7041261 0.8574690222740173 0.05277641862630844 1
1699367011.8357983 0.8607267141342163 0.053807392716407776 1
1699367011.8616872 0.8638154864311218 0.0547848679125309 1
1699367011.8863049 0.8638154864311218 0.0547848679125309 1
1699367011.9117377 0.8670960664749146 0.05582747235894203 1
1699367011.9540265 0.8791308999061584 0.0597413145005703 0
1699367012.0563028 0.8791308999061584 0.0597413145005703 0
1699367012.0795476 0.8791308999061584 0.0597413145005703 0
1699367012.1059427 0.8817481398582458 0.06061383709311485 0
1699367012.1540122 0.8929991722106934 0.06439907103776932 1
1699367012.261792 0.8960173726081848 0.06542924046516418 1
1699367012.2755125 0.8960173726081848 0.06542924046516418 1
1699367012.3039796 0.8960173726081848 0.06542924046516418 0
1699367012.354019 0.9058293104171753 0.06880778074264526 1
1699367012.4040906 0.9094628691673279 0.0700719952583313 1
1699367012.454011 0.9132837057113647 0.07141412794589996 0
1699367012.5040042 0.9213459491729736 0.0742756724357605 0
1699367012.5540094 0.9213459491729736 0.0742756724357605 1
1699367012.6040304 0.9298335909843445 0.07737521082162857 1
1699367012.6541255 0.9471989274024963 0.0839054137468338 0
1699367012.7118168 0.9471989274024963 0.0839054137468338 1
1699367012.7541254 0.9558893442153931 0.08725704997777939 1
1699367012.8064528 0.9602331519126892 0.08893649280071259 1
1699367012.8541665 0.9690079092979431 0.09235058724880219 1
1699367012.9114184 0.9733031392097473 0.09401533752679825 1
1699367012.954124 0.9773845076560974 0.09560144692659378 0
1699367013.0041428 0.9906030893325806 0.10071716457605362 1
1699367013.057967 0.9906030893325806 0.10071716457605362 0
1699367013.1041 0.9996410012245178 0.10422278195619583 1
1699367013.1541548 1.0044230222702026 0.10610208660364151 0
1699367013.2105615 1.0133929252624512 0.10964269191026688 0
1699367013.2541406 1.0374099016189575 0.11931832134723663 0
1699367013.3945627 1.0467594861984253 0.12313602864742279 0
1699367013.4670775 1.0514875650405884 0.12508165836334229 0
1699367013.5355062 1.065933346748352 0.13108082115650177 0
1699367013.607991 1.0708372592926025 0.13313105702400208 0
1699367013.678519 1.0803799629211426 0.13714390993118286 0
1699367013.7471488 1.0947762727737427 0.1431960165500641 0
1699367013.8155117 1.104041576385498 0.14708490669727325 0
1699367013.8887072 1.1088281869888306 0.149087592959404 0
1699367013.9587438 1.1184676885604858 0.15313149988651276 0
1699367014.0209775 1.1277797222137451 0.15703977644443512 0
1699367014.083992 1.1325910091400146 0.1590491086244583 0
1699367014.1479225 1.1466799974441528 0.1649174839258194 0
1699367014.209488 1.151504397392273 0.16689521074295044 0
1699367014.2738206 1.1609424352645874 0.17069682478904724 0
1699367014.3361132 1.1753175258636475 0.17639896273612976 0
1699367014.3985593 1.1803120374679565 0.17836029827594757 0
1699367014.4631171 1.1898332834243774 0.1820896714925766 0
1699367014.5256102 1.1994608640670776 0.18582488596439362 0
1699367014.592784 1.2090007066726685 0.18950632214546204 0
1699367014.6557388 1.218403697013855 0.19312065839767456 0
1699367014.7186744 1.2276251316070557 0.1966428905725479 0
1699367014.77935 1.237015724182129 0.20021869242191315 0
1699367014.8432655 1.2418392896652222 0.20206095278263092 0
1699367014.903958 1.256270170211792 0.2075500339269638 0
1699367014.9676623 1.2661651372909546 0.2112949639558792 0
1699367015.0314467 1.2708778381347656 0.2130724936723709 0
1699367015.093824 1.2753815650939941 0.21475881338119507 0
1699367015.157653 1.2947912216186523 0.221891388297081 0
1699367015.220651 1.2947912216186523 0.221891388297081 0
1699367015.2818947 1.3045490980148315 0.22534805536270142 0
1699367015.3471646 1.3140969276428223 0.22863872349262238 0
1699367015.412324 1.3239611387252808 0.23194226622581482 0
1699367015.4765441 1.3338088989257812 0.23513399064540863 0
1699367015.542501 1.3435102701187134 0.23820185661315918 0
1699367015.6065085 1.353427767753601 0.24125681817531586 0
1699367015.670306 1.363537311553955 0.2442893236875534 0
1699367015.7342255 1.3686621189117432 0.24579206109046936 0
1699367015.7985053 1.3788496255874634 0.24873888492584229 0
1699367015.8617485 1.3939465284347534 0.2530212998390198 0
1699367015.9266582 1.3990166187286377 0.2544391453266144 0
1699367015.9896824 1.4089499711990356 0.25716841220855713 0
1699367016.0544841 1.418681263923645 0.2597721815109253 0
1699367016.116906 1.4285118579864502 0.26229676604270935 0
1699367016.1821525 1.4384394884109497 0.2647467851638794 0
1699367016.246829 1.4485129117965698 0.2671322524547577 0
1699367016.309233 1.4532486200332642 0.2682225704193115 0
1699367016.374171 1.4630813598632812 0.27041253447532654 0
1699367016.4368067 1.4729303121566772 0.27252811193466187 0
1699367016.5001335 1.482816219329834 0.2745912969112396 0
1699367016.566557 1.4931832551956177 0.27670249342918396 0
1699367016.629561 1.5037333965301514 0.27880242466926575 0
1699367016.6920018 1.5137253999710083 0.2807229459285736 0
1699367016.7570028 1.5240318775177002 0.28261440992355347 0
1699367016.819412 1.5292431116104126 0.2835233807563782 0
1699367016.8820262 1.5340855121612549 0.28433725237846375 0
1699367016.9511306 1.5487918853759766 0.28662052750587463 0
1699367017.0157845 1.5587410926818848 0.28802791237831116 0
1699367017.0803528 1.568879246711731 0.2893610894680023 0
1699367017.1449716 1.5741016864776611 0.290025919675827 0
1699367017.2087107 1.5841749906539917 0.2912686765193939 0
1699367017.2697816 1.594076156616211 0.29245808720588684 0
1699367017.33252 1.6044092178344727 0.29365965723991394 0
1699367017.39303 1.6148769855499268 0.2947954535484314 0
1699367017.45816 1.6302447319030762 0.296280175447464 0
1699367017.523536 1.6355655193328857 0.29673871397972107 0
1699367017.5900779 1.646112322807312 0.2975739538669586 0
1699367017.653366 1.6511861085891724 0.297946959733963 0
1699367017.7158465 1.6562612056732178 0.2983020544052124 0
1699367017.7793438 1.676424503326416 0.2994786500930786 0
1699367017.845991 1.6816576719284058 0.29973137378692627 0
1699367017.910076 1.6868157386779785 0.2999645173549652 0
1699367017.974075 1.7021675109863281 0.3005672097206116 0
1699367018.0413084 1.71241295337677 0.3008979558944702 0
1699367018.1046023 1.7174732685089111 0.30103445053100586 0
1699367018.1683702 1.7279499769210815 0.3012327253818512 0
1699367018.2300947 1.73784601688385 0.30131417512893677 0
1699367018.2940478 1.747717022895813 0.301288902759552 0
1699367018.3577552 1.7579922676086426 0.30115944147109985 0
1699367018.4212608 1.7681392431259155 0.3009305000305176 0
1699367018.4820843 1.7783352136611938 0.3006379306316376 0
1699367018.5451887 1.7835720777511597 0.30047807097435 0
1699367018.610227 1.7941969633102417 0.30013400316238403 0
1699367018.6710088 1.804289698600769 0.2997787892818451 0
1699367018.7318554 1.814557671546936 0.2993687391281128 0
1699367018.7927759 1.8199684619903564 0.2991212010383606 0
1699367018.8555884 1.8351573944091797 0.29828983545303345 0
1699367018.9191895 1.8453854322433472 0.29760733246803284 0
1699367018.9831173 1.8505854606628418 0.2972254157066345 0
1699367019.0452366 1.866000771522522 0.2959895431995392 0
1699367019.1077359 1.876261591911316 0.29507505893707275 0
1699367019.178758 1.8814021348953247 0.29458972811698914 0
1699367019.2433913 1.9069010019302368 0.29190853238105774 0
1699367019.379095 1.9121575355529785 0.29131487011909485 0
1699367019.4435215 1.9274450540542603 0.28955134749412537 0
1699367019.5069306 1.932497501373291 0.2889553904533386 0
1699367019.5681725 1.9428974390029907 0.28767386078834534 0
1699367019.63384 1.9480940103530884 0.28700581192970276 0
1699367019.6978648 1.9635120630264282 0.2848648428916931 0
1699367019.7611156 1.9737489223480225 0.28332486748695374 0
1699367019.826168 1.9789021015167236 0.282530814409256 0
1699367019.889675 1.9841029644012451 0.28171399235725403 0
1699367019.9553444 2.004065752029419 0.27864184975624084 0
1699367020.0211 2.0091965198516846 0.2778681814670563 0
1699367020.081875 2.0140769481658936 0.2771320343017578 0
1699367020.1497884 2.024280548095703 0.275542289018631 0
1699367020.2133732 2.034776210784912 0.2738553583621979 0
1699367020.2764487 2.049956798553467 0.27133092284202576 0
1699367020.3396354 2.0550482273101807 0.2704717516899109 0
1699367020.4034235 2.0653302669525146 0.2687326669692993 0
1699367020.4651885 2.070146083831787 0.2679130733013153 0
1699367020.5275273 2.0847136974334717 0.26540908217430115 0
1699367020.5915103 2.0946357250213623 0.26366734504699707 0
1699367020.655266 2.0996923446655273 0.26275548338890076 0
1699367020.7155855 2.104746103286743 0.2618286609649658 0
1699367020.77824 2.119393825531006 0.2590559124946594 0
1699367020.8403456 2.1297950744628906 0.2569868564605713 0
1699367020.9012282 2.1297950744628906 0.2569868564605713 0
1699367020.9617567 2.1446847915649414 0.2538735568523407 0
1699367021.0268383 2.1550979614257812 0.2516126334667206 0
1699367021.0893567 2.164736270904541 0.24948130548000336 0
1699367021.1541545 2.174546718597412 0.24730753898620605 0
1699367021.217073 2.184373378753662 0.24509063363075256 0
1699367021.284131 2.1939196586608887 0.2428964525461197 0
1699367021.3476562 2.2037556171417236 0.24060699343681335 0
1699367021.413421 2.213657855987549 0.23826783895492554 0
1699367021.481384 2.218676805496216 0.2370554506778717 0
1699367021.5444405 2.228490114212036 0.2346704751253128 0
1699367021.6098385 2.2387657165527344 0.23215211927890778 0
1699367021.6733646 2.248887062072754 0.22964228689670563 0
1699367021.7393565 2.2591075897216797 0.22711145877838135 0
1699367021.8034055 2.2692387104034424 0.22464080154895782 0
1699367021.8663554 2.2744059562683105 0.2233954668045044 0
1699367021.928874 2.2892675399780273 0.21981167793273926 0
1699367021.9921188 2.299062490463257 0.21745824813842773 0
1699367022.0557694 2.3038623332977295 0.21630872786045074 0
1699367022.1182704 2.31351900100708 0.21403051912784576 0
1699367022.179976 2.3237242698669434 0.2116532325744629 0
1699367022.2444298 2.333265781402588 0.20943859219551086 0
1699367022.3092492 2.343477249145508 0.2070874571800232 0
1699367022.3760705 2.353834867477417 0.20469367504119873 0
1699367022.442225 2.3639180660247803 0.2023499310016632 0
1699367022.5065722 2.368972063064575 0.20117497444152832 0
1699367022.571665 2.3837900161743164 0.19773605465888977 0
1699367022.6367521 2.3938496112823486 0.19540247321128845 0
1699367022.7029953 2.3990018367767334 0.19420288503170013 0
1699367022.7662137 2.4089322090148926 0.19187216460704803 0
1699367022.8318791 2.419055938720703 0.18947955965995789 0
1699367022.8957055 2.4291722774505615 0.18705634772777557 0
1699367022.9577448 2.4343149662017822 0.1858166605234146 0
1699367023.022002 2.449733257293701 0.18205827474594116 0
1699367023.0868933 2.459681987762451 0.17958825826644897 0
1699367023.1495554 2.4646875858306885 0.17832128703594208 0
1699367023.2153113 2.479520559310913 0.17451831698417664 0
1699367023.280068 2.489659070968628 0.17187096178531647 0
1699367023.34325 2.4946041107177734 0.17057180404663086 0
1699367023.4082882 2.4994730949401855 0.16928276419639587 0
1699367023.473392 2.509134531021118 0.16671200096607208 0
1699367023.5401216 2.524472951889038 0.16254255175590515 0
1699367023.6058092 2.5340774059295654 0.15985873341560364 0
1699367023.6700628 2.544156312942505 0.156992569565773 0
1699367023.7332573 2.5542523860931396 0.15409399569034576 0
1699367023.80153 2.5592150688171387 0.15266847610473633 0
1699367023.86442 2.568798303604126 0.14991015195846558 0
1699367023.9269629 2.5786924362182617 0.14704175293445587 0
1699367023.9921634 2.5887064933776855 0.1441325694322586 0
1699367024.0540254 2.59893536567688 0.1411469280719757 0
1699367024.1158705 2.6037683486938477 0.13972888886928558 0
1699367024.180703 2.613948345184326 0.13675570487976074 0
1699367024.241605 2.6241841316223145 0.13379362225532532 0
1699367024.3036277 2.6288068294525146 0.13246800005435944 0
1699367024.367381 2.6338207721710205 0.13103745877742767 0
1699367024.4300838 2.6561689376831055 0.12477182596921921 0
1699367024.492608 2.6612446308135986 0.12337429821491241 0
1699367024.5559845 2.6661040782928467 0.12204904109239578 0
1699367024.6218014 2.680800199508667 0.11812224984169006 0
1699367024.6868234 2.6910009384155273 0.11551275104284286 0
1699367024.7511163 2.695937156677246 0.11428133398294449 0
1699367024.8137078 2.7055230140686035 0.11192449182271957 0
1699367024.8767257 2.7157793045043945 0.10943284630775452 0
1699367024.9381907 2.7209665775299072 0.10816284269094467 0
1699367024.999355 2.7312192916870117 0.10565664619207382 0
1699367025.0599585 2.746767044067383 0.10189539939165115 0
1699367025.1247966 2.751837968826294 0.10068250447511673 0
1699367025.1866143 2.761413812637329 0.09839195013046265 0
1699367025.2479358 2.771217107772827 0.09607362747192383 0
1699367025.3107061 2.780729293823242 0.09384429454803467 0
1699367025.3730233 2.785783052444458 0.09266860783100128 0
1699367025.4362354 2.795975923538208 0.09034939855337143 0
1699367025.4991508 2.806673049926758 0.08796513080596924 0
1699367025.5618355 2.8168580532073975 0.08572663366794586 0
1699367025.6241663 2.8270225524902344 0.08351267874240875 0
1699367025.686272 2.837183713912964 0.08128425478935242 0
1699367025.749231 2.8473665714263916 0.07903556525707245 0
1699367025.814493 2.857448101043701 0.07679808139801025 0
1699367025.877364 2.862414598464966 0.07569542527198792 0
1699367025.9415069 2.8777873516082764 0.07230009883642197 0
1699367026.0099568 2.8879764080047607 0.07008051127195358 0
1699367026.0733705 2.892974853515625 0.06900522112846375 0
1699367026.1366234 2.89762806892395 0.06801071017980576 0
1699367026.198171 2.912637948989868 0.06485381722450256 0
1699367026.2612474 2.923130989074707 0.06272681057453156 0
1699367026.3253756 2.9282455444335938 0.06171341612935066 0
1699367026.3892202 2.9386603832244873 0.05971229821443558 0
1699367026.4534936 2.94891619682312 0.05782443284988403 0
1699367026.517193 2.9588875770568848 0.05607268214225769 0
1699367026.580474 2.9689409732818604 0.054348669946193695 0
1699367026.6412494 2.9793007373809814 0.05261407792568207 0
1699367026.705894 2.9843974113464355 0.051786892116069794 0
1699367026.7697506 2.999769687652588 0.04933861643075943 0
1699367026.8338923 3.0048208236694336 0.0485476590692997 0
1699367026.899809 3.01482892036438 0.047018274664878845 0
1699367026.9650633 3.0300729274749756 0.044733677059412 0
1699367027.0329664 3.040292501449585 0.04324823245406151 0
1699367027.09859 3.045478343963623 0.04250137507915497 0
1699367027.1626651 3.050740957260132 0.041755326092243195 0
1699367027.2262518 3.055952310562134 0.041009124368429184 0
1699367027.2912614 3.076279401779175 0.03815098851919174 0
1699367027.355837 3.081467866897583 0.03742311894893646 0
1699367027.4219658 3.0915942192077637 0.0360029861330986 0
1699367027.4859016 3.101545572280884 0.03460918366909027 0
1699367027.551036 3.111698627471924 0.03319745138287544 0
1699367027.6145084 3.121983289718628 0.0318136140704155 0
1699367027.680041 3.1320993900299072 0.030507966876029968 0
1699367027.7447019 3.137047529220581 0.029893117025494576 0
1699367027.8101454 3.152982473373413 0.027999771758913994 0
1699367027.8734825 3.163398027420044 0.02685215324163437 0
1699367027.940233 3.174046754837036 0.025744052603840828 0
1699367028.0051427 3.1844520568847656 0.024744544178247452 0
1699367028.0674453 3.1894936561584473 0.02428867295384407 0
1699367028.1321108 3.204646110534668 0.022948522120714188 0
1699367028.1999252 3.2096900939941406 0.02251969650387764 0
1699367028.2634416 3.214759349822998 0.022090444341301918 0
1699367028.333836 3.2352709770202637 0.020445307716727257 0
1699367028.397621 3.2405214309692383 0.020058980211615562 0
1699367028.461349 3.2457220554351807 0.019685661420226097 0
1699367028.5273097 3.255924701690674 0.0190045777708292 0
1699367028.5913703 3.2661290168762207 0.018346674740314484 0
1699367028.6526659 3.280811071395874 0.017521366477012634 0
1699367028.719068 3.2908730506896973 0.017039695754647255 0
1699367028.7825933 3.2961065769195557 0.016792057082057 0
1699367028.843977 3.3066747188568115 0.016294827684760094 0
1699367028.9085658 3.3168632984161377 0.01580713503062725 0
1699367028.972201 3.326900005340576 0.015321502462029457 0
1699367029.0356648 3.3371384143829346 0.014819455333054066 0
1699367029.1000068 3.342346429824829 0.014568055048584938 0
1699367029.162968 3.347529411315918 0.014322417788207531 0
1699367029.226189 3.362927198410034 0.013612856157124043 0
1699367029.2914352 3.3734219074249268 0.013176985085010529 0
1699367029.355805 3.3785054683685303 0.012976382859051228 0
1699367029.418741 3.3890278339385986 0.012595935724675655 0
1699367029.484135 3.404536724090576 0.012156395241618156 0
1699367029.5447655 3.409952163696289 0.012051180005073547 0
1699367029.6062152 3.420125961303711 0.011906768195331097 0
1699367029.669392 3.4307057857513428 0.01184188760817051 0
1699367029.7329323 3.4410579204559326 0.011864718981087208 0
1699367029.7950215 3.4462716579437256 0.011904869228601456 0
1699367029.8568301 3.4614059925079346 0.012107361108064651 0
1699367029.9196517 3.471705675125122 0.01230346504598856 0
1699367029.981098 3.4766902923583984 0.012430188246071339 0
1699367030.0432954 3.481851816177368 0.012570913881063461 0
1699367030.1058512 3.492274761199951 0.01290059182792902 0
1699367030.170206 3.5076563358306885 0.013376918621361256 0
1699367030.234185 3.5128173828125 0.013533953577280045 0
1699367030.2953072 3.5281991958618164 0.01399525348097086 0
1699367030.3587675 3.538344621658325 0.014277924783527851 0
1699367030.424694 3.5436577796936035 0.014428148046135902 0
1699367030.4880633 3.548970937728882 0.014575268141925335 0
1699367030.5553296 3.5593185424804688 0.014880968257784843 0
1699367030.6181676 3.5748276710510254 0.015318245626986027 0
1699367030.6775634 3.5800650119781494 0.015462785959243774 0
1699367030.740027 3.5898571014404297 0.015711847692728043 0
1699367030.8001292 3.600130319595337 0.01596159301698208 0
1699367030.8601632 3.6102511882781982 0.01622079499065876 0
1699367030.9242387 3.615083932876587 0.01634765975177288 0
1699367030.9857724 3.6255838871002197 0.01663491316139698 0
1699367031.0479493 3.635627508163452 0.016939779743552208 0
1699367031.1104875 3.645822048187256 0.017274314537644386 0
1699367031.1739044 3.6562442779541016 0.0176242608577013 0
1699367031.2349398 3.6667160987854004 0.017996864393353462 0
1699367031.2985275 3.6773641109466553 0.01840393990278244 0
1699367031.3610163 3.682396650314331 0.018613241612911224 0
1699367031.4220116 3.6875805854797363 0.018833687528967857 0
1699367031.4843674 3.6979730129241943 0.01929292269051075 0
1699367031.5452325 3.713169574737549 0.01997029408812523 0
1699367031.6090307 3.718251943588257 0.020198354497551918 0
1699367031.6709087 3.733776807785034 0.020897377282381058 0
1699367031.7332828 3.7441189289093018 0.021350543946027756 0
1699367031.7946503 3.7547645568847656 0.02181571163237095 0
1699367031.8579783 3.7599987983703613 0.02204868011176586 0
1699367031.9208927 3.764828681945801 0.022254491224884987 0
1699367031.9857478 3.7803585529327393 0.02283475734293461 0
1699367032.0513675 3.7907042503356934 0.023196479305624962 0
1699367032.1162121 3.7958900928497314 0.023366546258330345 0
1699367032.1813931 3.8060595989227295 0.02370077557861805 0
1699367032.2478032 3.8160016536712646 0.024013925343751907 0
1699367032.3099546 3.8261208534240723 0.024334480985999107 0
1699367032.374078 3.836315393447876 0.02467278577387333 0
1699367032.4365249 3.846686601638794 0.025032207369804382 0
1699367032.4993608 3.8519225120544434 0.025222936645150185 0
1699367032.562944 3.8570826053619385 0.025407370179891586 0
1699367032.6259046 3.8730416297912598 0.02602621726691723 0
1699367032.6895266 3.8834612369537354 0.026443112641572952 0
1699367032.7573714 3.8940834999084473 0.026859156787395477 0
1699367032.8251626 3.9044291973114014 0.027221189811825752 0
1699367032.8890145 3.9147257804870605 0.027540653944015503 0
1699367032.9531302 3.930285930633545 0.027973424643278122 0
