1711538915.4601579 0.13062799349427223 1.0306580662727356 -0.011662880704807206 0 0 2.664742297103015 0.0 0.000524561054823458 0.10703192015122923 0.15 0.002715693467715732 1.5490055084228516 -0.5430909395217896 0.0 0.0
1711538915.6320608 0.13062799349427223 1.0306580662727356 -0.011662880704807206 0 0 0.3 1.194911724392882 0.004942724152809552 1.2067653151715991 0.15 0.21015897983164006 1.5490055084228516 -0.5430909395217896 0.0 0.0
1711538915.6821883 0.13062799349427223 1.0306580662727356 -0.011662880704807206 0 0 0.3 0.049235513188298184 0.0003408445458110143 0.06127397925103495 0.15 0.2132304770010276 1.5490055084228516 -0.5430909395217896 0.0 0.0
1711538915.7321973 0.13062799349427223 1.0306580662727356 -0.011662880704807206 0 0 0.3 0.049235513188298184 0.0003408445458110143 0.06127397925103495 0.15 0.21629464052517053 1.5490055084228516 -0.5430909395217896 0.0 0.0
1711538915.7823496 0.13062799349427223 1.0306580662727356 -0.011662880704807206 0 0 0.3 0.049235513188298184 0.0003408445458110143 0.06127397925103495 0.15 0.21936761318892004 1.5490055084228516 -0.5430909395217896 0.0 0.0
1711538915.8322184 0.13062799349427223 1.0306580662727356 -0.011662880704807206 0 0 0.3 0.049235513188298184 0.0003408445458110143 0.06127397925103495 0.15 0.2224231574885723 1.5490055084228516 -0.5430909395217896 0.0 0.0
1711538915.8823335 0.13062799349427223 1.0306580662727356 -0.011662880704807206 0 0 0.3 0.049235513188298184 0.0003408445458110143 0.06127397925103495 0.15 0.22549380734436586 1.5490055084228516 -0.5430909395217896 0.0 0.0
1711538915.9322174 0.13062799349427223 1.0306580662727356 -0.011662880704807206 0 0 0.3 0.049235513188298184 0.0003408445458110143 0.06127397925103495 0.15 0.22855015513104693 1.5490055084228516 -0.5430909395217896 0.0 0.0
1711538915.9822242 0.13062799349427223 1.0306580662727356 -0.011662880704807206 0 0 0.3 0.049235513188298184 0.0003408445458110143 0.06127397925103495 0.15 0.23161426021976958 1.5490055084228516 -0.5430909395217896 0.0 0.0
1711538916.032194 0.13062799349427223 1.0306580662727356 -0.011662880704807206 0 0 0.3 0.049235513188298184 0.0003408445458110143 0.06127397925103495 0.15 0.23467604250053628 1.5490055084228516 -0.5430909395217896 0.0 0.0
1711538916.082194 0.13062799349427223 1.0306580662727356 -0.011662880704807206 0 0 0.3 0.049235513188298184 0.0003408445458110143 0.06127397925103495 0.15 0.23773968010589674 1.5490055084228516 -0.5430909395217896 0.0 0.0
1711538916.132226 0.13062799349427223 1.0306580662727356 -0.011662880704807206 0 0 0.3 0.049235513188298184 0.0003408445458110143 0.06127397925103495 0.15 0.2408052899066915 1.5490055084228516 -0.5430909395217896 0.0 0.0
1711538916.182269 0.13062799349427223 1.0306580662727356 -0.011662880704807206 0 0 0.3 0.049235513188298184 0.0003408445458110143 0.06127397925103495 0.15 0.24387152788825422 1.5490055084228516 -0.5430909395217896 0.0 0.0
1711538916.23223 0.13062799349427223 1.0306580662727356 -0.011662880704807206 0 0 0.3 0.049235513188298184 0.0003408445458110143 0.06127397925103495 0.15 0.24693274042367325 1.5490055084228516 -0.5430909395217896 0.0 0.0
1711538916.2822971 0.13062799349427223 1.0306580662727356 -0.011662880704807206 0 0 0.3 0.049235513188298184 0.0003408445458110143 0.06127397925103495 0.15 0.2500004246818878 1.5490055084228516 -0.5430909395217896 0.0 0.0
1711538916.3322077 0.13062799349427223 1.0306580662727356 -0.011662880704807206 0 0 0.3 0.049235513188298184 0.0003408445458110143 0.06127397925103495 0.15 0.25305851092232207 1.5490055084228516 -0.5430909395217896 0.0 0.0
1711538916.3821945 0.13062799349427223 1.0306580662727356 -0.011662880704807206 0 0 0.3 0.049235513188298184 0.0003408445458110143 0.06127397925103495 0.15 0.25612134504065376 1.5490055084228516 -0.5430909395217896 0.0 0.0
1711538916.4322224 0.13062799349427223 1.0306580662727356 -0.011662880704807206 0 0 0.3 0.049235513188298184 0.0003408445458110143 0.06127397925103495 0.15 0.2591866480554921 1.5490055084228516 -0.5430909395217896 0.0 0.0
1711538916.482168 0.13062799349427223 1.0306580662727356 -0.011662880704807206 0 0 0.3 0.049235513188298184 0.0003408445458110143 0.06127397925103495 0.15 0.26224694023304174 1.5490055084228516 -0.5430909395217896 0.0 0.0
1711538916.5321472 0.13062799349427223 1.0306580662727356 -0.011662880704807206 0 0 0.3 0.049235513188298184 0.0003408445458110143 0.06127397925103495 0.15 0.2653092922591561 1.5490055084228516 -0.5430909395217896 0.0 0.0
1711538916.5821745 0.13062799349427223 1.0306580662727356 -0.011662880704807206 0 0 0.3 0.049235513188298184 0.0003408445458110143 0.06127397925103495 0.15 0.26837459527399443 1.5490055084228516 -0.5430909395217896 0.0 0.0
1711538916.63223 0.13062799349427223 1.0306580662727356 -0.011662880704807206 0 0 0.3 0.049235513188298184 0.0003408445458110143 0.06127397925103495 0.15 0.2714416951780062 1.5490055084228516 -0.5430909395217896 0.0 0.0
1711538916.682193 0.13109247013926506 1.0312472581863403 -0.023924691066855963 0 0 0.3 0.1444588331602104 0.0005214141351575496 0.15282211849403046 0.15 0.2790768912431411 1.5487881898880005 -0.5430733859539032 0.0 0.0
1711538916.7328005 0.13109247013926506 1.0312472581863403 -0.023924691066855963 0 0 0.3 0.05041021170630794 0.00025879307484094616 0.05878083103649956 0.15 0.2820515967475126 1.5487881898880005 -0.5430733859539032 0.0 0.0
1711538916.7821655 0.13106384128332138 1.031232237815857 -0.02550097617983248 0 0 0.3 0.06344831881063526 0.0002823773833887655 0.07133608164242558 0.15 0.2855730204916712 1.5487639904022217 -0.5430516302585602 0.0 0.0
1711538916.832194 0.13106384128332138 1.031232237815857 -0.02550097617983248 0 0 0.3 0.0505691530134244 0.0002484852376979929 0.05845780779546021 0.15 0.28849752483554547 1.5487639904022217 -0.5430516302585602 0.0 0.0
1711538916.8822246 0.1311519742012024 1.0312871932983398 -0.025539420537363855 0 0 0.3 0.050491535534260924 0.00024823513009775144 0.05837827748801965 0.15 0.2914182174898973 1.5487003922462463 -0.5430168211460114 0.0 0.0
1711538916.9321918 0.1311519742012024 1.0312871932983398 -0.025539420537363855 0 0 0.3 0.050568194196204765 0.00024843681198538636 0.05845493084352933 0.15 0.2943389543539418 1.5487003922462463 -0.5430168211460114 0.0 0.0
1711538916.9822402 0.13128174096345901 1.0313183665275574 -0.02577469799087392 0 0 0.3 0.05225167826498432 0.0002513784923455775 0.06007283131887095 0.15 0.2973454145837694 1.5487201809883118 -0.5429802536964417 0.0 0.0
1711538917.0322585 0.13128174096345901 1.0313183665275574 -0.02577469799087392 0 0 0.3 0.05058899721292694 0.00024704045970402877 0.05841026345638245 0.15 0.30026695550217947 1.5487201809883118 -0.5429802536964417 0.0 0.0
1711538917.0822256 0.1312510371208191 1.0313459038734436 -0.026500936781798712 0 0 0.3 0.05628051045465578 0.0002565482620369708 0.06387819491262446 0.15 0.3034586234288364 1.5487326979637146 -0.5429628789424896 0.0 0.0
1711538917.132225 0.1312510371208191 1.0313459038734436 -0.026500936781798712 0 0 0.3 0.05065921409724375 0.00024230071915365414 0.0582572596918261 0.15 0.30637138640821354 1.5487326979637146 -0.5429628789424896 0.0 0.0
1711538917.1822195 0.1312212496995926 1.0313668251037598 -0.0271119307857776 0 0 0.3 0.05546079860753851 0.0002501455994890489 0.06287472553479298 0.15 0.3095146849622737 1.548531174659729 -0.542772114276886 0.0 0.0
1711538917.2322295 0.1312212496995926 1.0313668251037598 -0.0271119307857776 0 0 0.3 0.050718484766470284 0.00023841681818093097 0.05813270179003768 0.15 0.3124218300966903 1.548531174659729 -0.542772114276886 0.0 0.0
1711538917.2821834 0.13133960217237473 1.031400740146637 -0.027150647710078434 0 0 0.3 0.05079202769114132 0.0002383970447076833 0.05819707227663254 0.15 0.3153289475086031 1.5487014651298523 -0.5428614616394043 0.0 0.0
1711538917.3322089 0.13133960217237473 1.031400740146637 -0.027150647710078434 0 0 0.3 0.05071939186058804 0.00023821762261228008 0.05812444087836346 0.15 0.3182365941494323 1.5487014651298523 -0.5428614616394043 0.0 0.0
1711538917.382209 0.1314232163131237 1.0314176082611084 -0.02840224047826362 0 0 0.3 0.060738149865836 0.00025347017829291385 0.0677642287518063 0.15 0.3216247054182656 1.5486775636672974 -0.5427672266960144 0.0 0.0
1711538917.432175 0.1314232163131237 1.0314176082611084 -0.02840224047826362 0 0 0.3 0.05084307661945538 0.00023027734246794385 0.057869699147062456 0.15 0.32451613183167133 1.5486775636672974 -0.5427672266960144 0.0 0.0
1711538917.4822102 0.13144280761480331 1.0314513444900513 -0.029217265836448864 0 0 0.3 0.05084307661945538 0.00023027734246794385 0.057869699147062456 0.15 0.32741160082803006 1.5486246943473816 -0.5426876246929169 0.0 0.0
1711538917.5322073 0.13144280761480331 1.0314513444900513 -0.029217265836448864 0 0 0.3 0.057206420064388495 0.0002393591222915048 0.06398663909836069 0.15 0.3306106703865666 1.5486246943473816 -0.5426876246929169 0.0 0.0
1711538917.5821862 0.13151855766773224 1.0315176248550415 -0.029225018916517534 0 0 0.3 0.05092163005145106 0.0002251444283756232 0.057702170604412434 0.15 0.3334945242538064 1.5486659407615662 -0.542666494846344 0.0 0.0
1711538917.6321726 0.13151855766773224 1.0315176248550415 -0.029225018916517534 0 0 0.3 0.05051496984663537 0.00022426019866028657 0.05729725917744726 0.15 0.33635849653300975 1.5486659407615662 -0.542666494846344 0.0 0.0
1711538917.6821768 0.13149292394518852 1.0314880013465881 -0.029559160690531532 0 0 0.3 0.050916611096692745 0.00022516884682477478 0.05769887986975451 0.15 0.33924363036598987 1.5486558079719543 -0.5426370799541473 0.0 0.0
