-0.0013594637046480673 0.00011924730565795647 -0.263361101033292 0.0003961107752399991 -0.004621165300428612 1697176512.997334 0.000767651104308855 1 27.55500000065029 0.0 27.5536807326611 -0.178269987165306 0.15 -0.000356539974322181
0.004831991536216275 -0.0014886794213163548 -0.2507346427243652 0.16493042429700996 0.6526282725785799 1697176513.2572954 -0.00964777837755237 1 0.05404600801841102 0.3224650868271182 -0.470229276006736 0.106368596930148 0.0267999296861547 0.0275120324213949
0.01860876996308961 -0.004908702468604037 -0.24407853012802694 0.22571463194326385 -0.005799510700997791 1697176513.4024303 0.0133153925322194 0 -0.5948249139477828 -0.002236228331419711 -0.5948249139477828 -0.002236228331419711 -0.0594496828362630 0.0271877793133391
0.02510205766554038 -0.006548261037482565 -0.24931300367181755 0.18437453712098592 -0.08239726912938622 1697176513.4374692 0.0133670475641532 0 -0.9262031394931549 -0.004518589041472985 -0.9262031394931549 -0.004518589041472985 -0.0918667927183887 0.0270296286968882
0.03013016893475528 -0.007860324700526222 -0.25772004121718856 0.14562879975169035 -0.20753894327101893 1697176513.4639354 0.0155716426943177 1 0.7578145549497465 0.10194399362343942 0.129175429311861 -0.128608324127889 -0.0885082315563010 0.0236858122695836
0.03392628592294181 -0.00890259664681909 -0.27016462512933953 0.10686998505346815 -0.33199091302291467 1697176513.4957519 0.0215327853790617 1 0.5875877465165074 0.113798709756952 0.123213064553937 -0.102609376648484 -0.0845654134905562 0.0204023122168165
0.03651568909242354 -0.00966045878170846 -0.2865600031010474 0.06521269628787996 -0.41438609460768194 1697176513.5334888 0.0298714999004507 1 0.5115494113970959 0.1297931437179514 0.195514852128885 -0.0707760793618147 -0.0771358491096564 0.0177128212010667
0.03651568909242354 -0.00966045878170846 -0.2865600031010474 0.06521269628787996 -0.41438609460768194 1697176513.5659223 0.0393506905551500 1 0.6732887888152675 0.1853837004634926 0.571528561472983 0.0825666837080304 -0.0588469351424336 0.0203549550797363
0.037637410338941024 -0.01001404991251323 -0.3044526844131701 0.01904575022100526 -0.4531751787848962 1697176513.6065178 0.0604725313360379 0 0.6084886622943549 0.1590427553722316 0.6084886622943549 0.1590427553722316 -0.0338988999885400 0.0268757080499521
0.03617286259556286 -0.009531259700702285 -0.31979731840226133 -0.04564495445641381 0.021483402144878073 1697176513.6570356 0.111571743870165 1 0.5766641560360442 0.13092187836915825 13.1866826817286 5.46230141545117 0.15 0.299990778823504
0.03343136157137419 -0.0086257232745246 -0.3186118484242563 -0.04693555512529705 0.036469883783345376 1697176513.7070649 0.166275844489455 0 0.21883711338565529 0.00807332967309092 0.21883711338565529 0.00807332967309092 0.15 0.300394445307157
0.03318137999225111 -0.008542710108843556 -0.31669835526896367 0.03982454951561121 0.021228657263834442 1697176513.7581334 0.0158505621009217 1 -0.3534534124240794 0.009239397781310475 0.545861956177980 -2.76625367719217 0.15 0.162081761447045
0.036826119172435286 -0.009734910250885985 -0.3158144834957274 0.08381463450665423 0.02049223992487892 1697176513.8081665 0.00348271092112050 0 -0.4088683719490305 0.023229253274795036 -0.4088683719490305 0.023229253274795036 0.1295565814024741 0.163243224110789
0.04421875624618765 -0.01211756537434492 -0.3177784778273712 0.15327533536152338 0.00893731394232144 1697176513.8581982 0.00848531514470288 0 -0.4268081671661579 0.026300995104126843 -0.4268081671661579 0.026300995104126843 0.10821617304428267 0.164558273865988
0.05004968585310643 -0.014017551271692828 -0.31211428102800537 0.19362416037924024 0.23307176158068363 1697176513.909024 0.0173454715370502 0 -0.7162446762269262 0.0541653134911389 -0.7162446762269262 0.0541653134911389 0.07240393923280608 0.167266539540555
0.06030332240561974 -0.01728836212898132 -0.3119221518690302 0.14081111670209046 -0.13705353797177502 1697176513.9586608 0.0135032073832339 0 -0.13507418026121457 -0.001323125428334966 -0.13507418026121457 -0.001323125428334966 0.06565023021978221 0.167200383269139
0.06469292933750796 -0.018726421626228965 -0.31619142429907815 0.1396382020726932 -0.13465148579397532 1697176514.0090425 0.0241652184986140 1 0.21727140212802168 0.053271427362126256 0.0839706453510698 -0.0110274845482371 0.0698487624873510 0.166649009041725
0.06901817575426741 -0.020168661460178584 -0.3219783145422211 0.13319332851825488 -0.15645131775361287 1697176514.059151 0.0244942733942496 0 -0.0030899547424167347 0.062158504020053115 -0.0030899547424167347 0.062158504020053115 0.0696942647502296 0.169756934242739
0.07665412895310998 -0.02273000646029442 -0.3188805514802518 0.10261382944440525 0.28065353480983357 1697176514.109654 0.0260303775315315 1 0.052852071285607434 0.07188251936174139 0.0366758311347020 0.0636206206869381 0.0715280563069547 0.172937965277068
0.08315494588896617 -0.024762284802510994 -0.3016462439077294 0.10265995197419288 0.2409406549954847 1697176514.1600451 0.000686608468135508 0 0.3094880760151812 0.02600980987596444 0.3094880760151812 0.02600980987596444 0.0870024601077700 0.174238455770871
0.08637003552187045 -0.025723134479528766 -0.294344797772705 0.10117936270472998 0.2120305003068352 1697176514.2101436 9.06514860565810e-5 0 0.003208798715024783 -0.06353451775734416 0.003208798715024783 -0.06353451775734416 0.0871629000435204 0.171061729883021
0.09001362177380741 -0.0268047416514099 -0.29066871530841193 0.1187215746466054 0.08920503276085132 1697176514.2613778 0.000605493996332140 0 0.019216211342210156 -0.011574585655537581 0.019216211342210156 -0.011574585655537581 0.0881237106106344 0.170483000600242
0.09794503484277142 -0.029082760229935674 -0.27624645575049145 0.12776210867433213 0.2531463433567833 1697176514.3114293 0.00706352042841035 0 -0.17978290674141878 0.010783520234079018 -0.17978290674141878 0.010783520234079018 0.0791345652735308 0.171022176611948
0.1063016169255728 -0.03133147890348334 -0.25934930237275194 0.12928085999555639 0.2519539886345557 1697176514.362737 -0.000347337413862642 0 -0.114499815001632 -0.09104374927629633 -0.114499815001632 -0.09104374927629633 0.0734095745234804 0.166469989148158
0.11004386351831556 -0.03228497846778315 -0.2510093949967699 0.11332158479452688 0.24656171296757742 1697176514.412903 -0.000843986496086219 0 -0.010338971413231262 -0.01909396634670798 -0.010338971413231262 -0.01909396634670798 0.0728926259528170 0.165515290830819
0.11360992204885033 -0.03315901673767918 -0.24260113795977656 0.10739986403804269 0.24701491810898896 1697176514.4630475 -0.00265763968321794 0 0.15793195961390252 -0.02074141377137438 0.15793195961390252 -0.02074141377137438 0.0807892239334690 0.164478220142256
0.11705901139093274 -0.03397634021759327 -0.23443486989037454 0.10744018106357162 0.24766501122388876 1697176514.513567 -0.00302898090070938 0 0.06009394677755285 -0.06641319293399119 0.06009394677755285 -0.06641319293399119 0.0837939212723576 0.161157560495545
0.12439937085877655 -0.03562127233612023 -0.21793090063581674 0.11873039728203073 0.24448712736058614 1697176514.563352 -0.00334360010903809 0 -0.1172673608251958 -0.06747481898520782 -0.1172673608251958 -0.06747481898520782 0.0779305532310764 0.157783819546272
0.13235296188777163 -0.037275476168323406 -0.2020550138488713 0.1233741712626037 0.24031664972588043 1697176514.6136599 -0.00349517511450548 0 -0.05235412156848553 -0.02206978378643535 -0.05235412156848553 -0.02206978378643535 0.0753128471526664 0.156680330356956
0.13620147454955375 -0.038026750172462195 -0.19405511080511792 0.11470139121381659 0.23535543576063908 1697176514.6657772 -0.00424169516621833 1 0.08364310119608293 -0.06623497006607172 0.0280110812327882 -0.0987055361680003 0.0767134012143109 0.151745053548538
0.13992275951593972 -0.038723094799232374 -0.17858232691226406 0.11090195969615693 0.2338668268630133 1697176514.715502 -0.00455851568544796 1 -0.0028608881190638836 -0.02362919366056427 -0.0403947286152493 -0.0455628639017362 0.0746936647835595 0.149466910353464
0.15091698364895648 -0.04060613146484477 -0.16350757174538477 0.11019651609775125 0.22306105789271474 1697176514.7656446 -0.00483174587553831 1 0.03802923295899996 -0.0241419848908163 -0.0655624924295741 -0.0869075178941192 0.0714155401620689 0.145121534458742
0.15451104338125082 -0.041166625047718376 -0.15615016953329822 0.11025660308975374 0.22310549012706968 1697176514.8157492 -0.00513040177473448 1 0.006956177935155575 -0.06553651059199612 -0.101657082914097 -0.131963112691814 0.0663326860163455 0.138523378824127
0.15807054776147852 -0.04169484481795969 -0.14197160859211957 0.09800411497589386 0.20637491681567063 1697176514.8695107 -0.00542758675798316 1 0.04964604750915733 -0.06546734783247167 -0.158173815877329 -0.198882976219159 0.0584239952225222 0.128579230013224
0.1644964606553918 -0.04257859851940158 -0.13515775252529508 0.09803916226513931 0.2066397784796681 1697176514.920271 -0.00531654096109554 1 0.08054642462771347 -0.02277681404885304 -0.204372894684013 -0.220207454903660 0.0482053504882844 0.117568857268001
0.16743701771670846 -0.0429525768794957 -0.12865315276001948 0.0863263955859746 0.19129577022152192 1697176514.9725058 -0.00549768681612670 1 0.0056299459749738585 -0.023430268109018583 -0.265936528187591 -0.211996095900870 0.0349085240789774 0.106969052473015
0.1721422360468244 -0.04350503353994523 -0.11711666539247326 0.07125796070177438 0.1752381495007014 1697176515.0243683 -0.00512123666811320 1 0.1289644689982337 -0.02243266196640274 -0.269236560548848 -0.338194023952445 0.0214466960514860 0.0900593512753312
0.1780163465021445 -0.04412130910688665 -0.10174876734960887 0.061874308400156605 0.22924171796104084 1697176515.0734627 -0.00462285118933975 1 0.17005536849056682 -0.0523109179056931 -0.360483489680104 -0.571103999963322 0.00342252156741528 0.0615041512770612
0.17925986296636232 -0.04423271003697807 -0.0963532210624106 0.03344960857845649 0.13345300181765338 1697176515.1235526 -0.00455755982180198 1 0.11789936881661155 -0.07604994003570544 21.3277415101964 -5.81778648030487 0.15 -0.229385172736595
0.17961214211849727 -0.04425931192214989 -0.0926839664092941 0.006718694218614951 0.09167262530384733 1697176515.1736205 0.00153139834709542 1 0.3225221939267389 -0.019995496948830765 0.445818651976096 0.747285311238306 0.15 -0.192020907174543
0.18117077133001222 -0.04439660728610869 -0.08964169470759167 0.05125618545882083 0.09187536037735791 1697176515.2234962 -0.00314996238670565 1 -0.1486938615340256 -0.02806464814966892 -0.310664817907232 -0.245353633825601 0.134466759104723 -0.204288588865756
0.19513998873092742 -0.045656718387760024 -0.09516274218713346 0.20533913645270435 -0.30560152509975447 1697176515.2735345 -0.00621011225702139 0 -1.070647482888159 0.006446504902262469 -1.070647482888159 0.006446504902262469 0.0809343849601205 -0.203966263620642
0.20187573140574608 -0.04635755955981973 -0.10520704080153738 0.2052577920032536 -0.30557654677559465 1697176515.324985 0.00629125418717696 0 -0.5408615637228601 0.05778054660310322 -0.5408615637228601 0.05778054660310322 0.0538913067738791 -0.201077236290477
0.20774014620220432 -0.04699467616017046 -0.10855714044166823 0.1455475527043932 0.09777003815712568 1697176515.3746 -0.00506156532608601 1 0.5801420611341777 0.10212062176909523 -0.0426005274105088 -0.186007351298336 0.0517612804033653 -0.210377603855343
0.21252748048117098 -0.04751931977522201 -0.10969509155971877 0.14214232140511648 -0.08218931195921454 1697176515.4245903 0.000551711879975658 1 0.01798115229008511 0.023311342345293286 0.0132485662954956 0.0210774878781028 0.0524237087181425 -0.209323729461434
0.22042957194925988 -0.04836877267189449 -0.1035698709760756 0.11132830908171401 0.10378869655308952 1697176515.4751725 -0.00477631890124425 1 0.3074759686948492 -0.018523425832841132 -0.0503290443133411 -0.235307353436574 0.0499072565024892 -0.221089097133198
0.2275860723867068 -0.049085008523626635 -0.09657363378305926 0.10022563090268131 0.020489155026076653 1697176515.525723 -0.00272592829000876 1 0.015946905488932867 -0.0062390433162215694 -0.0472597982395758 -0.0486230703813184 0.0475442665905018 -0.223520250652273
0.2310253523643507 -0.04943345191447032 -0.09951512010089567 0.08950092045864902 -0.11636669779301285 1697176515.577799 -0.000920541316337981 1 0.10519874354476276 -0.00044981773186685003 0.0301230057137816 -0.0510292029936337 0.0490805398819026 -0.226122740004945
0.23688928351343239 -0.050047784742633605 -0.10632935323975298 0.07859752176869846 -0.30561236431359917 1697176515.6269162 0.00228146358423717 1 0.11278127942579783 0.029004771050310046 0.0902761223084785 0.0121942779003686 0.0535040698750160 -0.225525220387827
0.24191567300166733 -0.050699835508988114 -0.1284813883635609 0.0786286881361409 -0.2828672540426081 1697176515.6773517 0.0127246714271104 0 0.12473522601475974 0.055810269504799566 0.12473522601475974 0.055810269504799566 0.0597408311757767 -0.222734706912577
0.24753975851548457 -0.05155189806568139 -0.15014026771863456 0.09155865241536176 -0.32747423816802346 1697176515.727902 0.0129361385816314 0 0.015373992257503341 0.15202604514899143 0.015373992257503341 0.15202604514899143 0.0605095307886477 -0.215133404655169
0.250517794017324 -0.05204245940589638 -0.1609728210574825 0.09146403814399388 -0.32936614469439257 1697176515.7776382 0.0167862303282112 0 -0.12007896899941906 0.1522040317386604 -0.12007896899941906 0.1522040317386604 0.0545055823386549 -0.207523203068208
0.25351867553800245 -0.052570903526850246 -0.171487945593197 0.09252489340287808 -0.31873118220940344 1697176515.8280215 0.0178675397684138 0 0.01021412364167841 0.08575360851149277 0.01021412364167841 0.08575360851149277 0.0550162885207407 -0.203235522642618
0.25633298524130016 -0.05309798638269613 -0.18196503829316715 0.08347850922156778 -0.3064683104619385 1697176515.8794985 0.0180808955915610 0 -0.0018709992903388414 0.08498854926900123 -0.0018709992903388414 0.08498854926900123 0.0549227385562242 -0.198986095179191
0.2617831061852961 -0.054201124914687114 -0.20186529769663247 0.08434583856494737 -0.30164703490044004 1697176515.9294267 0.0184520576615034 0 0.1037245872019899 0.08563593293201481 0.1037245872019899 0.08563593293201481 0.0601089679163426 -0.194704298532575
0.2672902629345935 -0.05543034865158003 -0.22168777422806574 0.08426992191548424 -0.2961967437012492 1697176515.9797776 0.0202942228592843 0 0.004153787283683097 0.14769106175511412 0.004153787283683097 0.14769106175511412 0.0603166572805256 -0.187319745444859
0.2702189140767402 -0.05612769500876762 -0.23124096309305295 0.09208646547660415 -0.2893250472948931 1697176516.0297623 0.0211934343807482 0 0.013624205536886431 0.14975534403506305 0.013624205536886431 0.14975534403506305 0.0609978675573724 -0.179831978243079
0.2732653903249689 -0.05688260049244225 -0.2407532765473792 0.09235991745755856 -0.2795032525795171 1697176516.0799918 0.0218851253695438 0 -0.0692086683492168 0.08543227228056557 -0.0692086683492168 0.08543227228056557 0.0575374341398990 -0.175560364629035
0.2762181497271542 -0.05764290813641586 -0.2499811213836731 0.0924296127649871 -0.27994196304845964 1697176516.130391 0.0228117292563794 0 0.005353720733658282 0.14761748864154778 0.005353720733658282 0.14761748864154778 0.0578051201765804 -0.168179490196998
0.2849068062597852 -0.06004221606717416 -0.27615660282399535 0.08859811560718193 -0.25218287821393964 1697176516.1814523 0.0231520482990751 1 0.05289210554283461 0.144337244910693 0.0262465220252628 0.123921548206330 0.0591174462778483 -0.161983412786659
0.2877122318320639 -0.060868683073199 -0.2844778666573665 0.08865780310374077 -0.2524304473714298 1697176516.2324378 0.0232011566536255 0 0.007009330988268133 0.08274867911708389 0.007009330988268133 0.08274867911708389 0.0594679128272598 -0.157845978830827
0.29065396941458244 -0.0617608255733304 -0.29275028135741316 0.09060544725643081 -0.24331862013827588 1697176516.2827437 0.0242868827807584 1 -0.010376040120631161 0.13986852061654906 -0.0223113253571757 0.130932165320261 0.0583523465593970 -0.151299370564790
0.2935228111181624 -0.06265552626252835 -0.3005838788767164 0.0911363103023989 -0.23732359035119258 1697176516.3324876 0.0246674664938683 1 0.004123214389139035 0.08254501362488104 0.00340654959655941 0.0820110614933480 0.0585226740392256 -0.147198817490108
0.3020840591278772 -0.06546958718489773 -0.3235832778625934 0.08967370485431013 -0.22334420824537643 1697176516.3843424 0.0254698076433529 1 0.008819666646292922 0.08338099088157523 -0.000390851872460862 0.0765171204284925 0.0585031314456026 -0.143372961468704
0.3077563214633766 -0.06745242547820776 -0.3383707460532682 0.08970210374177993 -0.2180223439941075 1697176516.4344969 0.0258254491339234 1 0.025372228913205314 0.1352918390763231 -0.0311757406007174 0.0923709921666774 0.0569443444155611 -0.138754411860354
0.3105404663602556 -0.06845977097122836 -0.34556511026537123 0.08975525066450936 -0.2182287360595554 1697176516.4857206 0.0269305481535607 1 0.009864959254410435 0.13492627418707606 -0.0456577353955211 0.0927361717994656 0.0546614576457975 -0.134117603270406
0.313251884493265 -0.06946258387327751 -0.35255875981218576 0.08740298157820893 -0.21148589420133007 1697176516.5351634 0.0276932600924456 1 0.00959090544045301 0.0835625762206771 -0.0251616315350260 0.0571510162432421 0.0534033760690416 -0.131260052458233
0.3185176409189226 -0.07147254539662624 -0.36629359580110693 0.08401853599825654 -0.20493221078555232 1697176516.5851328 0.0276006750974770 1 0.03482120007381426 0.082975230080704 -0.0196761014301903 0.0404138492196172 0.0524195709975285 -0.129239359997245
0.3235943092717218 -0.07348971866817058 -0.37966673277251634 0.08068526409661445 -0.1979996219673964 1697176516.6349318 0.0280207762860070 1 0.04683518780058033 0.13137040556625923 -0.0462895079171549 0.0555997598215201 0.0501050956016834 -0.126459372006184
0.3260592537718342 -0.0744976933972705 -0.3862006965164322 0.08073313920122482 -0.19819718017834842 1697176516.6863797 0.0283029109785113 1 0.047990086967992444 0.1304912775087696 -0.0523810131500556 0.0453272362420389 0.0474860449441711 -0.124193010194074
0.32842240732653755 -0.07548246143610697 -0.392624567463681 0.07726715764411818 -0.19422967308211558 1697176516.7367203 0.0289670640544228 1 0.014154679353281189 0.08338150730425745 -0.0468674131343399 0.0315996246421030 0.0451426742874669 -0.122613028961977
0.33072869142930267 -0.07646162845645028 -0.39913098966893107 0.0733483034368136 -0.19094675682614437 1697176516.7863646 0.0287072784809024 1 0.05102623674888127 0.0831669322734925 -0.0344977262139888 0.00726744585296504 0.0434177879767612 -0.122249656669328
0.33496411046167957 -0.07830844068359301 -0.4115933578905502 0.06988393944794949 -0.1887589838669687 1697176516.8371196 0.0283926513060308 1 0.05751439035449639 0.08423091415916441 -0.0350614253291638 -0.00241032592488859 0.0416647167102966 -0.122370172965573
0.3410281164204283 -0.08106835492339068 -0.43043974232007987 0.0647485503599568 -0.18855576277314284 1697176516.898478 0.0293250355925659 1 0.08154689694683728 0.17212676659763665 -0.0787316773241418 0.00815743744776898 0.0377281328441110 -0.121962301093186
0.3410281164204283 -0.08106835492339068 -0.43043974232007987 0.0647485503599568 -0.18855576277314284 1697176516.965113 0.0294048572241324 1 0.0413119626682594 0.10442622180279593 -0.0686296287088595 -0.0127182937235985 0.0329926884632025 -0.122839863360114
0.3430196566307926 -0.08200577092136976 -0.43684141079436306 0.06475856119814347 -0.18829174381689903 1697176517.0029273 0.0299149597051779 1 0.0226257248200216 0.04162186045301191 -0.0505381854207696 -0.0363839497154672 0.0310722374172127 -0.124222453449302
0.34633717967181965 -0.08360999081987405 -0.4492819234649894 0.051740692276269096 -0.18971701065005445 1697176517.045584 0.0284356450540873 1 0.022506959876080652 0.09290820270894781 -0.0730457685121759 -0.0351243735246443 0.0278582236026533 -0.125767925884398
0.3492739279753986 -0.08508200629691076 -0.46187378134133344 0.0488997271287623 -0.1872743511875326 1697176517.094435 0.0284478134918160 1 0.16196505102390799 0.1303411344030438 -0.00167432939295520 -0.0889277827493444 0.0277761814623985 -0.130125387239114
0.3505777466160872 -0.08575254755282931 -0.46812065212813736 0.04400146074374367 -0.18907864748275252 1697176517.1444502 0.0285429209542785 1 0.058959787910841804 0.12976947841204609 -0.0687909894204638 -0.0517739189305392 0.0243366319913941 -0.132714083185627
0.35190407378945177 -0.08644418140511502 -0.474766852614195 0.04389120701582503 -0.1945558707299116 1697176517.1945012 0.0291146152689966 1 0.0819819334781363 0.08696075196903749 -0.0250396011917564 -0.0829291268606435 0.0230846519318017 -0.136860539528674
0.3530441820389745 -0.08705236392209793 -0.48129996132434916 0.03792681480015321 -0.18938712772057 1697176517.245089 0.0277983305700599 1 0.09678305203615947 0.13388014826449837 -0.0150587397348299 -0.0717004356028809 0.0223317149450643 -0.140445561308798
0.3552728078688862 -0.08826595264443035 -0.49478241490380204 0.036347268278444325 -0.1978850762735235 1697176517.297492 0.0292161489320564 1 0.052621831077809225 0.13631272607687522 -0.0469219163015137 -0.0549421668357233 0.0199856191299801 -0.143192669650595
0.35732821738460857 -0.0894241670920989 -0.5079480960871471 0.03498414404888345 -0.19999415919592992 1697176517.348038 0.0292393109747834 1 0.039543254399864974 0.09063955449523947 -0.0420062045705472 -0.0674172821138846 0.0178853089014451 -0.146563533756301
0.358303056178336 -0.08999263020435085 -0.5222571905669495 0.030959227655004105 -0.19775906438665572 1697176517.4003077 0.0317280041960817 1 0.07417168251065998 0.14186092045350257 -0.0116853448426836 -0.0422463601111583 0.0173010416593141 -0.148675851761848
0.3592066797195632 -0.09052339038467916 -0.5291632035944702 0.0273420632283005 -0.1970466343149922 1697176517.4494963 0.0297041520779744 1 0.05536952617439837 0.09423091507518583 -0.0130555792776063 -0.0605009805706272 0.0166482626954314 -0.151700900790390
0.36151881801442826 -0.09194235183773941 -0.5429442800259711 0.026650041593745517 -0.21663396113764902 1697176517.4998188 0.0293211496330830 1 0.07750061265308308 0.09503737175937219 0.0250728596446370 -0.0387084490794231 0.0179019056776564 -0.153636323244350
0.36303669821342466 -0.09292202541856737 -0.5570708144307456 0.02768857270395387 -0.20807226361910874 1697176517.5498984 0.0323961261798243 1 0.048595195548651854 0.14042398453678756 -0.00319659756927348 0.00540034088676339 0.0177420757991922 -0.153366306200011
0.36380289638573887 -0.09342830254868058 -0.5640337037801247 0.02778490230456486 -0.21058051045186182 1697176517.6002731 0.0321821471279255 1 0.030770402545977328 0.14401843058450153 -0.0411743823529825 -0.0383252876811288 0.0156833566815356 -0.155282570584075
0.3645573450534818 -0.09393593175155944 -0.5709944143087666 0.02750554835048994 -0.2108969604804411 1697176517.6570463 0.0328823413312830 1 0.040163140998588996 0.09762987762622893 -0.0198420488338723 -0.0541787735742255 0.0146714121910094 -0.158045688036356
0.3665197429287702 -0.09531355973039331 -0.5925020396039223 0.022686910930791622 -0.21733479694523258 1697176517.7153957 0.0334039060456044 1 0.043655449566780434 0.09288910291438576 0.00621330239874476 -0.0141991564639987 0.0150317837301366 -0.158869239111268
0.3677542410945905 -0.09622216784509922 -0.6071521795602882 0.023092019449683955 -0.2196300592401493 1697176517.7757504 0.0343038720650874 1 0.08519652229062938 0.1749181922499657 0.0301224801682532 0.00599666569249838 0.0167788875798951 -0.158521432501103
0.36836391876108515 -0.09667851120004432 -0.6144032050120948 0.022988001858103176 -0.21890396415400193 1697176517.8413284 0.0353794906568187 1 0.040186986090537065 0.1328109598519456 -0.00680807743559969 -0.00971440654408065 0.0163567867788886 -0.159123725706835
0.369056995050802 -0.09719784476004856 -0.6218322952434676 0.025708741168131006 -0.21931111990886296 1697176517.885553 0.0356005048918109 1 0.04471550594979134 0.11179900265941967 0.000572547180561017 -0.0230387267683917 0.0163814063076528 -0.160114390957879
0.369056995050802 -0.09719784476004856 -0.6218322952434676 0.025708741168131006 -0.21931111990886296 1697176517.9327033 0.0365767345390971 1 0.013201594202888238 0.10941373673299169 -0.0542227810403928 -0.0770555537954303 0.0138329355987529 -0.163736001986266
0.3703580855082491 -0.09820991450531749 -0.6363558373930683 0.024781255769001927 -0.21904098427851368 1697176517.9659634 0.0370502563943616 1 0.0421456294159345 0.05835303508277088 -0.0115402475969994 -0.0960578261187474 0.0134405671804590 -0.167001968074270
0.3715674519261695 -0.09918057363377641 -0.6513448554305522 0.021084806367580262 -0.22659122061921172 1697176518.0123065 0.0377944968605118 1 0.05147319087387764 0.2116918677801141 -0.0537714325786402 -0.0905780377281618 0.0109133098492615 -0.171259135847496
0.37208804814556506 -0.09961389512717067 -0.6589797554033053 0.020445413450436656 -0.23158467296496876 1697176518.0623822 0.0381059215262470 1 0.08232262985455835 0.10867194900344497 0.0428683938056646 -0.0228185185299432 0.0130567295395525 -0.172400061773997
0.37252366729269126 -0.09998831896345979 -0.6670184614252102 0.01660445147071759 -0.2369018959107239 1697176518.1125107 0.0391034016136249 1 0.05117122244619455 0.11020045331026955 0.0206889858024178 0.00585437628449605 0.0140911788296772 -0.172107342959771
0.3739795735212433 -0.10126074785825004 -0.6909255104607652 0.021506107882870718 -0.23933090134957496 1697176518.1624112 0.0417063778938704 1 0.08510739406204154 0.11291110249904535 0.0522919395159005 -0.00153987378881028 0.0167057758054580 -0.172184336649212
0.37450833418470836 -0.1017352020327998 -0.6988256639679361 0.021505083921435672 -0.2390884674819505 1697176518.2198822 0.0419711877424701 1 -0.0038085089626096608 0.21308085273761768 -0.0781317334103624 -0.0329067719822328 0.0127210574015349 -0.173862582020303
0.3751261327135756 -0.10229049892908137 -0.7067042483841093 0.025456650781894095 -0.23935756277528886 1697176518.267814 0.0423070493874175 1 0.044257697653632584 0.11543518321473722 -0.0108983502286385 -0.0677987295398071 0.0121761398901010 -0.177252518497306
0.3756202810329507 -0.10275061081803159 -0.7149243856778206 0.019487682338571483 -0.24170595174442397 1697176518.3165874 0.0437964638922986 1 0.0019495637880307462 0.11755582199486109 -0.0958322305852813 -0.162386460767648 0.00748036059142428 -0.185209455074917
0.3760687015214656 -0.10317721714016344 -0.7230654857967824 0.0187084992590517 -0.24697778825324718 1697176518.3655844 0.0441136808169461 1 0.11312726559865253 0.1709795261889282 0.0655719298906766 -0.00793771779321326 0.0107589570859700 -0.185606340964579
0.37680023345586583 -0.10390321207080035 -0.7400044103436555 0.011707661436347098 -0.2589380798642689 1697176518.4147952 0.0465025870192331 0 0.11915454750925457 0.1748057781248109 0.11915454750925457 0.1748057781248109 0.0167166844614003 -0.176866052058386
0.37744220294878605 -0.1045702280208364 -0.7571041349094882 0.016662658708719878 -0.2599007096260135 1697176518.4658794 0.0474406810389503 1 0.04906597866625434 0.12224009692877097 0.0367091121774948 0.0708735613006847 0.0185521400702817 -0.173322373993339
0.3780406706229259 -0.10517283549206047 -0.7654773813628571 0.0256329324527024 -0.24760694578266823 1697176518.5153072 0.0482328934553898 1 -0.09699280437583291 0.1785978544892572 -0.231223861917822 -0.211481809926679 0.00699094697445368 -0.183896464489615
0.3786934271693504 -0.10583619606962481 -0.7734876134508218 0.028379406270918346 -0.24242378676084936 1697176518.5655098 0.0490094719046520 1 0.013345558682481214 0.1236675081614883 -0.153043479459935 -0.316712296446451 -0.000661226998570882 -0.199732079311996
0.38120964016002445 -0.10843574151654616 -0.7992609283578304 0.014885073460850145 -0.2912068985257545 1697176518.615226 0.0495630139919932 1 0.0403545399512958 0.12443133588217525 -0.134434844194282 -0.338888805801990 -0.00738296920830946 -0.216676519602157
0.38103235829429294 -0.10832944335976781 -0.8190221797753157 -0.010203344175515723 -0.3090479135435852 1697176518.6655395 0.0545963361899694 1 0.18293484557408773 0.19277356607187948 0.175923982087939 0.161241849733741 0.00141322989603948 -0.208614427115514
0.38075607809478595 -0.10807404194653533 -0.8292359824500869 -0.012465796478010575 -0.30981783426105886 1697176518.716598 0.0754595175382833 0 0.306066550875992 0.19066278307997464 0.306066550875992 0.19066278307997464 0.0170226239906939 -0.198890625178448
0.3806447674544702 -0.10803354223795972 -0.838876922058953 -0.002660139635795867 -0.29893215329970163 1697176518.765782 0.0790810924101027 0 0.08431914622365687 0.1367204965581848 0.08431914622365687 0.1367204965581848 0.0211542621556513 -0.192191320847100
0.3819534687661946 -0.10958846318933163 -0.8573172310496299 0.0260798139123457 -0.2761547993748387 1697176518.8162432 0.0643727314457299 0 -0.041726498603892444 0.13424688318145428 -0.041726498603892444 0.13424688318145428 0.0190679372254490 -0.185478976688003
0.38327915038090327 -0.11122412585174235 -0.8752412199314449 0.02995808951902655 -0.26249145327208095 1697176518.8690832 0.0580349759759659 1 -0.24543944243654287 0.1991375072110539 -0.415377442694776 -0.303915661816452 -0.00170093490936532 -0.200674759778881
0.3838909345556749 -0.11200135589474412 -0.8839075529876481 0.029978695827244908 -0.2626500427939664 1697176518.919613 0.0589545415072260 1 0.0012381991734665004 0.19814269397908918 -0.261795305505640 -0.488045058789803 -0.0147907001845759 -0.225077012718238
0.3841070913412012 -0.11230996537515511 -0.8942298052493822 0.00903299405198676 -0.31904142665732727 1697176518.970367 0.0595287613402033 1 0.039804589004194695 0.13771840804853105 -0.213367646462507 -0.524676552053550 -0.0254590825077400 -0.251310840321011
0.38371647175442825 -0.11186346855590104 -0.9050619546496703 -0.02064843605785366 -0.3229614536653392 1697176519.0233016 0.0635942540354169 0 0.25188448158349797 0.1429696210202843 0.25188448158349797 0.1429696210202843 -0.0123610894654788 -0.243876420028002
0.382525642209137 -0.11041559536582898 -0.9271735953751076 -0.036904815313130244 -0.3564354284229792 1697176519.0718951 0.0945779658565721 0 0.3745057816716214 0.14694526060109248 0.3745057816716214 0.14694526060109248 0.00561518805484489 -0.236823047519116
0.38204086055082914 -0.1098513009196939 -0.9493938625924004 -0.017377648900850706 -0.34669512277328557 1697176519.1248071 0.0683969605770743 0 0.23282867486537517 0.20468719950983444 0.23282867486537517 0.20468719950983444 0.0174894504729629 -0.226384000344128
0.38235508622595604 -0.11034483969212294 -0.9595851432072892 0.02546470591702189 -0.30958186488662615 1697176519.1744056 0.0934176816201155 0 -0.1315828396716595 0.21528315043380342 -0.1315828396716595 0.21528315043380342 0.0109103084893560 -0.215619842822399
0.3828709203861282 -0.11114061919655115 -0.9705301265782639 0.028047383529505074 -0.32215196883224545 1697176519.2261147 0.0734297231291306 1 -0.3777554394088116 0.14965342497685796 -0.602431733177858 -0.502312578516999 -0.0198137099026731 -0.241237784326731
0.3833945112893377 -0.11204712366139423 -1.0029376932064062 -0.019122068500680867 -0.35169303482763575 1697176519.273998 0.0741330000412016 1 0.01385974171127475 0.23407101271465885 -0.285422089410763 -0.638922129336542 -0.0335139701943253 -0.271906046534741
0.38290635101801507 -0.11132100611951128 -1.014398051405478 -0.02795638718940016 -0.3470016728824303 1697176519.3324072 0.0963942551667362 0 0.4784998525611526 0.20544258305450014 0.4784998525611526 0.20544258305450014 -0.00623947859822301 -0.260195819300584
0.38219724619743384 -0.11022187587307161 -1.0278480044075444 -0.041427740909829334 -0.40993955850889896 1697176519.376443 0.143185200887695 0 0.32355467500060797 0.2447282472534919 0.32355467500060797 0.2447282472534919 0.00832048177682789 -0.249183048174159
0.3818361599434589 -0.10974632025847468 -1.053920683294378 -0.006163202393620474 -0.3822238092775571 1697176519.4254038 0.0901916812832586 0 -0.3238131701732049 0.17483267084882526 -0.3238131701732049 0.17483267084882526 -0.00722255039141291 -0.240791079973455
0.3818361599434589 -0.10974632025847468 -1.053920683294378 -0.006163202393620474 -0.3822238092775571 1697176519.4772277 0.0874692624559010 0 0.07141518454734022 0.1687969339941878 0.07141518454734022 0.1687969339941878 -0.00365179116403291 -0.232351233273715
0.38186113259742804 -0.1099507607279745 -1.0904730060448116 -0.0023678922029238963 -0.34584563792349066 1697176519.5259955 0.0845690167632513 0 0.0716704790465356 0.2495487444880809 0.0716704790465356 0.2495487444880809 -6.82672117256820e-5 -0.219873796049379
0.3818033322295599 -0.10988950562048319 -1.1017985422044776 -0.0024484430212681194 -0.34352525415751767 1697176519.5755405 0.0769227046611932 0 0.005289055766438691 0.16413854911802317 0.005289055766438691 0.16413854911802317 0.000196185576597215 -0.211666868593448
0.3818165811213378 -0.10997129475407144 -1.1128526199184807 0.0027795509709848754 -0.325287164680557 1697176519.6252737 0.0711721142047188 0 0.0021357927756070413 0.2331677807237896 0.0021357927756070413 0.2331677807237896 0.000302975215377955 -0.200008479557216
0.38184003063019745 -0.11007203239419176 -1.1232112459889567 0.0030986990952479995 -0.3135908214174151 1697176519.6752832 0.0687252542713140 0 0.050259169209727395 0.16240618232347542 0.050259169209727395 0.16240618232347542 0.00281593367585061 -0.191888170441087
0.3820282788456423 -0.11070064806211256 -1.1625181072280744 0.006867851640771039 -0.2858048012999233 1697176519.7256372 0.0654177582629989 0 0.052836555240665974 0.22548947424343774 0.052836555240665974 0.22548947424343774 0.00545776143789352 -0.180613696728874
0.3821002527566054 -0.11092391799510141 -1.1722377770979702 0.006891375008151454 -0.2862038791322229 1697176519.7938504 0.0635346438738582 1 0.022116333804545106 0.19464123364904212 0.00473720433121473 0.00475650632857991 0.00575620531076053 -0.180314036830173
0.3822137503366905 -0.11124786424052828 -1.1811360703672358 0.010724404350984979 -0.269611404461749 1697176519.8418067 0.0638183143630792 1 0.05131427813489952 0.16459379585817502 0.0346741614468147 -0.0197132779911244 0.00745523922165370 -0.181279987451738
0.3823337104581312 -0.11159569990013946 -1.1900191479497049 0.011191628232811328 -0.2695378066147918 1697176519.8789003 0.0619429606099367 1 -0.0007967987917086236 0.17737835357380555 -0.0653910071056285 -0.357463625291030 0.00497038095163910 -0.194863605212801
0.38262883800236114 -0.11246277336428442 -1.2081686773903633 0.013797865731163459 -0.2716277732216127 1697176519.9304888 0.0624050700710592 1 0.04482355959117307 0.15956329046883921 -0.0260709267264534 -0.413199447288462 0.00364076368859178 -0.215936777024484
0.382730865837721 -0.11279626357379086 -1.2177863891635015 0.010272941394043795 -0.29233708936372843 1697176519.9785776 0.0649828818761970 1 0.021506806947139745 0.22352666292667805 -0.0999670250150874 -0.607681203343208 -0.00125762053714532 -0.245713155988287
0.3828064376069155 -0.11315817026990029 -1.240862592530092 0.00165378263782664 -0.36932857224472593 1697176520.028618 0.0737176238647389 1 0.1029198004448996 0.2358299724591944 0.0572475572816316 -0.226277059268864 0.00160475732692064 -0.257027008951669
0.3827977651638437 -0.1132181083488981 -1.253045632663166 0.001653601465445756 -0.36948951648987305 1697176520.0785208 0.0827711569432307 0 0.1234056221759206 0.18247184034302477 0.1234056221759206 0.18247184034302477 0.00777503843573912 -0.247903416934485
0.38294385726703994 -0.11387593870189874 -1.2784002787137294 0.015245663279154326 -0.3729894087647752 1697176520.1285424 0.0829322969867654 0 0.05417501099108601 0.18374650005188525 0.05417501099108601 0.18374650005188525 0.0104837889853033 -0.238716091931857
0.38305940656636456 -0.11436729552380527 -1.290725003277374 0.015288087857888174 -0.3737477538183492 1697176520.17876 0.0890489543695446 1 -0.08854344977740464 0.2687855232439179 -0.245392761516258 -0.771615117287712 -0.00178584909044266 -0.277296847796032
0.38320407697662295 -0.11510045851580744 -1.3167229679320027 0.0009605636843817331 -0.41930701588844266 1697176520.2290764 0.0904399044925919 1 0.005425823436521739 0.2691229274624418 -0.245929442511542 -1.09961859968478 -0.0140823212160645 -0.332277777780471
0.3831809859364111 -0.1151355979445652 -1.3305038124949602 0.0014110017294745412 -0.4187435826874631 1697176520.282614 0.0946428129219574 0 0.2269769424790853 0.19405188218613284 0.2269769424790853 0.19405188218613284 -0.00205254326469940 -0.321993028024628
0.38302948285366506 -0.11465997131945699 -1.34743181668012 -0.016814966150714858 -0.5023403974252382 1697176520.3296292 0.0946309549908468 0 0.04950260503853324 0.2048273336856547 0.04950260503853324 0.2048273336856547 0.000274079172112921 -0.312366143341397
0.3828908514479368 -0.11434458959694586 -1.3765238030977014 0.010608401624308015 -0.35372808052479926 1697176520.3814137 0.119075555545413 0 0.2456671618765884 0.21637996350558591 0.2456671618765884 0.21637996350558591 0.0125574372659870 -0.301547145166079
0.3828817508959244 -0.11469790312751289 -1.4079684553976486 0.004996966842254785 -0.4730481279103586 1697176520.4314744 0.108020011028911 1 -0.2245378785638792 0.2927145676001515 -0.246324664143891 -0.202752970435849 0.000241204058859695 -0.311684793687816
0.3829857903563492 -0.11551678164999957 -1.4197631061919422 0.028453393709227892 -0.3345633326681153 1697176520.481631 0.108231896155895 1 0.10861586439920073 0.3137639884474065 0.0851071005481149 -0.272164070961138 0.00449655908628092 -0.325292997235922
0.38298854750573985 -0.11577925178270859 -1.4355020936290517 0.004976985226863165 -0.47298829429993644 1697176520.53339 0.108444754119679 1 -0.19379096552562503 0.19993260332431553 -0.212207211351453 -0.357127032707076 -0.00611380148123383 -0.343149348871178
0.38296506796691004 -0.11591695773254361 -1.4510662635378273 0.004922309344209085 -0.4735202929409192 1697176520.5826695 0.108653677459848 1 0.2878496889772274 0.3167760151957375 0.266627026999288 -0.421147227635564 0.00721754986877909 -0.364206710253033
0.3829255152109019 -0.1161899728567183 -1.4849573378103715 -0.004782349827142302 -0.5211476622490239 1697176520.6327298 0.117065974027852 0 0.15443776662673206 0.33420455084104606 0.15443776662673206 0.33420455084104606 0.0149394382001438 -0.347496482710920
0.38290679741524875 -0.11717729888227953 -1.5176620942746093 0.048514030007356254 -0.36139657909064626 1697176520.6829853 0.142806500523904 1 0.05054061310080819 0.23240228888438996 -1.13599775266523 -2.30532774864104 -0.0418604494328075 -0.462762870142343
0.382894713252383 -0.11907495421556472 -1.5526260388807769 0.027572931637878502 -0.5292728313104323 1697176520.7329934 0.142419850085421 1 -0.2734569610011609 0.34596035543070314 -0.799971744392373 -2.45131161228626 -0.0818590366525717 -0.585328450757101
0.3828693067176854 -0.1192120914390224 -1.5660763646109086 -0.0013616927479440225 -0.3639383188892978 1697176520.7841527 0.143687213232482 1 0.03901187696043083 0.24282217516843613 -0.486297506082257 -2.60995996707913 -0.106660209462733 -0.718436409077957
0.38284470412926114 -0.1178491712608841 -1.5966924768989808 -0.08595116844601906 -0.5157897525879758 1697176520.8338017 0.0815468488822940 1 0.3509321156171906 0.21908718270494693 0.363554042402321 -0.115003027540677 -0.0888460613850274 -0.724071557427447
0.38296398895871375 -0.11137355816315193 -1.6551921103936513 -0.12190781100641568 -1.087670848778062 1697176520.8840575 0.169350161299114 0 0.9438703412006826 0.2951561553725971 0.9438703412006826 0.2951561553725971 -0.0416525443248216 -0.709313749658764
0.38354985061794367 -0.10324315336152246 -1.6913659019800111 -0.12359114484740691 -1.0969014353584035 1697176520.939075 0.286507023177826 0 0.4684700090369856 0.43512290470665194 0.4684700090369856 0.43512290470665194 -0.0177605738639677 -0.687122481518755
0.3839132147953767 -0.10026809558089796 -1.7306725082614196 -0.08071415540304457 -1.0923104648430189 1697176520.9967546 0.282135645710612 0 0.13156165874824258 0.31160608848043675 0.13156165874824258 0.31160608848043675 -0.0102615593153456 -0.669360934475436
0.3842362265683591 -0.0980496227652228 -1.7676416262220231 -0.06226433013972416 -1.034518979719825 1697176521.040475 0.245218148342457 0 -0.41508327282761753 0.4047778578306304 -0.41508327282761753 0.4047778578306304 -0.0276950567740708 -0.652360264446583
0.384645737974478 -0.0953438485059321 -1.8522367915617537 -0.029171324262853984 -1.3387865523737381 1697176521.0893903 0.220721130695828 0 -0.09836608756267066 0.3572948890444084 -0.09836608756267066 0.3572948890444084 -0.0326133611522223 -0.634495519994298
0.38538770417666457 -0.09258420563151674 -1.9210560825258542 -0.03835109064825756 -0.933829028998007 1697176521.1389477 0.195522016769687 0 -0.26134439663607106 0.646360820780818 -0.26134439663607106 0.646360820780818 -0.0456805809840733 -0.602177478955139
0.3857838883696222 -0.09134539008849739 -1.9524737782772783 -0.039236614844814846 -0.9493007732283109 1697176521.190316 0.179670211679496 0 0.16597320917866576 0.5566018636048267 0.16597320917866576 0.5566018636048267 -0.0373819205251853 -0.574347385775050
0.38648579364493746 -0.08948319308879386 -1.9832279647457733 -0.06505103740966728 -0.948037563421005 1697176521.2412927 0.179261771356055 1 0.0832999171925885 0.34108659417857146 0.0849254781878574 0.338166211890653 -0.0330507211376105 -0.557100908968650
0.3878986438400491 -0.0861775433096252 -2.069837751708693 -0.04101772490393901 -0.8347620416448933 1697176521.293244 0.162675659236467 0 0.2869632432515572 0.5145878848277428 0.2869632432515572 0.5145878848277428 -0.0189895222182904 -0.531886102612102
0.38981118789689423 -0.08238508753788391 -2.1270737300823903 -0.04507912744732662 -0.9021617808560191 1697176521.343097 0.144704322273093 1 -0.10505757471826593 0.4958499766096619 0.139369135536684 0.0864044577939487 -0.0120210654414309 -0.527565879722388
0.390199550325072 -0.08166481445051306 -2.154465470647823 -0.021457205654106304 -0.7974158068838166 1697176521.4057133 0.149432341953357 1 0.11195822934547756 0.45442885622398543 0.438292323296536 -0.0273511945219513 0.0138381816331509 -0.529179600199189
0.39035697114031126 -0.08132633412876547 -2.1805032638699755 -0.010103585764893397 -0.791792765495763 1697176521.44999 0.137042208217094 1 -0.191031416665467 0.35306192031878586 0.686302694766359 -1.58458602106683 0.0454081055922810 -0.602070557167981
0.3900460999808899 -0.08166084474128622 -2.20677854173838 0.016570768224778654 -0.801693901480682 1697176521.4948146 0.142698775497789 1 -0.049117629128933145 0.3297156266744327 1.10517274554733 -2.70686711331195 0.102877088360891 -0.742827647060566
0.3871923239824552 -0.08509155258295761 -2.263134665649944 0.07700871462063541 -0.9050851288188387 1697176521.5501435 0.178590124918232 1 -0.23705510740661911 0.3538488651707257 1.30841687113038 -6.06525752808573 0.15 -1.02789475088075
