1711532995.0784624 0 0 1e-05 1e-06 1e-06 0.41058648687484867 0.0 0.41058648685726856 1.7341301048056902e-11 0.15 9.408726981814051e-12 -30 -30 0 0
1711532995.2677715 0 0 1e-05 1e-06 1e-06 0.3 0.0 0.2999999999852286 1.4570776511428764e-11 0.15 1.2167069650123988e-11 -30 -30 0 0
1711532995.318111 0.10088891535997391 1.365543782711029 -0.018253551485260058 -0.0014463249826803803 -0.005090236663818359 0.3 0.0 0.2999999999852286 1.4570776511428764e-11 0.15 1.2900561624811465e-11 1.4574549794197083 0.39304016530513763 0.0 0.0
1711532995.3679943 0.10088891535997391 1.365543782711029 -0.018253551485260058 -0.0005385252297855914 -0.005047372076660395 0.3144906915584402 1.3522356387635324 0.020852334475542078 1.3931014301466753 0.15 0.06949026302527574 1.4574549794197083 0.39304016530513763 0.0 0.0
1711532995.419046 0.10088891535997391 1.365543782711029 -0.018253551485260058 -0.0005385252297855914 -0.005047372076660395 0.29396371967676677 0.016655253919169468 0.0006607603486170066 0.0018392186350253883 0.15 0.06958415109393869 1.4574549794197083 0.39304016530513763 0.0 0.0
1711532995.4680607 0.10101501643657684 1.365597903728485 -0.017079566789408415 0.006508462131023407 -0.006004742346704006 0.22947318708070905 0.006471137315678919 0.22947318701820044 0.006471137130500869 0.15 0.06990132800130838 1.4581294655799866 0.4054459184408188 0.0 0.0
1711532995.5179684 0.10101501643657684 1.365597903728485 -0.017079566789408415 0.006508462131023407 -0.006004742346704006 0.2869830757379532 0.016531973236097872 0.2869830756782602 0.016531973059261018 0.15 0.0707263768448616 1.4581294655799866 0.4054459184408188 0.0 0.0
1711532995.5679572 0.109154112637043 1.3656484484672546 -0.02408508052516373 0.13016924262046814 0.009180818684399128 -0.7810872791851833 0.07284469985909539 -0.5303976547513722 1.0147903263504623 0.12348633892986745 0.12145398947489415 1.4587264657020569 0.4174565523862839 0.0 0.0
1711532995.6178777 0.109154112637043 1.3656484484672546 -0.02408508052516373 0.13016924262046814 0.009180818684399128 -0.09555590665732794 0.017227030995381618 -0.09555590675806445 0.017227030631387735 0.11871656751926186 0.12231389443506853 1.4587264657020569 0.4174565523862839 0.0 0.0
1711532995.6681702 0.12487725540995598 1.3646999597549438 -0.019768819181900703 0.15028220415115356 0.06502307951450348 0.03966151475906371 0.017227030995381618 0.039661514677019054 0.017227030698927517 0.12071126283749085 0.12318029295166498 1.4595646262168884 0.4298802614212036 0.0 0.0
1711532995.7179558 0.12487725540995598 1.3646999597549438 -0.019768819181900703 0.14933304488658905 0.052947998046875 -0.15264848919846546 -0.009500863928623458 -0.15264848930200262 -0.009500864320182083 0.11311214637710597 0.12270732283074527 1.4595646262168884 0.4298802614212036 0.0 0.0
1711532995.7679262 0.12487725540995598 1.3646999597549438 -0.019768819181900703 0.1506294459104538 0.10133952647447586 0.004951432531980255 0.01689847929378589 0.004951432450015832 0.01689847897960742 0.11335956783829093 0.12355173430220227 1.4595646262168884 0.4298802614212036 0.0 0.0
1711532995.818106 0.12487725540995598 1.3646999597549438 -0.019768819181900703 0.13920877873897552 0.10336562991142273 -0.01447545989635958 0.01689847929378589 -0.014475459979636347 0.01689847895998139 0.1126332071156027 0.12439967912792603 1.4595646262168884 0.4298802614212036 0.0 0.0
1711532995.868017 0.14925121888518333 1.3635002970695496 -0.003142507438648433 0.1313290297985077 0.16517572104930878 0.1920293956172396 0.01689847929378589 0.1920293955394178 0.016898478943380008 0.12221704113628082 0.1252430511384474 1.4603520035743713 0.4484550803899765 0.0 0.0
1711532995.9179096 0.14925121888518333 1.3635002970695496 -0.003142507438648433 0.12004496902227402 0.09326253831386566 0.03734194040298461 -0.10748738072312707 0.03734194031139873 -0.10748738112099654 0.12408004988857967 0.1198804499955986 1.4603520035743713 0.4484550803899765 0.0 0.0
1711532995.9679494 0.15795886144042015 1.3636708855628967 0.0018909519259484272 0.11762025207281113 0.11206900328397751 0.18062873784050193 0.015366172436676354 0.18062873775897365 0.015366172112587529 0.13311836860299917 0.1206493440414592 1.4607574939727783 0.45572490990161896 0.0 0.0
1711532996.0180092 0.15795886144042015 1.3636708855628967 0.0018909519259484272 0.1110570952296257 0.0490996316075325 0.05973627714605234 -0.026856987378919152 0.05973627705447792 -0.02685698774985739 0.13610866895565796 0.11930492714941703 1.4607574939727783 0.45572490990161896 0.0 0.0
1711532996.067986 0.17284027487039566 1.3630995750427246 0.017924310616779907 0.11943480372428894 0.0711679458618164 0.1304176664743726 0.014844297898207898 0.13041766639109567 0.014844297590930798 0.14262625009297447 0.12004676617056033 1.4614808559417725 0.4703650027513504 0.0 0.0
1711532996.1179516 0.17284027487039566 1.3630995750427246 0.017924310616779907 0.1167743057012558 0.11795217543840408 -0.005941231668964514 -0.1100918260560887 -0.005941231780941965 -0.11009182646886839 0.1423294097612335 0.11454627477485091 1.4614808559417725 0.4703650027513504 0.0 0.0
1711532996.167922 0.19713397324085236 1.3632299900054932 0.04507021883061661 0.1258302628993988 0.1326901614665985 -0.0028554949524187967 0.013303011267888815 -0.0028554950526360067 0.013303010866222846 0.1421867222875557 0.11521101870815166 1.4620697498321533 0.4912308305501938 0.0 0.0
1711532996.2179778 0.19713397324085236 1.3632299900054932 0.04507021883061661 0.13260598480701447 0.14285549521446228 -0.010951177503916602 -0.20749023152849494 -0.010951177629354839 -0.20749023201544062 0.14163857123940515 0.10482528741881603 1.4620697498321533 0.4912308305501938 0.0 0.0
1711532996.2679396 0.21009454131126404 1.363385796546936 0.06119418883467838 0.1327519714832306 0.16456112265586853 0.028050561881733445 0.010574257289197477 0.028050561772810918 0.010574256874517032 0.1430400078831525 0.10535358881913627 1.462226927280426 0.5021646618843079 0.0 0.0
1711532996.3179746 0.21009454131126404 1.363385796546936 0.06119418883467838 0.1327519714832306 0.16456112265586853 0.033328919397787725 -0.12131619131887085 0.033328919275281636 -0.12131619178352859 0.14470753294543628 0.09928385134613353 1.462226927280426 0.5021646618843079 0.0 0.0
1711532996.3678849 0.22302228212356567 1.3638452291488647 0.07948455168594247 0.14246301352977753 0.12978485226631165 -0.06275546313092394 0.008944938788784678 -0.0627554632596265 0.008944938328160797 0.1415754483608535 0.09973028743300887 1.46305650472641 0.5126636177301407 0.0 0.0
1711532996.418137 0.22302228212356567 1.3638452291488647 0.07948455168594247 0.1401822566986084 0.12771785259246826 0.03265719817545867 -0.14249894802687704 0.03265719804159504 -0.14249894850845 0.14321649766477446 0.09256960573700389 1.46305650472641 0.5126636177301407 0.0 0.0
1711532996.4678612 0.2372865080833435 1.364526391029358 0.09364458398404216 0.13999973237514496 0.15307962894439697 0.023781614629635267 0.007066000383178988 0.023781614499993803 0.007065999935716272 0.14439897173054883 0.0929209427613573 1.46368008852005 0.5238004475831985 0.0 0.0
1711532996.517995 0.2372865080833435 1.364526391029358 0.09364458398404216 0.14184530079364777 0.07090717554092407 0.0030407803796057304 -0.11330405718617532 0.0030407802283915894 -0.11330405766202759 0.144551420209826 0.08724048248828907 1.46368008852005 0.5238004475831985 0.0 0.0
1711532996.5679255 0.2372865080833435 1.364526391029358 0.09364458398404216 0.140016570687294 0.04791199043393135 0.0028845907812929082 0.005575997636118219 0.002884590641058296 0.0055759971647116454 0.1446954329662303 0.08751886331292424 1.46368008852005 0.5238004475831985 0.0 0.0
1711532996.6179447 0.2510099560022354 1.3651204705238342 0.10382174777132493 0.14395453035831451 0.09135156869888306 0.04531507061286586 -0.08205856914868123 0.045315070467116705 -0.08205856958907677 0.1469619514095798 0.08341454968191084 1.4644461870193481 0.5346513092517853 0.0 0.0
1711532996.6678462 0.2510099560022354 1.3651204705238342 0.10382174777132493 0.1417398452758789 0.08033646643161774 0.002706500297565622 0.004493728662021675 0.002706500149970461 0.004493728200598108 0.14709700591573582 0.08363878696596855 1.4644461870193481 0.5346513092517853 0.0 0.0
1711532996.718022 0.2510099560022354 1.3651204705238342 0.10382174777132493 0.1401347815990448 0.0540468767285347 0.016520309448242176 0.004493728662021675 0.016520309303264705 0.004493728208781734 0.1479259352671654 0.08386426598946783 1.4644461870193481 0.5346513092517853 0.0 0.0
1711532996.767938 0.2652996778488159 1.365685224533081 0.11176933751488406 0.14711835980415344 0.05475059151649475 0.032593284364138414 -0.0649724910616425 0.032593284215397214 -0.06497249150874652 0.1495527693363644 0.08062128310843499 1.4649417996406555 0.5461291670799255 0.0 0.0
1711532996.817933 0.2652996778488159 1.365685224533081 0.11176933751488406 0.1436106413602829 0.07750029116868973 -0.05011205939561197 0.0036375920120812356 -0.050112059556833406 0.0036375915284141617 0.14704746743920283 0.08080314082966672 1.4649417996406555 0.5461291670799255 0.0 0.0
1711532996.8679457 0.2854687422513962 1.3676339983940125 0.11575074720561641 0.1461821347475052 0.12221141904592514 0.040834605227031195 0.0036375920120812356 0.04083460508512958 0.0036375915755467937 0.1490896241183686 0.08098505839484443 1.4656398296356201 0.5618152320384979 0.0 0.0
1711532996.91799 0.2854687422513962 1.3676339983940125 0.11575074720561641 0.15186412632465363 0.06099604070186615 -0.0129190839216148 -0.045733427626499956 -0.01291908406797955 -0.045733428095799986 0.14844313150480787 0.07869648102347901 1.4656398296356201 0.5618152320384979 0.0 0.0
1711532996.9679687 0.2854687422513962 1.3676339983940125 0.11575074720561641 0.1467161774635315 0.11542590707540512 -0.049204395420581276 0.0030275714875762486 -0.049204395573899155 0.0030275710274862296 0.1459840050778746 0.07884779230037352 1.4656398296356201 0.5618152320384979 0.0 0.0
1711532997.0179253 0.29710693657398224 1.368376076221466 0.12175794705563313 0.15186412632465363 0.07614493370056152 0.04779629519752767 0.0030275714875762486 0.04779629506247145 0.003027571057865025 0.1483712079767243 0.07899900541001648 1.4660724997520447 0.5704381167888641 0.0 0.0
1711532997.0679414 0.29710693657398224 1.368376076221466 0.12175794705563313 0.14691202342510223 0.11654392629861832 0.004609639558154914 -0.05215301676559187 0.004609639413209582 -0.05215301722259751 0.14860175676802445 0.07639059854659226 1.4660724997520447 0.5704381167888641 0.0 0.0
1711532997.1178958 0.29710693657398224 1.368376076221466 0.12175794705563313 0.15186412632465363 0.10948255658149719 -0.04338217425068948 0.0023461345927218453 -0.04338217440016781 0.0023461341266381584 0.14643467736744958 0.07650779550610666 1.4660724997520447 0.5704381167888641 0.0 0.0
1711532997.1679835 0.29710693657398224 1.368376076221466 0.12175794705563313 0.1487002819776535 0.07613375782966614 0.04948317950669725 0.0023461345927218453 0.0494831793705993 0.002346134162712291 0.14891315193804697 0.07662530682885216 1.4660724997520447 0.5704381167888641 0.0 0.0
1711532997.2179558 0.29710693657398224 1.368376076221466 0.12175794705563313 0.1487002819776535 0.07613375782966614 -0.014729011466114036 0.0023461345927218453 -0.01472901161309833 0.0023461341486722158 0.1481771550651587 0.07674254126671923 1.4660724997520447 0.5704381167888641 0.0 0.0
1711532997.2679715 0.29710693657398224 1.368376076221466 0.12175794705563313 0.14606375992298126 0.049887847155332565 0.05049797851754348 0.0023461345927218453 0.0504979783809853 0.002346134158101799 0.15 0.07685988142447027 1.4660724997520447 0.5704381167888641 0.0 0.0
1711532997.3179514 0.29710693657398224 1.368376076221466 0.12175794705563313 0.14342722296714783 0.07289765030145645 -0.009370745683191808 0.0023461345927218453 -0.009370745831263325 0.002346134156484359 0.1495316754004599 0.07697713488103476 1.4660724997520447 0.5704381167888641 0.0 0.0
1711532997.3679762 0.29710693657398224 1.368376076221466 0.12175794705563313 0.14342722296714783 0.07289765030145645 0.034228319424838796 0.0023461345927218453 0.034228319285078766 0.002346134170745049 0.15 0.07709449461708728 1.4660724997520447 0.5704381167888641 0.0 0.0
1711532997.4180686 0.29710693657398224 1.368376076221466 0.12175794705563313 0.14306040108203888 0.06496387720108032 -0.04740710496302148 0.0023461345927218453 -0.04740710511404583 0.002346134119562656 0.14762536326841583 0.07721201320937707 1.4660724997520447 0.5704381167888641 0.0 0.0
1711532997.467961 0.29710693657398224 1.368376076221466 0.12175794705563313 0.15502795577049255 0.12145750224590302 0.06543901719507733 0.0023461345927218453 0.06543901705983737 0.002346134187661605 0.15 0.07732906250037723 1.4660724997520447 0.5704381167888641 0.0 0.0
1711532997.5180187 0.29710693657398224 1.368376076221466 0.12175794705563313 0.14755591750144958 0.04923597350716591 -0.031036258786044456 0.0023461345927218453 -0.031036258938828352 0.002346134143112472 0.14844647182096715 0.07744649886763721 1.4660724997520447 0.5704381167888641 0.0 0.0
1711532997.5679593 0.29710693657398224 1.368376076221466 0.12175794705563313 0.14680197834968567 0.12335114926099777 -0.061989334603707896 0.0023461345927218453 -0.061989334762169196 0.00234613412811019 0.1453508654645191 0.07756365946869741 1.4660724997520447 0.5704381167888641 0.0 0.0
1711532997.6180034 0.29710693657398224 1.368376076221466 0.12175794705563313 0.15423700213432312 0.05232170224189758 0.06582669745280359 0.0023461345927218453 0.06582669731857554 0.002346134166408221 0.14864494369542364 0.07768106395349093 1.4660724997520447 0.5704381167888641 0.0 0.0
1711532997.6680846 0.29710693657398224 1.368376076221466 0.12175794705563313 0.14471109211444855 0.04641517251729965 0.02727808522818971 0.0023461345927218453 0.027278085087194377 0.0023461341785891076 0.15 0.07779855905553433 1.4660724997520447 0.5704381167888641 0.0 0.0
1711532997.7179933 0.29710693657398224 1.368376076221466 0.12175794705563313 0.1487002819776535 0.06267055869102478 -0.02937433617009777 0.0023461345927218453 -0.029374336321154614 0.0023461341424470747 0.14853405092269323 0.07791564470280668 1.4660724997520447 0.5704381167888641 0.0 0.0
1711532997.767949 0.29710693657398224 1.368376076221466 0.12175794705563313 0.1467161774635315 0.057190150022506714 0.022455193337788736 0.0023461345927218453 0.0224551931966923 0.002346134174092563 0.14965577088714124 0.07803284278341553 1.4660724997520447 0.5704381167888641 0.0 0.0
1711532997.8180146 0.29710693657398224 1.368376076221466 0.12175794705563313 0.1459779143333435 0.12622462213039398 -0.04485971216231083 0.0023461345927218453 -0.04485971231425465 0.0023461341312099185 0.14740994243706718 0.07815029816838658 1.4660724997520447 0.5704381167888641 0.0 0.0
1711532997.8679602 0.29710693657398224 1.368376076221466 0.12175794705563313 0.14949123561382294 0.09858794510364532 0.05518831401518606 0.0023461345927218453 0.055188313879707865 0.0023461341607956265 0.15 0.0782674693989565 1.4660724997520447 0.5704381167888641 0.0 0.0
1711532997.9179988 0.29710693657398224 1.368376076221466 0.12175794705563313 0.14888639748096466 0.1382664144039154 -0.02102316542406596 0.0023461345927218453 -0.021023165568413424 0.0023461341278631642 0.14894805077854642 0.07838486437266776 1.4660724997520447 0.5704381167888641 0.0 0.0
1711532997.9679773 0.29710693657398224 1.368376076221466 0.12175794705563313 0.14324770867824554 0.13416244089603424 -0.003823489284559751 0.0023461345927218453 -0.00382348942845683 0.002346134152173713 0.14875696764853344 0.07850211503220696 1.4660724997520447 0.5704381167888641 0.0 0.0
1711532998.0180328 0.307074710726738 1.3691666722297668 0.12289702168993324 0.14949123561382294 0.06454065442085266 0.06339931447165029 0.0023461345927218453 0.06339931433649708 0.0023461341569430434 0.15 0.07861954748462543 1.4665486216545105 0.5780645608901978 0.0 0.0
1711532998.0679483 0.307074710726738 1.3691666722297668 0.12289702168993324 0.14553645253181458 0.042382966727018356 -0.0490187747634192 -0.013875813617241866 -0.04901877491643998 -0.013875814073986161 0.14755337608965466 0.07792697818751852 1.4665486216545105 0.5780645608901978 0.0 0.0
1711532998.1179862 0.307074710726738 1.3691666722297668 0.12289702168993324 0.14455214142799377 0.08543200045824051 0.04054262579892123 0.002146211855562727 0.04054262566380644 0.0021462114604449854 0.1495819650230177 0.07803436592440115 1.4665486216545105 0.5780645608901978 0.0 0.0
1711532998.1679344 0.307074710726738 1.3691666722297668 0.12289702168993324 0.14419421553611755 -0.04915396496653557 0.018778670984291215 0.002146211855562727 0.018778670845974572 0.0021462114328234857 0.15 0.07814156126194993 1.4665486216545105 0.5780645608901978 0.0 0.0
1711532998.2180202 0.307074710726738 1.3691666722297668 0.12289702168993324 0.15100613236427307 0.0624525360763073 0.014470207920457619 0.002146211855562727 0.014470207779106105 0.002146211476733346 0.15 0.07824905082728902 1.4665486216545105 0.5780645608901978 0.0 0.0
1711532998.267963 0.307074710726738 1.3691666722297668 0.12289702168993324 0.148029163479805 0.003892363980412483 -0.05657295296136899 0.002146211855562727 -0.05657295311465439 0.0021462113992438414 0.1471747405406933 0.07835623285904714 1.4665486216545105 0.5780645608901978 0.0 0.0
1711532998.3180091 0.3131100535392761 1.3702607154846191 0.12184202748271727 0.15132559835910797 0.045584872364997864 0.027735889471632708 0.002146211855562727 0.027735889335918588 0.0021462114581053808 0.14856279010769083 0.07846364055198346 1.4671381115913391 0.5829625427722931 0.0 0.0
1711532998.3679507 0.3131100535392761 1.3702607154846191 0.12184202748271727 0.15186412632465363 -0.008406738750636578 -0.029055058112863092 0.0010460515743390684 -0.02905505825650239 0.0010460511523570542 0.1471118188876051 0.07851587896442815 1.4671381115913391 0.5829625427722931 0.0 0.0
1711532998.418046 0.3131100535392761 1.3702607154846191 0.12184202748271727 0.15186412632465363 -0.008406738750636578 -0.008028503953423319 0.0021326460820520004 -0.008028504094202488 0.0021326456887495707 0.14670964946349843 0.07862270893902919 1.4671381115913391 0.5829625427722931 0.0 0.0
1711532998.4679806 0.3131100535392761 1.3702607154846191 0.12184202748271727 0.1524265855550766 0.02347760647535324 0.08073140450068625 0.0021326460820520004 0.08073140437472529 0.0021326457174264033 0.15 0.0787291982452844 1.4671381115913391 0.5829625427722931 0.0 0.0
1711532998.5180776 0.3163203150033951 1.3703429102897644 0.12051722841547888 0.14496120810508728 0.0544443279504776 -0.07671279226097898 0.012120245871871193 -0.07671279241494137 0.012120245427875148 0.14615713958399215 0.07933635136695867 1.466995358467102 0.5847993791103363 0.0 0.0
1711532998.5680087 0.3163203150033951 1.3703429102897644 0.12051722841547888 0.15071363747119904 0.043370507657527924 0.06988507499167436 0.0022561790378473334 0.06988507486774763 0.0022561786735673427 0.14964645807252538 0.07944900097023964 1.466995358467102 0.5847993791103363 0.0 0.0
1711532998.617923 0.3240966200828552 1.3711522221565247 0.12338323847892023 0.14668692648410797 0.115679070353508 0.012237876741023257 -0.0281481264640274 0.012237876604412829 -0.02814812685688047 0.15 0.07804407905307445 1.4671959280967712 0.5904591977596283 0.0 0.0
1711532998.6678503 0.3240966200828552 1.3711522221565247 0.12338323847892023 0.14342722296714783 0.11667157709598541 -0.008928920351858586 0.0018814716832927557 -0.008928920486564438 0.0018814712586325407 0.14955422923754558 0.07813801032715834 1.4671959280967712 0.5904591977596283 0.0 0.0
1711532998.7180254 0.3240966200828552 1.3711522221565247 0.12338323847892023 0.14888639748096466 0.11003484576940536 0.03913151305931342 0.0018814716832927557 0.03913151293033442 0.0018814712751318216 0.15 0.07823241574870334 1.4671959280967712 0.5904591977596283 0.0 0.0
1711532998.7679873 0.3240966200828552 1.3711522221565247 0.12338323847892023 0.14792689681053162 0.08936060965061188 -0.04148208136137957 0.0018814716832927557 -0.04148208150143463 0.001881471245111648 0.14792759899996397 0.07832641206587883 1.4671959280967712 0.5904591977596283 0.0 0.0
1711532998.8180685 0.3240966200828552 1.3711522221565247 0.12338323847892023 0.14790932834148407 0.06843730807304382 0.011810013395394822 0.0018814716832927557 0.011810013263233261 0.001881471278186711 0.1485190395526585 0.07842063536502734 1.4671959280967712 0.5904591977596283 0.0 0.0
1711532998.8679802 0.3240966200828552 1.3711522221565247 0.12338323847892023 0.14917148649692535 0.09233520179986954 0.004322145663498774 0.0018814716832927557 0.0043221455293967065 0.00188147128079596 0.14873475607118977 0.07851453882839975 1.4671959280967712 0.5904591977596283 0.0 0.0
1711532998.917894 0.33240368962287903 1.3719423413276672 0.13126861062255146 0.14966319501399994 0.07003805041313171 -0.008458480524769765 -0.06908555522673666 -0.008458480668374267 -0.06908555566177085 0.14831259473818303 0.07506649048341375 1.4674858450889587 0.5969366431236267 0.0 0.0
1711532998.9756987 0.5031587481498718 1.396000623703003 0.20229369522585214 0.14342722296714783 0.043155569583177567 -0.00272900339345034 0.0010068960991666044 -0.002729003532801183 0.0010068956863128785 0.14815484842544235 0.07512469270994855 1.4738590121269226 0.7233045101165771 0.0 0.0
1711532999.028619 0.5031587481498718 1.396000623703003 0.20229369522585214 0.1531732976436615 0.10331232100725174 0.060282036071146856 -0.7443327945718867 0.06028203589669016 -0.7443327950230355 0.15 0.0357357667159975 1.4738590121269226 0.7233045101165771 0.0 0.0
1711532999.070529 0.5031587481498718 1.396000623703003 0.20229369522585214 0.1531732976436615 0.10331232100725174 -0.09937112123840765 -0.008724908272398335 -0.09937112139647575 -0.008724908701778111 0.14583559987039024 0.03537012717789114 1.4738590121269226 0.7233045101165771 0.0 0.0
1711532999.118027 0.6114999353885651 1.4173156023025513 0.24353173596797817 0.15406504273414612 0.05367138981819153 0.08265995136832464 -0.008724908272398335 0.08265995124014203 -0.008724908609984735 0.14976182063691426 0.034955707415278085 1.478092908859253 0.803144097328186 0.0 0.0
1711532999.167972 0.6114999353885651 1.4173156023025513 0.24353173596797817 0.144632488489151 0.07752520591020584 -0.08367776941801369 -0.5331361185109618 -0.0836777695827364 -0.5331361189120875 0.1455827641288966 0.008329687404122075 1.478092908859253 0.803144097328186 0.0 0.0
1711532999.2179582 0.6269291341304779 1.420923888683319 0.24733079048812553 0.15388897061347961 0.023534297943115234 -0.006368946364019048 -0.015191735883258967 -0.006368946498402494 -0.01519173620292572 0.14526441125313233 0.007570325881888116 1.4788076281547546 0.8145686089992523 0.0 0.0
1711532999.2679234 0.6269291341304779 1.420923888683319 0.24733079048812553 0.14987896382808685 -0.029547542333602905 0.11378343670292333 -0.07822333142980341 0.11378343658446129 -0.0782233317162547 0.15 0.003661979160290158 1.4788076281547546 0.8145686089992523 0.0 0.0
1711532999.3178706 0.6422548294067383 1.4251644015312195 0.24955968651192348 0.14987896382808685 -0.029547542333602905 -0.06494367242538907 -0.015969349609292745 -0.0649436725783534 -0.01596934995669287 0.1467564426719222 0.0028644033531293085 1.479396939277649 0.8255696296691895 0.0 0.0
1711532999.3680332 0.6422548294067383 1.4251644015312195 0.24955968651192348 0.14656654000282288 0.04383990913629532 0.06699704288365471 -0.07173242599241914 0.06699704276327481 -0.07173242627496426 0.15 -0.0007338441334909045 1.479396939277649 0.8255696296691895 0.0 0.0
1711532999.4178894 0.6573567390441895 1.4288273453712463 0.25385617060707544 0.14318616688251495 0.01322371605783701 -0.02025511019158195 -0.016659986595012978 -0.020255110323854915 -0.016659986911698718 0.1489901960875608 -0.0015644157618668756 1.480102002620697 0.8367936313152313 0.0 0.0
1711532999.4679337 0.6573567390441895 1.4288273453712463 0.25385617060707544 0.14824829995632172 0.016181809827685356 0.01850604414570717 -0.08415467748759536 0.018506044021234583 -0.08415467778902389 0.1499163004238047 -0.005775797293554313 1.480102002620697 0.8367936313152313 0.0 0.0
1711532999.517873 0.6573567390441895 1.4288273453712463 0.25385617060707544 0.144632488489151 0.049413468688726425 -0.019297159470726244 -0.017493967809730296 -0.019297159601537474 -0.017493968113927835 0.14895265797545054 -0.00664939375089987 1.480102002620697 0.8367936313152313 0.0 0.0
1711532999.5679128 0.6740457713603973 1.4327449798583984 0.2592570856337852 0.14445611834526062 0.017403103411197662 0.039638388229933055 -0.09623051154764259 0.03963838810981461 -0.0962305118321105 0.15 -0.01146476920171575 1.4807909727096558 0.8490727245807648 0.0 0.0
1711532999.6178715 0.6740457713603973 1.4327449798583984 0.2592570856337852 0.14445611834526062 0.017403103411197662 0.012499971585143332 -0.018466792069443166 0.01249997146232086 -0.01846679235296719 0.15 -0.01238729341591606 1.4807909727096558 0.8490727245807648 0.0 0.0
1711532999.6679235 0.6876709163188934 1.4360661506652832 0.26181483809923756 0.1448632925748825 0.015925854444503784 -0.11351014765946266 -0.06886546043227773 -0.1135101478077412 -0.06886546076681882 0.144318598303861 -0.01583414247005247 1.4815383553504944 0.8597498834133148 0.0 0.0
1711532999.7234123 0.6876709163188934 1.4360661506652832 0.26181483809923756 0.1448632925748825 0.015925854444503784 0.09723421475054822 -0.019089636058473636 0.09723421464289916 -0.019089636305982174 0.14971382514951342 -0.01689336754478595 1.4815383553504944 0.8597498834133148 0.0 0.0
1711532999.7679355 0.7010106146335602 1.43992418050766 0.26214533566305515 0.14583776891231537 -0.06046181544661522 -0.050738386194671546 -0.06084924083123999 -0.05073838632729256 -0.0608492411090708 0.14745482413262362 -0.01960252933514473 1.4823572635650635 0.8705991208553314 0.0 0.0
1711532999.8180404 0.7010106146335602 1.43992418050766 0.26214533566305515 0.15186412632465363 -0.04589217156171799 0.04488934294930369 -0.019549330123653782 0.04488934284015338 -0.019549330360826466 0.1497039125939821 -0.02058200843998229 1.4823572635650635 0.8705991208553314 0.0 0.0
1711532999.8679564 0.7137889564037323 1.4434083104133606 0.2598285389025 0.15028220415115356 -0.10576223582029343 -0.036180043497018664 -0.03203004589115267 -0.03618004362051219 -0.03203004615280469 0.14789796574024092 -0.022180805878746226 1.4828775525093079 0.8802548050880432 0.0 0.0
1711532999.9180584 0.7137889564037323 1.4434083104133606 0.2598285389025 0.15186412632465363 -0.0664895623922348 -0.00056440830230714 -0.019703156002393172 -0.000564408415487945 -0.019703156242195104 0.1478696893671514 -0.02316791695231855 1.4828775525093079 0.8802548050880432 0.0 0.0
1711532999.9679275 0.7268637120723724 1.4468835592269897 0.25517992517230886 0.15186412632465363 -0.0664895623922348 -0.016417526154602378 -0.013193653838230145 -0.01641752626122075 -0.013193654072364471 0.14705100581317782 -0.02382583748395035 1.4831780791282654 0.8897616863250732 0.0 0.0
1711533000.0180774 0.7268637120723724 1.4468835592269897 0.25517992517230886 0.14824829995632172 -0.10204315185546875 -0.003728252649307262 -0.019623003807133485 -0.003728252753278771 -0.019623004035455287 0.14686404135587725 -0.024809892091532806 1.4831780791282654 0.8897616863250732 0.0 0.0
1711533000.0679486 0.7423131763935089 1.4507025480270386 0.2533869795778974 0.15068687498569489 -0.040531158447265625 0.03250513072051969 -0.019623003807133485 0.03250513062251839 -0.019623004016852057 0.14848508818094605 -0.02578850093729434 1.4834732413291931 0.9008150100708008 0.0 0.0
1711533000.1180515 0.7423131763935089 1.4507025480270386 0.2533869795778974 0.1486329734325409 -0.03290430083870888 -0.02084319133583298 -0.03932095746061494 -0.02084319143717507 -0.03932095768799564 0.14744083251444365 -0.027758503132100043 1.4834732413291931 0.9008150100708008 0.0 0.0
1711533000.1678698 0.7423131763935089 1.4507025480270386 0.2533869795778974 0.14318616688251495 -0.10880402475595474 0.0192262279219384 -0.019866671486664347 0.019226227829024636 -0.01986667169619525 0.14839859047442852 -0.028748164917274183 1.4834732413291931 0.9008150100708008 0.0 0.0
1711533000.2179277 0.7598580718040466 1.4551128149032593 0.24645013277335115 0.13957035541534424 -0.09234803169965744 -0.0014504585099869918 -0.0032812804282738237 -0.001450458596643066 -0.0032812806209551126 0.1483259828887716 -0.02891242045983279 1.484178900718689 0.9142907559871674 0.0 0.0
1711533000.267895 0.7598580718040466 1.4551128149032593 0.24645013277335115 0.14876484870910645 -0.06913895159959793 0.004767625671924045 -0.01966167751317401 0.004767625585883983 -0.019661677705176718 0.14856419912060262 -0.029894823689706897 1.484178900718689 0.9142907559871674 0.0 0.0
1711533000.318036 0.7813553512096405 1.4607685804367065 0.23658987358814682 0.15287654101848602 -0.09404897689819336 0.0024703025817870983 0.0093356256540181 0.002470302507955587 0.009335625485956945 0.14868805926229134 -0.029426738549640216 1.4851043224334717 0.9298548698425293 0.0 0.0
1711533000.367969 0.7813553512096405 1.4607685804367065 0.23658987358814682 0.15287654101848602 -0.09404897689819336 -0.03869141465407563 -0.01930269851386742 -0.038691414737366925 -0.01930269870059071 0.14675611942472908 -0.0303905609594762 1.4851043224334717 0.9298548698425293 0.0 0.0
1711533000.4180095 0.795442521572113 1.4645211696624756 0.2250094916516112 0.15248145163059235 -0.10560344159603119 0.10554476651377549 0.04073718997637105 0.10554476645680075 0.040737189837759265 0.15 -0.028352120272113233 1.4857601523399353 0.9409371316432953 0.0 0.0
1711533000.4709306 0.795442521572113 1.4645211696624756 0.2250094916516112 0.14535565674304962 0.004523140843957663 -0.08615548837825587 -0.018560897019359045 -0.08615548845175491 -0.018560897187049785 0.14544072483509468 -0.029334347163330554 1.4857601523399353 0.9409371316432953 0.0 0.0
1711533000.5180633 0.8075728118419647 1.467592179775238 0.22399934046278816 0.15240263938903809 -0.04575100168585777 -0.004136421791309157 -0.018560897019359045 -0.00413642185595324 -0.018560897172864792 0.1452457649647897 -0.03020916850205786 1.4864796996116638 0.9495226442813873 0.0 0.0
1711533000.5678596 0.8075728118419647 1.467592179775238 0.22399934046278816 0.14656654000282288 -0.046602513641119 0.051388022998490705 -0.03805838752249752 0.051388022941392074 -0.0380583876662735 0.1478045045437985 -0.03210419184136824 1.4864796996116638 0.9495226442813873 0.0 0.0
1711533000.617968 0.8262315690517426 1.4724208116531372 0.2149714440503458 0.14969463646411896 -0.018477439880371094 0.008746359873689439 -0.018800620249137152 0.008746359812968875 -0.018800620393556455 0.14824276884117224 -0.03304625698197163 1.487391710281372 0.9640283286571503 0.0 0.0
1711533000.66789 0.8262315690517426 1.4724208116531372 0.2149714440503458 0.14411595463752747 -0.002384185791015625 -0.02445386778357411 0.010962674873298973 -0.02445386783793469 0.01096267473668406 0.1470220180907158 -0.03249899413175467 1.487391710281372 0.9640283286571503 0.0 0.0
1711533000.7179177 0.8262315690517426 1.4724208116531372 0.2149714440503458 0.14318616688251495 -0.04017523303627968 0.056373978460497375 -0.018433748774382412 0.056373978411410154 -0.01843374889774472 0.1498422062301908 -0.033421168536904654 1.487391710281372 0.9640283286571503 0.0 0.0
1711533000.7679508 0.8414309322834015 1.4753375053405762 0.21262017938788583 0.144632488489151 -0.019415786489844322 0.014818841121043053 -0.025611973809652692 0.014818841073739932 -0.025611973928418106 0.15 -0.03470260869117109 1.487943172454834 0.975497841835022 0.0 0.0
1711533000.8191316 0.8414309322834015 1.4753375053405762 0.21262017938788583 0.14721521735191345 0.003913227468729019 0.0043120686583563925 -0.018522426347795846 0.004312068610437442 -0.018522426468038533 0.15 -0.03565053137064721 1.487943172454834 0.975497841835022 0.0 0.0
1711533000.8679626 0.8546659350395203 1.4779231548309326 0.21217324322732897 0.14480067789554596 -0.06337914615869522 -0.015586496730231103 -0.038621263304943206 -0.015586496776109115 -0.038621263422882836 0.14923888112933742 -0.03753648257714563 1.4885116219520569 0.9855835139751434 0.0 0.0
1711533000.9178545 0.8546659350395203 1.4779231548309326 0.21217324322732897 0.14480067789554596 -0.06337914615869522 0.02975855111140899 -0.018764833345392782 0.02975855106825272 -0.018764833451137625 0.15 -0.03847261168123928 1.4885116219520569 0.9855835139751434 0.0 0.0
1711533000.9679046 0.8700071275234222 1.4811721444129944 0.2123239831382838 0.1469012349843979 -0.04492086544632912 0.01039864420890807 -0.049181698587286465 0.010398644166775543 -0.04918169869126358 0.15 -0.04093414496925674 1.4892452955245972 0.9972000420093536 0.0 0.0
1711533001.0178938 0.8700071275234222 1.4811721444129944 0.2123239831382838 0.1469012349843979 -0.04492086544632912 -0.010610869995504934 -0.01914071945800734 -0.010610870038277667 -0.019140719564959722 0.14946958096565113 -0.041890956423149175 1.4892452955245972 0.9972000420093536 0.0 0.0
1711533001.0678809 0.8852317333221436 1.4848124384880066 0.20572984762507676 0.14680197834968567 -0.0662061870098114 -0.05088997385545749 0.001527315589890551 -0.05088997389789716 0.0015273154842929306 0.14692588548298696 -0.041814614755028186 1.4900431036949158 1.0083393454551697 0.0 0.0
1711533001.1179075 0.8852317333221436 1.4848124384880066 0.20572984762507676 0.15260854363441467 -0.1393609195947647 0.05282469983494567 -0.018885638083088737 0.05282469980073102 -0.0188856381691519 0.14956847814825128 -0.04275938205314629 1.4900431036949158 1.0083393454551697 0.0 0.0
1711533001.1679013 0.9003746211528778 1.488318920135498 0.1956442749937333 0.15028220415115356 -0.02993767522275448 -0.028411021458607962 0.03126478526902453 -0.02841102149118145 0.03126478518272161 0.14814817228218877 -0.04119641263263507 1.490365445613861 1.0186170041561127 0.0 0.0
1711533001.2178614 0.9003746211528778 1.488318920135498 0.1956442749937333 0.14783741533756256 -0.08604607731103897 -0.00915772446358849 -0.01826660260791521 -0.0091577244967916 -0.01826660269287502 0.14769067076743608 -0.04210897539910654 1.490365445613861 1.0186170041561127 0.0 0.0
1711533001.2678952 0.9150840044021606 1.4910351634025574 0.19159275329941008 0.15260854363441467 -0.059585362672805786 0.030736408728070472 -0.009897584399417842 0.030736408700730765 -0.009897584470529915 0.14922848636264735 -0.04260417507913097 1.4907705187797546 1.0291653871536255 0.0 0.0
1711533001.3179176 0.9150840044021606 1.4910351634025574 0.19159275329941008 0.15083102881908417 -0.05772162601351738 -0.04336941297769513 -0.018163215316861884 -0.043369413009375385 -0.018163215400770705 0.14705906649340134 -0.04351273338429661 1.4907705187797546 1.0291653871536255 0.0 0.0
1711533001.3679197 0.9293966293334961 1.4936056733131409 0.1896042049610851 0.1459086686372757 -0.06267019361257553 0.012557871027945198 -0.02518877030556072 0.012557871002568463 -0.02518877037391102 0.1476869684268131 -0.04477218871831052 1.491440773010254 1.0396187901496887 0.0 0.0
1711533001.417881 0.9448527693748474 1.49661123752594 0.18567634169518285 0.15037526190280914 -0.04498923569917679 0.047593905286641286 -0.01824995170737944 0.047593905262354734 -0.018249951772502968 0.15 -0.04568393704276807 1.492228090763092 1.0513546466827393 0.0 0.0
1711533001.4678597 0.9448527693748474 1.49661123752594 0.18567634169518285 0.14402985572814941 -0.03053176961839199 -0.036499327599131354 -0.013481397494538212 -0.03649932762344602 -0.013481397562173142 0.14817585335832728 -0.04635770414176239 1.492228090763092 1.0513546466827393 0.0 0.0
1711533001.5178697 0.9448527693748474 1.49661123752594 0.18567634169518285 0.144632488489151 -0.05457060784101486 0.06269414782648004 -0.01819110678512287 0.06269414780515656 -0.01819110684493501 0.15 -0.047267427763405576 1.492228090763092 1.0513546466827393 0.0 0.0
1711533001.5679026 0.9590453505516052 1.4995462894439697 0.18040528462642125 0.14432476460933685 -0.042220380157232285 0.008992681534875297 -0.0019209670060980066 0.008992681515310151 -0.0019209670620489395 0.15 -0.047363536480148516 1.4926226735115051 1.06196528673172 0.0 0.0
1711533001.617931 0.9590453505516052 1.4995462894439697 0.18040528462642125 0.14814196527004242 -0.055476147681474686 -0.026805119323278705 -0.01799011618290935 -0.026805119344448552 -0.017990116242989417 0.14865902314619853 -0.04826352611157103 1.4926226735115051 1.06196528673172 0.0 0.0
1711533001.6679158 0.9725619256496429 1.5021602511405945 0.1754027816437043 0.1439804583787918 -0.038171399384737015 0.04534180971726946 -0.000990079440008118 0.045341809700763264 -0.0009900794887136824 0.15 -0.048313014223221935 1.4929919242858887 1.0720394849777222 0.0 0.0
1711533001.7180405 0.9725619256496429 1.5021602511405945 0.1754027816437043 0.14969463646411896 -0.055381231009960175 0.01203908324241637 -0.017780305607921775 0.012039083225265 -0.017780305658531077 0.15 -0.04920422030156159 1.4929919242858887 1.0720394849777222 0.0 0.0
1711533001.7679684 0.9819673299789429 1.503620445728302 0.17357652831800172 0.14939478039741516 0.008940696716308594 -0.04516954025199192 -0.017780305607921775 -0.04516954027135051 -0.017780305664496145 0.1477448205331127 -0.05009193755546032 1.4933075904846191 1.079153835773468 0.0 0.0
1711533001.8179727 0.9819673299789429 1.503620445728302 0.17357652831800172 0.15304136276245117 -0.08147262036800385 0.0036092557111443565 -0.016129288308873085 0.0036092556954648463 -0.016129288357519832 0.14792528572732405 -0.05089841274079795 1.4933075904846191 1.079153835773468 0.0 0.0
1711533001.8679533 0.9819673299789429 1.503620445728302 0.17357652831800172 0.14535565674304962 -0.0419071726500988 -0.0352666842338904 -0.017759922409522233 -0.03526668425150668 -0.017759922461259674 0.14616263426324794 -0.0517860650390681 1.4933075904846191 1.079153835773468 0.0 0.0
1711533001.9180799 1.0059014558792114 1.507969856262207 0.16500926801933666 0.14390933513641357 -0.047773975878953934 -0.020646661967274438 0.012417875210177273 -0.02064666197961961 0.012417875170925283 0.14512773750136626 -0.05116362937288019 1.4943149089813232 1.0969135761260986 0.0 0.0
1711533001.9678788 1.0059014558792114 1.507969856262207 0.16500926801933666 0.15377436578273773 -0.07518845051527023 0.09725836660816067 -0.017386443240287486 0.09725836659662783 -0.017386443277015936 0.1499708484694168 -0.05202941066323988 1.4943149089813232 1.0969135761260986 0.0 0.0
1711533002.018065 1.0225703120231628 1.5111119747161865 0.15724949867102703 0.1444198042154312 -0.08151987195014954 -0.08617772934211307 0.017065796483955026 -0.08617772935487587 0.017065796441631028 0.145646001580072 -0.05117296019503543 1.4946193099021912 1.1087127923965454 0.0 0.0
1711533002.0678866 1.0225703120231628 1.5111119747161865 0.15724949867102703 0.146327406167984 -0.09192805737257004 0.08626914704280414 -0.016959550993020506 0.08626914703354849 -0.016959551023527093 0.14994382301084933 -0.052017863898753874 1.4946193099021912 1.1087127923965454 0.0 0.0
1711533002.11792 1.0382987558841705 1.5136558413505554 0.15214524971788757 0.14739753305912018 -0.10240428894758224 -0.007905824964035697 0.0014827071965468307 -0.007905824972684234 0.0014827071664820586 0.1495482776782941 -0.051943680887964416 1.494939386844635 1.1204724311828613 0.0 0.0
1711533002.1679208 1.0382987558841705 1.5136558413505554 0.15214524971788757 0.14567705988883972 -0.07868078351020813 -0.0033561710568946242 -0.01673172425230609 -0.003356171065722094 -0.016731724282842274 0.14938047088538978 -0.05278025832596789 1.494939386844635 1.1204724311828613 0.0 0.0
1711533002.2180448 1.0382987558841705 1.5136558413505554 0.15214524971788757 0.14711835980415344 -0.06327405571937561 0.022375896252306612 -0.01673172425230609 0.02237589624422065 -0.016731724280604123 0.15 -0.05361890214559462 1.494939386844635 1.1204724311828613 0.0 0.0
1711533002.2679415 1.0382987558841705 1.5136558413505554 0.15214524971788757 0.14516423642635345 -0.0768163651227951 -0.0057917038630221195 -0.01673172425230609 -0.0057917038714348215 -0.01673172428200343 0.1497110309416124 -0.05445370839921157 1.494939386844635 1.1204724311828613 0.0 0.0
1711533002.3180573 1.0382987558841705 1.5136558413505554 0.15214524971788757 0.15083102881908417 -0.08930965512990952 0.02526890385642845 -0.01673172425230609 0.025268903848381735 -0.016731724280490554 0.15 -0.055292204620137245 1.494939386844635 1.1204724311828613 0.0 0.0
1711533002.3679256 1.0382987558841705 1.5136558413505554 0.15214524971788757 0.14367537200450897 -0.05705041065812111 -0.04711825477614868 -0.01673172425230609 -0.04711825478609511 -0.016731724286977452 0.1476504029409227 -0.05612654813214644 1.494939386844635 1.1204724311828613 0.0 0.0
1711533002.4179404 1.0382987558841705 1.5136558413505554 0.15214524971788757 0.14945358037948608 -0.13712048530578613 0.012109180403309674 -0.01673172425230609 0.012109180394381821 -0.016731724282710442 0.14825604038055326 -0.0569633808759948 1.494939386844635 1.1204724311828613 0.0 0.0
1711533002.4679272 1.0382987558841705 1.5136558413505554 0.15214524971788757 0.15186412632465363 -0.12941688299179077 0.042083053181362406 -0.01673172425230609 0.0420830531734177 -0.016731724280774754 0.15 -0.057799687051427726 1.494939386844635 1.1204724311828613 0.0 0.0
1711533002.5180066 1.0382987558841705 1.5136558413505554 0.15214524971788757 0.14535565674304962 -0.018361637368798256 -0.05571524566495659 -0.01673172425230609 -0.05571524567493657 -0.016731724286445288 0.14720990993575828 -0.05863757293210048 1.494939386844635 1.1204724311828613 0.0 0.0
1711533002.5712128 1.0398285388946533 1.5139002799987793 0.15299191619437197 0.1530693918466568 -0.15483583509922028 -0.015200320224467264 -0.025250507050507666 -0.015200320234687427 -0.02525050708518424 0.14640119844011776 -0.05998099037563176 1.4950234293937683 1.1217694878578186 0.0 0.0
1711533002.6178436 1.0398285388946533 1.5139002799987793 0.15299191619437197 0.15041778981685638 -0.024787018075585365 -0.00613878369331361 -0.01684354438578698 -0.006138783703191836 -0.01684354441930338 0.1461149504621212 -0.06076639523194129 1.4950234293937683 1.1217694878578186 0.0 0.0
1711533002.6680448 1.0945560336112976 1.5226572751998901 0.12007097635988867 0.15132559835910797 -0.06633996963500977 0.020292328116170863 -0.01684354438578698 0.02029232810821527 -0.01684354441456367 0.1471336443912712 -0.06161195698064661 1.497406244277954 1.1627522706985474 0.0 0.0
1711533002.718043 1.0945560336112976 1.5226572751998901 0.12007097635988867 0.15132559835910797 -0.06633996963500977 -0.009914122202951434 0.17104790790982563 -0.00991412247450762 0.17104790646610538 0.14663796946853092 -0.053060099966525734 1.497406244277954 1.1627522706985474 0.0 0.0
1711533002.7679265 1.0945560336112976 1.5226572751998901 0.12007097635988867 0.151073157787323 -0.021580606698989868 0.03229761845566502 -0.014524041028597962 0.03229761817171872 -0.014524042573555671 0.1482489832602255 -0.053784563076243415 1.497406244277954 1.1627522706985474 0.0 0.0
1711533002.8179822 1.1373173594474792 1.527543067932129 0.10336529398843496 0.1487002819776535 -0.03390759229660034 0.050074404732538054 0.07675534884208596 0.050074404651673246 0.07675534789573507 0.15 -0.049942590364210594 1.4994457364082336 1.1940118670463562 0.0 0.0
1711533002.8679144 1.1373173594474792 1.527543067932129 0.10336529398843496 0.1487002819776535 -0.03390759229660034 -0.0409959121040211 -0.013395915410291247 -0.04099591221873104 -0.013395916741005775 0.14795307018073295 -0.0506114497687113 1.4994457364082336 1.1940118670463562 0.0 0.0
1711533002.9181123 1.1373173594474792 1.527543067932129 0.10336529398843496 0.14251017570495605 -0.08453493565320969 0.06430415583302304 -0.013395915410291247 0.06569312999454333 0.002499529823185527 0.15 -0.050485975791557586 1.4994457364082336 1.1940118670463562 0.0 0.0
1711533002.9679415 1.1506776809692383 1.5290248394012451 0.09888453609685965 0.1450091451406479 -0.00047435364103876054 0.01497964859008788 -0.013395915410291247 0.019867648406332313 0.042542442215682014 0.15 -0.04836644260500639 1.5000640749931335 1.2043240666389465 0.0 0.0
1711533003.0179029 1.1506776809692383 1.5290248394012451 0.09888453609685965 0.14792689681053162 -0.030167898163199425 -0.0100262837910431 0.009593869110954428 -0.010026283834441662 0.009593868090533302 0.1494990926632671 -0.0478871385085387 1.5000640749931335 1.2043240666389465 0.0 0.0
1711533003.0679333 1.1772375106811523 1.5318374037742615 0.09263370840854324 0.14535565674304962 -0.029843194410204887 -0.01918203574955223 -0.013112318413930114 -0.018665916508451414 -0.001093972252954439 0.14856524589054465 -0.04794186941111222 1.5013781785964966 1.2236686944961548 0.0 0.0
1711533003.1178906 1.1772375106811523 1.5318374037742615 0.09263370840854324 0.15260854363441467 -0.03283163905143738 0.029877279760530027 0.012257959354981095 0.013496848990920934 0.2743574455154659 0.14923947629559461 -0.03423643848106328 1.5013781785964966 1.2236686944961548 0.0 0.0
1711533003.1678605 1.1923635005950928 1.5335050225257874 0.08686746072133986 0.15186412632465363 -0.05191316083073616 -0.06327678199597803 -0.012799385671296837 -0.07923583520327727 0.2423873206019882 0.1452801819646619 -0.022124712241447245 1.501628339290619 1.2341371774673462 0.0 0.0
1711533003.2180343 1.1923635005950928 1.5335050225257874 0.08686746072133986 0.15083102881908417 -0.01552031934261322 0.0022065179763283054 0.018810217345807095 -0.0810538186746002 0.5632776039245888 0.1412134458126042 0.0061367741756313265 1.501628339290619 1.2341371774673462 0.0 0.0
1711533003.2678776 1.2065122723579407 1.5355879068374634 0.08126484934410012 0.15083102881908417 -0.01552031934261322 0.006629259022438992 -0.012407807969525035 -0.06299009705262316 0.44806045319756005 0.138074021047907 0.02846809526686142 1.5021705031394958 1.244893729686737 0.0 0.0
1711533003.3179953 1.2065122723579407 1.5355879068374634 0.08126484934410012 0.15061932802200317 -0.042099446058273315 0.08907858450651723 0.014192988412585934 -0.17089296654262542 0.9100477765605068 0.12950921256074793 0.07407784198783923 1.5021705031394958 1.244893729686737 0.0 0.0
1711533003.3678336 1.2212548851966858 1.5359365344047546 0.08184937180266671 0.15061932802200317 -0.042099446058273315 -0.0725094192099586 -0.012078637828770129 -0.26561757182384815 0.6571428666271005 0.11627210639655286 0.10682669151182773 1.5032973289489746 1.2565507292747498 0.0 0.0
1711533003.4179413 1.2212548851966858 1.5359365344047546 0.08184937180266671 0.13920877873897552 0.003168359398841858 0.10905979352293002 -0.019929157046402475 0.006969252268718515 0.17457374498990877 0.11662132470531554 0.1155743082760225 1.5032973289489746 1.2565507292747498 0.0 0.0
1711533003.4782267 1.2334811687469482 1.536966860294342 0.08320247093302326 0.13920877873897552 0.003168359398841858 0.023981668125390154 -0.012175765404723827 -0.0066660956710540425 0.04621435503247075 0.11621947759035663 0.11836021267282348 1.504195511341095 1.2660384774208069 0.0 0.0
1711533003.5179124 1.2334811687469482 1.536966860294342 0.08320247093302326 0.13920877873897552 -0.02623455785214901 0.02158244252204894 -0.0375834887224196 -0.003752189885647246 0.012735746780260473 0.11607057010462464 0.11886563699562286 1.504195511341095 1.2660384774208069 0.0 0.0
1711533003.5678687 1.2334811687469482 1.536966860294342 0.08320247093302326 0.12602612376213074 0.06753826886415482 0.02158244252204894 -0.012425368472949512 -0.010103520457332746 0.050508776677874005 0.11556585465712675 0.12138877335499378 1.504195511341095 1.2660384774208069 0.0 0.0
1711533003.6180522 1.2334811687469482 1.536966860294342 0.08320247093302326 0.1164291575551033 0.08749280869960785 0.15302578839364045 -0.012425368472949512 0.05065776072966091 0.1908963458142431 0.11810797975782976 0.13096839916823524 1.504195511341095 1.2660384774208069 0.0 0.0
1711533003.6679387 1.2334811687469482 1.536966860294342 0.08320247093302326 0.1159229427576065 0.05828499794006348 0.14409472027634995 -0.012425368472949512 0.049287189585411686 0.17587980949425316 0.12056666116273862 0.13974212761045154 1.504195511341095 1.2660384774208069 0.0 0.0
1711533003.7179449 1.2440163493156433 1.537529468536377 0.08958113124258159 0.11498283594846725 0.09092433005571365 0.0722034891659292 -0.012425368472949512 0.01918312156878578 0.09288282470015752 0.12152589865148196 0.1443866630263008 1.5046377778053284 1.275124967098236 0.0 0.0
1711533003.7679696 1.2440163493156433 1.537529468536377 0.08958113124258159 0.11281334608793259 0.09813479334115982 0.0775518918640458 -0.06912282073566298 0.03044746270667647 0.029400217608461537 0.12304893818512083 0.14585731738415814 1.5046377778053284 1.275124967098236 0.0 0.0
1711533003.8179023 1.2718451619148254 1.5391470789909363 0.1152621788265494 0.11811653524637222 0.0980822816491127 0.09175294483715593 -0.013125639636818726 0.04401160421144843 0.08672955481532814 0.12524651524639235 0.15018787709929068 1.5058642029762268 1.3020201921463013 0.0 0.0
1711533003.867908 1.2718451619148254 1.5391470789909363 0.1152621788265494 0.12195149064064026 0.14357811212539673 0.021345421413708925 -0.2356534950505379 0.014799855458679335 -0.21932194115902198 0.1259865778848244 0.13922074469091317 1.5058642029762268 1.3020201921463013 0.0 0.0
1711533003.9179564 1.2863636016845703 1.5400083661079407 0.13141169499818509 0.12195149064064026 0.14357811212539673 0.02544584678789197 -0.015873153287455404 0.025445846791574696 -0.01587315329664401 0.12726005202976465 0.1384263498143142 1.5061498880386353 1.3144047856330872 0.0 0.0
1711533003.9679117 1.2863636016845703 1.5400083661079407 0.13141169499818509 0.1282791644334793 0.1744844764471054 0.10412396062091978 -0.154546380262826 0.07764880159545542 -0.07887680492628614 0.1311389339269005 0.13448612402272392 1.5061498880386353 1.3144047856330872 0.0 0.0
1711533004.0179193 1.2976439595222473 1.5411096811294556 0.1345128071718358 0.12425246089696884 0.028952956199645996 -0.045562572215866806 -0.017583618759113066 -0.045562571966402725 -0.017583619472115054 0.1288605359270814 0.13360683908103124 1.5066241025924683 1.3246389627456665 0.0 0.0
1711533004.072886 1.2976439595222473 1.5411096811294556 0.1345128071718358 0.12892630696296692 0.05011633038520813 0.08079806979993077 -0.049470057355386836 0.07946583836708856 -0.04533077352685412 0.13322849093753816 0.1311151673964032 1.5066241025924683 1.3246389627456665 0.0 0.0
1711533004.1178646 1.311323642730713 1.5422855019569397 0.14625706523034274 0.12712867558002472 0.1752661019563675 0.0005799147128176529 -0.018015850282144523 0.0005799148791785437 -0.018015850799032902 0.13325457318683456 0.1303048865626148 1.5072799324989319 1.3358200192451477 0.0 0.0
1711533004.1678877 1.311323642730713 1.5422855019569397 0.14625706523034274 0.13050822913646698 0.06992742419242859 0.060117202007101786 -0.12365689543309168 0.060117202121303843 -0.12365689585000357 0.13626179206678957 0.12411924686690146 1.5072799324989319 1.3358200192451477 0.0 0.0
1711533004.2180166 1.3216035962104797 1.5432735681533813 0.15744887936220792 0.13260598480701447 0.1143670603632927 0.012016268965202942 -0.019320642991775994 0.012016269080071394 -0.01932064341112066 0.13686414626498128 0.12315073737423751 1.5078387260437012 1.3442556262016296 0.0 0.0
1711533004.2678819 1.3216035962104797 1.5432735681533813 0.15744887936220792 0.13150551915168762 0.14169450104236603 0.017959829181036564 -0.11911723472799393 0.01795982927220501 -0.1191172351183538 0.13775967474693895 0.11721121116138968 1.5078387260437012 1.3442556262016296 0.0 0.0
1711533004.3179538 1.3316767811775208 1.5446370840072632 0.1660523173907375 0.1336720585823059 0.10397471487522125 0.04578028691292294 -0.020549362041094907 0.04578028701214457 -0.020549362465936447 0.14005191771638215 0.11618229381042185 1.5084596872329712 1.3523440957069397 0.0 0.0
1711533004.367913 1.3316767811775208 1.5446370840072632 0.1660523173907375 0.13262799382209778 0.11448860168457031 0.015308827184118943 -0.10254846599424107 0.015308827258196203 -0.10254846637512632 0.1408167086655362 0.11105922738537377 1.5084596872329712 1.3523440957069397 0.0 0.0
1711533004.4178658 1.3316767811775208 1.5446370840072632 0.1660523173907375 0.1336720585823059 0.10385364294052124 0.043104751035288366 -0.021560847063867086 0.0431047511125888 -0.02156084746132503 0.1429698271092273 0.10998224498477173 1.5084596872329712 1.3523440957069397 0.0 0.0
1711533004.467901 1.3522058725357056 1.5478773713111877 0.18672458867606012 0.13525398075580597 0.12560002505779266 0.003957335168227185 -0.2179580358504411 0.003957335208051011 -0.2179580362382896 0.1431678304887538 0.09907681860533728 1.5091747045516968 1.3690224289894104 0.0 0.0
1711533004.517902 1.3522058725357056 1.5478773713111877 0.18672458867606012 0.1386585384607315 0.13375671207904816 0.03312722949298017 -0.023987157162129458 0.033127229538128106 -0.023987157601829984 0.14482412720085486 0.09787750762091484 1.5091747045516968 1.3690224289894104 0.0 0.0
1711533004.5678906 1.3629417419433594 1.5493584275245667 0.19870684983216094 0.13891446590423584 0.177147775888443 -0.004559669973335508 -0.13435872559619627 -0.0045596699509098055 -0.13435872603836604 0.1445961950149028 0.09116108330569779 1.5097687244415283 1.3775082230567932 0.0 0.0
1711533004.618027 1.3629417419433594 1.5493584275245667 0.19870684983216094 0.13891446590423584 0.177147775888443 0.020129147894781114 -0.025349466224252562 0.02012914792127612 -0.025349466746657265 0.145605362978142 0.08989019643925056 1.5097687244415283 1.3775082230567932 0.0 0.0
1711533004.6679428 1.3794342875480652 1.5525347590446472 0.20576845686103232 0.1401822566986084 0.06848229467868805 -0.02037771229029705 -0.11118772105989187 -0.020377712301434463 -0.11118772152297156 0.14458820307570566 0.08434022643754126 1.5108562111854553 1.3904818296432495 0.0 0.0
1711533004.7178965 1.3794342875480652 1.5525347590446472 0.20576845686103232 0.1426602303981781 -0.0012715657940134406 0.043509292751386375 -0.0264074249931292 0.04350929274088681 -0.026407425429688065 0.14676154945961964 0.08302114081351415 1.5108562111854553 1.3904818296432495 0.0 0.0
1711533004.7679021 1.3895329236984253 1.5548213124275208 0.20248190004436264 0.14189323782920837 -0.27600201964378357 0.019635486602783192 -0.020292824112934787 0.019635486578136314 -0.020292824483164867 0.14774340243713527 0.08200641830782474 1.5115909576416016 1.3988229632377625 0.0 0.0
1711533004.8357768 1.3895329236984253 1.5548213124275208 0.20248190004436264 0.14578954875469208 -0.40912389755249023 0.006130097335822385 -0.026331930120724517 0.00613009732260517 -0.026331930319265277 0.14815947053944717 0.08021919117233613 1.5115909576416016 1.3988229632377625 0.0 0.0
1711533004.8685734 1.3985950946807861 1.5589019656181335 0.1493135313562499 0.14949123561382294 -0.6276853084564209 -0.03910239778855132 -0.026331930120724517 -0.03910239779722354 -0.026331930250993233 0.14687710926525158 0.07935563677335011 1.5144678354263306 1.4070760011672974 0.0 0.0
1711533004.9179027 1.3985950946807861 1.5589019656181335 0.1493135313562499 0.145728200674057 -0.8443702459335327 -0.028999194443916704 0.37305180043164987 -0.028999194450335223 0.3730518002973979 0.1454466275134793 0.09775765803311837 1.5144678354263306 1.4070760011672974 0.0 0.0
1711533004.9756405 1.4078370928764343 1.564816951751709 0.04106436040259623 0.1486329734325409 -0.8875220417976379 0.034614050907382246 -0.021466695756198636 0.051013681253796225 0.3215537644706391 0.14839197365604415 0.11632301376776893 1.5196256041526794 1.414094090461731 0.0 0.0
1711533005.017896 1.4078370928764343 1.564816951751709 0.04106436040259623 0.14711835980415344 -0.7085707187652588 -0.024764324633455338 0.9515339596507683 -0.024764324627525505 0.951533959483658 0.14734558850320037 0.15652887532894602 1.5196256041526794 1.414094090461731 0.0 0.0
1711533005.067925 1.4115203022956848 1.5686830282211304 -0.04007662083857188 0.14711835980415344 -0.9582880735397339 0.017873156152402606 -0.011295906807480141 -0.03163374964445385 0.41067426928156514 0.1457629823964081 0.17707451452039133 1.5227614641189575 1.4173834919929504 -0.0 0.0
1711533005.1505783 1.4115203022956848 1.5686830282211304 -0.04007662083857188 0.14496120810508728 -1.3957566022872925 0.005763280391693104 0.36841011102809873 0.005763280402168945 0.3684101109388083 0.1462393199598027 0.20752376604535427 1.5227614641189575 1.4173834919929504 -0.0 0.0
1711533005.1983757 1.4154582619667053 1.5772680640220642 -0.2091981647070357 0.14395453035831451 -1.140289068222046 0.028130208805413406 -0.00360902212307721 -0.027268843885740676 0.4685826376662717 0.1449359519926754 0.22992059381133065 1.5262631177902222 1.4229514598846436 -0.0 0.0
1711533005.231502 1.4154582619667053 1.5772680640220642 -0.2091981647070357 0.14455214142799377 -1.2940393686294556 0.02424690093533083 1.94012072243818 0.024246901023796046 1.9401207221582795 0.14573914030102028 0.2941878698350111 1.5262631177902222 1.4229514598846436 -0.0 0.0
1711533005.268312 1.4154582619667053 1.5772680640220642 -0.2091981647070357 0.14711835980415344 -0.859957218170166 0.004401569244874548 0.012355476855227907 -0.019686275723439277 0.08856851043105367 0.14501450412236797 0.29744800638137014 1.5262631177902222 1.4229514598846436 -0.0 0.0
1711533005.3179615 1.4207352995872498 1.5859572291374207 -0.3312333168519525 0.14647886157035828 -0.988638162612915 -0.008480379255658652 0.012355476855227907 -0.026124681196391213 0.06818138315776215 0.14371743359265401 0.3008331601409224 1.5274391770362854 1.427367627620697 -0.0 0.0
1711533005.3678854 1.4207352995872498 1.5859572291374207 -0.3312333168519525 0.14526133239269257 -1.332912802696228 0.0006393000298767632 0.9246819910002546 0.0006393000961117994 0.9246819908547709 0.14374934872530168 0.34699512472458127 1.5274391770362854 1.427367627620697 -0.0 0.0
1711533005.417885 1.423980712890625 1.5911346673965454 -0.46856575562101305 0.14419421553611755 -1.3526966571807861 0.02433371035587935 0.02360141065952445 0.02433371039688475 0.02360141056945703 0.14496602148160687 0.34817518287362165 1.5272536277770996 1.4293920993804932 -0.0 0.0
1711533005.4678795 1.423980712890625 1.5911346673965454 -0.46856575562101305 0.14477713406085968 -1.4500665664672852 0.020149733317206188 1.0899957225075276 0.02014973344782785 1.089995722311812 0.14597336307105957 0.40266712075722577 1.5272536277770996 1.4293920993804932 -0.0 0.0
1711533005.5179179 1.427459180355072 1.5953538417816162 -0.5560717027774456 0.14237260818481445 -1.2443289756774902 0.005785845567165705 0.036764900061143295 0.0057858456564089215 0.03676489992742664 0.14626287027267304 0.4045067314084015 1.5277435779571533 1.4291124939918518 -0.0 0.0
1711533005.5680592 1.427459180355072 1.5953538417816162 -0.5560717027774456 0.13882528245449066 -0.10098110884428024 0.040750936026337385 0.706147188296959 0.0407509361100963 0.7061471881955895 0.14830610858226848 0.43991271529147735 1.5277435779571533 1.4291124939918518 -0.0 0.0
1711533005.618191 1.427459180355072 1.5953538417816162 -0.5560717027774456 0.1462395191192627 0.14506180584430695 0.04560508037504256 0.04505167702791721 0.045605080454370735 0.045051676931910076 0.15 0.4421711938849248 1.5277435779571533 1.4291124939918518 -0.0 0.0
1711533005.6679451 1.427459180355072 1.5953538417816162 -0.5560717027774456 0.14419421553611755 0.24226579070091248 -0.052087741599684705 0.04505167702791721 -0.052087741451788155 0.04505167684892502 0.1474084935878095 0.44441263699955835 1.5277435779571533 1.4291124939918518 -0.0 0.0
1711533005.7180393 1.427459180355072 1.5953538417816162 -0.5560717027774456 0.14876484870910645 -0.12952697277069092 -0.017695044890643094 0.04505167702791721 -0.017695044791772512 0.045051676908258835 0.14652210528694104 0.44666938626557623 1.5277435779571533 1.4291124939918518 -0.0 0.0
1711533005.767991 1.427459180355072 1.5953538417816162 -0.5560717027774456 0.14956314861774445 -0.11692263931035995 0.018948407238307742 0.04505167702791721 0.018948407318998908 0.04505167693026052 0.14746857604236718 0.4489197123209299 1.5277435779571533 1.4291124939918518 -0.0 0.0
1711533005.817887 1.427459180355072 1.5953538417816162 -0.5560717027774456 0.14649517834186554 0.09762156754732132 -0.01872602868546788 0.04505167702791721 -0.018726028584063893 0.045051676905192774 0.14653425333856598 0.4511675356854985 1.5277435779571533 1.4291124939918518 -0.0 0.0
1711533005.8679295 1.427459180355072 1.5953538417816162 -0.5560717027774456 0.14956314861774445 0.11201338469982147 0.03153366610981201 0.04505167702791721 0.0315336662127297 0.045051676903360816 0.1481122057233699 0.4534219326379333 1.5277435779571533 1.4291124939918518 -0.0 0.0
1711533005.917916 1.427459180355072 1.5953538417816162 -0.5560717027774456 0.14949123561382294 0.14171749353408813 -0.02367687269922253 0.04505167702791721 -0.023676872565402397 0.045051676865961045 0.14692869063446728 0.45567389134590647 1.5277435779571533 1.4291124939918518 -0.0 0.0
1711533005.9678888 1.427459180355072 1.5953538417816162 -0.5560717027774456 0.1459582895040512 0.19791126251220703 0.03693897029197296 0.04505167702791721 0.03693897040749481 0.045051676888106594 0.14877457175409725 0.45792517336210886 1.5277435779571533 1.4291124939918518 -0.0 0.0
1711533006.0179107 1.427459180355072 1.5953538417816162 -0.5560717027774456 0.13882528245449066 -0.0037424492184072733 0.008083420991897572 0.04505167702791721 0.008083421120430818 0.04505167687235952 0.14917891394883345 0.46017871102044944 1.5277435779571533 1.4291124939918518 -0.0 0.0
1711533006.067924 1.427459180355072 1.5953538417816162 -0.5560717027774456 0.14189323782920837 0.13380339741706848 -0.031115875836280026 0.04505167702791721 -0.031115875726590723 0.04505167689516545 0.14762275071608058 0.46243182977481595 1.5277435779571533 1.4291124939918518 -0.0 0.0
1711533006.1181965 1.427459180355072 1.5953538417816162 -0.5560717027774456 0.14960423111915588 0.2505076825618744 0.07975218250976039 0.04505167702791721 0.07975218259513218 0.04505167692459578 0.15 0.46469672083850544 1.5277435779571533 1.4291124939918518 -0.0 0.0
1711533006.1679227 1.4292641878128052 1.5963318347930908 -0.543648715775357 0.14342722296714783 -0.02513870969414711 -0.06124315052801702 0.04505167702791721 -0.061243150349845774 0.045051676812284995 0.14695495836653522 0.46693671389515184 1.5273303389549255 1.4302798509597778 -0.0 0.0
1711533006.2178748 1.4292641878128052 1.5963318347930908 -0.543648715775357 0.144632488489151 0.0982012078166008 0.005708263623035269 -0.06438660825266464 0.005708263723261464 -0.0643866083838484 0.14724008411876446 0.4637206255994895 1.5273303389549255 1.4302798509597778 -0.0 0.0
1711533006.2766185 1.4292641878128052 1.5963318347930908 -0.543648715775357 0.1472999006509781 0.004324756562709808 0.041244084044081655 0.0437019309604349 0.04124408413765577 0.04370193083795789 0.1496628755211655 0.4662877977046851 1.5273303389549255 1.4302798509597778 -0.0 0.0
1711533006.3228364 1.4292641878128052 1.5963318347930908 -0.543648715775357 0.14474548399448395 0.1637078821659088 -0.017685801673381223 0.0437019309604349 -0.017685801565981856 0.04370193081986233 0.14884549145411588 0.468307568299656 1.5273303389549255 1.4302798509597778 -0.0 0.0
1711533006.3679097 1.4292641878128052 1.5963318347930908 -0.543648715775357 0.14809444546699524 0.19076022505760193 0.03317840698458378 0.0437019309604349 0.03317840709138168 0.04370193082064958 0.15 0.470277326003862 1.5273303389549255 1.4302798509597778 -0.0 0.0
1711533006.417963 1.4297800064086914 1.5970904231071472 -0.5407112662443437 0.15241435170173645 -0.15510165691375732 -0.022952532061005993 0.0437019309604349 -0.022952531920317636 0.043701930776291135 0.14885117059023573 0.47246471271629886 1.527199149131775 1.4308375716209412 -0.0 0.0
