-0.007329635637025488 -0.0034053343852316073 0.12554888870149736 -0.00023836825148830455 0.00583893659732428 1697468845.5830598 0.00142977107064380 1 7.912142857201046 0.0 0.000238180738127980 0 0.15 0
0.0369647137438458 -0.00033598317306524485 0.047072107171965985 0.22487637991571152 -0.004142128730520081 1697468846.1925821 -0.00735691328696260 0 0.055323967846954 -0.0725067841328873 0.055323967846954 -0.0725067841328873 0.15 -0.0421989483653482
0.051805108811613446 0.0003521180023736351 0.04486271794160894 0.22534587089886904 -0.06523005459912791 1697468846.5381672 -0.00845481827587104 0 -0.3904481724537476 0.06289108712775361 -0.3904481724537476 0.06289108712775361 0.018028517710646813 -0.0209417609161696
0.06558912614238553 0.0009378206833230699 0.0409304381365182 0.17755536303252847 -0.01229313610699092 1697468846.6186037 -0.00843383934831032 1 -0.060571027938060545 0.001730914321845107 -0.177089317455257 0.00173091432184511 0.00368428299676797 -0.0208015568561002
0.07463061323242762 0.0012827945947464275 0.03555130234382184 0.032347543497314016 -0.011864135033063574 1697468846.696006 -0.00655566585063238 1 0.2765502916417987 0.009427265760204874 -0.177832674709154 0.00942726576020487 -0.0100088329558366 -0.0200756573925644
0.07470483802987023 0.0012904889228091364 0.03212355695185923 -0.009284967540648495 -0.0327663673010373 1697468846.7861834 -0.000477060237537838 1 0.8455363367810458 0.01369464315264056 -0.0111361742986771 0.0136946431526406 -0.0110110886427166 -0.0188431395088279
0.07388157828870945 0.0012686279958235025 0.02997211978452915 -0.015297362797452987 -0.031316194076930134 1697468846.8953505 0.0541444635200558 1 0.26780503896008945 0.007572993864088429 0.00930404117063943 0.00757299386408843 -0.0100806845256525 -0.0180858401224189
0.07131066953610352 0.0012032169394989903 0.025867059512217024 -0.02324830321632881 -0.030594527724719975 1697468847.0024374 0.115987794525849 1 0.09241301435320448 0.003952019114717406 0.0199968919583644 0.00395201911471741 -0.00806099843785769 -0.0176866861918324
0.06968492354651167 0.001162768467826987 0.023833589487153018 -0.025106248008224055 -0.030093552300560388 1697468847.0913272 0.135698114771803 1 0.11231921148676675 0.012229679536566977 0.0234074147020337 0.0122296795365670 -0.00602455335878101 -0.0166227040721512
0.06779417876941041 0.001103206995843482 0.019095714134141455 -0.008155883592352696 -0.0296606959674726 1697468847.1971571 0.146613358343741 1 0.07648555088822018 0.003985376933245863 0.0252937507516873 0.00398537693324586 -0.00339400328060447 -0.0162082248710935
0.06736961260670764 0.0010932749842577979 0.017162300059770777 -0.004248559768044832 -0.028698172126883338 1697468847.2958312 0.0476499716209913 0 -0.031083571054154303 0.013706369419269202 -0.031083571054154303 0.013706369419269202 -0.00631585895969656 -0.0149198261456815
0.06722935455770486 0.0010894882176604027 0.016214415761889443 -0.0042478598452635056 -0.028803701229631627 1697468847.3787541 0.0248234161189992 1 0.03239438226180538 0.005913821967333403 0.00424958594638456 0.00591382196733340 -0.00598014166993239 -0.0144526342102624
0.0661015468189057 0.0010687972488296071 0.012683497630101327 -0.008201424010366994 -0.025810672973475998 1697468847.4511008 0.0506942685784394 1 0.057119000888960415 0.002628926530645525 0.00869193423963288 0.00262892653064553 -0.00536301433891822 -0.0142659804265865
0.0658222985627358 0.0010643659089968952 0.011810667881436284 -0.008208750550232336 -0.025792263698937685 1697468847.5325017 0.0479306957900294 1 0.08235697179993108 0.011433520966491771 0.00821508553130985 0.0114335209664918 -0.00466473206875752 -0.0132941311444356
0.06533773451818531 0.0010572077014123094 0.010144157359707119 -0.007300200754082205 -0.025453207165303544 1697468847.5982864 0.0426423957245406 1 0.0591644288805697 0.0032773565696267394 0.00730624821602908 0.00327735656962674 -0.00421905092757949 -0.0130942123936883
0.0645352208989055 0.0010471580007102206 0.0069809853349927075 -0.005621694209770975 -0.023627597369656073 1697468847.6738687 0.0426700670833720 1 0.05289978521153867 0.005453217770700972 0.00730997365239838 0.00545321777070097 -0.00364156300903954 -0.0126634081898025
0.06418921360930135 0.001043569079016424 0.005457984089844446 -0.004772316522180712 -0.022927941586093372 1697468847.757694 0.0328633081146219 1 0.047699361898187666 0.010821952589211058 0.00562623380961434 0.0108219525892111 -0.00317458560284172 -0.0117651861248983
0.06388953791966007 0.001040826172615485 0.003976149292910578 -0.004090702609475837 -0.021570425151134897 1697468847.8447268 0.0278992944315837 1 0.0520775477136464 0.00519680810799974 0.00477485106114850 0.00519680810799974 -0.00279259751795019 -0.0113494414762587
0.06349633178701398 0.0010379076150268726 0.0018547768230410915 -0.0035327524016864507 -0.020939383245118404 1697468847.9485283 0.0239152682346142 1 0.05356772930114407 0.004134948787102782 0.00409211911113020 0.00413494878710278 -0.00239156984505914 -0.0109442164951224
0.06327752626210176 0.0010365902877473303 0.000483644371914313 -0.0029412043861369148 -0.020339767395675452 1697468848.0268462 0.0206583737307450 1 0.05318977230475626 0.007930956776196227 0.00353417483455706 0.00793095677619623 -0.00211590420796378 -0.0103256018665793
0.06291072442099757 0.0010350262688624179 -0.0021415385486615165 -0.002542680849858398 -0.019438597620540992 1697468848.1161244 0.0171986396335306 1 0.05310953392289935 0.004548472175808582 0.00294172501557764 0.00454847217580858 -0.00185703240659305 -0.00992533631510827
0.06275153502535065 0.0010346598719642825 -0.003411978848299007 -0.0021641208886409497 -0.018831287337863014 1697468848.2260692 0.0148655405444439 1 0.05440908090961049 0.007444519061497621 0.00254232195333345 0.00744451906149762 -0.00158500395758616 -0.00912877277552739
0.06262005927845897 0.0010345329766669577 -0.004606112737914245 -0.001769337937986725 -0.017636096832505214 1697468848.2949471 0.0126521738246144 1 0.05329853131772088 0.005787668317707974 0.00216357639107733 0.00578766831770797 -0.00143788076299293 -0.00873521132992335
0.0624486145935221 0.0010346534076411769 -0.006912672663457645 -0.0015573930763978974 -0.017080837099295386 1697468848.3918703 0.0103442517158648 1 0.053828507767669384 0.004008639585856551 0.00176884185734619 0.00400863958585655 -0.00126807194468769 -0.00835038192968110
0.06229941823996939 0.001035046930168625 -0.008010493952979859 -0.0013103814594896505 -0.01649925640578317 1697468848.487362 0.00910427563272532 1 0.054614164331667 0.008064255865046272 0.00155677363334948 0.00806425586504627 -0.00112640554405288 -0.00761653464596183
0.062217130899507006 0.001035439241270156 -0.009071170303683049 -0.001108701177509079 -0.015405264844849189 1697468848.5656614 0.00766021564112074 1 0.053915672300811436 0.0051861590985566725 0.00130977870907491 0.00518615909855667 -0.00103341125570867 -0.00724831734996476
0.06211391958815129 0.001036205945135589 -0.01056100688035929 -0.0009755882511184381 -0.014874591388109036 1697468848.642164 0.00648103714356360 1 0.054049273857556396 0.005380999919992247 0.00110817214514163 0.00538099991999225 -0.000959163721984175 -0.00688779035532524
0.06205121636199182 0.0010368060704635481 -0.011529517854142942 -0.0008704121951910817 -0.014337529274482329 1697468848.7344356 0.00570263641460515 1 0.054739968696398814 0.005771822894722965 0.000975096050224507 0.00577182289472297 -0.000872380173514139 -0.00637409811769457
0.061996872843111596 0.0010374661170583423 -0.012441365207894474 -0.0007479985623493274 -0.013570793603929942 1697468848.8206818 0.00508963703948862 1 0.05486359709799024 0.003986214523248378 0.000870316851387505 0.00398621452324838 -0.000792311023186502 -0.00600736638155578
0.06192458718839777 0.0010385575844260226 -0.013766445037779117 -0.0006340926517873922 -0.01303370357220813 1697468848.9037778 0.00437200714810403 1 0.05457910556142301 0.004452884733905297 0.000747608123532160 0.00445288473390530 -0.000734745197674527 -0.00566449425704508
0.06188395954231635 0.0010393260971978196 -0.014613427481267264 -0.0005527831538111511 -0.012526305664064603 1697468848.981757 0.00370604238147775 1 0.05459612284132399 0.0060363427939390205 0.000633750879570280 0.00603634279393902 -0.000684678878188506 -0.00518762317632420
0.0618462930362664 0.0010401251294560026 -0.01544297806258654 -0.0005533785684614361 -0.012541256605082794 1697468849.0701091 0.00323178253056612 1 0.05479810041233963 0.004063025726581133 0.000552679186523505 0.00406302572658113 -0.000637701147333988 -0.00484226598956465
0.06179878127364749 0.001041436548378802 -0.01659370506523783 -0.00041928991904279276 -0.011304775985656159 1697468849.1506617 0.00283292941097939 1 0.055280457731384465 0.004289803360435168 0.000484493280455592 0.00428980336043517 -0.000599426178177965 -0.00450337152409000
0.06175932941683549 0.0010428242404562655 -0.017675878744347017 -0.0003668592912140345 -0.010806911391344457 1697468849.230296 0.00245029668992035 1 0.05437159090065408 0.00554468633064535 0.000419068315989285 0.00554468633064535 -0.000565900712898853 -0.00405979661763877
0.06174691850719148 0.0010432942964362043 -0.018027485526246664 -0.0003671248565613985 -0.010812008655256191 1697468849.3193607 0.00214378668069816 1 0.05487860041404454 0.005091020670747397 0.000366667492145624 0.00509102067074740 -0.000534367308574325 -0.00362196883995443
0.06170530787915271 0.0010453707492605808 -0.01931446867492973 -0.0002815287374859052 -0.00948761687705763 1697468849.3902998 0.00188574159353871 1 0.05518540663208185 0.0028123136885907316 0.000322550917006385 0.00281231368859073 -0.000511143642549864 -0.00341948225437589
