-0.0023636695376813687 0.0011496047214718677 0.01737845608692012 -1.2441207796991418e-05 0.0003608665522141181 1697451723.5271149 7.44347909019860e-5 1 4.285769230767529 0.0 1.24414448849919e-5 0 0.15 0
-0.002364624536980984 0.0011533715705159514 0.017410653909687546 -1.2441603735038757e-05 0.0003608735396009198 1697451723.7266982 7.44372768927067e-5 1 0.05503716888200046 -0.029336932132111887 1.24418407602342e-5 -0.0293369321321119 0.15 -0.00589672335855430
-0.002364939719500931 0.001154614636146086 0.017421279321156734 -1.2441734703029656e-05 0.0003608758453483987 1697451723.832775 7.44372829470371e-5 1 0.05500622266949981 -0.0015983455053781592 1.24418407592697e-5 -0.00159834550537816 0.15 -0.00606614798212439
-0.0023652644700054076 0.0011558953732572947 0.01743222678224046 -1.24418697051199e-05 0.0003608782209681611 1697451723.8531606 7.44381051633127e-5 1 0.05500622414155153 -0.0016764335999673995 1.24419717064742e-5 -0.00167643359996740 0.15 -0.00609967665412374
-0.0023652644700054076 0.0011558953732572947 0.01743222678224046 -1.24418697051199e-05 0.0003608782209681611 1697451723.8845086 7.44389526830741e-5 1 0.05500622311230544 -0.001617038857361146 1.24421066871466e-5 -0.00161703885736115 0.15 -0.00614980485870194
-0.0010331664917029287 0.0011806620189116351 0.017464920928325103 0.05119586324077997 0.0009707460861856 1697451723.9268603 -0.00160270357079756 0 -0.5660433398819531 -0.0019222292203679384 -0.5660433398819531 -0.0019222292203679384 0.12566013638508045 -0.00623246071517775
0.006811301394434215 0.0013213702348560076 0.017574166075955876 0.15180016192558274 0.0007332518297641598 1697451723.9770064 -0.00476322493027085 0 -1.0269430678108762 -0.0031169121780468038 -1.0269430678108762 -0.0031169121780468038 0.07431298299453956 -0.00638830632408008
0.019091043483845955 0.001535855262207262 0.017093752531202825 0.1889943453123978 -0.008967560690469768 1697451724.0270565 -0.00592122168427048 0 -0.40815958086377996 -0.0010754174958639445 -0.40815958086377996 -0.0010754174958639445 0.053905003951345926 -0.00644207719887329
0.02415172888335365 0.0016227621426526978 0.016790296051083585 0.1411427489101238 -0.010783560522312404 1697451724.0772054 -0.00442712415574345 1 0.4598213270339093 0.0007644006218376809 -0.135834142086162 0.000764400621837681 0.0471132968470382 -0.00640385716778141
0.027489722430785624 0.0016789463894903798 0.016521917973656913 0.09233179510075934 -0.011152088861917112 1697451724.1273293 -0.00289492674154100 1 0.49694364054329265 -0.00023528486449672843 -0.0870394925310009 -0.000235284864496728 0.0427613222204884 -0.00641562141100624
0.03503624543117929 0.001799134428982986 0.015331000731285434 0.06468053696475176 -0.011105219541739118 1697451724.1773288 -0.00264067753707161 1 0.09228529918021114 0.0005453309477475429 -0.0794100748125146 0.000545330947747543 0.0387908184798629 -0.00638835486361887
0.03713327605971474 0.001831231061231353 0.014960062823789822 0.0625083135943177 -0.011324377470636426 1697451724.2275338 -0.00201612729067693 1 0.21969498265810514 0.002968056630501585 -0.0602810112146011 0.00296805663050159 0.0357767679191330 -0.00623995203209380
0.039045175586639086 0.0018593666493377705 0.01416534111678819 0.04847010621149728 -0.011045267540159227 1697451724.2780242 -0.00169839203007099 1 0.12644930200029506 0.002945827113826578 -0.0507734298059007 0.00294582711382658 0.0332380964288374 -0.00609266067640243
0.04227206580935656 0.001897518512998908 0.013362331668289252 0.05488346193742591 -0.010513410003362826 1697451724.3285105 -0.00149852303121717 1 0.09402204444328224 0.000860201437423393 -0.0448348887711602 0.000860201437423393 0.0309963519902796 -0.00604965060453127
0.044012233841986 0.0019242247335404603 0.012997016329595728 0.05084270222855196 -0.010159346649470671 1697451724.3783097 -0.00168729066420068 1 -0.036575288228002927 0.00348245088958569 -0.0510585003369490 0.00348245088958569 0.0284434269734323 -0.00587552806005199
0.04715652775496859 0.0019641694154526844 0.012311207381688349 0.047530116385974625 -0.010239093225856321 1697451724.4283667 -0.00155919695069871 1 0.06998624597446582 0.0008030481202089331 -0.0473522467594182 0.000803048120208933 0.0260758146354615 -0.00583537565404155
0.04998913065109673 0.001997558496265717 0.01162157470108426 0.040168085307494196 -0.009845804424388364 1697451724.4787416 -0.00145067612025639 1 0.06436080023278791 0.0026890679004841966 -0.0441300325786568 0.00268906790048420 0.0238693130065288 -0.00570092225901734
0.051314662962911366 0.002012472339658097 0.01129907828014443 0.04019351356873949 -0.00979380963761725 1697451724.52863 -0.00121988436079056 1 0.10853626813104038 0.0028079168501085 -0.0372860682118343 0.00280791685010850 0.0220050095959366 -0.00556052641651189
0.05257806634565425 0.0020263061428107162 0.010961361008291466 0.036870537847006155 -0.009463151180130696 1697451724.5789046 -0.00121778435727826 1 0.034648960603177265 0.0007527410020224479 -0.0373079845755359 0.000752741002022448 0.0201396103671599 -0.00552288936641077
0.054835934044708934 0.0020493471209717044 0.010339717837405317 0.03411302450412809 -0.009144718324960137 1697451724.628886 -0.00111428497085182 1 0.06979448829383227 0.0008770540631644814 -0.0342691062338571 0.000877054063164481 0.0184261550554672 -0.00547903666325255
0.056864216503072364 0.0020686012235846996 0.009713802301747126 0.02875426331056617 -0.009325919202789176 1697451724.6791613 -0.00102608822931731 1 0.06551862117671814 0.0025669119910779184 -0.0317377213463724 0.00256691199107792 0.0168392689881486 -0.00535069106369866
0.057812495721604254 0.0020769372188024714 0.009419048964644244 0.028756930924157754 -0.009106294891733235 1697451724.7292082 -0.000860668032973719 1 0.09421048028033915 0.0026661536770143067 -0.0266248875420651 0.00266615367701431 0.0155080246110455 -0.00521738337984795
0.058715106472831555 0.0020845662348613547 0.00911177208150057 0.026364597834466066 -0.009273397639251878 1697451724.7793195 -0.000858739002234880 1 0.04059485840200535 0.0007748067848161888 -0.0266711745789407 0.000774806784816189 0.0141744658820981 -0.00517864304060713
0.06032727662547155 0.002096992349677348 0.00853167113166106 0.02435110678778377 -0.008722177311644923 1697451724.83015 -0.000721727507491951 1 0.06574103197968514 0.0008785652520517046 -0.0225996271913199 0.000878565252051705 0.0130444845225322 -0.00513471477800455
0.06177680495307322 0.0021068740256037213 0.007957370537066303 0.020649971287677673 -0.008759809729852035 1697451724.8798077 -0.000660719823339967 1 0.08400429111224386 0.0042696745679534215 -0.0206667846063995 0.00426967456795342 0.0120111452922123 -0.00492123104960689
0.06245668380489474 0.0021113062776429753 0.007675303968986257 0.020611822596232576 -0.008495132754408203 1697451724.9304729 -0.000609254070450819 1 0.06164357503407024 0.0008381230488320629 -0.0191134624257624 0.000838123048832063 0.0110554721709242 -0.00487932489716529
0.06310806829951715 0.002115290429028153 0.0074007912966922145 0.019075704048603214 -0.008351621089693364 1697451724.9802878 -0.000606670349953981 1 0.045075575616334705 0.0008611555814440275 -0.0191198195819519 0.000861155581444028 0.0100994811918267 -0.00483626711809309
0.06369227324435031 0.002118351023049919 0.007135901007323096 0.017635948759863997 -0.008105061924442667 1697451725.0307329 -0.000516568830961820 1 0.075940763983747 0.002430283458341145 -0.0163914556989237 0.00243028345834115 0.00927990840688031 -0.00471475294517601
0.06482396838494643 0.0021242456724555273 0.006604248086581302 0.016175768684345067 -0.007909898190356743 1697451725.0806887 -0.000471597353543316 1 0.061513916413017594 0.0024334587462174952 -0.0150435678750938 0.00243345874621750 0.00852773001312566 -0.00459308000786514
0.06580868619654903 0.0021283591402885293 0.006095166682839982 0.014862000324873318 -0.007550637642330954 1697451725.130612 -0.000434048296973797 1 0.06008432052325066 0.0008129459675841402 -0.0139255857745677 0.000812945967584140 0.00783145072439731 -0.00455243270948593
0.06627758990177043 0.0021301374474849287 0.005845360040546059 0.013748941301948552 -0.0072295733894426565 1697451725.1807637 -0.000398134498018271 1 0.05984884615830355 0.0023471016842464324 -0.0128503908402289 0.00234710168424643 0.00718893118238590 -0.00443507762527362
0.06669795800192874 0.0021312246407932563 0.005602861413677206 0.012661189903484513 -0.006874887930329145 1697451725.2308626 -0.000365830965605285 1 0.059546919032898736 0.0008100730971610053 -0.0118685291354663 0.000810073097161005 0.00659550472561262 -0.00439457397041557
0.06787116647335423 0.0021341687360357095 0.004888336799000662 0.010697661355713695 -0.006465958224697887 1697451725.2807307 -0.000364066520468440 1 0.04901397153104653 0.0008342054145707694 -0.0118041659789386 0.000834205414570769 0.00600529642666556 -0.00435286369968702
0.06822602151449567 0.002135263683639555 0.004656090018365345 0.010717327688133226 -0.0068282321185029905 1697451725.3311005 -0.000307102277380751 1 0.06895829624481545 0.0022342406484316692 -0.0100538932963103 0.00223424064843167 0.00550260176185007 -0.00424115166726545
0.06856220241765851 0.0021355486752857493 0.0044251085181596225 0.009774804812550395 -0.006552517767719927 1697451725.381127 -0.000279356229267009 1 0.059341163025358246 0.002226335267702979 -0.00916923057340231 0.00222633526770298 0.00504414023317998 -0.00412983490388030
0.06916322162235809 0.0021363443196241133 0.003982491067795429 0.009041758001165835 -0.0066498151203164 1697451725.4312375 -0.000255449502823731 1 0.05869814738652351 0.0008054359462297242 -0.00842297483763126 0.000805435946229724 0.00462299149129844 -0.00408956310656882
0.06970517447214139 0.002135828383479572 0.003554320287414044 0.007572297505465093 -0.00609630750612778 1697451725.4814963 -0.000257344271163547 1 0.04963287502488333 0.0008103869779418385 -0.00846533387420917 0.000810386977941838 0.00419972479758801 -0.00404904375767173
0.06995932031814 0.002136391573284281 0.003344845941808025 0.007702994493548349 -0.006430866952813454 1697451725.5316343 -0.000214629152843205 1 0.06590845620427162 0.0020982675587520134 -0.00712389253780099 0.00209826755875201 0.00384353017069788 -0.00394413037973410
0.0702003218289233 0.0021356649342483686 0.0029334500378008243 0.006369132115105127 -0.005894373130487454 1697451725.5817683 -0.000194905925274829 1 0.05821756446254649 0.0020764418780603914 -0.00649273367942460 0.00207644187806039 0.00351889348672667 -0.00384030828583109
0.07063118571787189 0.0021355967042965985 0.0027344653718275203 0.0065172701701397585 -0.006156658416356705 1697451725.631709 -0.000179415936332555 1 0.05717688478387718 0.0007874567780772903 -0.00599759581287319 0.000787456778077290 0.00321901369608302 -0.00380093544692723
0.07102084171799039 0.0021340978855647562 0.0023456039539693457 0.005417460321548475 -0.0056736664104410145 1697451725.6817799 -0.000183239804434570 1 0.05025998436458382 0.0007830754861399894 -0.00611825482786475 0.000783075486139989 0.00291310095468980 -0.00376178167262023
0.07120261916777681 0.0021341937886485665 0.002156941761649448 0.005557409841893663 -0.005861986718407112 1697451725.7318044 -0.000151724755311607 1 0.06328936832513912 0.0019658150251962107 -0.00510821215074696 0.00196581502519621 0.00265769034715247 -0.00366349092136043
0.07137631731070758 0.002132906808965826 0.001965924337549027 0.004886352607561365 -0.005476921679872002 1697451725.7820141 -0.000136317734660420 1 0.05786790083608934 0.0019391528561430314 -0.00461436342814823 0.00193915285614303 0.00242697217574501 -0.00356653327855325
0.07153172737802367 0.002132467949771256 0.0017838837884767724 0.004574556461253812 -0.005437848435653171 1697451725.8323107 -0.000127382769229534 1 0.0558306832324488 0.0007629059509656076 -0.00432034163867009 0.000762905950965608 0.00221095509381151 -0.00352838798100497
0.0719647663433909 0.0021304810115190583 0.0012523225731589948 0.0038930074033820252 -0.0052263421229845 1697451725.882041 -0.000130244141836883 1 0.05154336469167728 0.000760259025002501 -0.00441909255999792 0.000760259025002501 0.00199000046581163 -0.00349037502975485
0.07209477566922927 0.002130172472558427 0.0010818419205213753 0.003990241922891747 -0.005252828376906121 1697451725.9324396 -0.000107817825840597 1 0.06098266028435653 0.0018349051411113019 -0.00368209770838718 0.00183490514111130 0.00180589558039228 -0.00339862977269929
0.07222012724492419 0.0021287713393813665 0.0009080542417617434 0.003481500992768505 -0.004954805226545053 1697451725.982496 -9.60719798175581e-5 1 0.0573743136097512 0.0018151396332999749 -0.00330113766812148 0.00181513963329997 0.00164083869698622 -0.00330787279103430
0.07244035278134585 0.0021278098803743776 0.0005819220355195979 0.0033568355413636252 -0.00498183421776101 1697451726.0328085 -9.04179918677873e-5 1 0.05535158579270835 0.000735447959070747 -0.00311118627533887 0.000735447959070747 0.00148527938321924 -0.00327110039308075
0.07254696587684578 0.002126502380077557 0.0004190495564617146 0.0029729982309952174 -0.004623632751318126 1697451726.0830286 -9.23182466956087e-5 1 0.05257553551565929 0.0007433173770584006 -0.00318062623942431 0.000743317377058401 0.00132624807124803 -0.00323393452422783
0.07273407906506096 0.0021253766469241236 0.000109456734297134 0.002857336718780711 -0.004717924394812408 1697451726.133011 -8.16211813033591e-5 1 0.057351873988186704 0.000763405447751387 -0.00282751760012750 0.000763405447751387 0.00118487219124166 -0.00319576425184027
0.0729029194099153 0.0021234328517257396 -0.0001971644249870467 0.002324512504694003 -0.004572587353544686 1697451726.1831298 -7.81876819119161e-5 1 0.054727946762754665 0.0016673832226368362 -0.00271356301411232 0.00166738322263684 0.00104919404053606 -0.00311239509070843
0.07298050721595357 0.002122855420518929 -0.00034702730048982055 0.002391397658161003 -0.0045661733731860174 1697451726.2332158 -6.33984037218113e-5 1 0.05916598588852038 0.001679709435570075 -0.00221006391597958 0.00167970943557007 0.000938690844737083 -0.00302840961892993
0.07305605214699268 0.002121558400364988 -0.000497400375044892 0.002079230900822545 -0.004267454114563206 1697451726.2836227 -6.51171869909564e-5 1 0.053135449636249735 0.0007420910473556453 -0.00227350940610732 0.000742091047355645 0.000825015374431691 -0.00299130506656214
0.07312171547652675 0.002120954319665634 -0.0006368646603523285 0.0019516093482277533 -0.004258940238221185 1697451726.3336585 -5.29736760632027e-5 1 0.05842207842521879 0.0016141183433898863 -0.00186113710397646 0.00161411834338989 0.000731958519232874 -0.00291059914939265
0.07325030211940485 0.0021190954677352738 -0.000920233573381017 0.0017476752929311275 -0.004098293028441548 1697451726.383664 -4.72914553409640e-5 1 0.056165502906500867 0.001597860747996533 -0.00166916928471870 0.00159786074799653 0.000648500054996943 -0.00283070611199283
0.0733598290290495 0.0021178077893713944 -0.001186209050139621 0.0016836750521396868 -0.004088150425529816 1697451726.434279 -4.54264118966644e-5 1 0.055318832271266286 0.0006955632761724375 -0.00160777327901317 0.000695563276172438 0.000568111391046290 -0.00279592794818421
0.07341360030311203 0.002116680112087458 -0.0013205935407922407 0.0014923965261659953 -0.0038104300144089632 1697451726.4840217 -4.02058088838755e-5 1 0.05567071329244293 0.0015361142404665745 -0.00142947104339905 0.00153611424046657 0.000496637838876341 -0.00271912223616088
0.07346030719212387 0.00211598102728365 -0.0014461264966096838 0.0013804278900068124 -0.0038647011226405994 1697451726.5343769 -3.71375417894306e-5 1 0.05542947241658819 0.0006854615383538579 -0.00132117467464349 0.000685461538353858 0.000430579105144152 -0.00268484915924318
0.07350632650451074 0.0021153490793084585 -0.0015730857312255897 0.0014261163856372167 -0.003865805086732699 1697451726.5842955 -3.83124856938597e-5 1 0.053830056850877224 0.0007037845463891228 -0.00136474288492511 0.000703784546389123 0.000362341960897900 -0.00264965993192373
0.07363049379773393 0.0021129327159340808 -0.001941046310815274 0.0012104559623398131 -0.0036842123821584738 1697451726.6344838 -3.13444247338624e-5 1 0.056976435987033926 0.0014533699029751648 -0.00112201133444455 0.00145336990297516 0.000306241394175676 -0.00257699143677498
0.07370202639588762 0.0021112127691084426 -0.00217854206700477 0.0009796380403404084 -0.0034259865093838136 1697451726.685139 -2.83560548910815e-5 1 0.05555562626035371 0.0014550236521477095 -0.00101873193314924 0.00145502365214771 0.000255304797518217 -0.00250424025416759
0.0737347093200452 0.002110566550750044 -0.002292830192828489 0.0010165369259257156 -0.003528805222805196 1697451726.734779 -2.61396902330440e-5 1 0.05532724302174746 0.0006737562731114901 -0.000941698437355955 0.000673756273111490 0.000208219875650422 -0.00247055244051202
0.07376723123405564 0.0021095930854625904 -0.002409287135586844 0.0009034619194468447 -0.0032990492828186735 1697451726.78463 -2.70891397760071e-5 1 0.05412274268118416 0.0006858576973402032 -0.000975891299308612 0.000685857697340203 0.000159425310684980 -0.00243625955564500
0.07382290514763251 0.0021082723694239376 -0.002625692313365462 0.0008609958185597877 -0.0033314450440896 1697451726.8352623 -2.28571156096782e-5 1 0.05584442920027695 0.00167221700288377 -0.000828235212445183 0.00167221700288377 0.000108902962725830 -0.00233425431846911
0.0738749788901324 0.002106769333532203 -0.002947556752360393 0.0006870668782569986 -0.0030743606940555534 1697451726.9054308 -2.00819095238356e-5 1 0.05594906648053105 0.0009011052201826785 -0.000729390839663682 0.000901105220182679 8.04567199789449e-5 -0.00229911121488198
0.07389909791560945 0.0021058697272558513 -0.002947556752360393 0.0006870668782569986 -0.0030743606940555534 1697451726.970809 -1.81724536906620e-5 1 0.05522390226649223 0.001072055700720177 -0.000662750729134284 0.00107205570072018 3.93661747726208e-5 -0.00223264376143733
0.07392185750287854 0.0021052824905012694 -0.0030493885218789906 0.0006902261240419146 -0.00306230311961389 1697451727.0059805 -1.81725447177224e-5 1 0.0546564665608715 4.8616461601226694e-05 -0.000662750786944791 4.86164616012267e-5 1.41816448687210e-5 -0.00223079633589648
0.07396367058934505 0.0021037262695459647 -0.003248136723346711 0.0005655572121920984 -0.002845954793718637 1697451727.0545177 -1.49066548081834e-5 1 0.05462329448012982 0.0006717207090805563 -0.000546895917898228 0.000671720709080556 -1.31631510261966e-5 -0.00219721030044245
0.07399915718370585 0.002102345453376629 -0.003442306348549054 0.0005014448588911605 -0.0028554124190134063 1697451727.1033795 -1.42940796308681e-5 1 0.056201435341718856 0.0018769077574315514 -0.000524242116771052 0.00187690775743155 -3.93752568647478e-5 -0.00210336491257088
0.07401539940957981 0.0021017288507135363 -0.0035354967834983096 0.0005061254790090957 -0.0028695160059524108 1697451727.1528842 -1.31870058647536e-5 1 0.05516418698040517 0.0006694528274286004 -0.000484763858708749 0.000669452827428600 -6.36134498001839e-5 -0.00206989227119945
0.074031692219494 0.002100948142625594 -0.00363050473990999 0.00045974049024337464 -0.0026937336191107356 1697451727.203088 -1.32956092443359e-5 1 0.05470013105931609 0.0006592730116883737 -0.000489172365204932 0.000659273011688374 -8.80720680604291e-5 -0.00203692862061503
0.07405942920842823 0.00209969942884069 -0.0038055636942509767 0.00043197886554027256 -0.002700285543888445 1697451727.252742 -1.20636665074474e-5 1 0.05523397964253553 0.0006789422030886263 -0.000445252653324978 0.000678942203088626 -0.000110334700726677 -0.00200298151046060
0.07408473196822973 0.0020982988973955678 -0.00398025180618091 0.0003434652930637993 -0.0025440031399036026 1697451727.302961 -1.13119023239142e-5 1 0.05506162681426076 0.001176483924202968 -0.000418277367235452 0.00117648392420297 -0.000131248569088454 -0.00194415731425044
0.07409605560696346 0.0020977121273778403 -0.004064598546325301 0.0003595463198936071 -0.0025998113925334897 1697451727.3527198 -8.97553825689358e-6 1 0.05571340307823296 0.0011893705219850352 -0.000333155835312009 0.00118937052198504 -0.000147906360854054 -0.00188468878815119
0.0741073998335419 0.0020969689730662034 -0.004150715034816488 0.0003165804797713736 -0.002458014898309326 1697451727.40279 -9.38639719864891e-6 1 0.054659416571755014 0.0006486971408805102 -0.000348498573377515 0.000648697140880510 -0.000165331289522928 -0.00185225393110717
0.0741169761566247 0.0020963639353565647 -0.004228971725258608 0.0002869147916613894 -0.0023546213866555673 1697451727.4531693 -7.47564859463999e-6 1 0.0555828578864916 0.0011472015857200433 -0.000278898243853805 0.00114720158572004 -0.000179276201715618 -0.00179489385182117
0.07413583304807411 0.002095074856062863 -0.004388492971225091 0.00026403056536280475 -0.0023315855016929716 1697451727.5029309 -6.86632915584507e-6 1 0.05509682698030439 0.001130572189148889 -0.000256698740664536 0.00113057218914889 -0.000192111138748844 -0.00173836524236373
0.07415162012382148 0.0020939118220650705 -0.004536493709422032 0.0002505896190021977 -0.0022912583235067054 1697451727.5532672 -6.22393691207130e-6 1 0.05512512889093412 0.0006191736176179955 -0.000233199906490060 0.000619173617617995 -0.000203771134073349 -0.00170740656148282
0.07415949376675054 0.002093237309485087 -0.004611852906573681 0.000223466350075922 -0.002142785438322634 1697451727.6035564 -5.79590562930879e-6 1 0.05504900976486375 0.0010869480965853275 -0.000217734538869668 0.00108694809658533 -0.000214657861016832 -0.00165305915665356
0.07416619491036353 0.0020926541638503094 -0.004681161320718876 0.00020248446285427648 -0.0021158145338176127 1697451727.6537538 -5.24734052574874e-6 1 0.055108576640789345 0.0006082176388383147 -0.000197347283710521 0.000608217638838315 -0.000224525225202358 -0.00162264827471164
0.0741727654421388 0.0020920946227583302 -0.0047511634814052335 0.00021132996499470728 -0.002146540323543554 1697451727.703874 -5.47195871753224e-6 1 0.0548058799960983 0.0006178726649006945 -0.000205882746211687 0.000617872664900695 -0.000234819362512941 -0.00159175464146661
0.07418499246734499 0.0020908736470322447 -0.004887082588411417 0.00017074823291682526 -0.0019888894450642933 1697451727.7539563 -4.41393551535915e-6 1 0.05532044320432043 0.0010287659424010594 -0.000166656863580743 0.00102876594240106 -0.000243152205691978 -0.00154031634434656
0.07419600320143585 0.002089692224037543 -0.005019955513378514 0.00015737753693322907 -0.0019438210265279275 1697451727.8039782 -4.06176060290192e-6 1 0.055055018191369244 0.0010209600155714536 -0.000153680920912641 0.00102096001557145 -0.000250836251737612 -0.00148926834356798
0.0742051884164976 0.0020885957675582855 -0.00514286592930804 0.00014885022315292115 -0.0019004809906639564 1697451727.8539836 -3.66594544778379e-6 1 0.055081226364651105 0.0005945666439930538 -0.000138979109414281 0.000594566643993054 -0.000257785207208326 -0.00145954001136833
0.07421364727872208 0.002087440913872188 -0.0052623202119240755 0.0001198691607084161 -0.0017438311409136687 1697451727.9040885 -3.83594959264399e-6 1 0.05485854789944791 0.000596811689216736 -0.000145422520159436 0.000596811689216736 -0.000265056333216297 -0.00142969942690749
0.07421744463687706 0.00208691190162109 -0.005319986088913866 0.00012548429852937159 -0.0017699878346444243 1697451727.9539888 -3.08460312914368e-6 1 0.05522987604409086 0.0009598603250517794 -0.000117329122115040 0.000959860325051779 -0.000270922789322049 -0.00138170641065491
0.07422124729280098 0.0020863185079752597 -0.00537868626521759 0.00011065224645608786 -0.0016972312057154757 1697451728.0046608 -2.84338478787445e-6 1 0.05503684301929515 0.0009505236848705535 -0.000108364204834614 0.000950523684870553 -0.000276340999563779 -0.00133418022641138
0.0742275553684625 0.0020852642505639314 -0.005485929373942388 0.00010463166250089115 -0.001657916257681804 1697451728.0549912 -2.56206102630588e-6 1 0.05505893722684864 0.0005757488584397855 -9.78125469657046e-5 0.000575748858439785 -0.000281231626912065 -0.00130539278348938
0.07423335311353337 0.0020841664698347754 -0.005589670555370301 8.407264069848853e-05 -0.0015133675696483576 1697451728.1048498 -2.68514648995240e-6 1 0.054899067770133245 0.000577454699682248 -0.000102513191213557 0.000577454699682248 -0.000286357286472743 -0.00127652004850527
0.07423594774008846 0.002083656019631794 -0.005639664880320142 8.820465404158047e-05 -0.0015354798341001103 1697451728.156442 -2.15479840982819e-6 1 0.05515952271692928 0.0008793319764676198 -8.25150118009266e-5 0.000879331976467620 -0.000290565552074590 -0.00123167411770542
0.07423854709723185 0.0020830950854219487 -0.005690383160398893 7.772401254271608e-05 -0.001465316290236976 1697451728.2065268 -1.98961826277184e-6 1 0.055024624275286316 0.0008814851305283227 -7.63265876204330e-5 0.000881485130528323 -0.000294381881455612 -0.00118759986117901
0.07424282289248522 0.002082079312530531 -0.0057827745542625465 7.337403040714703e-05 -0.0014288589541958734 1697451728.2556708 -1.78632287858712e-6 1 0.055045719204482584 0.0005614034286868842 -6.86333158674210e-5 0.000561403428686884 -0.000297744913933115 -0.00116009109317336
0.07424495877400619 0.0020815345651318774 -0.005829236141982611 6.546390331134024e-05 -0.001318246008209253 1697451728.3066132 -1.87612408518967e-6 1 0.05492779508781193 0.0005568415421357072 -7.20849920528704e-5 0.000556841542135707 -0.000301349163535759 -0.00113224901606656
0.0742484946702863 0.0020805370796452183 -0.005914432487271709 6.203960156211434e-05 -0.0013146050410168244 1697451728.3563614 -1.67290717427196e-6 1 0.055046369319302395 0.0005637150828002425 -6.44017406739167e-5 0.000563715082800242 -0.000304569250569455 -0.00110406326192655
0.07425168770246919 0.0020795074835963994 -0.005997549310543822 4.864176644458953e-05 -0.0012068614237829844 1697451728.4067457 -1.58373024811677e-6 1 0.05500322321671119 0.0008060462385373712 -6.10338505471972e-5 0.000806046238537371 -0.000307620943096815 -0.00106376094999969
0.07425309118290115 0.0020790209336134773 -0.006037350952480118 5.135998532641769e-05 -0.0012297745995263321 1697451728.4565403 -1.24043503675141e-6 1 0.055109657467953 0.0008005240407627846 -4.79163938910121e-5 0.000800524040762785 -0.000310016762791365 -0.00102373474796155
0.07425450058858703 0.0020784978174988996 -0.006077220022770053 4.507307870063277e-05 -0.0011342705360752312 1697451728.5063615 -1.30910650061697e-6 1 0.05494713781851851 0.0005402400450031686 -5.05788919283462e-5 0.000540240045003169 -0.000312545707387782 -0.000996722745711394
0.07425677598164147 0.0020775335279659907 -0.006148922922571482 4.278412997967304e-05 -0.0011115671546826798 1697451728.5566409 -1.14829136325935e-6 1 0.055040332526907494 0.0005441244126291965 -4.44402477456987e-5 0.000544124412629197 -0.000314767719775068 -0.000969516525079928
0.07425882038520538 0.0020765436314280875 -0.006218368094704167 3.3396852316929535e-05 -0.0010053916509916543 1697451728.6066823 -1.08900524574593e-6 1 0.055001497422219825 0.000743890476306716 -4.21945193463252e-5 0.000743890476306716 -0.000316877445742384 -0.000932322001264594
0.07425971162310005 0.002076072223646361 -0.006251524424307339 3.547334742467289e-05 -0.0010260189356659307 1697451728.6566756 -8.49330445970981e-7 1 0.05507717435046894 0.0007361584268892234 -3.29798787443922e-5 0.000736158426889223 -0.000318526439679603 -0.000895514079920135
0.0742606079830754 0.0020755701106348508 -0.006284517156062495 3.108740109899841e-05 -0.0009365019288594265 1697451728.7071383 -9.01765351092472e-7 1 0.054961498375210305 0.0005176632074850587 -3.50210513723262e-5 0.000517663207485059 -0.000320277492248219 -0.000869630919545884
0.07426211673092663 0.002074633125745063 -0.006343294160629546 2.4919461006721875e-05 -0.0009465711903970987 1697451728.757663 -7.89944722392337e-7 1 0.05502831576270716 0.0005195703714184042 -3.07253353121970e-5 0.000519570371418404 -0.000321813759013829 -0.000843652400974965
0.07426355427453303 0.002073669086050663 -0.006399412897848202 2.076482824171061e-05 -0.0008456657361737183 1697451728.8075922 -6.32749006447202e-7 1 0.05504921967041946 0.0006819605862134759 -2.46256783790269e-5 0.000681960586213476 -0.000323045042932781 -0.000809554371664284
0.07426423685755651 0.0020732011257150033 -0.006426063434804219 2.1210939462441873e-05 -0.0008630309457974047 1697451728.858115 -5.26884773069307e-7 1 0.05503116391352928 0.0006707665374993958 -2.05458429903271e-5 0.000670766537499396 -0.000324072335082297 -0.000776016044789316
0.0742649081507076 0.0020727139507475995 -0.006452288586463137 1.8978180229847977e-05 -0.0007767601709014136 1697451728.9079645 -5.38024394516887e-7 1 0.054984933418061356 0.0004928237969852409 -2.09825233714669e-5 0.000492823796985241 -0.000325121461250870 -0.000751374854940055
0.0742655028660796 0.002072248225274189 -0.006475533711231704 1.8008591843061587e-05 -0.0007391016294155638 1697451728.9579313 -4.56512428417998e-7 1 0.055023019180272324 0.0006370174746389394 -1.78423289409826e-5 0.000637017474638939 -0.000326013577697920 -0.000719523981208110
0.07426668737276831 0.0020713077112995406 -0.006521839282846077 1.6852264375600358e-05 -0.0006945254682616051 1697451729.0080311 -4.26951034636300e-7 1 0.05500313714248678 0.0006217347163158393 -1.67059121904470e-5 0.000621734716315839 -0.000326848873307442 -0.000688437245392320
0.07426773015873663 0.002070391975506381 -0.0065626380884472495 1.6364647998689617e-05 -0.0006754715890945184 1697451729.0578368 -4.14384104237596e-7 1 0.05500296592433149 0.0004652587397465574 -1.62263056060624e-5 0.000465258739746557 -0.000327660188587745 -0.000665174308404987
0.074268241440474 0.0020699183627123354 -0.006582653597260213 1.4343405501494099e-05 -0.0005971990978650232 1697451729.108256 -3.63110693848064e-7 1 0.055007067308352926 0.0005908198265422099 -1.42361533524010e-5 0.000590819826542210 -0.000328371996255365 -0.000635633317077878
0.07426869155998383 0.002069464988226441 -0.00660028591171343 1.3863590933693437e-05 -0.0005784680777192959 1697451729.158664 -3.50885749248145e-7 1 0.05499786635021115 0.00045288712104774406 -1.37631389720005e-5 0.000452887121047744 -0.000329060153203965 -0.000612988961025492
0.07426958576616155 0.0020685472967666083 -0.0066353211277488675 1.2363204729680764e-05 -0.0005202832859419185 1697451729.2087219 -3.12772614464665e-7 1 0.05500882225967531 0.0005632843501114146 -1.22825721316222e-5 0.000563284350111415 -0.000329674281810546 -0.000584824743519923
0.07427036103624259 0.002067655389137866 -0.006665726180319459 1.2233341685367186e-05 -0.0005150631073886445 1697451729.2587116 -3.01361003859006e-7 1 0.054998530667785456 0.00044214828360340905 -1.18393089264049e-5 0.000442148283603409 -0.000330266247256866 -0.000562717329339754
0.0742707353762614 0.0020671941427855326 -0.006680419462611968 1.0495719623976467e-05 -0.00044762332858974685 1697451729.3090255 -2.65376047421316e-7 1 0.05500893911491148 0.0005363536786541082 -1.04367675487979e-5 0.000536353678654108 -0.000330788085634306 -0.000535899645407042
0.07427106010878676 0.002066752695660795 -0.006693176545059189 1.003198519261067e-05 -0.0004294394635113158 1697451729.3593004 -2.53609782629217e-7 1 0.054999621351717244 0.0004312285557992029 -9.97791148266841e-6 0.000431228555799203 -0.000331286981208440 -0.000514338217617083
0.07427196455325027 0.0020654236114223136 -0.006728736397383099 8.248553309525393e-06 -0.0003598890259821587 1697451729.4094033 -2.61732345013141e-7 1 0.05499159262065568 0.0004326940430867189 -1.02975217313173e-5 0.000432694043086719 -0.000331801857295006 -0.000492703515462748
0.07427223204129771 0.0020649909557659426 -0.006739262690471025 8.564019147494179e-06 -0.00037205951359100045 1697451729.4598513 -2.08429762246499e-7 1 0.055016939934317104 0.0004970398497933129 -8.21126343431011e-6 0.000497039849793313 -0.000332212420466721 -0.000467851522973084
0.0742726997058069 0.002064111382401683 -0.006757705791721431 6.451126336629705e-06 -0.00028975912111082856 1697451729.5107083 -1.81834087351221e-7 1 0.055006907430313494 0.00048600477898000415 -7.16905675942486e-6 0.000486004778980004 -0.000332570873304692 -0.000443551284024085
0.07427290885490359 0.0020636849989185344 -0.006765959943056639 6.8799414235055355e-06 -0.0003062774673885548 1697451729.5601206 -1.62950970981202e-7 1 0.055004242318971865 0.00041013359156734657 -6.42762982568795e-6 0.000410133591567347 -0.000332892254795977 -0.000423044604445713
0.07427326122543035 0.0020628192787776455 -0.006779909982010316 4.921073180359458e-06 -0.000229835272789319 1697451729.6101468 -1.73764192213243e-7 1 0.05499227187841941 0.00041020589998296236 -6.85344986343928e-6 0.000410205899982962 -0.000333234927289149 -0.000402534309446566
0.07427341879445828 0.0020623987237195322 -0.006786153933226077 5.235038699662371e-06 -0.0002419265308581489 1697451729.6603658 -1.24267502122533e-7 1 0.055017128145841365 0.0004485030769750023 -4.90684885662979e-6 0.000448503076975002 -0.000333480269731980 -0.000380109155597818
0.07427356272967764 0.0020619623994784573 -0.006791874327814925 3.952654887103042e-06 -0.0001920376841065522 1697451729.7104635 -9.97976881815995e-8 1 0.05500770785548896 0.000437563293783957 -3.94310595183689e-6 0.000437563293783957 -0.000333677425029572 -0.000358230990908621
0.07427366932165862 0.0020615447556130853 -0.00680032903488032 4.054457387062519e-06 -0.00017982745615566332 1697451729.7605255 -8.40670049505652e-8 1 0.05500456365451997 0.0003887870721537589 -3.32278239590506e-6 0.000388787072153759 -0.000333843564149367 -0.000338791637300934
0.07427386992888592 0.002060704177265752 -0.006804161176273055 5.691803435016816e-06 -0.00010735584249739953 1697451729.810741 -1.02356760656872e-7 1 0.054990726192055916 0.00038874553395392217 -4.04528404000098e-6 0.000388745533953922 -0.000334045828351367 -0.000319354360603234
0.07427403531412 0.002059887048710918 -0.006810821990114792 9.47909360442567e-06 -7.889840219254526e-05 1697451729.8608916 -1.43684916745696e-7 1 0.05498078063780296 0.0003869937966507059 -5.68412114842348e-6 0.000386993796650706 -0.000334330034408789 -0.000300004670770699
0.07427420070346016 0.0020590728469119164 -0.006817463967424858 7.429405679151125e-06 -7.767331987529707e-05 1697451729.9117353 -2.39271053040524e-7 1 0.054957387551503714 0.00040717738613447953 -9.46970685592602e-6 0.000407177386134480 -0.000334803519751585 -0.000279645801463977
0.0742742794295557 0.002058669943354636 -0.006820715317667113 6.214711391811377e-06 -8.071604062757e-05 1697451729.96129 -1.87516542675816e-7 1 0.05501678217641319 0.0004076485866627463 -7.42215691457854e-6 0.000407648586662746 -0.000335174627597314 -0.000259263372130840
0.07427435784863165 0.00205825952266254 -0.00682400600318746 4.262222501741331e-06 -8.136029583323168e-05 1697451730.0113814 -1.56851236638875e-7 1 0.05500903958717745 0.00038485877182552983 -6.20840656153504e-6 0.000384858771825530 -0.000335485047925390 -0.000240020433539565
0.07427450273094531 0.0020574653059280096 -0.006830291040080305 1.3177653376494022e-06 -8.59254447132271e-05 1697451730.0615072 -1.07568307944646e-7 1 0.05501739377764979 0.0003854446339596585 -4.25786068903450e-6 0.000385444633959659 -0.000335697940959842 -0.000220748201841578
0.07427464691613338 0.0020566636350951004 -0.006836604055517127 1.2400336958850926e-06 -8.371614598648783e-05 1697451730.111781 -3.21487417242485e-8 1 0.0550292452312495 0.0004288650934223952 -1.27264279492501e-6 0.000428865093422395 -0.000335761573099589 -0.000199304947170459
0.07427471842477752 0.002056264291821206 -0.006839745533624475 1.2700371201149999e-06 -8.522699145254174e-05 1697451730.1619482 -3.12903063390450e-8 1 0.054999719640257974 0.0003853080243522246 -1.23872622213167e-6 0.000385308024352225 -0.000335823509410695 -0.000180039545952849
0.07427479041588177 0.0020558600392048764 -0.006842919238619501 1.214099320114082e-06 -8.333878084335319e-05 1697451730.2119322 -3.20460724408191e-8 1 0.05499906494719763 0.00038591205580121193 -1.26867374881240e-6 0.000385912055801212 -0.000335886943098136 -0.000160743943162790
0.07427492953224626 0.0020550749976509827 -0.006849073525240751 1.2111705637381318e-06 -8.398168425267124e-05 1697451730.2625198 -3.05570324569688e-8 1 0.05499995232833983 0.00038642797568942694 -1.20988909838027e-6 0.000386427975689427 -0.000335947437553055 -0.000141422544378319
0.0742750680379953 0.0020542873087883488 -0.006855232955476343 1.129476480458959e-06 -8.120533398784334e-05 1697451730.3125627 -2.93793379493873e-8 1 0.05499991333276984 0.00042922781102323367 -1.16333051439904e-6 0.000429227811023234 -0.000336005604078775 -0.000119961153827153
0.07427513679140785 0.002053895129064102 -0.006858297869686419 1.1608563471622997e-06 -8.269029592697356e-05 1697451730.363229 -2.84935882365313e-8 1 0.05499978588784225 0.00038649485641347494 -1.12832077481251e-6 0.000386494856413475 -0.000336062020117515 -0.000100636411006480
0.07427520596884665 0.0020534983432528514 -0.006861392513546194 1.108506215882129e-06 -8.0705995206631e-05 1697451730.4133883 -2.92840354675690e-8 1 0.05499910577315937 0.00038709969373275664 -1.15964673141206e-6 0.000387099693732757 -0.000336120002454086 -8.12814263198433e-5
0.07427533966750678 0.0020527277943800755 -0.006867394080701757 1.1100183136869867e-06 -8.123751680830108e-05 1697451730.4632876 -2.79623003180085e-8 1 0.05499996924820477 0.00038759161989799563 -1.10737878117328e-6 0.000387591619897996 -0.000336175371393145 -6.19018453249446e-5
0.07427547293173381 0.0020519543392273094 -0.00687340521492072 1.0372552068519184e-06 -7.857058667031034e-05 1697451730.513716 -2.69285745133258e-8 1 0.054999874717051804 0.00042937511328850283 -1.06658041416213e-6 0.000429375113288503 -0.000336228700413853 -4.04330896605207e-5
0.07427553919661803 0.0020515690246783384 -0.006876399265940117 1.0697153871249974e-06 -8.007871085997433e-05 1697451730.5643704 -2.61608429962398e-8 1 0.054999785339477664 0.0003876786277117129 -1.03622785840168e-6 0.000387678627711713 -0.000336280511806773 -2.10491582749307e-5
0.07427560583749358 0.002051179377635562 -0.00687942113530389 1.0198071167430505e-06 -7.811811277836324e-05 1697451730.614323 -2.69784651869303e-8 1 0.05499914054050364 0.0003882836224812201 -1.06863548113290e-6 0.000388283622481220 -0.000336333943580829 -1.63497715087077e-6
0.07427573469368873 0.0020504230856588012 -0.006885280532156065 1.0253027090583696e-06 -7.85587434419071e-05 1697451730.6641443 -2.57187441397443e-8 1 0.054999989179145545 0.00038875580035635884 -1.01880272331684e-6 0.000388755800356359 -0.000336384883716995 1.78028128669461e-5
0.07427586297383715 0.00204966484929171 -0.006891142378077036 9.469096764868225e-07 -7.549402879698645e-05 1697451730.7138102 -2.47087383823556e-8 1 0.054999909429607655 0.0004295548528639284 -9.78922381239533e-7 0.000429554852863928 -0.000336433829836057 3.92805555101413e-5
0.07427592680169078 0.002049287078287406 -0.006894062587183122 9.795924360971907e-07 -7.705094275581481e-05 1697451730.763926 -2.38766418336927e-8 1 0.05499985615464424 0.00038880520955305117 -9.46008151987698e-7 0.000388805209553051 -0.000336481130243657 5.87208159877927e-5
0.07427599095734852 0.0020489050900880986 -0.006897009272819483 9.2828665191122e-07 -7.51334793217394e-05 1697451730.8139458 -2.46997984777952e-8 1 0.05499918337618585 0.00038940618531989633 -9.78640505723549e-7 0.000389406185319896 -0.000336530062268943 7.81911252537920e-5
0.07427605248089639 0.0020485373119229653 -0.006899842450816494 8.932620872565025e-07 -7.403332758800172e-05 1697451730.8643672 -2.25213544627061e-8 1 0.05500041667244479 0.00040957310334967354 -8.92427920354266e-7 0.000409573103349674 -0.000336574683664961 9.86697804212745e-5
0.07427617810030746 0.002047784325542193 -0.006905640898166291 8.667456320177898e-07 -7.356256830764412e-05 1697451730.914713 -2.18511403968764e-8 1 0.05499983179173639 0.0004102368798956584 -8.65941261099512e-7 0.000410236879895658 -0.000336617980728016 0.000119181624416056
0.07427629957832074 0.0020470502592858154 -0.006911280035202117 8.48305803574633e-07 -7.356104509011495e-05 1697451730.964577 -2.06948986312939e-8 1 0.055000047874841196 0.0003898755294618872 -8.20165708799447e-7 0.000389875529461887 -0.000336658989013456 0.000138675400889149
0.07427636115435671 0.002046675693418638 -0.006914151974695842 7.919980655458669e-07 -7.156607060197492e-05 1697451731.014852 -1.99644726081358e-8 1 0.054999893145529825 0.0004104697389144997 -7.91282861116460e-7 0.000410469738914500 -0.000336698553156511 0.000159198887834873
