-0.0011745650371973943 0.9986970549770278 -0.4322227011130769 0.00024798950252448974 -0.008746583278411622 1697525312.092904 0.00311273342349106 1 55.05500000130058 0.0 2.09152286342017 -10.5206894475999 0.2050549999999987 0.0
0.0027327327101931793 0.9968618047092679 -0.4393113347768751 0.10842560177263773 0.014797423490957766 1697525312.3438537 -0.00270135348258894 1 0.05439165075161957 -0.7988266441872439 -0.397377341353985 -0.429811470431073 0.2189792625924118 -0.20449962091191193
0.007012789251810556 0.9948383126782973 -0.4416630413721031 0.15941806508087789 0.015985357665987507 1697525312.4722357 -0.00554453571607882 0 -0.4217815988163076 -0.2989273599867069 -0.4217815988163076 -0.2989273599867069 0.1649912179439064 -0.24276232299022318
0.007012789251810556 0.9948383126782973 -0.4416630413721031 0.15941806508087789 0.015985357665987507 1697525312.507307 -0.00845509994070781 0 -0.7531727940873895 -0.2861740815953087 -0.7531727940873895 -0.2861740815953087 0.13863017015087173 -0.2527784158460499
0.020235732632121993 0.9885693080718331 -0.4416166017324636 0.26095223262212963 0.00047127128155776473 1697525312.5437744 -0.0146825678618074 1 -0.024709032540438942 -0.3149954113962483 -0.366813023839157 -0.147530504234700 0.13771593594687465 -0.26443324606772195
0.034390794007510744 0.9816466686531797 -0.4662890623131222 0.20978989876869894 -0.3450963416472462 1697525312.580265 -0.0147414488228107 0 -1.4856728877195127 -0.2866869105958903 -1.4856728877195127 -0.2866869105958903 0.08423171198905462 -0.2747539748491581
0.040533649055400654 0.9784757561452649 -0.47901185414336733 0.20874771786735624 -0.3914791275461655 1697525312.6114514 0.00373799411240167 1 0.7753039837338301 -0.01734786041514258 0.452420058503946 -0.235081404950772 0.108266135484852 -0.2752917585220286
0.040533649055400654 0.9784757561452649 -0.47901185414336733 0.20874771786735624 -0.3914791275461655 1697525312.651421 0.0111575750094088 0 -0.036346597666882544 -0.17100080347777752 -0.036346597666882544 -0.17100080347777752 0.10681227157817802 -0.2821317906611335
0.045433649292418415 0.9758613442006103 -0.49167904696071213 0.16135338681148498 -0.3701047738101297 1697525312.6932862 0.0202012125141159 1 0.5385415334494645 -0.16730725930034324 0.459991749312554 -0.219152638047422 0.1294310159830717 -0.2891586955517529
0.05034229473309377 0.9731576381764243 -0.5053911604103535 0.16419312501739236 -0.4079276557034186 1697525312.7436786 0.0280682402709633 0 -0.055493944567795835 -0.16466464962826277 -0.055493944567795835 -0.16466464962826277 0.12665631875468442 -0.29739192803315856
0.06612434325947271 0.9638776298836699 -0.5462818482097093 0.19792423260941178 -0.429855775240012 1697525312.7932456 0.0224150926281814 0 -0.3664115544462453 -0.0556505880553024 -0.3664115544462453 -0.0556505880553024 0.10833574103238881 -0.30017445743592114
0.07156156134055998 0.9604794073027471 -0.5608664850995224 0.19397391944002357 -0.44276176449561633 1697525312.8437924 0.0375217112469919 0 -0.016637768768020166 -0.009633782282740339 -0.016637768768020166 -0.009633782282740339 0.10750385259398668 -0.3006561465500588
0.08103434940546464 0.9542698960849376 -0.5893303969212593 0.1647727972125551 -0.4485201841252919 1697525312.8936822 0.0378303534104622 0 0.214048498174114 -0.10425107599801839 0.214048498174114 -0.10425107599801839 0.11820627750268264 -0.30586870034995495
0.08553676637030477 0.9511727827428038 -0.6041354066322012 0.16560770862518093 -0.4493985331965538 1697525312.9439075 0.0522921430299814 0 0.020781530436051764 -0.0795022560661487 0.020781530436051764 -0.0795022560661487 0.11924535402448665 -0.3098438131532678
0.09537132565883705 0.9440784666140574 -0.6346682463045302 0.18188362991149684 -0.45727919050926835 1697525312.9942029 0.0555632651430870 0 -0.036152968438856216 -0.06855262305833447 -0.036152968438856216 -0.06855262305833447 0.11743770560254548 -0.3132714443061814
0.10490717507029233 0.93674356011145 -0.6654558987199058 0.18097723928526893 -0.47025349192923827 1697525313.0444217 0.0602418341589773 0 -0.19870102781905558 0.06592405153495934 -0.19870102781905558 0.06592405153495934 0.10750265421160174 -0.30997524172943647
0.10969509525316985 0.9328772751930168 -0.6814731711317467 0.18103142996872784 -0.4719026721901847 1697525313.0943797 0.0713765212536793 0 -0.026424713380367733 0.0961470125816294 -0.026424713380367733 0.0961470125816294 0.10618141854258155 -0.3051678911003484
0.11377648665105183 0.9294802738923659 -0.6941731584846449 0.15415281673350728 -0.41253930638384495 1697525313.1442235 0.0760349292265370 0 -0.036057621818953514 0.011013951330838309 -0.036057621818953514 0.011013951330838309 0.10437853745163551 -0.304617193533807
0.1178248802718374 0.9260212557027246 -0.709671859630439 0.1625709744645103 -0.47776725260543557 1697525313.1944468 0.0704824245194348 0 0.24670972398508526 0.0012676831388882953 0.24670972398508526 0.0012676831388882953 0.1167140236509066 -0.3045538093768625
0.1259805859836134 0.9187087625150455 -0.7397901803384687 0.16207363408581976 -0.4485278681293841 1697525313.2444236 0.0901497716017864 0 -0.11046706454236188 0.03219176333095401 -0.11046706454236188 0.03219176333095401 0.11119067042379353 -0.3029442212103163
0.13416973576334262 0.9108870453774869 -0.7706946474271856 0.17538275808247358 -0.4121285892563595 1697525313.294581 0.0972706958527347 0 -0.021063413255999995 0.1597712071895851 -0.021063413255999995 0.1597712071895851 0.11013749976099449 -0.2949556608508443
0.13815346198075928 0.9069355264748185 -0.785170645105263 0.16804697724742285 -0.42572182498475986 1697525313.3451447 0.0857592221106985 0 -0.16578261900759342 0.194501761999126 -0.16578261900759342 0.194501761999126 0.10184836881060351 -0.2852305727508747
0.142015447742334 0.9029679894625431 -0.799400904275531 0.1680702331911467 -0.4352930092389401 1697525313.395175 0.101746643294997 0 0.04433431972686267 0.09664532858045467 0.04433431972686267 0.09664532858045467 0.10406508479694462 -0.28039830632185636
0.14594582245649718 0.8988181333985383 -0.8142275166543824 0.16817821737413197 -0.43689855701092334 1697525313.4453583 0.106530427242524 0 -0.030401509954155394 0.22490204762923427 -0.030401509954155394 0.22490204762923427 0.10254500929923478 -0.2691532039403793
0.15649086926717226 0.8870251597890704 -0.8562203045478837 0.15926985113729808 -0.4185560215468293 1697525313.4955258 0.109869399696514 0 0.06534733570608128 0.24176079456038996 0.06534733570608128 0.24176079456038996 0.10581237608453588 -0.2570651642123708
0.1598396574355104 0.8830674113972928 -0.8695224269060915 0.15693533465625956 -0.4023131497578198 1697525313.5458477 0.113281325012431 0 -0.0009783109999237753 0.26719536694529056 -0.0009783109999237753 0.26719536694529056 0.10576346053453974 -0.2437053958651184
0.16667175915063634 0.8746718143624498 -0.895321634437412 0.16187777470087442 -0.38534325516073575 1697525313.5956454 0.110919430694127 0 -0.07436396867914391 0.17716154292937097 -0.07436396867914391 0.17716154292937097 0.10204526210057746 -0.2348473187186378
0.16996199745407609 0.8704707887280356 -0.9074221377275415 0.16171866522242487 -0.3657764417237078 1697525313.64736 0.114877557209621 0 -0.026871958421751052 0.19073929758956165 -0.026871958421751052 0.19073929758956165 0.10067479222107001 -0.22511961454158333
0.17627242561324621 0.8621102898481987 -0.931099730580754 0.15619645136453156 -0.35328648635424703 1697525313.6960254 0.112150855807648 0 -0.024235766504587433 0.19977697464336008 -0.024235766504587433 0.19977697464336008 0.09948723966234299 -0.21533054278404035
0.1821838968919149 0.8538968411630078 -0.9530601912017187 0.15226221974991236 -0.32472026039703566 1697525313.7461126 0.115055198682393 0 0.032123912896717545 0.3047579003921737 0.032123912896717545 0.3047579003921737 0.1010934353071774 -0.20009264776444552
0.1851397582826343 0.8496453747464645 -0.9641022233505218 0.1523464253451454 -0.32504101716309786 1697525313.796239 0.111857220339521 0 0.018211206271271596 0.31560201633986 0.018211206271271596 0.31560201633986 0.10200399562074015 -0.18431254694746688
0.1880054088556151 0.8454329455732846 -0.9741144489448195 0.15463981277948557 -0.30253171138879675 1697525313.8463314 0.115069310522283 0 -0.02201526862490188 0.24718431529177626 -0.02201526862490188 0.24718431529177626 0.10090323218949356 -0.1719533311828612
0.19375607153735078 0.8367196178776186 -0.9928590230691944 0.1559671461227958 -0.2795087715273526 1697525313.89636 0.110636794273481 0 -0.04525378073316547 0.2509321753204972 -0.04525378073316547 0.2509321753204972 0.09864054315283734 -0.15940672241684775
0.19915901491274945 0.8282114158288685 -1.0095701713738343 0.15075499431409656 -0.24261370882961528 1697525313.9464276 0.108581747454372 0 -0.036256906494482065 0.33858083119492755 -0.036256906494482065 0.33858083119492755 0.09682769782811076 -0.1424776808570783
0.2018540129254974 0.8238509220449596 -1.0178108096394682 0.15081159166819647 -0.24239342479925108 1697525313.9963353 0.100676368557549 0 0.031744020929991575 0.3433853100040578 0.031744020929991575 0.3433853100040578 0.0984148988746089 -0.12530841535689102
0.20439294018113985 0.8196725544078607 -1.0250215601575143 0.14790967681517891 -0.21670288528342369 1697525314.0465758 0.102829996555428 0 -0.020971769375097822 0.2864685408889607 -0.020971769375097822 0.2864685408889607 0.09736631040585496 -0.11098498831245601
0.20693443938914158 0.8154311420398934 -1.0313428184898659 0.1500433116987327 -0.18978405578364174 1697525314.096818 0.0961253291606268 0 0.010064310122546462 0.28749587998405013 0.010064310122546462 0.28749587998405013 0.09786952591198297 -0.0966101943132339
0.2119905670228596 0.8068131547622559 -1.043235904045747 0.1472200010475647 -0.1545541396233165 1697525314.146993 0.0899584088515231 0 -0.041358004684923566 0.28958276360540486 -0.041358004684923566 0.28958276360540486 0.09580162567773867 -0.08213105613297682
0.2169090704712253 0.7982523335290806 -1.0518904663730266 0.1472957759670555 -0.1277455212902419 1697525314.1973577 0.0753420161197612 0 0.009623105987859176 0.3529658648920878 0.009623105987859176 0.3529658648920878 0.09628278097713229 -0.06448276288834835
0.2192673121158272 0.794086946994049 -1.0556803056926143 0.14411626353364712 -0.10732788064520776 1697525314.2473307 0.0764411247075348 0 -0.01940563717843662 0.3447873073499348 -0.01940563717843662 0.3447873073499348 0.09531249911821134 -0.04724339752086729
0.2216079507095179 0.7899184697124 -1.0584542518604314 0.14490469723141164 -0.08151387151045901 1697525314.2973108 0.0647152368125549 0 0.014736992567289234 0.3044933122740494 0.014736992567289234 0.3044933122740494 0.09604934874657513 -0.03201873190717867
0.22400805900345544 0.7856155850721228 -1.0612358782874791 0.14492317767211005 -0.08176535404981754 1697525314.3472235 0.0654823326389101 1 -0.02553073022067329 0.34011144369164 -0.00448771762101320 0.321752842273966 0.09477281223553972 -0.015013159722573468
0.22861504674223151 0.7773119863623891 -1.0658083953376438 0.14395367426072392 -0.04355215600162179 1697525314.3973548 0.0545260977633183 1 -0.013144314714501462 0.33232426175106655 0.0257174783805663 0.302608377191231 0.09411559649981525 0.001603053364964746
0.23324918668701114 0.7689200474305918 -1.0665165070558977 0.14140382628305206 -0.026864429485862693 1697525314.4480598 0.0521236554305909 1 0.015379911109440147 0.33234574616908175 0.0426748953140864 0.312088564135745 0.0948845920552883 0.018220340673441502
0.23548276011239133 0.7648688123325197 -1.0667218438243957 0.14068411612363746 0.0025696152888098492 1697525314.4981558 0.0452293813811729 1 -0.008144956467666133 0.306729083835183 0.0398766331872046 0.273493779279517 0.09447734423190537 0.0335567948651867
0.2377951168792803 0.7606814292248896 -1.066674951037292 0.14050727759583678 -0.0013896351184002741 1697525314.5483692 0.0461782440692657 1 -0.013485253519910015 0.3079434189077947 0.0362095518743428 0.273338755124869 0.09380308155591048 0.04895396581056243
0.24463988612190002 0.7483493919739987 -1.0628692584462403 0.1408899975126028 0.04619089996170146 1697525314.5983207 0.0360138856092548 1 -0.018534898075256784 0.3127901095014815 0.0640445315213338 0.260607505790053 0.09287633665214638 0.06459347128565784
0.24689423722053183 0.7443235880242636 -1.0606303019376269 0.1397368084709117 0.06940834683413441 1697525314.6483715 0.0306947938975821 1 -0.00403870415063062 0.305253206481813 0.0789704287791755 0.254891951934078 0.09267440144461503 0.0798561316097346
0.25145893990326335 0.7362597061509615 -1.0544576086858108 0.1383070228948879 0.09297913623084916 1697525314.6986973 0.0255646969228932 1 0.0011294270387225379 0.29309122896750095 0.0892908497855121 0.241586086507558 0.09273087279655123 0.09451069305812965
0.2537218960628504 0.7323112867350885 -1.0506853976368407 0.13787881621906958 0.11591562286353764 1697525314.7488585 0.0253782645811293 1 -0.015091685472158375 0.29236893998198504 0.0851369916754536 0.233654898790714 0.091976288522944 0.1091291400572156
0.258370111703556 0.7243286792303366 -1.0415001857041686 0.13794009345823807 0.13780500303725252 1697525314.798952 0.0209356801246834 1 -0.009657341351347852 0.287297238623055 0.0981743960114301 0.226024883813399 0.09149342145537705 0.12349400198835529
0.2629804985341638 0.7165990209534338 -1.0303654499305146 0.1358586509000671 0.18110933534608067 1697525314.8494115 0.0165268142379007 1 -0.01458281912080309 0.26811344570452994 0.103864898221615 0.201757880340312 0.0907642804993359 0.13689967427360009
0.26538356453596473 0.7126521029662011 -1.0242139530164684 0.13595468410785444 0.18091184625179685 1697525314.8991933 0.00887331496091051 1 0.007885100131695084 0.2509435863898828 0.132115939626781 0.183436654129105 0.09115853550592029 0.14944685359308282
0.2677232816898668 0.7088661793997719 -1.017635445199141 0.1347610133551454 0.20092967957120214 1697525314.949318 0.00836325194363741 1 -0.013937674131799293 0.26280597768851505 0.134437692935261 0.181018232753060 0.09046165179932937 0.1625871524775265
0.272571912567548 0.7012095148490288 -1.002967970080084 0.13537495872862254 0.2193747667544838 1697525314.999348 0.00512433041366381 1 -0.0004437991504714252 0.2564603226398689 0.151083190435495 0.173111908776802 0.09043946184180582 0.17541016860950828
0.2774289307790435 0.6938010505303549 -0.9866563665989929 0.1341269038474934 0.258157507322125 1697525315.0495124 0.00206129670821278 1 -0.018826933099088283 0.21649797449007815 0.149995137824592 0.120756655469073 0.08949811518685226 0.18623506733400236
0.27997919774409785 0.6900186118557995 -0.9778831321301099 0.1342240060737665 0.2580884634995779 1697525315.0993645 -0.00283857868835410 1 0.00041709688752767683 0.19692210573678326 0.190378245181777 0.0823686836911449 0.08951897003122868 0.19608117262085495
0.28246343095352044 0.6864052942699426 -0.9688757838356019 0.13274053584612333 0.2745597366314908 1697525315.1493716 -0.00335981816746611 1 -0.013083025299615124 0.22223946131807404 0.204543225149343 0.0861697548772110 0.08886481876624852 0.20719314568674854
0.2849786888516109 0.6828208258373485 -0.9593586198895534 0.13271088964356806 0.28967612866381925 1697525315.1999953 -0.00525277745462127 1 0.003464434353349786 0.21500718802167487 0.234173394000218 0.0596374940857183 0.08903804048391625 0.21794350508784696
0.2901742783439897 0.6756427670427996 -0.9394035036639857 0.1316269236713094 0.3083830429255803 1697525315.2499013 -0.00669866705030966 1 -0.011058982796231036 0.20628978517850052 0.256450313700858 0.00582200503425326 0.0884850913441052 0.2282579943467626
0.29550109911670275 0.6686053461033913 -0.9175654934909628 0.13179914893783232 0.32764331683884046 1697525315.3000367 -0.00968205484530960 1 -0.001046545196507877 0.09120517067982342 0.226165462852308 -0.413991823795475 0.08843276408427986 0.23281825288074964
0.298181237309076 0.6651769908422729 -0.9065853901109446 0.1319224337243909 0.33436291799345175 1697525315.350073 -0.0100017133809308 1 -0.011600167054669425 0.17132365856852488 0.122746195250535 -0.525331250086234 0.08785275573154559 0.2413844358091876
0.3009031690813995 0.6617832835432774 -0.8953650795467081 0.13152432742677422 0.34319109905037015 1697525315.4002657 -0.0108536178781125 1 -0.012194064727782259 0.16495884889101356 -0.446467771789085 -0.150877540692614 0.08724305249515703 0.24963237825373077
0.30645983084038286 0.6551031935945909 -0.8713661522586519 0.12730738709254633 0.3782669135344552 1697525315.4502912 -0.0110433708942898 1 0.03749677277210948 0.02608246844483242 -0.0972956325087895 0.0286816763972034 0.08911789113376506 0.2509365016759742
0.31204173364382987 0.6487242692707441 -0.8463666363336931 0.12671435284607516 0.3750616416346007 1697525315.5001915 -0.0108740341570480 1 0.0059958330356873184 0.126197591556242 -0.0903730054399470 0.128781712971987 0.08941768278554915 0.2572463812537806
0.3149069654020743 0.6455719462557206 -0.8339396284151381 0.12917148506206802 0.37627134044628024 1697525315.5503178 -0.0109118683699937 1 -0.0163787640363787 0.11493475566872093 -0.0430788982012233 0.117355393980694 0.08859874458373096 0.2629931190372114
0.31782496943330435 0.6424439846331749 -0.8211859681934149 0.1296356522537475 0.38716764518958036 1697525315.6011648 -0.0106179909174406 0 -0.03903082020355747 0.037552813209112065 -0.03903082020355747 0.037552813209112065 0.08664720357355042 0.26487075969766954
0.3238484845694226 0.6362318718915404 -0.7818082922757167 0.12563612745015856 0.3992293691003506 1697525315.65167 -0.0103434553660924 0 -0.010616240068212863 0.08862647235444884 -0.010616240068212863 0.08862647235444884 0.0861057753300723 0.2693907097877403
0.3298750637665423 0.6303421747388923 -0.7682273127517375 0.12570447436555438 0.3995204346399608 1697525315.7010245 -0.00859429474851703 1 0.033784091565124776 0.0014776282321559697 0.0307089391052299 0.00208610913906721 0.08776119581676652 0.2694631135711161
0.3328824159297562 0.6275200224393347 -0.7548412812336984 0.12491962777342866 0.4063366832360595 1697525315.7512772 -0.00707338666116694 0 -0.00029481711940877644 -0.019141038468187266 -0.00029481711940877644 -0.019141038468187266 0.0877464549607961 0.2685060616477076
0.339222113743488 0.6218071977857711 -0.7275990620972151 0.1275689361749674 0.40658318273150146 1697525315.801283 -0.00698865306533225 0 -0.03439742508102597 0.03991718772853259 -0.03439742508102597 0.03991718772853259 0.08602658370674636 0.2705019210341324
0.3424069191395517 0.6190522282688112 -0.7142291500903555 0.1276408711468608 0.4051878051430429 1697525315.8513532 -0.00642519768692257 0 -0.00962268429878581 0.02847154181072116 -0.00962268429878581 0.02847154181072116 0.08554544949180641 0.2719254981246704
0.34886465009667555 0.6136938107934657 -0.686907617491318 0.12518769728355955 0.40830237936160274 1697525315.9015307 -0.00583178718976657 0 -0.009539785292364997 0.021601510323999498 -0.009539785292364997 0.021601510323999498 0.0850684602271886 0.27300557364086936
0.3553152499090674 0.6086323951882262 -0.6597863059812326 0.12386133363110008 0.41217777715712395 1697525315.9517817 -0.00348951420256316 0 0.016937889991199148 -0.06885583028734361 0.016937889991199148 -0.06885583028734361 0.08591535472674972 0.2695627821264975
0.35868242665365574 0.6061008646072561 -0.6457752626153822 0.12393696418398205 0.41224021084381923 1697525316.0021894 -0.00106356226721671 0 0.006332969709056748 -0.08749613472216114 0.006332969709056748 -0.08749613472216114 0.08623200321220227 0.2651879753903934
0.3620171283840856 0.6036639030355997 -0.6323281924962749 0.1253308152205341 0.4071189542101618 1697525316.0524457 -6.58324217811257e-5 0 -0.007724787620811407 -0.02999493613602522 -0.007724787620811407 -0.02999493613602522 0.08584576383116205 0.26368822858359353
0.36892596142209955 0.5988236044750268 -0.6054752072343693 0.12601702076621413 0.4006776485947739 1697525316.1022668 0.000126596930917766 0 -0.02160391797576858 -0.03628117759099229 -0.02160391797576858 -0.03628117759099229 0.08476556793237214 0.2618741697040414
0.3757964103820286 0.5942765633532858 -0.5792661386155205 0.12400814256775688 0.3957856809375793 1697525316.1522913 0.00144491140697403 0 -0.014870565839913547 -0.12410409874742616 -0.014870565839913547 -0.12410409874742616 0.08402203964037713 0.2556689647666758
0.3793588358140019 0.5920192564383489 -0.5658121813069013 0.12408316443638276 0.39575431208053835 1697525316.202498 0.00368903000610177 0 0.013084710700666576 -0.13965046681936794 0.013084710700666576 -0.13965046681936794 0.08467627517541135 0.24868644142569785
0.38282037293177723 0.589888420743781 -0.5530460262634672 0.12310722761033366 0.38621724062904467 1697525316.2526689 0.00482308741309778 0 -0.007791800904450803 -0.08305308210617342 -0.007791800904450803 -0.08305308210617342 0.08428668513018917 0.24453378732039296
0.38998495583324666 0.5856604182200397 -0.5278781596161095 0.12426911459054656 0.3747297535661131 1697525316.3032134 0.00523487539032469 0 0.003205754455333056 -0.08838134717695072 0.003205754455333056 -0.08838134717695072 0.08444697285295567 0.24011471996154946
0.3971234316488566 0.5816792547815528 -0.5038770628101986 0.12380399261687577 0.35625598980717804 1697525316.3538942 0.00591603070938967 0 -0.018753427097386408 -0.17045829206648022 -0.018753427097386408 -0.17045829206648022 0.08350930149808507 0.23159180535821383
0.40082584809402416 0.5796986206587665 -0.49193097800690183 0.12304880816424327 0.3442568478213741 1697525316.4035923 0.00617026605110732 0 -0.002250776571725839 -0.18124327692229497 -0.002250776571725839 -0.18124327692229497 0.08339676266949887 0.22252964151210733
0.4043980305854609 0.5778444308699451 -0.48094347200922655 0.12126444000113137 0.3236402313328528 1697525316.4535692 0.00610059120425624 0 0.001027440444193133 -0.1265871944536826 0.001027440444193133 -0.1265871944536826 0.0834481346917086 0.21620028178941456
0.4117188301034006 0.5741829661424981 -0.45924715819715534 0.12223906893693108 0.32293748520898047 1697525316.5038388 0.00523025377325761 0 0.012211461630569478 -0.1290379904109157 0.012211461630569478 -0.1290379904109157 0.08405870777323651 0.20974838226887463
0.4190460102495734 0.5707091756491781 -0.43886957849802727 0.12351632175032314 0.30299401509580026 1697525316.5540698 0.00677591156095372 0 -0.015865823826471472 -0.19976727748654738 -0.015865823826471472 -0.19976727748654738 0.08326541658191366 0.19976001839455634
0.4228682955400267 0.5689665460984514 -0.42857129083599776 0.12359678436892403 0.3027176507083231 1697525316.6040885 0.00597044549033524 0 -0.01953068900906469 -0.20678693893956412 -0.01953068900906469 -0.20678693893956412 0.0822888821314591 0.18942067144756403
0.42656807231667715 0.5673229069295671 -0.41905304885404837 0.12263264662838176 0.2874683059753711 1697525316.6541998 0.00681502171838494 0 -0.0076030183704717084 -0.16163922102537343 -0.0076030183704717084 -0.16163922102537343 0.08190873121293586 0.1813387103963027
0.434048665757713 0.5641206979278045 -0.4008131322626658 0.1214724877296901 0.27175027263674245 1697525316.7047358 0.00609241400817376 0 0.003325054091218669 -0.16398662534948788 0.003325054091218669 -0.16398662534948788 0.08207498391749703 0.1731393791288171
0.4414578304935919 0.5610993177029913 -0.3840143546153881 0.12146129702100672 0.24800549317011378 1697525316.7546191 0.00606630107421308 0 0.005865345122082073 -0.22140152352887743 0.005865345122082073 -0.22140152352887743 0.08236825117360086 0.1620693029523833
0.4453004145361356 0.5595869585116281 -0.3755678413101034 0.12150629175753103 0.24815362024228338 1697525316.804553 0.00473302790002969 0 -0.005618741423669418 -0.22508176139458447 -0.005618741423669418 -0.22508176139458447 0.08208731410241764 0.15081521488266433
0.4490625401208453 0.558137880180629 -0.3679387881878014 0.12273436409965752 0.22469992109860296 1697525316.8546562 0.00541941229091616 0 -0.006203093244007963 -0.1879736474069795 -0.006203093244007963 -0.1879736474069795 0.08177715944021682 0.14141653251230255
0.4528385735661071 0.5567099969872439 -0.360965848005245 0.12220657026909339 0.21192488680206248 1697525316.9046037 0.00319143060461405 0 -0.018647905471104835 -0.18853625276834832 -0.018647905471104835 -0.18853625276834832 0.08084476416666243 0.1319897198738937
0.4605152065622445 0.5539231815996072 -0.3469922640236977 0.12149136270704392 0.20431900719163473 1697525316.9549336 0.00281207665421307 1 -0.0008253468289125933 -0.18935272871775316 -0.0115535566892009 -0.182006313646330 0.08080349682521674 0.12252208343799315
0.46808157453187405 0.5512794197161552 -0.3336897433250818 0.11882006831690993 0.20667187048151708 1697525317.0048606 0.00282149994100522 1 0.02064778258214992 -0.269917266881019 -0.0457584801547988 -0.223350313848676 0.0818358859543233 0.10902622009395446
0.47180798203813007 0.5500170719472065 -0.32742554817248815 0.11931559392599965 0.1891675898755572 1697525317.055244 0.00292032836273734 1 0.003977778014174437 -0.20818495036127832 -0.0253898864081866 -0.186494990773132 0.08203477485503184 0.09861697257590002
0.4755883189182395 0.548760092094909 -0.32175718474305587 0.12088216496051317 0.1715476955584126 1697525317.1053603 0.00124565725848730 1 -0.02606204891626085 -0.23999776841030446 -0.0650653647517646 -0.210293415473376 0.08073167240921703 0.08661708415536842
0.47949551735252993 0.5474856309941453 -0.31593501314801636 0.12091424333798771 0.17138079262861944 1697525317.1555715 0.00161655579742701 1 -0.005777905443739573 -0.213197609134338 -0.0433380358964828 -0.183926207560182 0.08044277713703031 0.07595720369866121
0.490966747942058 0.543868720932903 -0.3015103715700097 0.11974913301489701 0.1378020026631878 1697525317.2055724 -0.000934476053959521 1 0.007363133767165814 -0.23741923731855105 -0.0760642327379020 -0.169554392216345 0.0808109338253891 0.06408624183271747
0.49473800077856106 0.5427156012765296 -0.2974628410559084 0.11952490378483333 0.12170463532813791 1697525317.2558174 -0.00186554911414311 1 -0.003078823442943956 -0.23697850263966735 -0.0917329767649642 -0.162490092481865 0.08065699265324205 0.05223731670074488
0.5024552024723139 0.5403993788133145 -0.2904857996475429 0.12035867708348463 0.10354888527934311 1697525317.3059294 -0.00329186471266271 1 -0.012909621826469965 -0.21331414172098898 -0.100003623301371 -0.140384604646833 0.08001151156191914 0.04157160961470513
0.5062626512822709 0.5392756021335496 -0.28762638819493014 0.1203299827322036 0.08539808295998964 1697525317.3561385 -0.00318078710222544 1 -0.005757862067258182 -0.21557795741744568 -0.0976033178904745 -0.137576913069828 0.07972361845855584 0.03079271174381814
0.5139516875034157 0.5370344098553597 -0.2829842800157113 0.11951295281091989 0.06796334078989905 1697525317.4059803 -0.00447861365747373 1 -0.004878047853291263 -0.2134077406714096 -0.112756430841562 -0.123533126471226 0.0794797160658915 0.020122324710257364
0.5215062950713847 0.5348593970323593 -0.28011959798224073 0.11886522629876399 0.031604454823682696 1697525317.4565678 -0.00549075541542385 1 0.0034138228073660373 -0.22085360211606678 -0.128710862037696 -0.113337632009690 0.07965040720626004 0.00907964460443896
0.5253890338340483 0.5337487817132909 -0.27911383047942645 0.11861090025654784 0.026512884292496687 1697525317.5063763 -0.00761141978101160 1 0.002044651972182919 -0.21135547218031445 -0.161090926162717 -0.0985992931864526 0.0797526398048691 -0.00148812900456715
0.5291582116935358 0.5326736760430765 -0.27885953634691185 0.11818685306381053 -0.0030597064636608213 1697525317.5566308 -0.00785303803454654 1 -0.0017621897061101443 -0.2055062515843733 -0.164290573003630 -0.0964637322493080 0.07966453031956368 -0.01176344158377647
0.532902348460018 0.5316001656081086 -0.2796084804658467 0.11809130112654119 -0.024076351798595325 1697525317.6064868 -0.00918697558250806 1 0.00014704539546203828 -0.20066287422003842 -0.185696907119814 -0.105897659143338 0.07967188258933679 -0.02179658529479208
0.5405905717919617 0.5293897925696277 -0.28056376973232566 0.11947744801331817 -0.02343742101029956 1697525317.6565876 -0.00994418754405393 1 -0.003090131190576278 -0.19333956340428227 -0.190409023460713 -0.122563122966932 0.07951737602980812 -0.0314635634649974
0.5482836140733971 0.5271587743992856 -0.2831860751539456 0.11968587525846444 -0.039712759732253085 1697525317.7068806 -0.0105745654798501 1 -0.018600192874409935 -0.18424581670530785 -0.186375388921597 -0.138853552208085 0.07858736638608635 -0.04067585430027536
0.5520712369500176 0.5260501600273557 -0.28494620968675377 0.11961929381851338 -0.05463255392280551 1697525317.7570639 -0.0106513715408328 1 -0.006927210080696871 -0.1705449461910359 -0.181844500013666 -0.123530845868762 0.07824100588205182 -0.049203101609819395
0.5558210870139771 0.5249433739422635 -0.28717169535131515 0.11840129305677967 -0.06850145778188814 1697525317.8073034 -0.0110452735731398 1 -0.004143832509745508 -0.17913211502773546 -0.154447330421920 -0.165190645374402 0.07803381425656473 -0.05815970736119802
0.5671373760910188 0.5215400146038578 -0.2952424514963368 0.11799133086718067 -0.0948488022687856 1697525317.857401 -0.0110931555951825 1 0.00729397764476628 -0.15155889740429343 -0.150114968819547 -0.138162579712476 0.07839851313880354 -0.06573765223142303
0.5709726881482972 0.5203604237965826 -0.2984632092171129 0.11805880175249724 -0.0949229293697862 1697525317.9076288 -0.0111814886991261 1 0.0007567025997043111 -0.1382352957199514 -0.111761951850555 -0.143955177294767 0.07843634826878872 -0.07264941701741431
0.5784537299371801 0.5180146433746766 -0.30576719902430693 0.11897853696863475 -0.11677098439336697 1697525317.9576046 -0.0111529607034244 1 -0.012156738068605073 -0.12514578514338967 -0.0934023680882083 -0.134029409168481 0.07782851136535764 -0.07890670627459233
0.5823072673620092 0.5167813885808573 -0.30973448275180576 0.11903818274771054 -0.11680966078813732 1697525318.0076716 -0.0110648686624464 1 -0.0065888793702645766 -0.1443258997899815 -0.0747648907889518 -0.154552050145032 0.0774990673968447 -0.08612300126408484
0.586020204625237 0.5155756709992997 -0.31387707500049894 0.11825107046899201 -0.12609187743491213 1697525318.058478 -0.0110570398899119 1 -0.005115549164613682 -0.1392164904553626 -0.0726824584462130 -0.149907719415822 0.07724328993861425 -0.09308382578684664
0.593515182076841 0.5130847603061932 -0.32299893508834643 0.11787894876221944 -0.1360381634394227 1697525318.1085982 -0.0107570059802357 1 0.003745587552678526 -0.13417500137633384 -0.0561684803579636 -0.145894224550096 0.07743056931624843 -0.09979257585567249
0.6008635277174784 0.5105635043522065 -0.332882651232465 0.11788219618912539 -0.15443341983984346 1697525318.158782 -0.0103573069890829 1 -0.00021825731338059352 -0.08886348881677188 -0.0468464925574560 -0.0999902671615895 0.07741965645057941 -0.10423575029650704
0.604640254602746 0.5092343537204659 -0.33808518303478546 0.11772257723386065 -0.15234498240789857 1697525318.209117 -0.00956478706967609 1 -0.00397357236362218 -0.07450904781217199 -0.0246152829900761 -0.0805522673203785 0.07722097783239804 -0.10796120268712073
0.6082914831123015 0.5079287451261679 -0.34321771364376435 0.11748699340724432 -0.15551150210726844 1697525318.2594252 -0.00951664567085186 1 -0.002265099064281446 -0.10353264536128436 -0.0158729298676852 -0.107585822409633 0.07710772287918406 -0.11313783495518023
0.6156338745507685 0.505241158841883 -0.35355677629703053 0.11646531473271755 -0.15194324381182947 1697525318.3095543 -0.00924321168581430 1 -0.0013876584374567318 -0.09907751997984768 -0.0104407943487792 -0.101901954098886 0.07703833995731128 -0.11809171095416811
0.6228026676107518 0.5025161706389797 -0.3640913955206276 0.1161550058701724 -0.16194924568020838 1697525318.3593118 -0.00901656739089501 1 0.006984129378894944 -0.05074384157834043 -0.0207227949396074 -0.0597448623337078 0.0773875464262565 -0.1206289030330886
0.6264823350118046 0.5010814960561317 -0.3695883785330074 0.11614939416330589 -0.16150963303892057 1697525318.4093444 -0.00822261174057082 1 2.5585690368179134e-05 -0.03907383143924048 -0.00996233757465133 -0.0426358156248712 0.0773888257107749 -0.12258259460504885
0.6300608884796651 0.49966295708202 -0.3750478863348831 0.11668516200366928 -0.16550206893067787 1697525318.459276 -0.00808342227504777 0 -0.003018580012987896 -0.07046411364344105 -0.003018580012987896 -0.07046411364344105 0.0772378967101253 -0.1261058002872257
0.6336336314492548 0.4982235585807566 -0.3806031968906909 0.1167266906792374 -0.16802607538271813 1697525318.5094264 -0.00778011356882055 0 -0.008700259405473478 -0.0654304948846256 -0.008700259405473478 -0.0654304948846256 0.07680288373985203 -0.12937732503145402
0.6408610592402816 0.49524137122424067 -0.39204577303066307 0.11666131250780622 -0.17335829036632383 1697525318.5600107 -0.00667631822713591 0 -0.003778632095300219 -0.059316637635849365 -0.003778632095300219 -0.059316637635849365 0.07661395213508719 -0.1323431569132438
0.6480193250805849 0.49218932482731936 -0.40395884738926874 0.11623184200155671 -0.17765635922643205 1697525318.6097565 -0.00608476315481188 0 -0.0026768745395922035 -0.004908101447715654 -0.0026768745395922035 -0.004908101447715654 0.0764801084081074 -0.13258856198562993
0.6515286046261487 0.4906561983217551 -0.40995428439357123 0.11608941871269593 -0.18165379228322917 1697525318.6604295 -0.00593027173951377 0 0.0011787840617205675 0.009931932251372358 0.0011787840617205675 0.009931932251372358 0.07653904761119337 -0.13209196537306175
0.6550261882664882 0.4891036350345545 -0.41595874090443863 0.11600981096011748 -0.18175175504525978 1697525318.7103684 -0.00504435398846784 0 -0.001620476467742056 -0.0274946286758083 -0.001620476467742056 -0.0274946286758083 0.07645802378780615 -0.13346669680685405
0.6621116144191247 0.485882952393038 -0.4281122138210559 0.11633219942849218 -0.18084754548471152 1697525318.7605944 -0.00461424733159235 1 -0.005593906872210836 0.07999670758669947 -0.0127911915289684 0.0765677520553976 0.07617832844419586 -0.12946686142752273
0.6691665968993135 0.4825745633497563 -0.4403819255318804 0.1163712774465604 -0.18351600926438044 1697525318.8105104 -0.00416515902813580 0 -0.002897170728189995 -0.0030140482214634987 -0.002897170728189995 -0.0030140482214634987 0.07603346990778649 -0.12961756383859577
0.672616856363856 0.48091967935465735 -0.44627017114037953 0.11595436572299973 -0.17856516673946723 1697525318.8606088 -0.00387434333872699 0 -0.0038325417478241573 0.004704452427959603 -0.0038325417478241573 0.004704452427959603 0.07584184282039502 -0.12938234121719747
0.6760513747710019 0.47924807784922213 -0.45219065222975696 0.11575839884812929 -0.18003361812253038 1697525318.910804 -0.00343905003057715 0 0.0011919343741105433 0.008319076613404815 0.0011919343741105433 0.008319076613404815 0.0759014395391005 -0.1289663873865276
0.6829881859503979 0.47579594855548923 -0.4644748542766061 0.1154197661041765 -0.18684246025698276 1697525318.96217 -0.00218905748190709 0 -0.0009579555527874427 0.01363891556477714 -0.0009579555527874427 0.01363891556477714 0.0758525838059083 -0.12827080269272337
0.6898725471656328 0.4722582256695608 -0.4772366439471519 0.11530508395104005 -0.20174941754009046 1697525319.01116 -0.00177058622955253 0 0.0007455531106969012 0.0760635237462503 0.0007455531106969012 0.0760635237462503 0.07588911590833243 -0.12454369002915876
0.6932183644281963 0.4704990076904163 -0.48418500888859306 0.1138710601324677 -0.21807618160485953 1697525319.061286 -0.000179313378817214 0 -0.001505720444154595 0.09023394905273957 -0.001505720444154595 0.09023394905273957 0.07581382988612477 -0.12003199257652589
0.6965427112688984 0.46871649527164566 -0.4910938036841584 0.11554519949452949 -0.19556841814604867 1697525319.111331 0.000116700453952623 0 0.012404708119470139 0.05287966099282868 0.012404708119470139 0.05287966099282868 0.07643406529209912 -0.11738800952688085
0.7033223461074692 0.4650004204609313 -0.504143064532173 0.11554561523389754 -0.1910530286782559 1697525319.1613522 0.000487875192316994 0 -0.019513993367897855 0.05955160650752561 -0.019513993367897855 0.05955160650752561 0.07545836562370511 -0.11441042920150728
0.7101146087742676 0.46116610547315967 -0.5166985243078914 0.11651501964623989 -0.1872962067170848 1697525319.21131 0.000381058195753375 1 -0.012590747146642867 0.17295469333174265 -0.0254321784738014 0.164836301553310 0.07482882826637212 -0.10576269453490834
0.7134060856036002 0.45926732505428886 -0.5227427100675297 0.11501960447097456 -0.18307319224606444 1697525319.2613642 0.000944859855196462 0 -0.003605094769375848 0.08302140645676928 -0.003605094769375848 0.08302140645676928 0.0746485735279035 -0.10161162421207366
0.7166556827801778 0.4573682287457152 -0.5283739380376197 0.1139623267771277 -0.16988069813958356 1697525319.311286 0.000156769211070246 0 0.012444349517179619 0.08701294069983842 0.012444349517179619 0.08701294069983842 0.07527079100376191 -0.09726097717708569
0.72320502890965 0.45346701429708697 -0.5395053222825142 0.11355678353726456 -0.1621605290102819 1697525319.361495 0.000131021672465814 1 0.012849817568447781 0.18955986540666114 -0.0374240018044248 0.154217926905894 0.07591328188218517 -0.0877829839067397
0.7297421273934274 0.4494803863961183 -0.5498187691139049 0.11420412440661842 -0.15213534918871707 1697525319.411606 -0.000437685199830173 1 -0.010292035243390165 0.10480514044601186 -0.0106921163684927 0.104518423621119 0.07539868012001613 -0.08254272688444388
0.7329630266188536 0.44748465096807716 -0.5543271689571766 0.11475046281830473 -0.13417754403441148 1697525319.4619434 -0.00179112469214360 1 -0.00046723901613529854 0.11132081553110107 -0.0249118793298438 0.0932125286468544 0.07537531816920934 -0.07697668610788123
0.7361686949408129 0.4454843212006756 -0.5586891227266908 0.1141739048917365 -0.12748291366165113 1697525319.5129452 -0.00208982973775867 1 -0.0017906826921234666 0.15237053747968923 -0.0494222331446646 0.116551844365742 0.07528399335191116 -0.06920578869642761
0.7394229182270422 0.4434307364023442 -0.5626293562326466 0.11280663407554893 -0.1128297345664722 1697525319.562192 -0.00300825684228410 1 0.012548425984553848 0.11922533930729595 -0.0395162171014304 0.0798230576043755 0.07589886622515403 -0.06336374707037272
0.7457080100664921 0.4394115913314146 -0.5694638755224276 0.11284969720917593 -0.09610006359510508 1697525319.6122165 -0.00408796318500679 1 -0.0018554799408573182 0.1548236064509952 -0.0752932292821432 0.0987313314740036 0.07580609222811104 -0.0556225667478124
0.7520738718431005 0.4352815744546275 -0.5756343548298122 0.11375794329227965 -0.08735589419821972 1697525319.6622026 -0.00461770759103539 1 -0.010961432477185281 0.15942076743137193 -0.0879564600666543 0.0998643897001489 0.07525802060425227 -0.04765152837625106
0.758436043043465 0.4311076443817343 -0.5808012659742483 0.1135943465628017 -0.07719010424015914 1697525319.7127864 -0.00531906149407343 1 0.00010829108714484966 0.13000555268830966 -0.0789116581808138 0.0694837932171702 0.07526343515860952 -0.041151250741826705
0.7615414331328152 0.42905543818339914 -0.5829878520966764 0.11277698709778705 -0.06591533800861511 1697525319.7626967 -0.00522951852657517 1 -0.0020538371611809924 0.13449760447650871 -0.0810139537550669 0.0734677674156410 0.07516074330055056 -0.034426370518007385
0.7678371071414163 0.4248715299129678 -0.5867839597960297 0.11288458022842407 -0.056435185892959885 1697525319.8129263 -0.00591225595543755 1 0.006785101101260462 0.13476173284744802 -0.0876923810970176 0.0629373147499254 0.07549999835561327 -0.027688283875641113
0.7740360063566275 0.4207268474857524 -0.589577606748856 0.11329785380789785 -0.0370355095968781 1697525319.8634334 -0.00648738807815201 1 -0.0025182214205807484 0.16212207141647914 -0.112700102721548 0.0792901431157376 0.07537408728458407 -0.019582180304806098
0.7772355892143658 0.4185797439840982 -0.5908394968368375 0.11336665613188508 -0.03705017509927512 1697525319.9138052 -0.00776278501461120 1 -0.005781662698690485 0.1612275786666963 -0.132063782648694 0.0719853346706010 0.0750850041496498 -0.011520801371478616
0.7803355506967543 0.4164959229714155 -0.5916860076785176 0.11321190340842961 -0.025189294650545927 1697525319.9638343 -0.00775122393476230 1 -0.0023713513058139287 0.14373620501280693 -0.122538883249078 0.0583948072079983 0.07496643658435895 -0.004333991120828465
0.7834240465431773 0.4144179548008074 -0.5921421101301908 0.11280901434340279 -0.013373359844147413 1697525320.013922 -0.00846925299074400 1 -5.842446965869633e-05 0.14311935386657149 -0.132912490912115 0.0536375122307225 0.07496351536087602 0.0028219765724936006
0.7896910185326551 0.410197183437202 -0.59270539729216 0.11272696853934024 -0.002829397764753128 1697525320.064214 -0.00913215759764514 1 0.0026243834785704767 0.14265241054648056 -0.142859863762718 0.0508351430383252 0.07509473453480442 0.009954597099811141
0.7959577278602101 0.40597899369102597 -0.5922069414771832 0.11280824553613483 0.007688885674543959 1697525320.1142526 -0.0102786933347978 1 -0.0005430262290456824 0.15868481090330405 -0.168603386119202 0.0671490633442644 0.0750675832233521 0.017888837644987166
0.7990522493826416 0.4038989064314776 -0.5916222371158398 0.11303167910287845 0.018145602038817873 1697525320.1643949 -0.0103691664562755 1 -0.0022168927360141193 0.15509382558466533 -0.167685495447738 0.0658307070821943 0.07495673858655148 0.025643528924213378
0.8021483546292393 0.4018216207610199 -0.5906536777362474 0.1130104936192022 0.029829714309376733 1697525320.2144654 -0.0109272796094864 1 -0.003750175218872371 0.1438533236941443 -0.170846212739849 0.0616703642041461 0.0747692298256076 0.032836195108930405
0.8084404411589059 0.39761670640032565 -0.5883018254005881 0.11289662056429117 0.041086309218813344 1697525320.2642965 -0.0114827456870878 1 -0.001293391972838462 0.14231796415911696 -0.176185217269717 0.0658858674315887 0.07470456022696574 0.03995209331687978
0.8147271251624563 0.3934437370829618 -0.5848662893586819 0.11264477471512853 0.051215017265385 1697525320.314423 -0.0123988584006662 1 -0.0003095797330342053 0.14713587346041684 -0.182006563639261 0.0875278841595700 0.07468908124031405 0.04730888698989393
0.8178263340807489 0.39139865228718757 -0.5828536578343521 0.1125129660126222 0.061057472347476376 1697525320.364462 -0.0125097589331958 1 0.0011960711340587354 0.14089641299459002 -0.179436060921294 0.0826404273022758 0.07474888479701707 0.05435370763963304
0.8209282140538242 0.38936168953237227 -0.5805072407993106 0.11241748627769996 0.07075172505513375 1697525320.414716 -0.0131431846563505 1 6.160401875337888e-05 0.1374907024123069 -0.174435531358978 0.0970934899701341 0.07475196499795474 0.061228242760242135
0.8272268289517587 0.38525632617946903 -0.5756892284996712 0.11195264472386357 0.0726960890281813 1697525320.4653566 -0.0132984587061234 1 -0.00025394578962884494 0.13510821884148827 -0.170315519399018 0.0995122460346095 0.07473926770847328 0.06798365370232576
0.8334474618794523 0.38124365241498187 -0.5713755379955624 0.11142644900714162 0.07756500057450914 1697525320.515283 -0.0128245631832152 1 0.023511336192513818 0.12809711332651433 -0.166631168803874 0.0799695985962757 0.0759148345180979 0.07438850936864565
0.8365616896485067 0.37925537200207393 -0.5683117557811898 0.11128978257959235 0.08223927373317975 1697525320.565306 -0.0136399581772887 1 -0.014345784494516364 0.13602111894555818 -0.162110522031132 0.113031329818559 0.07519754529337273 0.08118956531591737
0.8397117161384647 0.37725443663351793 -0.5652188092293025 0.11319005963689394 0.09270884448740606 1697525320.6152885 -0.0136886763699425 1 0.0007217729856946347 0.12846369406206457 -0.160791157332717 0.103241371649090 0.07523363394265752 0.08761275001902935
0.8429684165758367 0.3752000187911208 -0.5620337747050257 0.11327038606358028 0.0932302168295351 1697525320.6654313 -0.0141792901862972 1 -0.02144122787168746 0.11897053228690435 -0.154478376888161 0.104157491954228 0.07416157254907411 0.09356127663336916
0.8525043121259922 0.36927879430288024 -0.5510851990506523 0.11229121176425211 0.11345237663064628 1697525320.7158637 -0.0143673080133544 1 0.008999335664552325 0.11062628421622617 -0.135417802305206 0.104808681548204 0.07461153933230234 0.09909259084418802
0.8556244734785509 0.3673764381306253 -0.5470379566207249 0.11064629751486892 0.12361656493305181 1697525320.7658885 -0.0142937256467525 1 0.01578961416173548 0.10249390619565915 -0.119956075869911 0.103057553396383 0.0754010200403884 0.10421728615396632
0.8620190124873323 0.36355675730951276 -0.5380559571619357 0.11105931669939585 0.13670039584601645 1697525320.8163023 -0.0143716513640951 1 -0.0058928412101801626 0.11017609415293593 -0.109623246608017 0.113780547924023 0.07510637797987967 0.1097260908616081
0.8683950992022355 0.3598412691721326 -0.528147111406695 0.11141562685973462 0.15847888506330404 1697525320.8662612 -0.0144403899262103 1 0.000644618807641475 0.10665000402123034 -0.106541877464746 0.111308227203172 0.07513860892026178 0.1150585910626769
0.8716573104773773 0.35796967635543553 -0.5224323616072988 0.1100724624552642 0.1740426396836672 1697525320.9163747 -0.0142957649073735 1 -0.004270915033258237 0.08010669184504307 -0.0869372938047961 0.0879952574683582 0.07492506316859907 0.1190639256549254
0.8748296935704128 0.3561705004936617 -0.5166231397504872 0.11074492855946914 0.174431463199093 1697525320.9663625 -0.0137837346348447 1 0.0063345187229110434 0.06381691775093201 -0.0692234350488082 0.0740732955171525 0.07524178910474505 0.12225477154247635
0.881288850611558 0.35258874641550614 -0.50438312711344 0.11018018018515405 0.18391604885182924 1697525321.0162408 -0.0134209003260285 1 0.005970324957952125 0.08256521414473278 -0.0558268516720470 0.0921404564898430 0.07554030535264239 0.12638303224970923
0.8844968038917419 0.3508481197978006 -0.49816634040013436 0.11065312069505463 0.18885108114948074 1697525321.066152 -0.0134274627624260 1 -0.0004833580043608936 0.07785344758609675 -0.0548437054897715 0.0865300626921291 0.07551613745242437 0.13027570462901053
0.8910734225226048 0.34736326216165103 -0.48511799660960664 0.11116068225303616 0.19505959819307928 1697525321.1164196 -0.0132946993116730 1 -0.005055965446526715 0.07393143004730658 -0.0502364455062966 0.0816270886439052 0.07526333918009769 0.1339722761313809
0.8975894646973779 0.34402173779625295 -0.47171380583961325 0.1107719777753856 0.20637347857243876 1697525321.1667402 -0.0129994096295040 1 -0.005655956706337952 0.03532312643232464 -0.0485722000489681 0.0433920489899174 0.07498054134478105 0.13573843245299552
0.9009593135463503 0.34233746486812855 -0.46470098307779006 0.11083582441601222 0.20639221638610292 1697525321.2170765 -0.0122788283777068 1 0.003501055888807515 0.024271879899939425 -0.0370676977113716 0.0328301007326460 0.07515559413922167 0.13695202644799415
0.9042315381076305 0.3407306231922597 -0.4578162502139934 0.11045400378503756 0.20900045461014316 1697525321.267145 -0.0121417719493242 1 -0.0010563786142729673 0.04870728662698777 -0.0301021775619441 0.0550066337664421 0.07510277520850807 0.1393873907793413
0.9109263208426771 0.3375302071226445 -0.4437046517501401 0.1108284907641928 0.21084720236654228 1697525321.3175244 -0.0118101925597554 1 0.0035912044172313573 0.04477724106901073 -0.0259423854510008 0.0514339135178262 0.07528233542936948 0.14162625283278982
0.9175738909207181 0.334467993507345 -0.42946278864068804 0.11107576847276056 0.21794680744367262 1697525321.3672953 -0.0114581162539190 1 -0.004159115173643651 0.0019373649760557748 -0.0306294227486837 0.00824101270503121 0.07507437967068702 0.14172312108159274
0.9210219313139657 0.33292489670283054 -0.42205958637970575 0.11113412960507045 0.21796935779055082 1697525321.4174252 -0.0107848063385519 1 -0.003010661322060169 -0.008614563250099648 -0.0242382598839952 -0.00321191703273297 0.07492384660458415 0.14129239291908816
0.9243724986415502 0.33145469302877356 -0.4148700802790933 0.1108713498343665 0.2181101240354056 1697525321.467293 -0.0105786910360651 1 -0.001150676125633349 0.018827244206264616 -0.0153734169084124 0.0225339395677760 0.0748663127983024 0.14223375512940267
0.9311963351899165 0.3285482017667038 -0.40032127002178564 0.11073835862894625 0.21699066437896009 1697525321.5177217 -0.0103032329126283 1 0.0021921227898586376 0.015090143307636486 -0.0134582252418331 0.0192689920395285 0.07497591893779523 0.1429882622947838
0.9379608439963614 0.32578181449886484 -0.3859239088652772 0.11083741863117999 0.21816030648604126 1697525321.5688062 -0.00987960492011135 1 0.0009346560327830806 -0.028596582509178126 -0.0210925463911982 -0.0224560957816623 0.07502358639546722 0.14152983658681445
0.941463488798043 0.3243935015559792 -0.3785336292893948 0.11079682408372919 0.2165647970567039 1697525321.6180398 -0.00935396384000682 1 -0.0014295256649143125 -0.04063128356452843 -0.0198790646048069 -0.0352519779941208 0.07495353963788645 0.13953890369215344
0.944872373509877 0.32307060906806356 -0.37150351283174055 0.11071997316557557 0.2110408158711013 1697525321.668597 -0.00918328941380096 1 7.533432643752689e-06 -0.010081624766834205 -0.0105240713947380 -0.00695177945028575 0.07495391630951864 0.13903482245381218
0.9482802715485364 0.32177374359557087 -0.3647193954553903 0.11014465319367446 0.19985386712737951 1697525321.7186327 -0.00924955957853613 1 0.00040852259874742743 -0.012881849493963739 -0.0130957910090538 -0.00882235930257558 0.07497434243945604 0.13839072997911311
0.9551623000674047 0.3192295213377648 -0.35202005612698206 0.1112648484609334 0.21405051680847725 1697525321.7685049 -0.00839211046248974 1 0.005680873122179062 -0.01595804496173322 -0.00583576573863579 -0.0122653765367905 0.07525838609556473 0.13759282773102718
0.9621496797327846 0.31675658793317535 -0.33853537250352383 0.110493516799079 0.19881508618436222 1697525321.8186877 -0.00904269098716787 1 -0.011834376903066305 -0.052211649403528425 -0.0275640759559286 -0.0471932531190006 0.07466666725041196 0.13498224526085315
0.9656112826822851 0.315568012239422 -0.33200816842656516 0.11096358473817333 0.19711102452997534 1697525321.86884 -0.00867427900923813 1 0.007466558218994026 -0.06615331106270844 -0.0269225310956847 -0.0547618670474823 0.07503999516136217 0.1316745797077132
0.9690595618388451 0.3144083989922829 -0.32561959347977565 0.11019767285694393 0.19352328363766186 1697525321.9188282 -0.00853026526206296 1 -0.005182471760034287 -0.03629284911930715 -0.0194007770509984 -0.0315126318956310 0.07478087157336069 0.1298599372517495
0.9726196924879759 0.3132369062948081 -0.3190461901137698 0.1102663429361 0.1932682634097464 1697525321.969339 -0.00832095266935028 1 0.006839246552673741 -0.0766273046610645 -0.0290439784360578 -0.0643387267964458 0.07512283390099485 0.12602857201869103
0.9831811325479796 0.30990695135985497 -0.3004106294960243 0.11075127898269638 0.18499797407071683 1697525322.0193326 -0.00847844214125619 1 -0.004326019328256411 -0.08166302495748078 -0.0351292648961349 -0.0708790035953029 0.07490653293458223 0.1219454207708207
0.9902157121010815 0.3078037527812812 -0.2887715854005288 0.11121376261385067 0.17266691325191555 1697525322.0694299 -0.00858198028088181 1 -0.008062999947666682 -0.08923187494747847 -0.0404221543016157 -0.0776273441270114 0.07450338293719926 0.11748382702345084
0.9938490141845273 0.30675137061948365 -0.2829048778786218 0.11129684275692481 0.17244280950231405 1697525322.119395 -0.00886648276609539 1 0.001274176123087668 -0.060680323228230346 -0.0340414798924512 -0.0480149858975742 0.07456709174335373 0.11444981086203518
0.9973677908173915 0.3057532402690462 -0.27742626146670857 0.11082965131973291 0.16554763703675895 1697525322.1696498 -0.00869453890005775 1 -0.0014792228092045103 -0.06538223626330456 -0.0347533004095683 -0.0532511272297718 0.07449313060289357 0.11118069904887293
1.0045400936513567 0.3037801660561267 -0.26663900241412725 0.11111562205946757 0.1605540747608799 1697525322.219992 -0.00887493509549549 1 0.004257088712046168 -0.06696119984936429 -0.0379623949952840 -0.0514761598770865 0.07470598503849617 0.10783263905640014
1.0116382964106556 0.30189562711922263 -0.25650169382541493 0.11141430651904204 0.15255633828684884 1697525322.2699053 -0.00889360740301651 1 -0.003417518427082973 -0.10003246387640796 -0.0513763326345614 -0.0820439121861370 0.07453510911714217 0.1028310158625843
1.0153190304953474 0.300947287343068 -0.2514437809115947 0.11187523822989623 0.14935515927362067 1697525322.3206258 -0.00914108783158443 1 -0.0036939978552684265 -0.10325270372191506 -0.0567251179947894 -0.0830558254122637 0.07435040922437892 0.09766838067649324
1.0188937417937574 0.30004565711625025 -0.24670013571913219 0.11173054963868272 0.14416900117591358 1697525322.370177 -0.00926948889918508 1 -0.005546936223483753 -0.08166584806844647 -0.0516310214413934 -0.0639723904563877 0.07407306241320435 0.09358508827306534
1.0261476857762486 0.29828416561989934 -0.23734954854968626 0.11114070555706042 0.14065178922806537 1697525322.4203706 -0.00943703302788146 1 0.0005816110927950844 -0.08313074154231428 -0.0541552400051993 -0.0620115055102736 0.07410214296784408 0.08942855119595342
1.0332566096615576 0.29663571724194027 -0.22851759409575498 0.11033048456261246 0.1336506514027076 1697525322.4701896 -0.00928697977470311 1 0.005328088037684728 -0.11167604976693529 -0.0635492017467851 -0.0845085406272264 0.07436854736972867 0.08384474870759903
1.0368996420609995 0.2958118025239712 -0.22379406872740937 0.10945672688040764 0.143711762266331 1697525322.5203216 -0.00935294839187467 1 0.007936967663180687 -0.11497626267666416 -0.0672766275910194 -0.0848706386557931 0.07476539575288735 0.07809593557377105
1.0404436032977116 0.2950236979988009 -0.21936220388744224 0.11056174212680946 0.1291314982149488 1697525322.5704336 -0.00838333824269143 1 0.009009213381852359 -0.09839523229331763 -0.0521138223189792 -0.0731318882157046 0.07521585642197956 0.07317617395910964
1.0440166340497807 0.2942463495497193 -0.2152323387738682 0.11086704248152807 0.12520188377835187 1697525322.620716 -0.00941415996865443 1 -0.011331023527407818 -0.09977124085731502 -0.0667897280076097 -0.0771603779286144 0.0746493052456084 0.06818761191623708
1.051304678736759 0.29270592894631864 -0.20703573222238733 0.11162474173385364 0.11896138684733777 1697525322.6707537 -0.00981700399166428 1 -0.0034865247879529103 -0.1007013670701006 -0.0723401381606247 -0.0720281243567573 0.0744749790062109 0.06315254356273663
1.0585874329495144 0.29122476780584555 -0.19957429359333154 0.11093082920616268 0.11131286596405619 1697525322.7211466 -0.0101158470691640 1 -0.008389363390172261 -0.12581966724436494 -0.0865700188740607 -0.0933808687063133 0.07405551083670171 0.056861560200509795
1.0621730945602028 0.29051534923936984 -0.19614350088554797 0.11076845380272252 0.10349387789945207 1697525322.77138 -0.0101244056103290 1 0.006473710673834624 -0.12653486137681477 -0.0845882035321193 -0.0886233331230974 0.07437919637039316 0.05053481713167481
1.0657451693501325 0.28982007807109034 -0.19302861322786036 0.11023599845000961 0.09351219850777591 1697525322.8216853 -0.0109255303056601 1 0.0012395271330418445 -0.10917666439340665 -0.0906748393925637 -0.0714044850093969 0.07444117272704519 0.04507598391200945
1.073017026961419 0.2884384284316619 -0.18711549371681202 0.11079192637032383 0.08241738166618386 1697525322.8716638 -0.0116047266197692 1 0.005206554302116946 -0.10929679879532524 -0.0983977248569774 -0.0672943221665920 0.07470150044215139 0.03961114397223573
1.0803177098741656 0.28708884705049426 -0.1823160477282924 0.11060141730654302 0.06717640969656673 1697525322.9216843 -0.0122295582140366 1 -0.006349899362542682 -0.1374982962794007 -0.117240487232213 -0.0936000966044420 0.07438400547402454 0.03273622915827195
1.0839102833863739 0.286435315840749 -0.18054152137241036 0.11016566306953196 0.044988429042446376 1697525322.9719284 -0.0136450171404563 1 0.001980245769517487 -0.1112684629174876 -0.124522023163862 -0.0649286189851740 0.07448301776250055 0.02717280601238998
1.0874646679512034 0.2857952749521728 -0.17964510440909065 0.10891696997964519 0.01930114678083263 1697525323.0220132 -0.0148189313912175 1 0.017385988279171066 -0.11046234215746743 -0.136627346424196 -0.0596609235826275 0.07535231717645831 0.02164968890452163
1.0984117152358306 0.2838414952521694 -0.17606097052096056 0.11233817865447208 0.02611624749651122 1697525323.0730183 -0.0132540406302349 1 -0.026816724084284243 -0.1072311298063847 -0.120308790712103 -0.0716177010531478 0.07398466424815861 0.016180901284391234
1.1021746277533764 0.283177374766889 -0.17515487382139078 0.11239641597480877 0.026434098441416896 1697525323.1223445 -0.0152403338050488 1 -0.008986230724214818 -0.1088706618632988 -0.139556475029378 -0.0648858634911948 0.07354433894267227 0.01084623885309197
1.105769943956066 0.28254530206888084 -0.17452523081494029 0.11048535138518795 0.018574958885756554 1697525323.1724634 -0.0153829845790188 1 0.018285597000264258 -0.1050878733270552 -0.137845697027600 -0.0539332232359576 0.07445861879268466 0.005591845186743988
1.1093440936362198 0.2819181933480358 -0.17379550003201225 0.10999894768019726 0.01057228637546631 1697525323.22228 -0.0157669360831585 1 0.0054956876450941265 -0.1019258626368462 -0.141882014296016 -0.0555024049351527 0.07473340317493973 0.0004955520548947248
1.120284696746778 0.2800023059404917 -0.17381845221076614 0.11202501222695997 -0.0046876590970519475 1697525323.2723036 -0.0158625020700443 1 -0.0006005447308547378 -0.10154318356117001 -0.142539755998445 -0.0570232199139162 0.07470337593839703 -0.004581607123159158
1.124037123882918 0.2793442622866017 -0.17397309527987118 0.11208929711140915 -0.004719196683282672 1697525323.322403 -0.0171667243173731 1 -0.021273151581125537 -0.09438273399633954 -0.152328801691050 -0.0568502676496762 0.07363971835934172 -0.009300743822971844
1.1276815885391436 0.2787036028395985 -0.1749891455381767 0.11070016254608211 -0.019493743218232135 1697525323.3732517 -0.0176458904109179 1 -0.0025855743737563347 -0.08959933653315105 -0.153224950929112 -0.0484732586550216 0.07351043964065372 -0.013780710649635508
1.134989377981278 0.27741139144496946 -0.17564842350539148 0.11076610072774906 -0.019564517308586764 1697525323.423135 -0.0178393590124925 1 0.014396575783635108 -0.0921048534032893 -0.153595738929561 -0.0483975768827059 0.07423026842983482 -0.018385953319795784
1.13858466471048 0.2767711477037953 -0.17649936636413094 0.11069307547948508 -0.026368156333728757 1697525323.4737198 -0.0180966651766170 1 -0.0010424321805430998 -0.09072377349668818 -0.154533241216489 -0.0514195900178675 0.0741781468208076 -0.02292214199463638
1.145959826424089 0.2754450187302704 -0.1787177148170558 0.1119655496294722 -0.033523746090559546 1697525323.5234518 -0.0184902861842187 1 0.00038371474289795675 -0.08847188857048227 -0.156165416333930 -0.0502614298011588 0.07419733255795248 -0.02734573642315647
1.153233706752082 0.2741166311491508 -0.1815685159816621 0.11215160708946668 -0.04709656382235911 1697525323.5733123 -0.0192650377736313 1 -0.013707516314618825 -0.07323377688874091 -0.157508657810393 -0.0402928596884342 0.07351195674222216 -0.031007425267590184
1.1569838058027366 0.27342249244028316 -0.18316794177626897 0.11220790684218099 -0.04712825585181333 1697525323.623484 -0.0200986315246446 1 -0.0029363781446757066 -0.06605786791092952 -0.159326280640444 -0.0339101262076154 0.07336513783498817 -0.034310318663141166
1.1605952023513921 0.27274726159388185 -0.1848924226010011 0.11127165553859492 -0.052540874045400573 1697525323.6734378 -0.0202812634666997 1 -0.001666950948234039 -0.07558695848418853 -0.161188037795643 -0.0433093115708758 0.07328179028757655 -0.03808966658734716
1.1641982192922697 0.2720665242403155 -0.18677276210577257 0.11112305040024645 -0.05719179017979246 1697525323.723551 -0.0204745899262250 1 0.00872668526655049 -0.07302107210535529 -0.159958343912493 -0.0406343549291294 0.07371812455090467 -0.0417407201926199
1.1715073093755706 0.27066306717295313 -0.1907399227767098 0.11103768572705303 -0.0614814293150776 1697525323.774159 -0.0211138829997153 1 0.0009245261833628045 -0.06999197726764736 -0.160295662484925 -0.0422411761425685 0.07376435086007277 -0.04524031905599909
1.178847844191494 0.2692205280297381 -0.19514609430979935 0.11165209577305923 -0.0648007191438272 1697525323.8248792 -0.0215524577461481 1 -0.006845046156344239 -0.02898759527788368 -0.155434574031960 -0.00461042633467618 0.07342209855225587 -0.046689698819891955
1.182458398602952 0.2684991020354558 -0.19737629239386334 0.11161111329506958 -0.0679545057486702 1697525323.8745594 -0.0219688825364359 1 -0.00013219594207216788 -0.058576276681291485 -0.159793052594815 -0.0337392385599476 0.07341548875515225 -0.04961851265396053
1.186061553664652 0.26777130534097326 -0.19977058686448115 0.1114209205760222 -0.07344417269221293 1697525323.9246764 -0.0222795239012852 1 -0.0003957318676378488 -0.0562432142672781 -0.159563348302268 -0.0329374503716429 0.07339570216177037 -0.05243067336732188
1.1933239451718116 0.2662761696783005 -0.2042347237740918 0.11063526371232918 -0.06832146968482301 1697525323.9750576 -0.0223917911512032 1 0.009440863971226083 -0.011969293171900944 -0.151127780679415 0.0113673899092151 0.07386774536033232 -0.053029138025917744
1.2005605439818066 0.2647459280951043 -0.20879090118856658 0.11038513666621028 -0.06642674454120444 1697525324.0250115 -0.0225371663012053 1 0.0023077737315961282 -0.04608119986356269 -0.155652728309125 -0.0235749553014681 0.07398313404691202 -0.05533319801909378
1.2041439171491104 0.2639746239233581 -0.21100650142653368 0.11117123925977762 -0.06631813147106821 1697525324.0751338 -0.0230508582450518 1 -0.0001916841459717661 -0.04334540293210298 -0.156302355835509 -0.0216561200132269 0.07397354983961345 -0.05750046816569696
1.2077349885724338 0.26319221656294395 -0.21330007992681613 0.11141169915760246 -0.06935679327552871 1697525324.1251218 -0.0233880878067193 1 -0.010971474492709082 -0.020369488253953197 -0.154170366570158 -0.00126056765652175 0.07342497611497724 -0.05851894257839601
1.211434980005067 0.2623777651896147 -0.21566635668754852 0.11145548533249518 -0.06945634884531822 1697525324.1751723 -0.0236154898358026 1 -0.0011656044151751406 -0.03520126618741262 -0.156028413821696 -0.0149815758862191 0.07336669589421853 -0.06027900588776504
1.2185919566663463 0.26077483777657384 -0.22305812080410706 0.11081608164479527 -0.07465914584309942 1697525324.2254183 -0.0240473193018005 1 0.006696010349348163 -0.010255107702388876 -0.152313904609782 0.00888475276724390 0.0737014964116864 -0.06079176127288518
1.22582560210321 0.2591154537677206 -0.22561559770074996 0.11078806384849396 -0.07767933055768855 1697525324.2759166 -0.0245948002242577 1 -0.0007900580514784213 -0.0029605728124580052 -0.152137022889757 0.0140477170646982 0.07366199350911251 -0.060939789913507944
1.2294010735534209 0.25828044424031904 -0.23095196346233168 0.11129336031135714 -0.0806147009474811 1697525324.3258078 -0.0249786952306064 1 -0.005590100308753722 -0.02019118899427037 -0.155119470885820 -0.00397056855796081 0.07338248849367508 -0.061949349363220545
1.2402060823419458 0.25569554785338 -0.23648477834804388 0.11045462854197424 -0.09295170600608317 1697525324.375802 -0.0252439455227333 1 -0.0007510082276414343 -0.01637981436189009 -0.154810036929163 -0.000178496526178698 0.07334493808229296 -0.06276834008131617
1.2438313276492365 0.2548095745744626 -0.24001477110550734 0.10898871851996643 -0.11270737020995532 1697525324.4259984 -0.0260403198810788 1 0.008160003422849506 0.011507795861009168 -0.152017958953036 0.0260571192012330 0.07375293825343507 -0.062192950288266234
1.2473319432683463 0.2539370845004293 -0.2436633525844879 0.11044041423537096 -0.09863831427279168 1697525324.4761052 -0.0264560190845865 1 -7.806405165284403e-05 0.0288524654106522 -0.150574686434092 0.0410689323549953 0.07374903505085242 -0.060750327017731656
1.25454036899039 0.2521066580936255 -0.25025326846149515 0.11101674614802838 -0.1010662862207218 1697525324.526269 -0.0268214795211893 1 -0.0030933914168703703 0.002472093168761867 -0.153344753421786 0.0141111325571821 0.07359436548000904 -0.06062672235929367
1.2580899520315816 0.2511859372473866 -0.253489625146499 0.11122080297878717 -0.09737271693311021 1697525324.576131 -0.0274161637565892 1 -0.0035353262013698202 0.008252579358466256 -0.154119014790560 0.0196130156076084 0.07341759916994071 -0.06021409339137074
1.2652841502346626 0.24928458410584214 -0.260010663695471 0.11110795492006811 -0.09777248920804696 1697525324.6263874 -0.0276843076747859 1 -0.002650969796978693 0.010167094955520843 -0.154466562007405 0.0216330998831938 0.0732850506800916 -0.059705738643594
1.27234212411808 0.2473702052607786 -0.26640482387536246 0.11073438918735737 -0.09673652403748897 1697525324.6765547 -0.0282651223249284 1 0.0005745031271575309 0.04273387189141066 -0.152520344225574 0.0535750092734079 0.07331377583644945 -0.05756904504902541
1.2759716680047246 0.2463668635416565 -0.26968966216742796 0.11078936092697535 -0.09682278652232977 1697525324.726681 -0.0287753334350787 1 0.0033684627334236755 0.04876274807108263 -0.152231043225597 0.0591987223709738 0.07348219897312086 -0.05513090764546795
1.279493611335196 0.24538136508521333 -0.2727816115115556 0.11085921946142574 -0.09369264730643012 1697525324.7768686 -0.0291206210368222 1 -0.0009443978596679617 0.027925395087922557 -0.154178151150761 0.0378863914879912 0.0734349790801375 -0.05373463789107309
1.283020771922428 0.24438313570104045 -0.2757558972402534 0.1111362659988768 -0.09011321925851397 1697525324.8272095 -0.0294165295900062 1 -0.001128195075217432 0.02994958864491553 -0.154554767609925 0.0398775827657474 0.07337856932637668 -0.052237158458828675
1.290176996731698 0.2423232166749453 -0.2817245412119298 0.11116233023513511 -0.08817279700376232 1697525324.8771658 -0.0297674639770077 1 -0.0033385983739452085 0.03253163061735866 -0.155290269655743 0.0423677255526659 0.07321163940767919 -0.05061057692795852
1.2973188262752717 0.24022247880111558 -0.2874817727737968 0.11116791285875552 -0.08602457434818007 1697525324.927239 -0.0304455537161231 1 -0.0008418074801508993 0.06358000725679366 -0.154258623229254 0.0729645150706398 0.07316954903367169 -0.04743157656512173
1.300826610473688 0.239174491337587 -0.29024234980776326 0.11094470637976503 -0.08358553431451897 1697525324.9773586 -0.0311287125665012 1 -0.0006397826655817759 0.06892817833623302 -0.155121608950087 0.0780147920111250 0.07313755990039256 -0.04398516764830538
1.3043292191690092 0.23811810029597053 -0.2928479662531368 0.11087890515715745 -0.07871345337038493 1697525325.0274727 -0.0314275723529948 1 0.0017597116000244131 0.047484485010534275 -0.156854809706606 0.0568846603555736 0.0732255454803937 -0.04161094339778083
1.3114312907248646 0.23594620761667742 -0.29793198118631037 0.11081275535064264 -0.07275529066842559 1697525325.0778046 -0.0321562468862400 1 0.0009131326159037829 0.09948941578239483 -0.155337246874199 0.108632952012568 0.07327120211118884 -0.03663647260866561
1.3185241463534025 0.2337408658063906 -0.30250364678908676 0.11083165564319437 -0.06714936885175037 1697525325.127912 -0.0325402498285413 1 -0.001152138246078546 0.05633537605320617 -0.158803329321598 0.0655999890127293 0.07321359519888483 -0.03381970380600145
1.3220115201740836 0.2326447422506523 -0.30445759518855975 0.11065409597186512 -0.05717215449977674 1697525325.1780152 -0.0332263437003920 1 0.00010541741551278966 0.0595335620444854 -0.159888055155638 0.0690937708996107 0.07321886606966047 -0.03084302570377989
1.32549093449228 0.23154510349292934 -0.30622048661729057 0.1104465481507166 -0.051475374179783144 1697525325.2283273 -0.0335547967430037 1 0.003627800849414212 0.07954985436503671 -0.159224882094103 0.0893653076795830 0.07340025611213143 -0.02686553298552263
1.3359897515065307 0.22819585402383954 -0.3105344302851569 0.11013482621415369 -0.03468014670309739 1697525325.2803562 -0.0340196884574505 1 0.0006413216862105939 0.06263623612364377 -0.161608163443093 0.0722608972683753 0.07343360483981431 -0.023608448707098963
1.3395521025245964 0.22704745923265376 -0.3116790575425223 0.11005191269114846 -0.03289093189149466 1697525325.328577 -0.0353231464728680 1 0.0022893430524324404 0.08038926038243073 -0.164370835270752 0.0905152822834516 0.07354349330633107 -0.01974976420874214
1.34300765047869 0.2259296185568409 -0.31332213311074175 0.11023491478009917 -0.02118821494472039 1697525325.378216 -0.0358071169175111 1 0.0006954429586619123 0.07992482469886006 -0.165928067382664 0.0900657777080394 0.07357826545426421 -0.015753522973793687
1.350032231213549 0.2236491401152783 -0.31404189239236824 0.11029318753601994 -0.020857467842072545 1697525325.4285657 -0.0363945872347520 1 -0.0018448726359247922 0.06619801017091476 -0.169183787759212 0.0764186732851653 0.07348602182246806 -0.012443622465250959
1.3534946195529505 0.22252206669446006 -0.3145524589643441 0.1103819089003593 -0.014961310162096245 1697525325.478538 -0.0378578776207963 1 -0.0007293213272168589 0.06797353310384463 -0.176295475836354 0.0783228675934806 0.07344955575610718 -0.00904494581005409
1.3605202925169757 0.22023198443070072 -0.31524954016348844 0.11036203452148974 -0.010110725524134598 1697525325.5289636 -0.0385765378187854 1 -0.0010781680935740992 0.0678757058588637 -0.180228112166794 0.0784068269707912 0.07339564735142852 -0.005651160517113992
1.3674436799983514 0.2179730464408679 -0.31561757762149173 0.11040995925849945 -0.00536984212048331 1697525325.5791194 -0.0403485005173742 1 1.772652795094983e-05 0.07878925232270909 -0.191404658878654 0.0896688166032218 0.07339653367782607 -0.0017116979009821204
1.3710095992917872 0.21680954067950625 -0.31565290755174813 0.11034345714667677 -0.0008357141151924667 1697525325.6291106 -0.0426055031668888 1 -0.000684226999346149 0.07882581710192557 -0.212100248266939 0.0903220102513464 0.07336232232785872 0.002229592954119535
1.3744708213899728 0.2156811291548534 -0.31551492149580196 0.11033842134877941 0.0043781454592663116 1697525325.6792898 -0.0440113054220339 1 0.0004932925448889401 0.07094715209755002 -0.230886496319846 0.0832047027036827 0.07338698695510315 0.00577695055899381
1.3814953880163676 0.21339519241123145 -0.31490042641205973 0.11024678319149062 0.00867713100519712 1697525325.729267 -0.0457693641934160 1 -0.00011885269541617796 0.07052821327064204 -0.263686169681336 0.0840325921628160 0.07338104432033234 0.009303361222530723
1.3884096071956542 0.21115155621342832 -0.313928253110725 0.11004415770784941 0.016398094017823883 1697525325.7794027 -0.0532845529078540 1 0.0007929899771435066 0.07640827604346768 -0.0810515302570388 0.0799988382505808 0.07342069381918948 0.013123775024700631
1.3919659270880451 0.21000053546729058 -0.3134393739296049 0.1098232842143303 0.012187460453467473 1697525325.833103 -0.0522088714024256 1 0.0018894823125018888 0.07465100648961187 -0.0799515666733118 0.0783196774094349 0.07352083638175207 0.017080278368649858
1.4023125019814733 0.20665557781747287 -0.3131423561583959 0.11009417745727995 0.02418318114453867 1697525325.8879871 -0.0515601182943292 1 0.0020962987430104135 0.07131270612808104 -0.0800448879444039 0.0750453641633115 0.07363613281261754 0.021002477205690748
1.4092296024881268 0.20442999394795208 -0.31155514798463485 0.1099507689744564 0.02289236506336944 1697525325.9624836 -0.0504464299180406 1 -0.0018774484782980946 0.08304694112637363 -0.0779670884211852 0.0865837211537141 0.07349720162522334 0.027147950849048138
1.4127903333411116 0.20328728913755995 -0.3107635028665187 0.11000753834404879 0.023118267025952058 1697525326.0233417 -0.0495856742677787 1 0.0012000948801773206 0.07431326435009934 -0.0778332958311276 0.0780834150574889 0.07357040741291421 0.03168105997440683
1.416240704495221 0.2021839698529282 -0.3097254368126403 0.10976554279540326 0.03161372261301831 1697525326.079508 -0.0491836181407824 1 -0.0005106385433857456 0.07312219244750419 -0.0776052934552609 0.0768487406370218 0.07354181165448465 0.035775902751461676
1.4267112894769642 0.19886125563391263 -0.30597529085349584 0.10990607755609429 0.04352708629205167 1697525326.1314206 -0.0484746115327573 1 0.002444108877735188 0.07173836072562993 -0.0764621008570174 0.0756081351366801 0.07366890531612692 0.03950629750919593
1.4301719386238838 0.19777330050148256 -0.3045403312565086 0.10995963170640621 0.04333150934609315 1697525326.1853294 -0.0470024434574172 1 -0.001278838407207794 0.06949191443471381 -0.0744419594373704 0.0732546479430704 0.07360112688054492 0.04318936897423557
1.4372144472917316 0.1955776966953031 -0.301131423377339 0.11010545605098224 0.05355505671464587 1697525326.242891 -0.0465525451909803 1 -0.00044148956278874105 0.06912511068888111 -0.0736033707504453 0.0729884145867744 0.07357552048590317 0.047198625394190175
1.4406873460645526 0.1945048062692174 -0.29935857092147655 0.1101927771188844 0.05366622671168025 1697525326.293651 -0.0455599807625042 1 -0.001510971471249361 0.06323657095038743 -0.0725864295170518 0.0670936858475653 0.0734999719123406 0.05036045394171386
1.44774985128223 0.1923461361158501 -0.29536405371405705 0.11032835912348003 0.05981703164149472 1697525326.3480697 -0.0451597630944668 1 -0.0008902164494625317 0.0657530067497831 -0.0720553979636226 0.0696875977772367 0.07345101000762021 0.05397686931294864
1.4548224018616023 0.19021670657903836 -0.2908578192047067 0.11029716951588941 0.0703203147919684 1697525326.402783 -0.0441779881404448 1 -0.0014195684931817265 0.0583959647140853 -0.0708855028920701 0.0623926302484276 0.07337435330898844 0.05713025140750771
1.4583128375117564 0.18917925143527967 -0.28852118818669903 0.1103943400722266 0.07103624577353611 1697525326.4585817 -0.0430026966689826 1 0.0001298938812570368 0.054043768416780866 -0.0687730023164057 0.0581790473615631 0.07338162736633884 0.0601567024388496
1.4618044912780261 0.18815109553225992 -0.2860139437878641 0.11033925418789645 0.07650810794105922 1697525326.5109766 -0.0425713479465705 1 -0.0011315023085857888 0.057957502608324815 -0.0679653648453386 0.0620548693955884 0.07332278924629236 0.0631704925744837
1.4654061101690645 0.1871015952860122 -0.2832511212646943 0.11034315781231326 0.08176917824967056 1697525326.5623486 -0.0419558819144328 1 0.0003704305955637558 0.05562885174471519 -0.0667654081086539 0.0598364987966310 0.07334168120666609 0.06600756401346033
1.4759993401919282 0.1841000999179961 -0.2714115446926266 0.1097026180670204 0.09476186057286105 1697525326.6167436 -0.0413474900837555 1 -0.0002084055515982282 0.05331111044338406 -0.0655516975823480 0.0575038375944585 0.07333063571243138 0.06883305286695954
1.482979645469607 0.18219044040002638 -0.2682332772081988 0.10927908455713557 0.10011995960101176 1697525326.680939 -0.0392599833655925 1 0.005075919776430667 0.021355285015348204 -0.0632850817440937 0.0261360956545646 0.07366057049789965 0.07022114639295833
1.4865514681096552 0.1812260001189959 -0.26453413331259423 0.10849045466056866 0.11277435741771807 1697525326.7341251 -0.0380818925121129 1 0.00435605687128933 0.04256806468591838 -0.0595944852606948 0.0471957694330474 0.07389144151207797 0.07247725382131188
1.4935203105072996 0.17938522323770678 -0.2571188689147622 0.10923897578210606 0.11314978355707359 1697525326.796139 -0.0369420744359180 1 0.007114691190415403 0.03974626594391492 -0.0564476936355901 0.0444713720642043 0.0743325523658838 0.07494152230983508
1.500631666997659 0.17756557271713577 -0.24929482604413503 0.1096142864932778 0.1173089032086308 1697525326.8538463 -0.0361066268445506 1 -0.006072256180169419 0.020120304249708232 -0.0556161502269388 0.0240701190299761 0.07398036150743402 0.07610849995631802
1.5041603492322853 0.17668529441814618 -0.24531242597117808 0.11028810649099462 0.12120838267972484 1697525326.9076176 -0.0352014214231029 1 -0.0033478103331648955 0.010325479841744076 -0.0549820525530237 0.0145973344681517 0.07380292755977629 0.07665575038793043
1.511310661019643 0.17494867933386107 -0.23710177446115058 0.1098460664423355 0.12276243133642709 1697525326.9630077 -0.0344667096336323 1 -0.006160303225119669 0.024878654425072887 -0.0514380096852323 0.0287936179378085 0.07345795057917004 0.07804895503573268
1.511310661019643 0.17494867933386107 -0.23710177446115058 0.1098460664423355 0.12276243133642709 1697525327.018799 -0.0335534587592351 1 0.004023752927571603 0.0020583373480544606 -0.0518264238883499 0.00707335300926962 0.07368328074311421 0.07816422192722382
