-0.010251261050149875 0.004371762441100943 0.013363695934053139 -7.062736934971853e-06 0.00020782113762822426 1697469575.8315856 4.20729068050828e-5 1 5.055000000014882 0.0 3.53128433712158e-5 0 0.15 0
0.01684854721511237 0.0038387389725471834 -0.026922052750397385 0.2247590273347368 -0.0040178618452609725 1697469576.3216212 -0.00364147044545289 1 0.055010857859063934 -0.012798671869247356 -0.0940540837728382 -0.0127986718692474 0.104665931621495 -0.00616895984097685
0.030235773891199125 0.0034893412247834193 -0.024128569272777258 0.16674033213524436 0.12648972609780196 1697469576.5932882 -0.00405813903748813 1 -0.47207709682549837 0.04706492657119208 -1.12204902025280 0.0470649265711921 -0.15 0.00658563525981423
0.03551919034529348 0.003364046028241481 -0.024219649822386013 0.15878756709091563 -0.01014870131523506 1697469576.6634421 -0.00319917172488820 1 0.3982378868699249 -0.008991362732331724 -1.25059076187791 -0.00899136273233172 -0.15 0.00597422259401582
0.042290927755207944 0.0032270475660221374 -0.00980871628740566 -0.02894805378610861 0.1264622529476899 1697469576.7322338 -0.00304678740072982 1 0.03241168105675745 0.002625527420290933 -0.771433620587466 0.00262552742029093 -0.15 0.00615800951343662
0.03991347922331872 0.003244527223986551 -0.0059157498190029485 -0.07704244088041795 0.12662435886784942 1697469576.8100133 0.169202538370632 1 1.272907494053859 -0.05434336191977352 0.145230832134618 -0.0543433619197735 -0.138671995093503 0.00191922728369566
0.030464919749286622 0.003250777302235566 0.0017505405221413899 -0.17458408479070928 0.12642144052454385 1697469576.8839095 0.737563302820577 0 0.4275100197067606 -0.016116758099771308 0.4275100197067606 -0.016116758099771308 -0.107891273674664 0.000758820700513919
0.01752912790576515 0.003225652498307625 0.004432482171130578 -0.14001264599682514 0.12564454433795286 1697469576.9556444 1.02521781899783 0 0.8196645695490605 -0.032400811559644103 0.8196645695490605 -0.032400811559644103 -0.0488754246670364 -0.00157403773178423
0.003653015599370845 0.003156750201428558 0.00636297059717173 -0.09856130295103235 0.12676918158079956 1697469577.0260704 0.825949193055207 0 -0.12193252552955583 -0.011910966718842087 -0.12193252552955583 -0.011910966718842087 -0.0574107014540975 -0.00240780540210242
0.0009110298609924798 0.003138863472569115 0.006613614285080675 -0.08295587192449141 -0.003433593932546804 1697469577.0930285 0.584225013433433 0 -0.2050577294632024 -0.009198256774957767 -0.2050577294632024 -0.009198256774957767 -0.0711495693281336 -0.00302408860602465
-0.009667917754351751 0.0030626954167366823 0.010118352231176108 -0.12711454464842412 0.12773947360036111 1697469577.1604075 0.576363019102969 0 -0.021745026359978742 -0.0018570516791461145 -0.021745026359978742 -0.0018570516791461145 -0.0725847410678928 -0.00314665401684835
-0.01799463635254002 0.002978360906160042 0.010047452349270156 -0.12744817172184664 -0.004865631477547794 1697469577.22987 0.757007452311632 0 0.43854765438188104 -0.01595174053576399 0.43854765438188104 -0.01595174053576399 -0.0423249529155606 -0.00424732411381543
-0.026477817462254992 0.00287646943980901 0.00806327207143183 -0.13365092944977147 -0.08109394901582803 1697469577.2966468 0.761125090215578 0 0.12121384014019539 -0.0003315063021105839 0.12121384014019539 -0.0003315063021105839 -0.0342036256261666 -0.00426953503605684
-0.030253076565345916 0.0028417804856615547 0.0017853227203181994 -0.09693267807186949 -0.29444784262757584 1697469577.3701 0.800376339573510 0 0.16431010669691964 0.007718671372178143 0.16431010669691964 0.007718671372178143 -0.0222089878372762 -0.00370607202588712
-0.039283364493680854 0.0028794380982672787 -0.026810007872170562 -0.046271079819357026 -0.17410445131992142 1697469577.4395308 0.581051880651462 0 -0.16260794631133527 0.027067582070800723 -0.16260794631133527 0.027067582070800723 -0.0334289361327519 -0.00183840886300296
-0.04080250622300648 0.002915511732666249 -0.03178799218976441 -0.0432891085414767 -0.12413877137545008 1697469577.5130281 0.277765497540440 0 -0.26886170839584117 0.11923195784770847 -0.26886170839584117 0.11923195784770847 -0.0530558408456121 0.00686552405986371
-0.04701564791076677 0.0031129718699027835 -0.017365175808855538 -0.08226460330209465 0.33882727020497033 1697469577.579242 0.259914048295228 0 0.05439103727163383 0.02439389674457823 0.05439103727163383 0.02439389674457823 -0.0494116413484122 0.00849991514175063
-0.05206636246124468 0.00318864181605406 -0.010003373483606992 -0.07151942599513075 0.006566725942563304 1697469577.649194 0.495391985088584 0 0.3745286927976673 -0.06163983946330262 0.3745286927976673 -0.06163983946330262 -0.0231946328525142 0.00418512637930936
-0.054527336040999026 0.0032095142910153877 -0.009840520579197574 -0.07302697717581885 0.00743919513050304 1697469577.7175326 0.431587438780381 0 0.010571822647097273 -0.032822920536666265 0.010571822647097273 -0.032822920536666265 -0.0224863207351586 0.00198599070335248
-0.05979113406822963 0.0032631422030633276 0.0061884204847740525 -0.03554163228175057 0.02879439781702354 1697469577.786046 0.441049565128325 0 0.10243777250594525 -0.00030693534802186647 0.10243777250594525 -0.00030693534802186647 -0.0154181144322525 0.00196481216433898
-0.06160529445082263 0.003261955389416067 0.006003867912791526 -0.02130790762557792 -0.005031524218267 1697469577.868661 0.215201933520505 0 -0.1530445145466739 -0.05893643136493657 -0.1530445145466739 -0.05893643136493657 -0.0281208091396044 -0.00292691163894228
-0.0635489192026684 0.0032452339199204377 0.0018830339869773212 -0.04896781057229821 -0.19746620828556646 1697469577.93903 0.129094358481994 0 -0.037488978478377 3.787605722217421e-05 -0.037488978478377 3.787605722217421e-05 -0.0307075486546109 -0.00292429819099395
-0.06495383965664593 0.003244532238835445 0.0012519909949352114 -0.04170422780247932 -0.009388369973527206 1697469578.0110672 0.296806604523054 1 0.2715665646380626 0.01680844785035004 0.245172659748377 0.0168084478503500 -0.0130551171526992 -0.00171408994576679
-0.0699712283825585 0.003238798265499081 0.0005447296496855524 -0.016231603758519522 -0.00595668601032983 1697469578.0785646 0.273451316135316 0 0.02244341706432338 0.0023988918727465306 0.02244341706432338 0.0023988918727465306 -0.0115289647923256 -0.00155096529842007
-0.07057717973996133 0.003238973271325995 0.0004686403479554666 -0.018405266547272384 -0.003624933326534933 1697469578.1488514 0.0985870471462383 0 -0.1214684303234546 0.002771279013731181 -0.1214684303234546 0.002771279013731181 -0.0199102864846391 -0.00135974704647273
-0.0725751227148494 0.0032379266381357494 7.976030415020526e-05 -0.029389249972064733 -0.0018164536613479625 1697469578.2182283 0.111811369048572 0 0.07995381290228926 4.578903074922334e-06 0.07995381290228926 4.578903074922334e-06 -0.0143934733943843 -0.00135943110216056
-0.07424101057807966 0.0032386806847185135 -9.931146833349793e-05 -0.02050546187387579 -0.0017787279431456897 1697469578.2934773 0.178653285482796 0 0.14292118115127025 0.001265976534323966 0.14292118115127025 0.001265976534323966 -0.00367438480803257 -0.00126448286208620
-0.07510467018892143 0.003240274000755562 -0.00026361875612156436 -0.004447271860511039 -0.0014686538524632021 1697469578.3634443 0.124717468486954 0 -6.924037329056332e-05 0.0005063896993059555 -6.924037329056332e-05 0.0005063896993059555 -0.00367909315341632 -0.00123004836253341
-0.07525404331110862 0.0032401418039351613 -0.000338820465615595 -0.004378746717894857 -0.0022112843201413422 1697469578.4344797 0.0270565108741768 0 -0.05586220923406192 0.00041984227484648213 -0.05586220923406192 0.00041984227484648213 -0.00764531000904255 -0.00120023956101925
-0.07588250204854098 0.00324059930728589 -0.0005745301559829028 -0.010355784715843886 -0.0018410119136531733 1697469578.5045538 0.0266408310448879 1 0.05669281435448205 6.669685479574719e-05 0.0218995927943952 6.66968547957472e-5 -0.00613423810623015 -0.00119563747803835
-0.0764972635587751 0.0032411995907971457 -0.0006884836432165188 -0.00812286189907925 -0.0012279569987110098 1697469578.5763783 0.0630255280456977 1 0.10226970924493872 0.0007517189485214439 0.0518196173065160 0.000751718948521444 -0.00245504527747204 -0.00114226543269339
-0.07687206298705394 0.003242482678383289 -0.0008062550431222542 -0.00263033654722031 -0.0008373764313594715 1697469578.6431046 0.0494399281351555 1 0.042145349004360885 0.0002819120076204448 0.0406355971939075 0.000281912007620445 0.000226904137327105 -0.00112365924019043
-0.07704591419836876 0.003242844122713755 -0.000904037478224473 -0.002583108718427617 -0.0015067433745362473 1697469578.7187603 0.0160114731132481 1 0.019203510490814125 0.0002479529903556753 0.0131538581115335 0.000247952990355675 0.00120028963758149 -0.00110531071890409
-0.07679368356293148 0.0032444106633904577 -0.0011398211079395384 0.0027400095699138347 -0.0015653763691376161 1697469578.7901392 0.0157248131186679 1 0.05596807607981127 0.00018426664917990538 0.0129175549096681 0.000184266649179905 0.00214327114598553 -0.00109185925351398
-0.07642946093563985 0.003245292015641185 -0.0012970862181777658 0.0041596732235118766 -0.001487309636903997 1697469578.9109492 -7.10489571545421e-5 1 0.031074409247526146 0.00039781958628998856 -0.0136525306197615 0.000397819586289989 0.000532272532851418 -0.00104491654233170
-0.07615157115212501 0.003245799744478902 -0.0014597880866856175 0.0017456155122820892 -0.001561787818534359 1697469579.0269554 -0.000107676720634049 1 0.04669356841632463 0.0002265762797124489 -0.0207317238912215 0.000226576279712449 -0.00183114399074851 -0.00101908684644447
-0.07603030321607693 0.0032460957607679665 -0.001506079143691737 0.0017377277496023948 -0.0014396193913834565 1697469579.0978491 -4.51050032280811e-5 1 0.07137046160980175 0.0005239017468000685 -0.00869708910208281 0.000523901746800069 -0.00243994022789375 -0.000982413724168503
-0.07621380808371085 0.0032467619194931313 -0.0016476077948476262 -0.0025440023202337758 -0.0012034815690137616 1697469579.1657634 -4.48786718856735e-5 1 0.05418913438019658 3.395497797122518e-05 -0.00866024864025583 3.39549779712252e-5 -0.00302883713543101 -0.000980104785666460
-0.07641269602632393 0.003247572567900761 -0.001721166583254291 -0.0034296388872414887 -0.0011926065924523208 1697469579.235913 0.0154819327186819 1 0.08685578737326015 0.0004465880349994864 0.0127219967582513 0.000446588034999486 -0.00213829736235423 -0.000948843623216524
-0.07652683116080808 0.003248211093938085 -0.0017539041662391563 -0.003442782238846371 -0.0010621122403150737 1697469579.305538 0.0208729097999130 1 0.06313247572628906 0.00016492615666292008 0.0171518745896037 0.000164926156662920 -0.000954818015672256 -0.000937463718406789
-0.07668808918529138 0.0032495979094931543 -0.0018521535756108557 -0.0003590363020560038 -0.0006284854029637514 1697469579.371971 0.0209536559820104 1 0.05681947583289241 -5.006800698126968e-06 0.0172176423317938 -5.00680069812697e-6 0.000198764020558053 -0.000937799174053564
-0.07666442249049212 0.0032501809079904446 -0.0019278954018614105 0.001199016770842399 -0.0009564536300489422 1697469579.4440372 0.00218529270400407 1 0.03315276145971975 0.000273785493545162 0.00179521290921732 0.000273785493545162 0.000324428924203559 -0.000918634189505358
-0.07657779826325159 0.0032508969582740552 -0.0020067562935492888 0.0014099489953937358 -0.0012044349871149734 1697469579.5149755 -3.08060146796436e-5 1 0.043428286875844185 0.00018262675757343947 -0.00598195883613427 0.000182626757573439 -0.000100290153161451 -0.000905667689717659
-0.07653167144268246 0.003251272089624031 -0.002047008543194984 0.0014132262538327366 -0.0012618534733210254 1697469579.5873551 -3.61927087254408e-5 1 0.052830218387361065 0.00019684518604950934 -0.00703022860720368 0.000196845186049509 -0.000606466612879337 -0.000891494836322117
-0.0764756082049612 0.003252211855550134 -0.0021810289415153186 3.5786967649125865e-05 -0.0014465430834362347 1697469579.6545131 -3.62601034801888e-5 1 0.05426892972055377 5.312762998049714e-05 -0.00704558876390382 5.31276299804971e-5 -0.00107852106006094 -0.000887935285113423
-0.07649053619833864 0.003253058085539287 -0.0022574123550450293 -0.0005055041978795604 -0.0011074838462892523 1697469579.7211163 -8.26143840745613e-7 1 0.06541725262362216 0.0004898354734516246 -0.000160815319731264 0.000489835473451625 -0.00108913487116321 -0.000855606143865601
-0.07652568279500668 0.003253897663518181 -0.0023180745044884734 -0.0005185670457811717 -0.0009607293647992475 1697469579.7937977 0.00307651455950285 1 0.059011718526216256 0.00020578007172134555 0.00252757756677546 0.000205780071721346 -0.000907149286355085 -0.000840789978701640
-0.0765624289281295 0.0032546537670601443 -0.0023765631737045446 -0.0005352583482227649 -0.0009156592077906716 1697469579.8659391 0.00315604254045587 1 0.05534999774442964 0.00014508394444104285 0.00259289926024532 0.000145083944441043 -0.000720460539617710 -0.000830343934701901
-0.07658223713425363 0.003255780763798949 -0.0024527394734978484 1.5543662895385912e-05 -0.0007133792517952335 1697469579.9370162 0.00325765722304995 1 0.05538517355750269 0.00014440924449502939 0.00267636196306398 0.000144409244495029 -0.000530438840239792 -0.000820090878342733
-0.07658187018001171 0.0032560874722943945 -0.0024756705011129824 1.7307829199219496e-05 -0.0007786897238251275 1697469580.0052538 -3.96886762619045e-7 1 0.05094221338091787 0.0002373651750439764 -7.75853780797808e-5 0.000237365175043976 -0.000535714645949216 -0.000803950046439747
-0.07657303020590249 0.003257414943209619 -0.0025956334235245977 0.00010619105537025442 -0.001264429832537027 1697469580.071003 -4.41811411958238e-7 1 0.05497798118915924 1.1307836499751715e-05 -8.63774902508246e-5 1.13078364997517e-5 -0.000541415560305773 -0.000803203729230763
-0.07656719496142923 0.0032583867208867217 -0.0026790305009906945 9.812863375078963e-05 -0.00129211537208318 1697469580.143902 -2.70682218006670e-6 1 0.05432965984612616 0.00041180383509058227 -0.000529343229841529 0.000411803835090582 -0.000579528272854304 -0.000773553853104287
-0.07656446776524314 0.0032588645187389114 -0.0027622966319515193 3.3148376621684965e-05 -0.0013414272854201136 1697469580.2167888 -2.49881339588016e-6 1 0.05500615774901128 0.00026297976310802706 -0.000489117755790948 0.000262979763108027 -0.000615233869027089 -0.000754356330397376
-0.076561272872752 0.0032603031035799194 -0.002838363763963987 2.8501554716683995e-05 -0.0011799314329185738 1697469580.286901 -8.43267185423971e-7 1 0.05544757050546888 0.0002835295071412973 -0.000165205186055735 0.000283529507141297 -0.000626798232050980 -0.000734509264897504
-0.07655948636414855 0.003261208142939587 -0.0029074059217469 2.6440908217461677e-05 -0.0011043797125448991 1697469580.3556752 -7.24394426048279e-7 1 0.05501991703076666 0.0002681873107812959 -0.000142101181145604 0.000268187310781296 -0.000636461112368879 -0.000716272527764380
-0.07655782706968155 0.0032620910433326057 -0.00297165344297754 2.4672711567971328e-05 -0.001038593740236752 1697469580.4240315 -6.71462412289230e-7 1 0.05500193135838559 0.0002428699199307136 -0.000131850956402182 0.000242869919930714 -0.000645426977404225 -0.000699757373209095
-0.07655704343425289 0.0032625199283610865 -0.003002051133962797 2.4563338846596464e-05 -0.0010346516867008205 1697469580.4944034 -6.26073998171598e-7 1 0.055000115733296925 0.0002150932786532091 -0.000123052830273244 0.000215093278653209 -0.000654163728353615 -0.000684485750424736
-0.0765540869996584 0.0032642289044043423 -0.003116828018956625 2.1380857969062937e-05 -0.0009155856134288867 1697469580.5622382 -6.23069945444677e-7 1 0.054988534544915355 8.41389253684846e-05 -0.000122508311084922 8.41389253684846e-5 -0.000662371785196305 -0.000678848442425047
-0.07655338999096543 0.0032646576980186284 -0.0031439637983898174 2.126428194715889e-05 -0.0009113271009499083 1697469580.6346433 -5.41591600947873e-7 1 0.055011410132664994 0.00042951903209863685 -0.000106666145983210 0.000429519032098637 -0.000670051747707109 -0.000647923072113895
-0.0765521040354612 0.0032654795633641253 -0.0031940527702438836 2.0093102845285797e-05 -0.0008675240912299732 1697469580.7089458 -5.11426821169063e-7 1 0.05499016632492989 7.088554709463389e-05 -0.000100799803800983 7.08855470946339e-5 -0.000677410133384567 -0.000642748427175997
-0.07655039383262775 0.0032667084424206675 -0.0032608581329141542 1.703824458947234e-05 -0.0007519098053365382 1697469580.789237 -5.08496139425628e-7 1 0.05499736597453852 0.00015200419017002013 -0.000100253098075757 0.000152004190170020 -0.000685330128132570 -0.000630740096152538
-0.07654934345869048 0.003267517180079646 -0.003301997234481844 1.5669703241302768e-05 -0.0007001074510612661 1697469580.8603992 -4.27944815282341e-7 1 0.055013301293818255 0.0002509528112270622 -8.44869121372563e-5 0.000250952811227062 -0.000691244211982172 -0.000613173399366659
-0.0765483518176982 0.00326831605277668 -0.0033409426578557486 1.5473299004413804e-05 -0.0006927645612741911 1697469580.939189 -3.96034539054692e-7 1 0.05500093784932911 0.0001284862987395513 -7.82145084953986e-5 0.000128486298739551 -0.000697344943644811 -0.000603151468064978
-0.07654745991529402 0.0032690992766878733 -0.0033760348784720516 1.4100306575839694e-05 -0.000640625989220738 1697469581.0129912 -3.90885829855269e-7 1 0.05499360858499702 0.00013316161987226942 -7.72354419297239e-5 0.000133161619872269 -0.000702983130905688 -0.000593430669814290
-0.07654624817236008 0.00327027088212502 -0.0034238647875571267 1.2066348518458724e-05 -0.0005633307548703556 1697469581.0813768 -3.30833524169271e-7 1 0.05501086625537599 0.00020389242911581743 -6.54252649605613e-5 0.000203892429115817 -0.000707432048923005 -0.000579565984634417
-0.076545864530879 0.0032706648815569615 -0.0034390663915960036 1.1973794712722334e-05 -0.0005598607542152403 1697469581.1584778 -3.04512862353788e-7 1 0.05500079604449432 0.00010236569461415226 -6.02484849118318e-5 0.000102365694614152 -0.000712010933776306 -0.000571786191843740
-0.07654486571909484 0.003271816277701609 -0.0034790316264501305 1.0106770689073235e-05 -0.0004893806753445412 1697469581.225308 -3.02121341418203e-7 1 0.05499469364533283 4.9535379799669924e-05 -5.97868357803399e-5 4.95353797996699e-5 -0.000716076438609368 -0.000568417786017363
-0.0765443359946415 0.003272568429110639 -0.0035032865780570896 9.250468216803033e-06 -0.00046140905876424903 1697469581.291946 -2.52802034327571e-7 1 0.05500909073604672 0.00016334080091336844 -5.00678630593679e-5 0.000163340800913368 -0.000719380917571288 -0.000557637293157075
-0.0765438876720013 0.0032733296435339828 -0.0035269855522342985 9.1295704278954e-06 -0.00045690158712982567 1697469581.368525 -2.33224779907677e-7 1 0.05500100833478816 8.181360076095492e-05 -4.61999675433131e-5 8.18136007609549e-5 -0.000722892115104581 -0.000551419459499241
-0.07654357984482735 0.0032740896614580637 -0.003548912374614849 8.148616344475695e-06 -0.0004230073390608484 1697469581.446991 -2.30110440749060e-7 1 0.054996210200612364 7.909438275106859e-05 -4.55966411886874e-5 7.90943827510686e-5 -0.000726448653117297 -0.000545250097644660
-0.07654340470933105 0.0032752190571032147 -0.0035788313265493954 6.530668410980759e-06 -0.00036920574943640773 1697469581.5170605 -1.85610795692981e-7 1 0.055003246244689115 8.728274970585411e-05 -3.67987606247205e-5 8.72827497058541e-5 -0.000728914170079154 -0.000539402153414367
-0.07654339816159858 0.003275590796555858 -0.0035881352961267127 6.474460883769522e-06 -0.0003671250468892998 1697469581.6012478 -1.64501648365552e-7 1 0.05500614133982643 9.516820086722493e-05 -3.26237047475544e-5 9.51682008672249e-5 -0.000731719808687444 -0.000531217688139784
-0.07654358322694482 0.0032767133995781064 -0.003614108444799471 5.0877152119688835e-06 -0.00032002407589040683 1697469581.6667695 -1.63067415665025e-7 1 0.05499719513515208 3.692355006284279e-05 -3.23430817546627e-5 3.69235500628428e-5 -0.000733822109001491 -0.000528817657385706
-0.07654393826874983 0.0032778339490614366 -0.003638055021820261 4.605633701429787e-06 -0.0003041503515308126 1697469581.7381258 -1.28100116397177e-7 1 0.05500722195698409 0.00010234188094243134 -2.54185462920040e-5 0.000102341880942431 -0.000735626825788227 -0.000521551383838779
-0.07654464667556059 0.0032793206884484723 -0.0036671831560731163 3.978886492663414e-06 -0.0002822713607186603 1697469581.8389053 -1.15142361226983e-7 1 0.0550001821393892 6.989361626080206e-05 -2.28571036563902e-5 6.98936162608021e-5 -0.000737843964842897 -0.000514771703061483
-0.0765450705499085 0.0032800690003808365 -0.003681007542117003 3.3870745622188665e-06 -0.00026214265791901727 1697469581.9644804 -1.00117235047523e-7 1 0.05500055830963485 6.889594950084748e-05 -1.98805991552184e-5 6.88959495008475e-5 -0.000740289278538989 -0.000506297501272875
-0.07654559601680176 0.003280816653373463 -0.0036935926861625936 2.6823941289150775e-06 -0.00023797129242603433 1697469582.0371137 -8.52117169345615e-8 1 0.05500241626779135 5.7057452756023515e-05 -1.69244331073432e-5 5.70574527560235e-5 -0.000741507837722716 -0.000502189364674448
-0.07654619390674709 0.0032815521568981404 -0.0037049490022204312 2.3076779435583375e-06 -0.00022506875484696557 1697469582.107005 -6.74731533365299e-8 1 0.05500369223460205 5.4236686269294986e-05 -1.34041032846602e-5 5.42366862692950e-5 -0.000742446124952641 -0.000498392796635601
-0.07654684942707585 0.0032822983284475074 -0.0037158284712506535 2.001097114861522e-06 -0.00021442160011553372 1697469582.1714065 -5.80395459005628e-8 1 0.05500177363122633 5.410572266697697e-05 -1.15319865930108e-5 5.41057226669770e-5 -0.000743184172094595 -0.000494930030384910
-0.07654754471389671 0.003283044447885501 -0.0037261351439024414 1.742155194511093e-06 -0.00020536096420687593 1697469582.2420034 -4.98912776778593e-8 1 0.05500115847136297 4.797420101933312e-05 -9.91520222237696e-6 4.79742010193331e-5 -0.000743888151452383 -0.000491523862112541
-0.07654789643795962 0.0032834120001258636 -0.003731066276494904 1.727903118115138e-06 -0.00020484250841310998 1697469582.3093433 -4.38050897480550e-8 1 0.05500106132479342 4.870322567370156e-05 -8.70636303536981e-6 4.87032256737016e-5 -0.000744471477775753 -0.000488260745992403
