-0.0013276270629240736 -0.0015552050450767358 -0.08275850493259351 -1.1706964242259923e-05 0.0003415751907204978 1697471242.5871341 0.000767187451261703 1 13.805000000325144 0.0 0.00563275170736333 -0.275059006963737 0.15 -0.00110023602782893
0.051319211630953 -0.006060714892474402 -0.08631811332841759 0.22591224179291458 -0.00489120747944061 1697471243.3679743 0.00879136167131733 0 0.055013485140688434 0.03980449129930824 0.055013485140688434 0.03980449129930824 0.15 0.0294298087987516
0.08884500737916841 -0.00925998787207303 -0.08259504353768764 0.22307973639312828 0.0409203114826184 1697471243.747851 0.00894717634903808 1 -0.360803237193245 0.014333418087692682 -0.278328729660889 -0.0333293216908186 0.0461833838366018 0.0169979718080899
0.10983305350190134 -0.010936601892086768 -0.07872668720236022 0.07921514771523017 0.002508542431843437 1697471243.8798292 0.00711185103337508 1 -0.045118475455513465 0.007022821687561508 -0.0405407118114250 0.00440573286667623 0.0411563355719749 0.0175442826835589
0.11865067980145222 -0.0116059582621001 -0.07523181303859229 0.05962997984838396 0.02674405518970434 1697471244.0144444 0.00207339701144746 0 0.5482242360614594 0.002813147499605354 0.5482242360614594 0.002813147499605354 0.115166607440142 0.0179240575960049
0.13370877895531222 -0.01275306831782597 -0.07817724874664689 0.17417574844530706 0.042173086903249536 1697471244.1597292 0.00150762403687948 0 0.09366461800182976 0.0012782512675968 0.09366461800182976 0.0012782512675968 0.128560647814407 0.0181068475272713
0.15218857508636494 -0.01416218580247032 -0.07571691788999592 0.19264914382415338 0.024889218524760084 1697471244.2933989 0.00551039245961155 1 -0.47264852267198787 0.017125638310518554 -0.194405268441067 -0.149416598150718 0.103287962917047 -0.00131731023233837
0.1806585379156298 -0.016278851217728946 -0.07453999894541238 0.15483118164059245 -0.009179549698456193 1697471244.4161606 0.00603231425171225 1 -0.11641967507808976 0.005133195685400742 -0.115520785405261 0.00458493667029394 0.0890789063121942 -0.000753363021891998
0.19024613269958615 -0.01699471242154286 -0.07488587901636125 0.1332791604873044 -0.005080534014518918 1697471244.5407016 0.00548975828447346 0 0.13007619217818384 0.010250997881040618 0.13007619217818384 0.010250997881040618 0.105208354142262 0.000517760715354950
0.21488069028287574 -0.01884523670582747 -0.07541831792929773 0.15876366876974446 -0.0013780997470968356 1697471244.6673727 0.00471872496055226 0 0.07526373085813984 0.010261839170137694 0.07526373085813984 0.010261839170137694 0.114541056768691 0.00179022877245460
0.23158738996421466 -0.020105352088499437 -0.07535232521865139 0.17221999295315363 0.00036747384745667146 1697471244.7901754 0.00558899356091064 0 -0.13145960027734985 0.014232121188416956 -0.13145960027734985 0.014232121188416956 0.0988973643356674 0.00348385119387824
0.2525198645655457 -0.02160413979506658 -0.06864852453517106 0.14812143865284932 0.011952036341338764 1697471244.908436 0.00606054333924105 0 -0.08861565538016533 0.011234210594095264 -0.08861565538016533 0.011234210594095264 0.0885293326562116 0.00479825383338440
0.26191895222538736 -0.022240091520003353 -0.068161051436424 0.13163329287031802 0.008675430061873414 1697471245.0262878 0.00449768508641679 0 0.08663469427137088 -0.0058496321694904065 0.08663469427137088 -0.0058496321694904065 0.0984056878031507 0.00413139576606230
0.28037116585140415 -0.023486416003675445 -0.06742260695391628 0.1471818701548074 0.005289311912522822 1697471245.1422648 0.00404135027819152 0 0.06213975083278899 0.008010053873464316 0.06213975083278899 0.008010053873464316 0.105427479647245 0.00503653185376240
0.2953759788686691 -0.024491704812545163 -0.06701645460824049 0.15789224161204327 0.006302681266603198 1697471245.2598424 0.00455743932161362 0 -0.08503784654947313 0.01012098061937932 -0.08503784654947313 0.01012098061937932 0.0954780516009408 0.00622068658623169
0.3155468894095929 -0.025828638408236643 -0.06610886833327478 0.14325776766005197 0.007692112350364046 1697471245.3833961 0.00485234383945432 0 -0.07011151501825094 0.008410781044792582 -0.07011151501825094 0.008410781044792582 0.0873451158588247 0.00719633718742751
0.32906711779716774 -0.02671298439586877 -0.06529180217677012 0.1312514271156392 0.008968226473280022 1697471245.4953802 0.00433466919992742 0 0.05112331039204642 0.009186000653872881 0.05112331039204642 0.009186000653872881 0.0928664333811747 0.00818842525804739
0.3470339787069588 -0.027869528883425736 -0.06402078901658008 0.13982089708957893 0.01041842354128568 1697471245.6073005 0.00391738260443619 0 0.04444924306796565 0.008050448266591806 0.04444924306796565 0.008050448266591806 0.0977114008755795 0.00906592411910528
0.3566140002827173 -0.028477244667210962 -0.06330565141920202 0.1472601744072961 0.011852707745652447 1697471245.7216241 0.00407044519564714 0 -0.05386258478992497 0.00763322379470759 -0.05386258478992497 0.00763322379470759 0.0917865165486809 0.00990557873652409
0.38016447734512937 -0.029943221521754063 -0.061197543486932196 0.13842692492198905 0.014014336944881405 1697471245.838506 0.00420688576662914 0 -0.051258496492002086 0.0074881845467308595 -0.051258496492002086 0.0074881845467308595 0.0859430479486143 0.0107592317748482
0.40204351476322786 -0.03128938035744828 -0.062023904317413975 0.1288827829526062 0.019638972920635836 1697471245.9703786 0.00384047677057731 0 0.020023938644751202 0.006437932172112629 0.020023938644751202 0.006437932172112629 0.0885261360337944 0.0115897250250531
0.423897576409153 -0.03259745479726843 -0.05917064175022892 0.13196276053087197 0.016449313040756083 1697471246.1234686 0.00363508439520854 0 0.02280233139330254 0.01244551076126206 0.02280233139330254 0.01244551076126206 0.0919008810799960 0.0134316606177159
0.4417651817156587 -0.03362382514789268 -0.05682382835923365 0.1373430992279538 0.018808178867918617 1697471246.330363 0.00348792844777224 0 -0.018759101422660227 0.005506186243031843 -0.018759101422660227 0.005506186243031843 0.0881865789983032 0.0145218854938380
0.4596705717921754 -0.034606607930661615 -0.05422843990864119 0.1320533369110868 0.020239465013848195 1697471246.474228 0.00352468502431597 0 -0.03275076485184536 0.004963208917151034 -0.03275076485184536 0.004963208917151034 0.0835687211541905 0.0152216979511567
0.4766850965431337 -0.03549474235275915 -0.05145380921092389 0.12538834157693507 0.020879881432142387 1697471246.5817416 0.00317733261743047 0 0.013691847043841732 0.0031933488660559383 0.013691847043841732 0.0031933488660559383 0.0850337487878812 0.0155633862798246
0.48935826895329554 -0.03612662529742364 -0.049344839634365145 0.1277866664014471 0.021351970273786287 1697471246.718714 0.00284928884182606 0 0.017175214786722827 0.00326384250072887 0.017175214786722827 0.00326384250072887 0.0873352275693023 0.0160007411749223
0.5023542993607262 -0.03674852327461907 -0.04717702401636457 0.13147570056978983 0.022201484146264848 1697471246.8175766 0.00283321460472896 0 -0.021129684346198493 0.0028469546252443056 -0.021129684346198493 0.0028469546252443056 0.0852645185033758 0.0162797427281961
0.5153010467600683 -0.03734120085583742 -0.04490713862488271 0.12863935363807757 0.02307896933825486 1697471246.9149907 0.00279820315434343 0 -0.029753490327947205 0.0024679084994046344 -0.029753490327947205 0.0024679084994046344 0.0823784299415723 0.0165191298526377
0.5278824007687236 -0.03789065874809181 -0.042571409797508085 0.12443610480909065 0.023466015604385083 1697471247.0142565 0.00260143513926892 0 0.00515148099582609 0.001973757989766835 0.00515148099582609 0.001973757989766835 0.0828832750791630 0.0167125581356348
0.5403512839640192 -0.03840494493383897 -0.0402322885201721 0.12482259581163868 0.023127137572430543 1697471247.1173878 0.00238564085542725 0 0.013386108521797248 0.001694475606405228 0.013386108521797248 0.001694475606405228 0.0842486581483906 0.0168853946474887
0.5485696809399392 -0.03873558749190375 -0.03918845894688866 0.12445809635711735 -0.004724280364281694 1697471247.219713 0.00228785699029044 0 -0.009305861643802467 0.0014281773639966792 -0.009305861643802467 0.0014281773639966792 0.0832994602607240 0.0170310687386161
0.5651977086428757 -0.03936486980853925 -0.03720563110179472 0.1239099881242069 0.024544995399279117 1697471247.3156517 0.00215786286526348 0 -0.005330613519593501 0.004460108678450248 -0.005330613519593501 0.004460108678450248 0.0827877213628430 0.0174592391717474
0.5733476505375212 -0.039655212345402376 -0.03556450019889734 0.12319389751078429 0.025444922378741013 1697471247.4165957 0.00207354361467754 0 -0.004214452897548652 0.002618503763945565 -0.004214452897548652 0.002618503763945565 0.0823662760730885 0.0177210895481417
0.5856506354835581 -0.04006680828848211 -0.033002964031677205 0.12276341345255005 0.025920568237576814 1697471247.5105302 0.00196162852921367 0 -0.0027469992208556727 0.002112471230170045 -0.0027469992208556727 0.002112471230170045 0.0821108051455494 0.0179175493725472
0.5979219319879704 -0.04044527950084679 -0.03042540160551838 0.12261300377970405 0.025926596461822025 1697471247.6089602 0.00179725734667907 0 -0.004207544816004645 -0.00017971793575622102 -0.004207544816004645 -0.00017971793575622102 0.0816942582087642 0.0178997572969073
0.6061390200716701 -0.04068105328811034 -0.028705680715575492 0.12275919239015552 0.02570132511522511 1697471247.7108848 0.00171399774100145 0 -0.005554453525621314 -0.0004468846971428554 -0.005554453525621314 -0.0004468846971428554 0.0811388128562026 0.0178550688271931
0.6223707861049823 -0.04110503174687037 -0.024456843528107175 0.12162592745037297 0.02518004636837002 1697471247.8033366 0.00159593261668223 0 -0.007165556466319685 0.0012059558297435463 -0.007165556466319685 0.0012059558297435463 0.0804724161048327 0.0179672227193596
0.6345024758279586 -0.04138724709866809 -0.0227941405705512 0.12075240310800854 0.02520554490850061 1697471247.9159677 0.00148102510419257 0 -0.0007081666991332631 -0.004298432238337247 -0.0007081666991332631 -0.004298432238337247 0.0803938096012290 0.0174900967409047
0.6586736568717287 -0.04186456036300445 -0.017830357429667713 0.12107758051818418 0.0249023066274777 1697471248.0335379 0.00132596810931046 0 -0.0016431915438913994 0.001756359034473653 -0.0016431915438913994 0.001756359034473653 0.0802015561905941 0.0176955907479376
0.6828923465785819 -0.0422299372976985 -0.011912693528206335 0.12110882047382719 0.02455844863056622 1697471248.2216775 0.00115821324804677 0 -0.0064321347925404525 -0.002164683744315347 -0.0064321347925404525 -0.002164683744315347 0.0790309076583502 0.0173016183064717
0.7067233688681681 -0.04247886483642153 -0.009617428337164304 0.11822191566619226 0.012850559745029293 1697471248.4356825 0.000932489602355702 1 -0.005629506284132343 -0.003161753244609063 -0.00406468266113185 -0.00532366074078413 0.0781854536648344 0.0161942968723882
0.7340652194294466 -0.04264314760753208 -0.004060743939050066 0.11637306052432943 0.02436421584951783 1697471248.6308002 0.000771600212916224 1 0.004543593472014631 3.2578198247410796e-05 0.00911816966878119 -0.00685378618505418 0.0799087877322327 0.0148989312834139
0.749815757278052 -0.04266974084098162 -0.001041494554058105 0.11928090898211564 0.02195189859330369 1697471248.8400195 0.000582428859066564 1 0.00060814894478688 -0.002820633484166046 0.00990569484597449 -0.0193411991764016 0.0818998323962738 0.0110113502489568
0.7618456221807481 -0.04265975727989623 0.0009562457933880807 0.12252686080493094 0.015902858708547993 1697471249.0121794 0.000498320861825774 1 -0.013399034183176148 -0.00152984702026439 -0.00175626780137552 -0.0257842398856433 0.0816082919412452 0.00673116642793569
0.7781332444586181 -0.04261743736266231 0.002649482363022373 0.12238607145892468 0.009365661089594236 1697471249.1174874 0.000553513408842521 1 -0.02186896801218225 -0.002081996658660655 -0.0171884183009838 -0.0124290322979711 0.0798206964379461 0.00543854706894901
0.7862568111362437 -0.04258921343609842 0.0032098095862154352 0.11983789343676286 0.007304367676298259 1697471249.218062 0.000595996857817971 0 -0.005489088999430359 -0.0016470297285854003 -0.005489088999430359 -0.0016470297285854003 0.0792717875380035 0.00527384409609062
0.8021587202686423 -0.042523201237574644 0.004146592731773587 0.11926101241483975 0.006854138987763295 1697471249.3151793 0.000580298502336152 0 0.008215991540156531 0.0016963577092936341 0.008215991540156531 0.0016963577092936341 0.0800687387174004 0.00543839079389245
0.81018902838834 -0.042484802095953865 0.0045998053660557415 0.12058699105072913 0.0070840239371039995 1697471249.4178913 0.000558371994715423 0 -0.0018026580607340918 0.00047481434962041774 -0.0018026580607340918 0.00047481434962041774 0.0798848675952058 0.00548682185755367
0.8182719968967617 -0.04244275099139861 0.005302710498642498 0.12051440845375763 0.0070259059930553765 1697471249.5113387 0.000537325683758583 0 -0.012579092425864156 0.0017711903427246752 -0.012579092425864156 0.0017711903427246752 0.0787401701844535 0.00564800017874142
0.8381816322752612 -0.04232534155875075 0.006185756296997768 0.11897743761466434 0.006320286744542457 1697471249.6144297 0.000520321280649882 0 -0.004911572812728868 0.001132774135353919 -0.004911572812728868 0.001132774135353919 0.0782244550391168 0.00576694146295361
0.8461271730352168 -0.04227552818505195 0.006600832539255427 0.11816045870434246 0.006805429512443566 1697471249.7143066 0.000492294015671912 0 0.0032737601779749435 0.0002679530384515688 0.0032737601779749435 0.0002679530384515688 0.0785485572967369 0.00579346881376036
0.861798706883278 -0.04216677476765214 0.007307891145669771 0.11711812615902444 0.0057572893293740025 1697471249.8114204 0.000467985967392254 0 0.00013100214434406607 0.0017724543437522393 0.00013100214434406607 0.0017724543437522393 0.0785612645047382 0.00596539688510388
0.8696276788686903 -0.04210060107853423 0.007941084180707518 0.11703298659818347 0.007529168201509606 1697471249.9165814 0.000453350446459666 0 0.0014044252315251124 0.0007961292910174944 0.0014044252315251124 0.0007961292910174944 0.0787087291540484 0.00604899046066074
0.88519789542024 -0.04196230686736671 0.009094503785508058 0.1172076407192784 0.00937624693905692 1697471250.01372 0.000407412472153340 0 -0.00307305808637837 0.0008962673392108956 -0.00307305808637837 0.0008962673392108956 0.0784137155777561 0.00613503212522498
0.8930410897780413 -0.04188444379406668 0.009743945499170412 0.11688224151958798 0.009967156360879137 1697471250.1164427 0.000343722174877797 0 -0.0044599680120627015 -0.0008436456931566663 -0.0044599680120627015 -0.0008436456931566663 0.0779587988405243 0.00604898026452274
0.904717602228678 -0.04175824719840943 0.010796578389035182 0.11638590131981795 0.011015850965493606 1697471250.2209716 0.000294255974383678 1 -0.0018916007612684448 0.0008386647785690792 -9.62053161921415e-5 -0.00587021322597405 0.0779486972823241 0.00543260787579536
0.9163641895053295 -0.041619369069752506 0.011940949586427687 0.11655380136134755 0.011422469710004692 1697471250.3226678 0.000222241056522438 1 -0.0007358209580688147 -0.0006967676085494431 0.00264478132134723 -0.0151399505959937 0.0782158201957792 0.00390347286560517
0.9319104426835885 -0.04141414477157721 0.013240844511648881 0.11726251656681207 0.008178756052299322 1697471250.427665 0.000204010690614514 1 -0.004084112418794751 -0.0010036501694215849 -0.000923205914099810 -0.0156183912676273 0.0781198067807126 0.00227916017376772
0.9436379890871609 -0.041249199256475626 0.01386705116240152 0.11734664944604396 0.005201567960974978 1697471250.531939 0.000203287825811610 1 -0.007038542925068453 -0.001786675592031251 -0.00599404267786064 -0.00736564115451560 0.0774964263422162 0.00151313349369947
0.9553232929711434 -0.04107977458602695 0.014282663566153646 0.11663845082259616 0.003532989577308918 1697471250.6335502 0.000226351677956788 0 -0.004089824125159617 0.00015141855237830928 -0.004089824125159617 0.00015141855237830928 0.0770833541055746 0.00152842676748969
0.966956323613744 -0.04090746817646315 0.01462421205604352 0.11623404620839319 0.0032421798864514175 1697471250.730488 0.000231530287786719 0 0.00033128295698174647 0.0006399906388632516 0.00033128295698174647 0.0006399906388632516 0.0771154885524019 0.00159050585945956
0.9747484258401016 -0.04079025216620105 0.014842210170521676 0.11642666678390967 0.0031356231094796542 1697471250.8284066 0.000223017644724571 0 -0.0010537342562212996 0.0008333620140431053 -0.0010537342562212996 0.0008333620140431053 0.0770122225952923 0.00167217533683575
0.9941976554547531 -0.04049335460702938 0.015274557662072185 0.11651631561977416 0.0011163915968403044 1697471250.9257507 0.000217542711814261 0 -0.004206222956475337 0.001359746767750272 -0.004206222956475337 0.001359746767750272 0.0766042189685152 0.00180407077330719
1.0173358951245808 -0.04013827646135552 0.015407467239208267 0.1142328094931849 0.0014999114041461563 1697471251.0898108 0.000236646651807781 0 -0.0035418566575596807 0.0009290144053120172 -0.0035418566575596807 0.0009290144053120172 0.0760446056166211 0.00195085504934640
1.0361422847968447 -0.039829804958922396 0.016540991829316152 0.1131320089898291 0.005690581456949363 1697471251.3069665 0.000109983958125504 1 0.007345438783390817 0.001000117692946088 0.00898480851222186 -0.0118747345088861 0.0778864913616301 -0.000483465524979800
1.0475451124700974 -0.03963433461358132 0.017019027256158923 0.11612691270516848 0.0017031485377466313 1697471251.4762826 0.000111238066741931 1 -0.002243447256556507 0.000194059923195199 -0.00145457463874639 -0.00697104011806581 0.0776464865462370 -0.00163368714446040
1.0591560372290492 -0.03943195887946737 0.017128976469050473 0.1160803944888538 -0.00023557345764891314 1697471251.5815566 0.000158422975369832 0 -0.017324902616102617 0.00017410570404712434 -0.017324902616102617 0.00017410570404712434 0.0758273717715459 -0.00161540604553545
1.07454286428271 -0.03916327308517174 0.017088478769500978 0.11356634558672758 -0.00047351885059153625 1697471251.6755223 0.000182771156213846 0 -0.002795364526980677 0.0008291913253956312 -0.002795364526980677 0.0008291913253956312 0.0755618121414833 -0.00153663286962303
1.0972235191176345 -0.03876859201385157 0.016995386143836527 0.11353326682257849 -0.0005077601056461658 1697471251.7997377 0.000185883573988771 0 0.008436538190885174 0.001670268469278615 0.008436538190885174 0.001670268469278615 0.0765995063389625 -0.00133118984790169
1.1162952541998148 -0.038438518708590795 0.016915848259660693 0.11543402445581114 -0.0009223016934867463 1697471251.9889958 0.000191827265210331 0 -0.0016772313460213862 0.0015254915579677897 -0.0016772313460213862 0.0015254915579677897 0.0762892185399487 -0.00104897390967773
1.127817287320565 -0.038240704202156015 0.016826463864722578 0.11518907034650103 -0.001065410009899778 1697471252.1546178 0.000202467716519827 0 -0.008619986244153898 0.001527494762427184 -0.008619986244153898 0.001527494762427184 0.0749014007546394 -0.000803047252926862
1.1392125906528217 -0.03804708493049 0.01670088851099748 0.11330665467339004 -0.0014556639656778008 1697471252.2590451 0.000208091987403181 0 -0.0014168711861805843 0.0016759804569807812 -0.0014168711861805843 0.0016759804569807812 0.0747540461512769 -0.000628745285401172
1.1505324156849217 -0.0378580540602518 0.01651282334070593 0.11316559348788285 -0.00282048059099737 1697471252.3612356 0.000215696836547541 0 0.0076655621341410185 0.0017790138648294792 0.0076655621341410185 0.0017790138648294792 0.0755282679268260 -0.000449064885053194
1.1581435881301023 -0.037734217294949184 0.016338628483196293 0.11426602770208495 -0.0017487348241341854 1697471252.4605687 0.000240200826289755 0 -0.0008630968178840101 0.0019760406947156276 -0.0008630968178840101 0.0019760406947156276 0.0754436844386734 -0.000255412896971149
1.1657844985542951 -0.0376129549516414 0.01619734371738852 0.11410356489666419 0.0008046884264692619 1697471252.5552769 0.000235685766794863 0 -0.007924772873143256 0.0021614380938645024 -0.007924772873143256 0.0021614380938645024 0.0746908310157228 -5.00762780534704e-5
