-0.041756343529402884 -1.7305558584468557 2.157844998083749 -0.13039998937252573 0.1144756133689062 1697471193.2812526 0.480672619944289 1 27.55500000065029 0.0 0.123934560047694 0.277137548798803 0.15 0.000554275097584499
0.04711700233237547 0.006119740509579441 0.2114845550870451 0.22585218983802677 0.0008584471968634837 1697471193.8917713 0.00128927830846337 0 0.22941271610375064 -0.6213186351264183 0.22941271610375064 -0.6213186351264183 0.15 -0.370372950073016
0.0697038851274308 0.010843802051849271 0.1937234552003129 0.2315997322169808 -0.6203326245476772 1697471194.2656913 0.000812774077500356 0 -0.5459427787693771 0.6797983091500882 -0.5459427787693771 0.6797983091500882 -0.04926911425070349 -0.122246567233382
0.0902872537827688 0.014148562339802117 0.13004006501919183 0.06896557635470675 -0.37327774469621 1697471194.376382 -0.00257086738824464 1 -0.08765754077650718 0.018620391125260392 -2.78877677283291 0.566639601360957 -0.15 -0.0616161298877763
0.08826466653115589 0.01396318088242851 0.09281224062162058 -0.07653614993048784 -0.3732392342732633 1697471194.5109422 -0.000999556961208792 1 0.6460331959077908 0.12682881651491992 0.0355651251586486 0.104492626831744 -0.145376533729372 -0.0480320883996383
0.07242323074275298 0.012858052276982468 0.06518867468922136 -0.2005014144672776 -0.07116187252664806 1697471194.6202521 0.446115816076296 1 0.7861334382279552 0.09828753030305923 0.0793601547811486 0.0980936716833063 -0.137043717477350 -0.0377322528728893
0.052574653574322804 0.011620953739339843 0.06237436316784596 -0.19586319878899258 -0.04947398246439944 1697471194.7378278 1.16758826325471 1 0.6942301182641825 0.06890608199497422 0.213281491887711 0.0688188722005374 -0.112516345910310 -0.0298180825698425
0.028351442636062856 0.01039722540321039 0.0455640838180574 -0.17175322404550056 -0.04426077220209198 1697471194.8540547 1.15990728323165 0 0.13815344128493257 0.011565973904085175 0.13815344128493257 0.011565973904085175 -0.0964905467212594 -0.0284764295969688
0.011798288877317657 0.009801086196149753 0.028872194148666826 -0.16090595241367556 -0.04294996761611922 1697471194.9799128 1.03447502496898 0 0.036769504249335186 0.0341970459036912 0.036769504249335186 0.0341970459036912 -0.0920414367070864 -0.0243385870426190
-0.009366823849331948 0.009252454194884893 0.02488873589676384 -0.16112699906902597 -0.03760682267887124 1697471195.0955465 0.960163826950696 0 0.08523412605958088 0.04546334851482411 0.08523412605958088 0.04546334851482411 -0.0828361510926368 -0.0194285454030100
-0.03010162338990956 0.008788466955061861 0.01755695374270662 -0.1215799912391589 -0.018498127121380704 1697471195.225965 1.19674154688618 0 0.13642026951649208 0.007511218998725614 0.13642026951649208 0.007511218998725614 -0.0652379363250222 -0.0184595981521751
-0.0414714736448084 0.008594885825773248 0.014960445025982639 -0.09765095180852962 -0.027504837559873603 1697471195.3399916 0.735533718083189 0 -0.05919676468983173 0.018647736254225306 -0.05919676468983173 0.018647736254225306 -0.0719271707349630 -0.0163524039554509
-0.05525728770195355 0.008408151821187482 0.011569659975828461 -0.1082572070905528 -0.023094779904216583 1697471195.452856 0.596181136212733 0 -0.0030005929823967853 0.005570212415994707 -0.0030005929823967853 0.005570212415994707 -0.0722632371489917 -0.0157285401648590
-0.06971549991742125 0.008253076804768764 0.008641488282571868 -0.10889567571022866 -0.020561820911061228 1697471195.5846748 0.660319329182763 1 0.15055928824062886 0.006760453214607706 0.112119434805109 0.00674370388235739 -0.0579119494939203 -0.0148653460679162
-0.07651597484694328 0.008180236582433881 0.003326190371669719 -0.08700841256620172 -0.17924474566525736 1697471195.700883 0.667274765137731 0 0.112298144192951 0.006879904953908637 0.112298144192951 0.006879904953908637 -0.0453345573443008 -0.0140947967130779
-0.08920084173099797 0.00817298237589842 -7.863772207904926e-05 -0.06760498735737931 -0.005300173245313007 1697471195.8119435 0.560385117711870 0 -0.0018960833684692618 0.013858787365784928 -0.0018960833684692618 0.013858787365784928 -0.0455412304314638 -0.0125841888902084
-0.09599837594258805 0.008170712815811781 -0.0008240987650433817 -0.06822148205683982 -0.004206312647201314 1697471195.9450302 0.418574330848351 0 0.01300786395681977 0.007278779113127445 0.01300786395681977 0.007278779113127445 -0.0438762238449888 -0.0116525051637269
-0.10488212178642005 0.00818505777312659 -0.0016408722035465672 -0.06478027048585375 -0.01419169852796174 1697471196.0693867 0.421665081464806 1 0.09167946894284106 0.001209618691458134 0.0698246359662824 0.00119896602460373 -0.0354972675290425 -0.0115086292407746
-0.10877552692007925 0.008192297042684728 -0.0031138336752106303 -0.05190086515734008 -0.019236816854872232 1697471196.1855083 0.400928914556181 1 0.07188918222044986 0.0015681505295062294 0.0660877282809848 0.00156523500664258 -0.0281615296898614 -0.0113348881550375
-0.11505483300162171 0.00821154631024626 -0.005359942749744614 -0.041057086912704384 -0.01752456856890454 1697471196.3080976 0.322288399307465 0 0.02543575443851795 0.003295353888266155 0.02543575443851795 0.003295353888266155 -0.0252109821749937 -0.0109526271039987
-0.12023273161477352 0.00823815546893706 -0.007087401528759389 -0.03667475278447838 -0.01712290659079639 1697471196.4195855 0.255753239951206 0 0.025786441416704033 0.005819039343975135 0.025786441416704033 0.005819039343975135 -0.0224002600605749 -0.0103183518155058
-0.12498599287705403 0.008274441676355613 -0.009362147098656778 -0.03255381161000845 -0.016090222969072747 1697471196.5750742 0.228951796170762 1 0.058431477996906026 0.003312477372088144 0.0372112243810537 0.00330085508628563 -0.0169302100765625 -0.00983312611782204
-0.12854918753237615 0.008309393478944953 -0.012031578427975304 -0.024380335858184006 -0.01609057365821269 1697471196.6941469 0.203279965790907 1 0.053962026920697445 0.005646505775998698 0.0329593704135853 0.00563476025737363 -0.0130080449973411 -0.00916258964719378
-0.13141571549778683 0.008343744058560093 -0.013566252890831972 -0.018538456810333226 -0.015164654821403504 1697471196.8400812 0.152663664126524 1 0.03841032373258382 0.005759563818940237 0.0246622856561994 0.00575156344795059 -0.00950600043415390 -0.00834586763758319
-0.13249376264021337 0.008358521342739155 -0.014535610472999288 -0.013335339701391731 -0.013667219098150565 1697471196.9503148 0.116348098231816 1 0.03747161809390562 0.0044900746158484375 0.0187457629850512 0.00447877283485082 -0.00746271226878475 -0.00785768139858479
-0.13451302209403496 0.008389288153062799 -0.016814243083988215 -0.010280414554226394 -0.013417315253790018 1697471197.0740688 0.0838390653273343 1 0.039988015230086674 0.0028022400009809754 0.0134815859289858 0.00278540085312710 -0.00584492195730792 -0.00752343329620984
-0.13512888989875202 0.008399818781034378 -0.01769125288717248 -0.007876529238480796 -0.012814275845145705 1697471197.1959195 0.0649135049691616 1 0.047411352497246 0.006210572104707664 0.0104219259125045 0.00618587865715679 -0.00459429084780852 -0.00678112785735170
-0.13632560779706654 0.008422070154614108 -0.01977099072990175 -0.006017278338648431 -0.011916596587636568 1697471197.3154593 0.0498722705473822 1 0.04882660440107246 0.005069996416647851 0.00799964024281215 0.00504118713827120 -0.00364233365891274 -0.00618122658789671
-0.13668051011137716 0.00842943327846102 -0.020519485980418594 -0.004607278705867596 -0.010951741857639963 1697471197.4349601 0.0383044990637544 1 0.04993539076921885 0.003967552841938767 0.00613999691002873 0.00393474613644767 -0.00293623401426077 -0.00572873078220609
-0.1372663137892685 0.008442373072198132 -0.02196070400077034 -0.0035604995605056067 -0.01033342006752337 1697471197.5457664 0.0294763479233376 1 0.050714856022180434 0.0029679465731598234 0.00472326265720031 0.00293116337733950 -0.00243084490994048 -0.00541509630083085
-0.1375999122170006 0.008450432217359746 -0.022970384132547556 -0.0028105141128529185 -0.009892849984345638 1697471197.6606221 0.0229350178883037 1 0.05218170496307982 0.005674310457852424 0.00367170047943000 0.00563254404714073 -0.00201227105528534 -0.00477298627945662
-0.13802941521256837 0.008461794929943109 -0.02453686209934399 -0.0021955221218059877 -0.008967599537833746 1697471197.788858 0.0182674122734578 1 0.0533377602360432 0.002719327671397183 0.00292620044803074 0.00267231402189784 -0.00165527460062471 -0.00444696396878429
-0.1382738028604509 0.008469185573017233 -0.025673316347720156 -0.001668170148804728 -0.008482861918213166 1697471197.9083261 0.0144213802777097 1 0.05346959015898705 0.005195052208756798 0.00230767656613719 0.00514340781716175 -0.00138527644238727 -0.00384518525417773
-0.1384163924580005 0.008474011199734203 -0.026449044656361415 -0.0012730487570115328 -0.0075697192990921555 1697471198.045885 0.0111376850156493 1 0.05389529105601492 0.0037898426850646724 0.00178364724355391 0.00373105573166620 -0.00114270041726400 -0.00333776167467125
-0.13859513454215672 0.008480983071264363 -0.027610730314890173 -0.0009183555533127305 -0.006803637897458464 1697471198.174993 0.00866886364918467 1 0.05410504611574573 0.00315425149793349 0.00138950274547763 0.00308827057656958 -0.000963454563096884 -0.00293937477029266
-0.13864950757581562 0.00848346504469183 -0.028038913462288925 -0.0006562786888390286 -0.006178071297876872 1697471198.3006284 0.00645370347486489 1 0.05404040496186112 0.004224471148703768 0.00103410815642122 0.00414785635797981 -0.000834191043544233 -0.00242089272554518
-0.13872638625881004 0.008487764812668119 -0.02897770469496684 -0.0004688974112567655 -0.005407113922192575 1697471198.415924 0.00482084079576711 1 0.05415815334230086 0.002628582602980484 0.000776264349328239 0.00253790482006169 -0.000747249436419761 -0.00213664738569923
-0.13877059740453723 0.008490775401197914 -0.029478900630920193 -0.00034248116625388246 -0.004973885737576107 1697471198.5415232 0.00366239571427152 1 0.05446014590570228 0.0038765331485748605 0.000589517515327549 0.00376954027685103 -0.000675917817065071 -0.00168053301219989
-0.13881983362949854 0.008495383072127844 -0.030057050369589194 -0.00024127405389695437 -0.0042732531021171865 1697471198.663947 0.00288465877298894 1 0.054635578528029694 0.0028694813425429676 0.000468465196916797 0.00274371553201325 -0.000620638923828918 -0.00135677457942250
-0.13883429771484604 0.008497165945273461 -0.030319857968609355 -0.00016246585792106287 -0.0037691089990317737 1697471198.7820168 0.00226302453423130 1 0.05468060610365842 0.0031470851922591452 0.000369500654762434 0.00299994375838139 -0.000578146348531151 -0.00101178104720793
-0.1388573115547683 0.008501422693265747 -0.030876396706999595 -0.00010260227719018521 -0.0032420280852035223 1697471198.9015 0.00178628322457102 1 0.05474444576666965 0.002339094119286195 0.000297451959834251 0.00216467131254316 -0.000543344469230623 -0.000758514503640956
-0.13886748461783854 0.008504764475324627 -0.031256235784561236 -4.9624714701933335e-05 -0.002826830061700753 1697471199.0347779 0.00142888172299804 1 0.0548245451509782 0.0029685645580461583 0.000240002506378255 0.00276330975871651 -0.000511664138388678 -0.000393757615490205
-0.13886924767237613 0.008507188420087498 -0.03148154218075138 2.0149328655235242e-05 -0.002090180579389 1697471199.155954 0.00112321881846739 1 0.0547964607949016 0.002717282776503201 0.000194992766857201 0.00246887881400234 -0.000489044977433246 -0.000107367673065970
-0.1388680983687455 0.008508782758860928 -0.031599469581051004 3.4057227995089696e-05 -0.0016923341329391256 1697471199.274574 0.000743667888412083 1 0.054689175148787975 0.002338075587890416 0.000143450463367785 0.00198871675271220 -0.000472404723682585 0.000123323470248615
-0.1388643977016154 0.008512096369471674 -0.031841251832650255 2.848723757046773e-05 -0.0014256043511806883 1697471199.3927815 0.000666030365233560 1 0.054923535918738255 0.0020694799339775753 0.000134244886933067 0.00168973892243467 -0.000456698071911391 0.000321022924173792
-0.13886173138526783 0.008514661642234153 -0.03191844745285187 2.302213107363925e-05 -0.0011854626992513152 1697471199.504964 0.000683649287114370 1 0.055011074519508436 0.0024374366202029474 0.000132093219975482 0.00207529943403531 -0.000442167817714071 0.000549305861917940
-0.13885852437317 0.008519148080587534 -0.032062054180545266 1.6921376875683496e-05 -0.0009172045089778042 1697471199.613181 0.000701433110728649 1 0.05501426773869359 0.0020096940478132952 0.000135634658349065 0.00166351984994571 -0.000427790543929102 0.000725638966011798
-0.13885754190380728 0.00852100233351697 -0.032106248717692715 1.2114513684564604e-05 -0.0007050642635005821 1697471199.7370212 0.000723977570163873 1 0.05501633912537495 0.0021458323734317684 0.000136018164148238 0.00181833627591188 -0.000411060309738862 0.000949294327949045
-0.13885633840711953 0.008524771298516103 -0.03216089648125554 5.589021118058661e-06 -0.0004150492920994879 1697471199.8451622 0.000740923537068981 1 0.05501661662613468 0.0019303485152343675 0.000138376119127079 0.00161580840462711 -0.000396392441111361 0.00112057001883988
-0.1388561291795552 0.008527640473494687 -0.03217117475457601 1.8181248696022268e-08 -0.00016631975064089683 1697471199.9630878 0.000767271956551891 1 0.055024599274208934 0.0019581956825178697 0.000140156989098146 0.00166224571105899 -0.000379293288441409 0.00132336399558881
-0.13885676603560196 0.008532568017472817 -0.032145604429812874 -8.466073639212583e-06 0.00022629717551728986 1697471200.0874076 0.000790063879853899 1 0.05502422971848782 0.0018146780302368266 0.000142799961617403 0.00153349086217727 -0.000363299692740248 0.00149511497215279
-0.13885720407089996 0.00853466680324832 -0.032127650082487226 -8.515258970386253e-06 0.00023156127651284759 1697471200.2146125 0.000823570999488531 1 0.05503988116660088 0.0017349561784780743 0.000146196221360730 0.00147378232111631 -0.000345902342398367 0.00167049506836517
-0.13885826293175535 0.00853978513217918 -0.032083934231611266 -4.656971293057962e-06 0.00023259861280047002 1697471200.3295166 0.000823538169053646 1 0.0550044733546219 0.0017582131654691028 0.000146067709403577 0.00149728371598401 -0.000329250623526355 0.00184118541198740
-0.13885828547131462 0.008541940890337224 -0.03205708165192851 1.5007957708494607e-05 0.0002479592115675788 1697471200.4660296 0.000813757148386882 1 0.05498771375959602 0.0016953673903406395 0.000145014912068427 0.00143162673991507 -0.000310108655133313 0.00203016014165628
-0.13885566340328917 0.008547169097731634 -0.032021719281013855 3.708052616612605e-05 0.00024622545874353034 1697471200.5775793 0.000699963065869304 1 0.05490310998022974 0.0017223522878779107 0.000129661488453857 0.00141881342293135 -0.000295845891403373 0.00218622961817891
-0.1388526528542139 0.008550316504408993 -0.031986797542551716 5.3352184900209754e-05 0.0002499175133566867 1697471200.7221634 0.000591745129333623 1 0.05490148666279506 0.0017149779518141597 0.000116666096425098 0.00135667879803100 -0.000279745970096718 0.00237345129230707
-0.13884411127630447 0.008555493559064365 -0.03195165591319976 6.92026855172734e-05 0.0002577052806410605 1697471200.8632839 0.000517567930203274 1 0.054907178953346285 0.0017024260406576291 0.000109115207817471 0.00129181392589789 -0.000266324799535164 0.00253234440519258
-0.13883544665541514 0.00855967760164969 -0.031916405038880276 8.084273479408144e-05 0.0002689159842575497 1697471201.013821 0.000451830143304242 1 0.05490796930717952 0.0017091923145466433 0.000103780640601035 0.00123602580855929 -0.000252003071132230 0.00270291596677366
-0.13883311275999297 0.008560678539162208 -0.031907965996001375 8.05881609084775e-05 0.00026972947679681337 1697471201.1723855 0.000407989336091531 1 0.05491770795175115 0.0017063613197538898 0.000101485808250180 0.00117870811930808 -0.000237896543785442 0.00286675639535763
