0.21313145104884865 -0.08993647490555406 0.07078913048619606 -0.0013359922309143632 -0.005067414063297484 1697469019.0239706 0.00746202001032244 1 6.930000000162572 0.0 0.133802814251349 0 0.15 0
0.23714571346172414 -0.08554098525305098 0.21413790225859927 0.2183696365686361 0.07155205590287754 1697469019.5104678 -0.00613721400285095 1 0.05704530769371905 0.020127444400453547 -14.2453167350806 0.0201274444004535 -0.15 0.00976181053422253
0.2581622765014671 -0.08090541060575099 0.22127654739079736 0.187256319768522 0.1599150355791352 1697469019.7915213 -0.00828040322128931 1 -0.44792250430502295 -0.16889416696930334 -22.5169124771152 -0.168894166969303 -0.15 -0.0373596620502125
0.27353931067690296 -0.0766171703541641 0.3391609154912649 0.07716961259282212 1.4402302287328157 1697469019.8965156 -0.00666227588404280 1 0.11539816090855776 -0.046902892796586416 -18.5448022030288 -0.0469028927965864 -0.15 -0.0420968542226623
0.27557881376498483 -0.07554171227179263 0.5391101443254005 -0.019113379104033636 2.178915335261935 1697469020.034456 0.00231662583425785 0 0.4431078571748547 -0.3054850202033244 0.4431078571748547 -0.3054850202033244 -0.0928390864243849 -0.0815044218289318
0.2721838041604132 -0.07783284389222428 0.6773747784623776 -0.09251210240166477 1.6945110221400892 1697469020.142435 0.100068434336063 0 0.5230471262036316 -0.6111031347878338 0.5230471262036316 -0.6111031347878338 -0.037919138172994075 -0.145670250981665
0.266873181638541 -0.08239051222672253 0.7259102518310648 -0.13489021524849196 -0.06614210640016217 1697469020.2063947 0.547548039668301 0 0.6746835769649121 -0.6835571933312083 0.6746835769649121 -0.6835571933312083 0.005260610752659663 -0.189417911354761
0.26264600467731936 -0.08614191836217092 0.7193107730901848 -0.0646921014666475 -0.207138650210929 1697469020.273647 0.466387080646953 0 0.4386996811079966 -0.24559591816866413 0.4386996811079966 -0.24559591816866413 0.03465348938689863 -0.205872837872063
0.26191862936857174 -0.08678667785094268 0.7146925546079024 -0.020374084049345025 -0.2063472352322729 1697469020.339352 0.325585585784170 0 -0.45263943989579586 -0.00038115300876065406 -0.45263943989579586 -0.00038115300876065406 0.005231925793647195 -0.205897612817633
0.263315991386048 -0.08570065885831898 0.6939259435028009 0.0016100174703898933 -0.2170547006075604 1697469020.408017 0.102718142964355 0 -0.2606807331026299 -0.025978637266093698 -0.2606807331026299 -0.025978637266093698 -0.01249436405732737 -0.207664160151727
0.2635968003624969 -0.08549871065749977 0.6840720957014148 0.00986759723866975 -0.2967036758955887 1697469020.4751742 0.000592508953238917 0 -0.10745281402740246 0.03842308097697307 -0.10745281402740246 0.03842308097697307 -0.01980115541118898 -0.205051390645293
0.2625681650044266 -0.08637020394859364 0.6666186240669464 -0.01884989538431067 -0.2998878547428623 1697469020.544821 0.138119936364540 0 -0.009771333172122067 -0.005272654030542438 -0.009771333172122067 -0.005272654030542438 -0.020475377400065012 -0.205415203773400
0.26106973226124636 -0.08758304026246748 0.6468019232174407 -0.027355850845015725 -0.2940615862286494 1697469020.6093829 0.0963162026585725 0 0.2887803588089155 0.040635589644576066 0.2887803588089155 0.040635589644576066 -0.0019934344362718334 -0.202814526036144
0.2595708236595736 -0.0887477542366301 0.627019618957752 -0.028376190251619294 -0.2955126757086638 1697469020.6731038 0.140617356854887 0 0.13727434042805503 0.058364119744858584 0.13727434042805503 0.058364119744858584 0.0065175746702848085 -0.199195950611956
0.2597555738860732 -0.08866889113916836 0.6105649510794605 0.011970406299390364 -0.2851569045807168 1697469020.7352421 0.146703013633897 0 0.07728602692426677 0.05800707859288073 0.07728602692426677 0.05800707859288073 0.011386594366503914 -0.195541504660611
0.26010318408078736 -0.08845528331565188 0.6008573459328035 0.011996020777620487 -0.2857251308443132 1697469020.800572 0.00304666139476312 0 -0.2613436381572012 0.03455521578571692 -0.2613436381572012 0.03455521578571692 -0.005600742113728425 -0.193295415634538
0.2606718945675119 -0.08813622943269862 0.5739153485882924 -0.023005081073947335 -0.2502602558682676 1697469020.8620923 0.00290903248176610 0 0.04879542123836579 0.005603800313593539 0.04879542123836579 0.005603800313593539 -0.0025754259969547164 -0.192947980015096
0.2603416240830974 -0.08839847842938678 0.5555726224105716 -0.0015439327483287772 -0.2795586279775326 1697469020.93011 0.0423476785703132 0 0.331662403048727 0.0827638052466807 0.331662403048727 0.0827638052466807 0.019314292604271522 -0.187485568868812
0.2603031129128674 -0.08844663716973265 0.546137949739552 -0.0017008889813761334 -0.2777923701690603 1697469020.9974759 0.00811233961450484 0 -0.10438585695132997 0.04681061071291764 -0.10438585695132997 0.04681061071291764 0.012320440188531654 -0.184349257951046
0.26245517352612385 -0.08724942748979059 0.5193814431124568 0.020606289330871705 -0.266038763494739 1697469021.0652494 0.00895491707565755 0 0.05698780849827828 0.005396466067179334 0.05698780849827828 0.005396466067179334 0.016252598974910576 -0.183976901792411
0.26381201983573177 -0.08653424476060749 0.5018372504555223 0.02640221807882144 -0.26671858253102115 1697469021.1320224 0.00310819815060772 0 -0.12429691975814332 0.08181186609345564 -0.12429691975814332 0.08181186609345564 0.008049002270869273 -0.178577318630241
0.26505945388855373 -0.08590838455345824 0.4841858078050151 0.013763064242669754 -0.25925565835212094 1697469021.1951153 0.00352097896642064 0 -0.004942469909878483 0.04860307663615016 -0.004942469909878483 0.04860307663615016 0.007742569136456186 -0.175563927878793
0.26548411519198356 -0.08570754465150116 0.47564197469806047 0.014250676885292916 -0.25903382540075537 1697469021.2663498 0.00160425164523157 0 0.13712659348547662 0.04055034178122928 0.13712659348547662 0.04055034178122928 0.017478557273913054 -0.172684853612329
0.26713161192798 -0.08495245432950164 0.45030289939866835 0.0282173521931302 -0.25136724945013994 1697469021.334036 0.00154921540702417 0 0.04423576123927064 0.006809951429468646 0.04423576123927064 0.006809951429468646 0.02044235327694451 -0.172228586866555
0.2689783322948736 -0.08412059654385946 0.43346209260216295 0.03272483011692391 -0.25153419272044264 1697469021.4040253 0.00224421764229639 0 -0.05887064258120783 0.07653719259576569 -0.05887064258120783 0.07653719259576569 0.01632140829626371 -0.166870983384856
0.26996782081842563 -0.08368767571968089 0.42515790946563736 0.03275081546179929 -0.2518755022199553 1697469021.469757 0.00238185669637496 0 0.0028639506257727293 0.048610204812984725 0.0028639506257727293 0.048610204812984725 0.016501837185687686 -0.163808540481633
0.27244161297179414 -0.08266186354041252 0.4008264606143125 0.026820241699670483 -0.24035561298521094 1697469021.5363717 0.00158837877324002 0 0.038433523556781306 0.007937168746463403 0.038433523556781306 0.007937168746463403 0.019115316787548187 -0.163268813006874
0.2742244780081921 -0.081961731624332 0.3847450678143649 0.030793620647194892 -0.24016392806798673 1697469021.6062706 0.00129275135202603 0 0.08456505133952891 0.07613630766193241 0.08456505133952891 0.07613630766193241 0.0249503053299723 -0.158015407778204
0.2764060515515164 -0.08113677455221703 0.3689296542769987 0.03953425636802864 -0.23280152684889452 1697469021.6766367 0.000982967667878339 0 0.011221911479773843 0.042099789816497465 0.011221911479773843 0.042099789816497465 0.025735839133555753 -0.155068422491051
0.27763053558447354 -0.08068659781564229 0.36124544826258614 0.03955773327739231 -0.23306694237890882 1697469021.7454543 0.00106310811166750 0 -0.029995752966348654 0.04442278472661416 -0.029995752966348654 0.04442278472661416 0.023726123684810176 -0.152092095914368
0.28266173306990655 -0.07894158250246151 0.33089149592930833 0.03776773005386327 -0.22530393120030878 1697469021.8188167 0.000719371390481787 0 0.03506033261223787 0.007793191291426915 0.03506033261223787 0.007793191291426915 0.026285527965506792 -0.151523192950093
0.28388329722364064 -0.0785446923153441 0.32322905175209354 0.037801499004731204 -0.2255663726203919 1697469021.886931 0.000189459868436416 0 0.04947436798447767 0.10782709565433599 0.04947436798447767 0.10782709565433599 0.029600310620467155 -0.144298777541252
0.2879953424162046 -0.07726957724515406 0.3011159987759509 0.04660061857737631 -0.2145089898935079 1697469021.9528456 4.06510021381187e-5 1 0.03584342511227131 0.013945805158524616 0.213805992788335 0.0139458051585246 0.0437115061445039 -0.143378354400789
0.2910093402148327 -0.0763975001671086 0.28423781436424356 0.04872563269890029 -0.30263937054286066 1697469022.021683 -0.000438981602205129 1 -0.032062045322385324 0.07279187356470859 -5.13207657170624 0.0727918735647086 -0.15 -0.138355715124827
0.29316549756565774 -0.07579305719897704 0.27677739135694424 0.06786412981551586 -0.2136830553029344 1697469022.0900567 -0.000806414396554139 1 0.015012079815810948 0.05425424450421973 -5.22840310486158 0.0542542445042197 -0.15 -0.134666426498541
0.29247741885532913 -0.07600761315678121 0.2485777944467935 -0.0945772343862412 -0.3048104142992819 1697469022.1574228 -0.00132091632355270 1 -0.1217566702556198 0.014998155222101886 -7.06987674973242 0.0149981552221019 -0.15 -0.133661550098660
0.27933982635385024 -0.07925940853474471 0.22860379354470078 -0.1920721863598982 -0.3051430572823962 1697469022.228801 0.511149486195844 0 1.2462418862209854 0.1105906222324328 1.2462418862209854 0.1105906222324328 -0.06151682607841884 -0.125809615920167
0.2724055904064789 -0.0808380550841983 0.22148920800719704 -0.2115143087578049 -0.201163994534265 1697469022.2985697 1.04434956406320 0 0.8679107400452466 0.08901011398628282 0.8679107400452466 0.08901011398628282 -0.0024988957553562785 -0.119756928169101
0.2636971871857645 -0.08269660545742318 0.20256215038676154 -0.10635706520143247 -0.30470970955285237 1697469022.3632517 0.819025822470842 0 0.31264873561236306 0.03095443923420351 0.31264873561236306 0.03095443923420351 0.01751062332385941 -0.117775844058109
0.26056342564973145 -0.08329951625671388 0.18375467763422312 -0.023445185185903192 -0.2460385323193758 1697469022.43368 0.582308532913240 0 -0.64294463565977 0.08101899875883305 -0.64294463565977 0.08101899875883305 -0.027495501172283558 -0.112104514144996
0.2597823103487053 -0.08350208862567138 0.16727173092602896 -0.023849630369134747 -0.16227834571275315 1697469022.4989982 -0.000258985108484110 1 -0.5710610998336612 0.08255248965882193 -0.602918073270403 0.0825524896588219 -0.0666851759348926 -0.106738602317168
0.25851679548026146 -0.08373346034018389 0.1619324161413145 -0.040165751003425045 -0.164937688219743 1697469022.5709262 0.130876341794986 0 0.06977302070028597 0.06460868134221454 0.06977302070028597 0.06460868134221454 -0.0617312914651784 -0.102151385941877
0.2526280429863877 -0.08467608027951924 0.15080566439371798 -0.09786680020371151 -0.15982923060518103 1697469022.637503 0.220531385425536 0 0.19684496978744784 0.01951564793634662 0.19684496978744784 0.01951564793634662 -0.0485426784894180 -0.100843837530141
0.2464082939140332 -0.08561338500381033 0.14062035101158402 -0.09796545684207074 -0.1495391992570843 1697469022.6986501 0.513814756650446 0 0.5847754767695248 0.05626531072174594 0.5847754767695248 0.05626531072174594 -0.0134561498831454 -0.0974679188868269
0.24172247882316106 -0.08627017657961436 0.12935111529029955 -0.07187945586154329 -0.14935963464373744 1697469022.7655475 0.371774449586475 0 -0.13866328161343328 0.07657208011300065 -0.13866328161343328 0.07657208011300065 -0.0227465897512465 -0.0923375895192553
0.23995695867973038 -0.08651809923187795 0.11797666121817972 -0.019324664456893674 -0.14458574853944905 1697469022.8358848 0.397160647334143 0 0.12293503477749082 0.020476456285016636 0.12293503477749082 0.020476456285016636 -0.0141411373168299 -0.0909042375793054
0.23777604146401699 -0.08678467380076575 0.10873562822715396 -0.03333370367112181 -0.13707119894224798 1697469022.8970406 0.194300841397577 0 -0.3661146464987419 0.055511142240943584 -0.3661146464987419 0.055511142240943584 -0.0364741307532246 -0.0875180579026122
0.23639506404541133 -0.08695021463117703 0.09985545755877324 -0.020485190884964005 -0.13509536657044505 1697469022.9598632 0.112929525022404 0 0.18464297453072037 0.04512627505592115 0.18464297453072037 0.04512627505592115 -0.0250262663322967 -0.0847202288491394
0.23303486645918983 -0.08728740142011587 0.0888914991213433 -0.05529097571066455 -0.13083235429824272 1697469023.0268862 0.113368783527682 0 -0.030641828334804472 0.04029450129653037 -0.030641828334804472 0.04029450129653037 -0.0270792688307288 -0.0820204972622716
0.2305699150337194 -0.08752088290545937 0.07845972526026426 -0.03698653100095528 -0.12545265093824645 1697469023.090282 0.185063212634495 0 0.3588818753614422 0.05460019071950921 0.3588818753614422 0.05460019071950921 -0.00446971068300303 -0.0785806852469494
0.22885779074255697 -0.08767894020051284 0.06785265703237198 0.0014224044363176328 -0.18448189947666999 1697469023.154625 0.222412949787789 0 -0.06951020879395126 0.05158209848207797 -0.06951020879395126 0.05158209848207797 -0.00891836404582135 -0.0752794309440924
0.22826214788463836 -0.087729130025752 0.06004037135514848 -0.012923245292547566 -0.1112034164927615 1697469023.2207026 -5.34717678987836e-5 0 -0.23668798583372633 0.0513456782381915 -0.23668798583372633 0.0513456782381915 -0.0245397711108546 -0.0718906161803701
0.2271105338966883 -0.08781457137355746 0.050167722729692804 -0.021949440391344718 -0.18461460562741253 1697469023.2883213 0.0716474193646715 0 0.16851871017510697 0.038198091750833336 0.16851871017510697 0.038198091750833336 -0.0132490175291212 -0.0693313440330640
0.22545827953876718 -0.08791721165788652 0.040177506557299784 -0.0044575448357040475 -0.17758265382867172 1697469023.3557258 0.121689537384227 0 0.13435498609561863 0.049070823542859694 0.13435498609561863 0.049070823542859694 -0.00438158844680623 -0.0660926696792338
0.22484713689932492 -0.08794470236097031 0.03657965499161383 -0.01987476094657052 -0.09938407152200392 1697469023.4196477 0.0247161798440905 0 -0.08853702387928611 0.05509186724096819 -0.08853702387928611 0.05509186724096819 -0.00969380987955856 -0.0627871576447787
0.22388200357902327 -0.08799796099730374 0.0265526921463494 -0.014133632978139597 -0.08995297567078742 1697469023.4864433 0.110205861889393 0 0.1799912320469032 0.021111454526206535 0.1799912320469032 0.021111454526206535 0.00236560266758526 -0.0613726901915227
0.22359558808578484 -0.08803250410138024 0.01695448007691191 0.013707887714708078 -0.1798291554936058 1697469023.5554686 0.0783561684812681 0 0.020464439906212835 0.04952338504036796 0.020464439906212835 0.04952338504036796 0.00377764902111313 -0.0579555766237393
0.22375975421590602 -0.08803291920249114 0.013776639836106611 0.003196718461877209 -0.09638949997350099 1697469023.6205928 -0.000325979769867428 1 -0.16936582426996055 0.051613766354392826 -1.33551857019295 0.0516137663543928 -0.0816955394713399 -0.0546522955770541
0.22326484994380094 -0.08805600097663803 0.004823009989376534 -0.036812154028810884 -0.21950935440928812 1697469023.6903317 -7.25145786050968e-5 1 0.12956953390556114 0.020516886403396675 -0.314924704518065 0.0205168864033967 -0.103425344083074 -0.0532366304152206
0.21726769903134963 -0.08807765595678049 0.0038684776655771923 -0.11568074923969027 0.06670517222514202 1697469023.7586677 0.203855184288331 0 0.367588962975418 0.04702990758016006 0.367588962975418 0.04702990758016006 -0.0784292946007514 -0.0500385966997704
0.21296773443674089 -0.08808652229311825 0.01051117016653607 -0.10231175370889808 -0.1834481074645046 1697469023.829246 0.641957679522772 0 0.7014119806711201 0.011875535015311044 0.7014119806711201 0.011875535015311044 -0.0314346918957813 -0.0492429358537445
0.20266039949262746 -0.08819805033487603 0.007511809611870413 -0.06195306460538461 -0.16697287806440356 1697469023.8956766 0.568900816929779 0 0.009279097645753853 -0.021629156445677915 0.009279097645753853 -0.021629156445677915 -0.0307944341582246 -0.0507353476484954
0.19900192329310346 -0.08822788597003695 0.0038515096993299944 -0.045827792598537254 -0.06082508623651022 1697469023.9632592 0.345702503851715 0 -0.21520771473842032 0.020945206559843638 -0.21520771473842032 0.020945206559843638 -0.0452133510457003 -0.0493320188089858
0.19529798721252717 -0.08825106154926834 -0.0019908121857792867 -0.0713835169435503 -0.17868189291583517 1697469024.0304358 0.255131560692578 0 -0.04242395449808682 0.024045805738973698 -0.04242395449808682 0.024045805738973698 -0.0480557559970725 -0.0477209498244743
0.19303373048537298 -0.08825293747753388 -0.004084260939418558 -0.06653907991807025 -0.0656719571846843 1697469024.095801 0.399121929280796 0 0.2935149675588526 0.03592084079076534 0.2935149675588526 0.03592084079076534 -0.0295643130408349 -0.0454579368546525
0.18627547149730544 -0.08821284874382965 -0.008606590964455506 -0.054969519585453964 -0.061800721540752654 1697469024.1618736 0.372282559169756 0 0.05156925946286475 0.017671507135463494 0.05156925946286475 0.017671507135463494 -0.0261607419162959 -0.0442916173837153
0.18065824321755292 -0.08816715212817575 -0.015325874593025559 -0.03703957364347738 -0.07269346905657315 1697469024.2269278 0.241760183758986 0 -0.00933714760884101 0.029829518104142 -0.00933714760884101 0.029829518104142 -0.0267489822156538 -0.0424123577431514
0.17940891591044533 -0.0881522750262965 -0.017419118859262884 -0.038667352837551176 -0.054676658349468804 1697469024.3715096 0.207980580551904 0 3.640181368066986e-05 0.02543738499025504 3.640181368066986e-05 0.02543738499025504 -0.0267445411943848 -0.0393089967743384
0.1741651308933925 -0.08804292315365206 -0.026701348457390445 -0.038749983690793514 -0.059727864695545994 1697469024.4366434 0.217182396645539 0 0.0866653369799773 0.018644696701245245 0.0866653369799773 0.018644696701245245 -0.0210246289537233 -0.0380784467920599
0.17052919023579322 -0.08795435939499008 -0.032268504100167336 -0.031127729301437874 -0.04776398352781771 1697469024.5719402 0.217891651321361 0 0.074690376781436 0.03084669957467468 0.074690376781436 0.03084669957467468 -0.0112401895953488 -0.0340375291477749
0.1668958911044734 -0.08784896205353554 -0.039213108036037087 -0.015757857551824975 -0.050703919510874766 1697469024.7034943 0.175176668218875 0 0.040316823423111575 0.02340176347848332 0.040316823423111575 0.02340176347848332 -0.00616026984403772 -0.0310889069494866
0.16584673821347817 -0.0878131536932327 -0.04269854951525223 -0.015652969297068102 -0.05212344311341356 1697469024.84453 0.0879345942645707 0 0.0071909876541860485 0.025826528574854755 0.0071909876541860485 0.025826528574854755 -0.00516791354775899 -0.0275248460061528
0.1647938288028585 -0.08777669603460436 -0.04883207779597214 -0.006614364274846256 -0.04264233429853379 1697469024.9400086 0.0449708977695448 0 0.018091363987233648 0.032119200345215856 0.018091363987233648 0.032119200345215856 -0.00344923396897541 -0.0244735219733637
0.16457360540302957 -0.08776915221638816 -0.050218461909964214 -0.006647035697868313 -0.042281920714795786 1697469025.019816 0.0372443964469785 0 0.04951144493770882 0.02319426535790685 0.04951144493770882 0.02319426535790685 0.000412658736175875 -0.0226643692754423
0.16432632028910613 -0.087761532536089 -0.053908464656524865 0.0014613927652310634 -0.03464692924627438 1697469025.082824 0.0374264317077644 0 0.058578763341294596 0.01825434210860831 0.058578763341294596 0.01825434210860831 0.00416169959000999 -0.0214960913804941
0.16459272766029803 -0.08777864031664093 -0.05618385654264347 0.007162107038761372 -0.03332607438946917 1697469025.152849 1.13182880273628e-5 0 -0.004487424376123372 0.028096143310596438 -0.004487424376123372 0.028096143310596438 0.00385206730805766 -0.0195574574920641
0.16482241002686898 -0.08779442174318922 -0.057231617183933645 0.007114478257040259 -0.03333908686244018 1697469025.2185295 6.43307032323936e-5 0 0.008231717135712996 0.022700933444724212 0.008231717135712996 0.022700933444724212 0.00439536063901497 -0.0180591958847116
0.165751740239202 -0.08785465780051605 -0.06106361840846186 0.007324340264151687 -0.02695309038011102 1697469025.2871451 6.58396363673021e-5 0 0.05689232734440584 0.02232915828458945 0.05689232734440584 0.02232915828458945 0.00803646958906139 -0.0166301297544961
0.16640115681950915 -0.0878950440121553 -0.06281165962624281 0.013279347880674176 -0.03014388815156494 1697469025.3965278 8.56040018094987e-5 0 0.04750285295844392 0.020671714873872492 0.04750285295844392 0.020671714873872492 0.0131192748556135 -0.0144182562629923
0.16683103353009954 -0.0879251214320662 -0.06361547675898933 0.012745676568926069 -0.02458446460376505 1697469025.4652913 0.000168299716920080 0 0.00457350534992812 0.020721176409674982 0.00457350534992812 0.020721176409674982 0.0134302732194085 -0.0130092162671348
0.16885193810287064 -0.08805654435908156 -0.06566803620505794 0.020799619007999943 -0.018721850135795762 1697469025.532896 0.000288218038394102 0 0.05260978344500006 0.016627487280790023 0.05260978344500006 0.016627487280790023 0.0169551287102239 -0.0118951746193217
0.1703583748409895 -0.08815646347090371 -0.06666821877658312 0.02680474596101223 -0.025273071720966885 1697469025.5981383 0.000297676219649758 0 -0.018321234809187667 0.023355243598538956 -0.018321234809187667 0.023355243598538956 0.0157825696824345 -0.0104004390290134
0.17125457056968804 -0.08821689217734942 -0.06795073217931921 0.02411461964772427 -0.013184256766470875 1697469025.6690369 0.000399229409803184 0 -0.0006919994102221605 0.01783544387531314 -0.0006919994102221605 0.01783544387531314 0.0157334377243088 -0.00913412251386773
0.17285982531319158 -0.08832785723039673 -0.06839927366357731 0.024133397419790325 -0.014190813298993568 1697469025.7394698 0.000377143861243034 0 0.062157878128212246 0.019304891801093464 0.062157878128212246 0.019304891801093464 0.0200844891932797 -0.00778278008779241
0.17447588691381832 -0.08843660637204744 -0.06929214418786481 0.02405020456350286 -0.012518023560030537 1697469025.8050928 0.000383940793753891 0 0.04279104544111959 0.015610214129915596 0.04279104544111959 0.015610214129915596 0.0229086981923949 -0.00675250595521750
0.1772843268500442 -0.08861174307161708 -0.06648237597974455 0.03293334093095471 0.009515746711484618 1697469025.8687065 0.000395323519928476 0 0.043656806376340895 0.018358995800565863 0.043656806376340895 0.018358995800565863 0.0255717633813582 -0.00563260721138025
0.18084144298170718 -0.08884968240517159 -0.06703920163971255 0.03944650820833419 -0.015659668845395675 1697469025.977914 0.000540615179985998 0 -0.017967913388057345 0.007252743712518638 -0.017967913388057345 0.007252743712518638 0.0236312287354490 -0.00484931089042862
0.18331696964668004 -0.08901118265768194 -0.06720875470521817 0.035128330533648444 0.0011042008403615246 1697469026.039954 0.000598098018645486 0 0.006923877901166289 0.01490677058092519 0.006923877901166289 0.01490677058092519 0.0240605091653206 -0.00392509111441277
0.18448168716820842 -0.08908875660207398 -0.06723833714634063 0.03522152763277605 0.0011698351991432444 1697469026.1074026 0.000536499750203068 0 0.06966104126067783 0.014818066041745633 0.06966104126067783 0.014818066041745633 0.0287277989297865 -0.00293228068961571
0.18827397394583803 -0.08934214394318964 -0.06697577183235612 0.04270500960984858 0.007151548528573118 1697469026.1726904 0.000548761461533785 0 0.03666113384667851 0.0138111352585418 0.03666113384667851 0.0138111352585418 0.0310741114959768 -0.00204836803306795
0.19125358640624987 -0.08953956591935174 -0.06665871227475281 0.04650206560359224 0.005424278997696529 1697469026.2337346 0.000647610272303882 0 -0.027692521010515635 0.013353504535004132 -0.027692521010515635 0.013353504535004132 0.0293848677143375 -0.00123380425643374
0.19278532830515424 -0.08963997746092844 -0.0664877176120104 0.04652178313973613 0.0054425489560519895 1697469026.3016548 0.000697427106248447 0 0.0038294378324350217 0.012825163292487387 0.0038294378324350217 0.012825163292487387 0.0296452694869430 -0.000361693152544813
0.1957308153813909 -0.0898321736760014 -0.06576265441504381 0.04436904168920066 0.00809690306476605 1697469026.364034 0.000693510757023130 0 0.03158009604187503 0.012967979789125735 0.03158009604187503 0.012967979789125735 0.0316032354415432 0.000442321594382611
0.20024779631828482 -0.09012390537024295 -0.06519375129035267 0.04731806854415711 0.00933740650019921 1697469026.4290679 0.000643609195030977 0 0.0501762973049079 0.011246570856295112 0.0501762973049079 0.011246570856295112 0.0347141658744424 0.00113960898747176
0.20180648979532373 -0.0902235014794319 -0.0649027844106776 0.04733151201843331 0.009054882215495687 1697469026.4978805 0.000672037075648493 0 0.009971205909383975 0.011669156504424105 0.009971205909383975 0.011669156504424105 0.0354021790821895 0.00194478078627656
0.20526950064563768 -0.0904435527053189 -0.06425664062988988 0.052012796101198994 0.009629921323544026 1697469026.5616567 0.000664716802627730 0 0.031227549750496186 0.012321554115947764 0.031227549750496186 0.012321554115947764 0.0373695147164739 0.00272103869558252
0.20875906717807727 -0.09066277549022994 -0.0635798637403115 0.05301746637896067 0.010147691368019485 1697469026.6345482 0.000712163047803648 0 -0.0035153152920779085 0.011469387159915074 -0.0035153152920779085 0.011469387159915074 0.0371164120154447 0.00354683457109513
0.21249194934813226 -0.09089481087584325 -0.06285981935710112 0.05593002261211845 0.010383499297035534 1697469026.7001839 0.000706390370200291 0 0.020880128342631765 0.011138038251258758 0.020880128342631765 0.011138038251258758 0.0384945004860591 0.00428194509567856
0.216204282705917 -0.09112285424277834 -0.06214713922280716 0.05544984685918692 0.009832400788254463 1697469026.7665734 0.000705872370992886 0 0.0049701687457861035 0.010968185495911135 0.0049701687457861035 0.010968185495911135 0.0388225316232811 0.00500584533840903
0.21998454911165974 -0.09135266096467184 -0.061532298437940655 0.057288259739648704 0.006509882431430857 1697469026.8311086 0.000695728026312200 0 0.031026449640179525 0.010879087780628826 0.031026449640179525 0.010879087780628826 0.0408082244002550 0.00570210695637013
0.22383153689941768 -0.09158638963471032 -0.06131131292312594 0.05710054403916502 -0.002577695758307479 1697469026.9007487 0.000699906686198793 0 0.013034037663053543 0.011440767757938878 0.013034037663053543 0.011440767757938878 0.0417075729990052 0.00649151993166745
0.22770521806217034 -0.09182878331159856 -0.06321381348829498 0.058354944081526514 -0.02581164918537952 1697469026.9677227 0.000728871008676274 0 0.02237443130212549 0.017852980589934377 0.02237443130212549 0.017852980589934377 0.0432066598962478 0.00768766963119318
0.2296815563862195 -0.09195708844380761 -0.06386153460873528 0.06144608046520589 -0.0016962102165112433 1697469027.031599 0.000770275338216996 0 0.021325128412786457 0.018637339653293433 0.021325128412786457 0.018637339653293433 0.0445501429862555 0.00886182202935257
0.23602752375395877 -0.09235439266180405 -0.0631263792473964 0.06435264638171752 0.007179841771624989 1697469027.0963962 0.000859688432606193 0 0.00012745676984566093 0.016952172540984498 0.00012745676984566093 0.016952172540984498 0.0445583002195256 0.00994676107197305
0.24045710892895225 -0.09262868710599342 -0.06253992534386636 0.06632015251046483 0.009138191831865431 1697469027.1575785 0.000848822128219529 0 -0.000616370904614777 0.011787432889635087 -0.000616370904614777 0.011787432889635087 0.0445200852234394 0.0106775819111319
0.24264215646531934 -0.09276307190655746 -0.062236025893489214 0.06634417483566743 0.009092929459732257 1697469027.2233505 0.000854131583894301 0 0.00670526121590187 0.011893193416967334 0.00670526121590187 0.011893193416967334 0.0449559272024719 0.0114506394832327
0.2492841257574069 -0.09316685463952243 -0.06116428850848619 0.0670498304254843 0.011534036958419074 1697469027.2923083 0.000843720605633418 0 0.021651277838029483 0.012506575729120692 0.021651277838029483 0.012506575729120692 0.0464282140954575 0.0123010866328127
0.25383881633130345 -0.09343936151642525 -0.06034799765690138 0.06932150214233547 0.012712207041507578 1697469027.3625011 0.000814243231589428 0 0.016434687717149097 0.010454563921524785 0.016434687717149097 0.010454563921524785 0.0475786422356606 0.0130329061073212
0.2561228736872309 -0.09357468218964983 -0.0599278576603908 0.06935301303737187 0.012663383289618106 1697469027.4267704 0.000811488497685625 0 0.0025918136408911788 0.010681761648619066 0.0025918136408911788 0.010681761648619066 0.0477445183086773 0.0137165388528312
0.2632253021031194 -0.09398921082328285 -0.05852356716397942 0.07141622005311976 0.014665204021361301 1697469027.4858112 0.000798459199282166 0 0.020051847834448473 0.011678460816467146 0.020051847834448473 0.011678460816467146 0.0489075254830751 0.0143938895801862
0.26805883827359706 -0.09426569710714935 -0.057512315378466246 0.07322506192781932 0.015603554232885907 1697469027.547571 0.000766221507813106 0 0.00265312371744246 0.008416062552593553 0.00265312371744246 0.008416062552593553 0.0490720191535569 0.0149156854584481
0.27047185181603056 -0.0944020423714373 -0.0569965654865326 0.07325886670667764 0.015570027133719789 1697469027.6110332 0.000746053304085700 0 0.004031581141620834 0.009581294842647378 0.004031581141620834 0.009581294842647378 0.0493260087654785 0.0155193070335336
0.27782642276004194 -0.0948101175582934 -0.05534415951539884 0.07398556608012008 0.01706492092886547 1697469027.6744108 0.000726245543454054 0 0.01810646681183085 0.011205282406771211 0.01810646681183085 0.011205282406771211 0.0504848226414371 0.0162364451075679
0.2828329023296645 -0.09508125566315474 -0.05417881208750831 0.07579671330878328 0.018004686753493895 1697469027.7416067 0.000668398699831925 0 0.012584087307385021 0.0074333335373598375 0.012584087307385021 0.0074333335373598375 0.0513279564910320 0.0167344784545710
0.2853311017887259 -0.09521450164241996 -0.05358430178304828 0.07583715332415454 0.017954626092442524 1697469027.8076909 0.000637955833546708 0 0.003169741586672376 0.008751358769475784 0.003169741586672376 0.008751358769475784 0.0515339896941659 0.0173033167745875
0.29048890122273674 -0.09548514007190949 -0.05234384843184059 0.07718629193715568 0.01857982290791363 1697469027.8743775 0.000614469808257463 0 0.016779632178435727 0.010712491819304823 0.016779632178435727 0.010712491819304823 0.0526582250501212 0.0180210537264810
0.2955982874622458 -0.0957470336437341 -0.05106633413839511 0.07758257534687113 0.019342327615354756 1697469027.9382293 0.000574961248796672 0 0.005866708617326225 0.00822274804390925 0.005866708617326225 0.00822274804390925 0.0530336944016292 0.0185473096012899
0.30090075459592464 -0.09601208806571129 -0.049712151682151755 0.07935925698578535 0.020404974875960078 1697469028.0006766 0.000525899560649378 0 0.01290635057894517 0.00761541614410557 0.01290635057894517 0.00761541614410557 0.0538080754363681 0.0190042345699376
0.3035339597461807 -0.09614103838038673 -0.048279332033098456 0.08116797877004342 0.022028089452058346 1697469028.0668895 0.000481799761395408 0 0.0022565359268525986 0.0077895951337531985 0.0022565359268525986 0.0077895951337531985 0.0539615198793941 0.0195339270390327
0.3116464264527285 -0.09652648307558598 -0.04678388493089049 0.08146308906868566 0.02332103474824807 1697469028.130518 0.000431858276491264 0 6.107581925068883e-05 0.006934161517037694 6.107581925068883e-05 0.006934161517037694 0.0539653676560069 0.0199707792146052
0.31709933883224645 -0.0967746257516489 -0.045165132659632776 0.08148655741183651 0.02507150278946604 1697469028.1957283 0.000370828873472819 0 0.011962906257517511 0.006580986173800789 0.011962906257517511 0.006580986173800789 0.0547309936564889 0.0203919623297289
0.32258749185152935 -0.09701460235150448 -0.04340939964933444 0.08251827627789532 0.028124843328389344 1697469028.2642708 0.000303035095607175 0 0.014086660836466765 0.006329510933373551 0.014086660836466765 0.006329510933373551 0.0557029732542046 0.0208286985841315
0.3280737521410365 -0.09724335857341918 -0.041517236342703344 0.0844026499958499 0.02533072459847342 1697469028.3310442 0.000232739528851263 0 0.006041467338226245 0.0053818451154513626 0.006041467338226245 0.0053818451154513626 0.0561077515658658 0.0211892822068667
0.33371507506207554 -0.0974548435899889 -0.03980154450565669 0.08447994385449298 0.023332044317218616 1697469028.3962 0.000156892811003813 0 -0.0016965074437172364 0.00435837093673814 -0.0016965074437172364 0.00435837093673814 0.0559974785820241 0.0214725763177550
0.3393304625089899 -0.09766164725306661 -0.03737238723031224 0.08353541399303965 0.03971782701956941 1697469028.4574702 8.37324315441587e-5 0 0.012115912584060598 0.0043960255353935685 0.012115912584060598 0.0043960255353935685 0.0567244333370670 0.0217363378498783
0.34208767136497437 -0.0977593242621498 -0.03607824904750073 0.08353787046788845 0.04049028259590224 1697469028.5233881 -1.87567171496806e-5 1 0.0203878222569111 0.0016277006877782642 -15.6970647180303 0.00162770068777826 -0.15 0.0218437660952717
0.34775177457010464 -0.0979482537725868 -0.02777866536902144 -0.007388746687690283 0.2575971334623252 1697469028.5888648 -7.23849604732949e-5 1 0.013212168805680428 0.0060641689205983675 -10.2823759319208 0.00606416892059837 -0.15 0.0222379370751110
0.3426743358748551 -0.09785211365974807 -0.015498626552036947 -0.1707942637852333 -0.11128764585380403 1697469028.6567104 0.0389791025397154 0 0.727272440664438 -0.02465808837895853 0.727272440664438 -0.02465808837895853 -0.10054547403483012 0.0205611870653422
0.3365146722102801 -0.09773179805677952 -0.0213924594634419 -0.19011331876695808 -0.17521858846658095 1697469028.7265224 0.903712245770817 0 1.3244950818754992 -0.0440896727597987 1.3244950818754992 -0.0440896727597987 -0.009155313385473679 0.0175189996449178
0.3227169738702511 -0.0974647079488412 -0.01981237916388703 -0.0908355237720559 -0.23696538690343807 1697469028.7926283 1.00777957706737 0 0.29641313651768897 0.036554346160838 0.29641313651768897 0.036554346160838 0.01040795362470296 0.0199315864915343
0.320402349502496 -0.09738884212409214 -0.030596220626257203 -0.012031067629282601 -0.13350947847055253 1697469028.8582113 0.484089962763942 0 -0.663257584227963 0.0015684376522133135 -0.663257584227963 0.0015684376522133135 -0.03270378935015083 0.0200335349389282
0.3203800368235911 -0.09738609548072873 -0.030064561486306693 -0.0008889333464992661 0.026601759620283213 1697469028.9194903 0.0641126410928022 0 -0.5956882673757334 0.06457354291350373 -0.5956882673757334 0.06457354291350373 -0.06844508539266234 0.0239079475137349
0.31917429383095447 -0.09734694314556006 -0.038782772908169345 -0.05348188348978984 -0.25028579226332376 1697469028.9807684 0.00473732357587278 0 -0.034411454962247484 0.008441016270104261 -0.034411454962247484 0.008441016270104261 -0.07057859560031818 0.0244312905224805
0.31054661006204387 -0.09700387946504284 -0.04098059478392004 -0.10546239911470286 0.031764727918846096 1697469029.041366 0.536703619897297 0 0.5128306970167144 0.05438715095611262 0.5128306970167144 0.05438715095611262 -0.03929592308222211 0.0277489067308115
0.3034955389780904 -0.09671270935547716 -0.03992895563364796 -0.1055228289598516 0.031759950497403815 1697469029.1096654 0.563541283727238 0 0.4956454952656154 0.01927600311413733 0.4956454952656154 0.01927600311413733 -0.006087674899422267 0.0290403989394589
0.2994314185101756 -0.09654735367679537 -0.04202941019148037 -0.058715426077630424 0.03443990275279662 1697469029.1762865 0.565409144402566 0 0.1082192163371145 0.006267983904906319 0.1082192163371145 0.006267983904906319 0.00105479337880603 0.0294540858771815
0.2986618586358492 -0.09651930850889855 -0.04404939160576839 -0.008926890287214986 0.03618264496428889 1697469029.2427142 0.315022177049507 0 -0.27569923220873754 0.020767736643568138 -0.27569923220873754 0.020767736643568138 -0.016865656714776956 0.0308039887590145
0.29874548400606343 -0.0965190403169018 -0.041626942657614165 0.0016603565368651903 0.03611427855938265 1697469029.306915 0.0478993929909779 0 -0.32352529170542055 0.021251584585464202 -0.32352529170542055 0.021251584585464202 -0.03789480067564695 0.0321853417570708
0.29697454090446623 -0.09644713527207216 -0.04395300352298843 -0.027103663027935248 0.03989060542537593 1697469029.3829997 0.164514115775315 0 -0.01548311790051899 0.002313498165886059 -0.01548311790051899 0.002313498165886059 -0.03907151763608673 0.0323611676176782
0.2931145007883493 -0.0962733449001493 -0.046162199678723405 -0.05678942430501749 0.040280487412459855 1697469029.4518445 0.145524121980304 0 0.2800519753728453 0.021970287829690266 0.2800519753728453 0.021970287829690266 -0.020027983310737834 0.0338551471900968
0.2879469952155283 -0.09604385168182548 -0.046275302189796065 -0.0356878154971054 -0.09972419400586252 1697469029.5180569 0.315067601129365 0 0.3082868430393899 0.021392207443570642 0.3082868430393899 0.021392207443570642 0.0003189483298714317 0.0352670328813731
0.28691324949467617 -0.09599334649269677 -0.04506271606008398 -0.030129001393683883 0.04247112443754804 1697469029.5861032 0.192215519231335 0 -0.0823149805449557 0.01159377918568792 -0.0823149805449557 0.01159377918568792 -0.005278470347184209 0.0360554098659997
0.2866574366350041 -0.09598716291187923 -0.04761537965058183 -0.005383166018880711 -0.09163509386110742 1697469029.655038 0.162356876266585 0 0.029190867583438605 0.006511188625174832 0.029190867583438605 0.006511188625174832 -0.0032934913515108616 0.0364981706925115
0.2861362699112139 -0.09595566705945502 -0.041806003797476995 -0.005083319982714388 0.046036927263675365 1697469029.7143147 0.0433107637281937 0 -0.15201888626866264 0.025254393992185188 -0.15201888626866264 0.025254393992185188 -0.012262605641357257 0.0379881799380496
0.2857901776264377 -0.09593594603421719 -0.04023561164160906 -0.005075250249865732 0.046142702524547205 1697469029.7778015 0.0274090090325214 0 0.05519911283381063 -0.015604474811106139 0.05519911283381063 -0.015604474811106139 -0.008729862419989059 0.0369894935501376
0.28521035188557403 -0.09591024048842561 -0.038622589254072665 -0.02015560239111315 0.04249855754934937 1697469029.8397825 0.0273730495227380 0 0.057471479773714286 0.003938876766022003 0.057471479773714286 0.003938876766022003 -0.0052241021537969825 0.0372297650328647
0.28403747277100816 -0.09585841284304362 -0.033910069550928575 -0.007972794041684755 0.047533653940930676 1697469029.9062195 0.0714317695719618 0 0.17761774254813706 0.0042341670700475655 0.17761774254813706 0.0042341670700475655 0.006676286596929493 0.0375134542265579
0.2841211986291777 -0.0958625012258144 -0.03489562378410206 0.012060784848805241 -0.08593135520800452 1697469029.9735696 0.0430446620335532 0 -0.03330760562629917 -0.010477811758934837 -0.03330760562629917 -0.010477811758934837 0.004477984625592717 0.0368219186504679
0.28445240913926756 -0.0958702518424042 -0.033581822203064174 0.009751281698280712 0.04733500517630127 1697469030.0406213 -1.68125604291688e-5 1 -0.10053471250266996 0.015713795571629035 -0.841548996112866 0.0157137955716290 -0.0519057981139755 0.0378747429537671
0.28386678203064436 -0.09585065313591787 -0.032887567842430264 -0.03694842002150766 -0.0855072774525357 1697469030.105505 -1.80453554949580e-5 1 0.094761707283432 -0.002107548381720649 -0.699081464870224 -0.00210754838172065 -0.0973460933305781 0.0377377523089552
0.2776294642373555 -0.0956460075265218 -0.03129535217815949 -0.12326122726207389 0.051092720955450005 1697469030.1715198 0.199555566878160 0 0.40241026225743454 0.014893169281683176 0.40241026225743454 0.014893169281683176 -0.0707870160215750 0.0387207014815467
0.268284044683268 -0.09536476207374374 -0.02791401570597417 -0.1443160039372105 0.04939057137943522 1697469030.2501028 0.770342937900984 0 0.6771033879204413 0.0038942692362166857 0.6771033879204413 0.0038942692362166857 -0.0186500551517023 0.0390205602127354
0.2644196950360162 -0.09525631015203724 -0.02658330289854144 -0.11058059131722967 0.059471172025596236 1697469030.3129077 0.784285365083028 0 0.29695458805869557 -0.007178064457705453 0.29695458805869557 -0.007178064457705453 -0.000238870692093399 0.0385755202163584
0.25639397920209195 -0.09505332211226113 -0.027131492747907715 -0.0006867013703635398 0.04972775863031534 1697469030.3812053 0.375977074787989 0 -0.1377642089001273 0.004165962667834997 -0.1377642089001273 0.004165962667834997 -0.00960683689729980 0.0388588056777711
0.2560847344665522 -0.09503751074183375 -0.02374226636808452 -0.017121830790623786 0.040229801178629974 1697469030.4481492 0.00374848361518173 0 -0.7647603056346257 0.011997577348313799 -0.7647603056346257 0.011997577348313799 -0.0608457773748253 0.0396626433601082
0.25070200144397237 -0.0949041371732858 -0.01838441004990746 -0.08966890081003025 0.058799215495180614 1697469030.5367906 0.0935001645588971 0 0.15801568217842854 -0.0014616975249280555 0.15801568217842854 -0.0014616975249280555 -0.0470984130253037 0.0395354756754395
0.24023551891510916 -0.09472287394926758 -0.011794439700382705 -0.07177039717090672 0.048080595549983576 1697469030.6504338 0.502223947500579 0 0.4326191752649111 -0.005222550531720313 0.4326191752649111 -0.005222550531720313 5.70770785385394e-5 0.0389662176674824
0.2353888134956348 -0.09468379871781406 -0.021643999777281285 -0.0029561968515923174 0.02344886856671871 1697469030.7932074 0.394588520844935 0 0.025562192603332173 -0.005534298539433236 0.025562192603332173 -0.005534298539433236 0.00355909746519942 0.0382080187675791
0.23562552419906269 -0.09467154556394702 -0.016617229073299596 0.004281141446476755 0.05087886910119013 1697469030.9265983 0.00443816764630475 0 -0.22099851576493473 0.03384270197000196 -0.22099851576493473 0.03384270197000196 -0.0238447184896577 0.0424045138118601
0.23240048967332974 -0.09461323895335325 -0.005084074941526495 -0.038952721847858626 0.06860414801240142 1697469031.0514128 -4.58787528442892e-5 1 0.022703853034779696 -0.002886797905106573 -0.442607653423485 -0.00288679790510657 -0.0769576369004276 0.0420580980632476
0.22878651169095637 -0.09458643489272044 0.005597816392119437 -0.07669977913502171 0.25053882942122263 1697469031.1908243 0.214880198788272 0 0.23579674635053638 -0.017177934887418842 0.23579674635053638 -0.017177934887418842 -0.0453608728894523 0.0397562547883333
0.220139762969614 -0.09471694369040161 0.03546393065745242 -0.07514312984711372 -0.018743841839771475 1697469031.2981772 0.503032275764359 0 0.2697380077318724 -0.02210271077057436 0.2697380077318724 -0.02210271077057436 -0.0164989060621498 0.0373912647358825
0.21657078743634542 -0.09482911820020859 0.038790007508249555 -0.023917548857617165 0.07886660197878806 1697469031.3685737 0.417445324418319 0 0.08160924599461383 -0.12003754314962505 0.08160924599461383 -0.12003754314962505 -0.0107046495965394 0.0288685991722696
0.21516423568794257 -0.09487713598499672 0.04278804082178355 -0.016527564633071132 0.05028995240490594 1697469031.4385312 0.133064845341529 0 -0.3042410878129122 -0.008630174195370155 -0.3042410878129122 -0.008630174195370155 -0.0316972846556873 0.0282731171527874
0.2146214527220636 -0.09489505813191433 0.04450030209381116 -0.016301672952306855 0.05383641708002782 1697469031.5050917 0.0920161300895797 0 0.007279053342728187 -0.01295358324262409 0.007279053342728187 -0.01295358324262409 -0.0312168671350670 0.0274181806587738
0.21002913799058348 -0.09510607387110416 0.05496383453117735 -0.04727948259717628 0.051289430029741706 1697469031.5727496 0.0907839085407573 0 0.06148986823523917 -0.002623165767485814 0.06148986823523917 -0.002623165767485814 -0.0270355560950718 0.0272398053865848
0.2070552051832931 -0.09526577681398347 0.0583458806728047 -0.04107466122206803 0.0510250462351314 1697469031.641456 0.264176860725437 0 0.30311662278327944 -0.040459944821003034 0.30311662278327944 -0.040459944821003034 -0.00612050912303761 0.0244480691939372
0.2057035806479453 -0.09534157476885283 0.06001037078773259 -0.04100220447851404 0.05068251961237629 1697469031.7077968 0.229513317909223 0 0.027062163617887845 -0.011261773297532019 0.027062163617887845 -0.011261773297532019 -0.00438853065149682 0.0237273157028969
0.20412239015520167 -0.09542683472179357 0.06441538532214465 -0.006931622829110668 0.046407674058438084 1697469031.7727373 0.148647305254370 0 0.07492604871898814 -0.0038870565915409216 0.07492604871898814 -0.0038870565915409216 0.000331810417807063 0.0234824311376294
0.20387124207124085 -0.09543401208933491 0.0673963958937037 -0.00010662168685890417 0.045544845987407385 1697469031.835238 0.0387822595519612 0 -0.21629694382302003 -0.01756371119524143 -0.21629694382302003 -0.01756371119524143 -0.0130786000991981 0.0223934810435262
0.20387101724227807 -0.09543008707665857 0.06884419280738756 3.504231162600379e-05 0.044135919519423764 1697469031.8989594 0.000596666419252022 0 0.0008866351113601817 -0.011098005157022982 0.0008866351113601817 -0.011098005157022982 -0.0130227420871824 0.0216943067186326
0.2017159442476678 -0.09557062880987525 0.07375578750368252 -0.019931268572203235 0.042509116522869234 1697469031.9655795 0.160028811542433 0 0.05392528482564304 -0.0035584218145623247 0.05392528482564304 -0.0035584218145623247 -0.00940974800386389 0.0214558924570569
0.20055890122227024 -0.09565072100079651 0.07652335152765237 -0.014441185676837501 0.04341947664277339 1697469032.0344532 0.111649166027983 0 0.21177674372605793 -0.018424553640613208 0.21177674372605793 -0.018424553640613208 0.00499107056950458 0.0202030228094955
0.20008451837326283 -0.09568322214105468 0.07788938519610769 -0.014325941531865241 0.04112566046100285 1697469032.102223 0.0809364094669858 0 0.02185233625483736 -0.009472992009377006 0.02185233625483736 -0.009472992009377006 0.00647702943483317 0.0195588593528581
0.19994219370609798 -0.09569167803091387 0.08028485289610149 0.008809670154485305 0.025002015865534417 1697469032.1688461 0.0456785922492216 0 0.06128990906159775 -0.003804734824314163 0.06128990906159775 -0.003804734824314163 0.0105221634329005 0.0193077468544532
0.2005691458907613 -0.09562871044578262 0.08276171511640927 0.00943689802756467 0.03750195083671459 1697469032.2368884 -0.000344348564088927 1 -0.1195196268886847 -0.00847595098303807 -0.881952040850229 -0.00847595098303807 -0.0494505753449006 0.0187313821876068
0.2008606189161824 -0.09559368404255722 0.08998835098853676 -0.04875261055299142 0.14247131744083352 1697469032.3048632 -0.000612794324790464 1 0.04566958133122121 -0.009384931642740076 -1.54588164989523 -0.00938493164274008 -0.15 0.0180932068359006
0.19867681602843967 -0.09578346392593236 0.09258859006993818 -0.07032964738233617 0.03103716151007021 1697469032.3793259 0.273312565483590 0 0.4725486605501561 -0.028186779693437605 0.4725486605501561 -0.028186779693437605 -0.11503139911925578 0.0160073851385842
0.18656560403688863 -0.09687594259971331 0.080652423962376 -0.14276551822327654 -0.27625848613617204 1697469032.438303 0.394611764013577 0 0.27617376187519793 -0.011295944705530461 0.27617376187519793 -0.011295944705530461 -0.0990133209304963 0.0153522203456636
0.17709470014914144 -0.09758740419810846 0.07217979936705128 -0.13688859561774666 0.001562836526805886 1697469032.5041153 0.804279656713743 0 0.6751393563912325 0.06183634805224826 0.6751393563912325 0.06183634805224826 -0.05445412340865409 0.0194334193171139
0.17218937210199153 -0.09793959082814037 0.07244246674824688 -0.1513617639481574 0.014547643354475925 1697469032.5682464 0.773579545038107 0 0.07680205490774983 0.046933043442877846 0.07680205490774983 0.046933043442877846 -0.04961559394947549 0.0223902010540093
0.16553306780554225 -0.09840824654763698 0.07331107142644787 -0.08493152858832152 0.05577258052850516 1697469032.6298957 0.856876039606070 0 0.24931340927223727 0.003486487741075841 0.24931340927223727 0.003486487741075841 -0.03440747598383183 0.0226028768062154
0.16065165873180137 -0.09876434208269828 0.07513334792277049 -0.07388862831447712 0.02812676737155929 1697469032.6977465 0.481961932113475 0 -0.3909918486459266 0.0012861394071997498 -0.3909918486459266 0.0012861394071997498 -0.06099492169174844 0.0226903342859050
0.1568277853889085 -0.09905004897035746 0.07610108077520493 -0.051174238363570004 0.02910814921808425 1697469032.765354 0.420049902939745 0 0.008285978749365527 -0.003772539954773778 0.008285978749365527 -0.003772539954773778 -0.06044804709429005 0.0224413466488898
0.15077060906586706 -0.09950876476211998 0.07628252379282902 -0.09201089365662399 0.03044911496373752 1697469032.8271303 0.567105268201018 0 -0.10259344493873455 -0.00048377863034899764 -0.10259344493873455 -0.00048377863034899764 -0.06680884068048115 0.0224113523738082
0.14772842871084405 -0.09974110136039346 0.07727472180180536 -0.09349832977492732 0.03013084149255378 1697469032.893703 0.524928206676128 0 0.4303333120954176 0.004265455074171925 0.4303333120954176 0.004265455074171925 -0.0401281753306091 0.0226758105884064
0.13881616861806026 -0.10043510777788832 0.079113724926274 -0.06254205016395509 0.009349529775127728 1697469032.9604096 0.571086582710719 0 0.16731665837520732 -0.0036280212229379185 0.16731665837520732 -0.0036280212229379185 -0.029419909194582743 0.0224436172301381
0.1352115521478046 -0.1007194496810058 0.08049002530954484 -0.046824943412473854 0.012029450511438876 1697469033.0257485 0.358347661076926 0 -0.20627688194753518 0.0002848853391977939 -0.20627688194753518 0.0002848853391977939 -0.042621629639241126 0.0224618498918468
0.13230363473303167 -0.1009517748038313 0.08236124742778975 -0.04412458323509331 0.02893321382280133 1697469033.1012003 0.268645137205360 0 -0.0307341029569953 -0.001957883156391696 -0.0307341029569953 -0.001957883156391696 -0.044834485052141375 0.0223208823045868
0.12787955477191446 -0.10131595998496684 0.08386176042563927 -0.06718733133199369 0.02937792289920727 1697469033.1657906 0.253425465050591 0 0.05660501754649155 -0.004999503662329877 0.05660501754649155 -0.004999503662329877 -0.04109855389407118 0.0219909150628729
0.12338237844562125 -0.10169169856763136 0.08578558449771558 -0.06739635497466956 0.02869163104151819 1697469033.2340944 0.386501020408541 0 0.2581726957903051 -0.002597784195630751 0.2581726957903051 -0.002597784195630751 -0.02354281058033466 0.0218142657375700
0.11993029600089174 -0.10198536756875212 0.08725851853892337 -0.040722540885670976 0.018114071618181894 1697469033.292897 0.388336146526609 0 0.09050010544143723 -0.005680279876792829 0.09050010544143723 -0.005680279876792829 -0.018293804464731958 0.0214848095047161
0.11871451780139165 -0.1020892238263249 0.08819516144985766 -0.03551917065927669 0.028099280707911817 1697469033.3577447 0.234935457508405 0 -0.13302790212721122 -0.0033480097732617497 -0.13302790212721122 -0.0033480097732617497 -0.02680759020088388 0.0212705368792271
0.11687540759251897 -0.10224688530041937 0.09004416143520819 -0.02766916241599004 0.027742012302616827 1697469033.4236462 0.205008500211336 0 0.033340113917578955 -0.001759236067634049 0.033340113917578955 -0.001759236067634049 -0.02460714268232264 0.0211544272987632
0.11297483772073313 -0.10259376531991705 0.09280924326292744 -0.037187173674058556 0.027428517089643514 1697469033.488744 0.159810261862065 0 0.008449902413321712 -0.0058893345642868425 0.008449902413321712 -0.0058893345642868425 -0.024057899025458192 0.0207716205520856
0.11171530310532164 -0.1027078600853835 0.09374355659960214 -0.037205863504052354 0.027510315215004133 1697469033.561716 0.215091308611362 0 0.1396908872401761 -0.008280269119076861 0.1396908872401761 -0.008280269119076861 -0.014000155144149252 0.0201754411755111
0.10932148052162007 -0.10292765806714463 0.09629230918302244 -0.025633135864445215 0.020478289690805312 1697469033.6245322 0.215298751415036 0 0.07375365618746016 -0.002324558300425387 0.07375365618746016 -0.002324558300425387 -0.009427428460534234 0.0200313185608849
0.10721688752931675 -0.10312139127834559 0.09807728137622419 -0.014481155173318605 0.026455836577588855 1697469033.6841803 0.148463353890769 0 -0.028622829064225655 -0.009668996811119332 -0.028622829064225655 -0.009668996811119332 -0.011144798204392719 0.0194511787522161
0.10672604254345325 -0.10316631150274791 0.09898262933037325 -0.014506899906181578 0.02670390359179476 1697469033.7542794 0.0839374694983746 0 -0.017416427350031856 -0.0058497163810931115 -0.017416427350031856 -0.0058497163810931115 -0.01236394811889384 0.0190416986055399
0.10561008068678994 -0.10327107966253712 0.10155619741618904 -0.01893240292195128 0.025434095873072392 1697469033.818813 0.0841026244678323 0 0.06245458067858252 -0.0028010155400573335 0.06245458067858252 -0.0028010155400573335 -0.008366854955459673 0.0188624336109761
0.10391092876843779 -0.10343455431746756 0.10325321358495199 -0.01293852135578651 0.02513152469251814 1697469033.881405 0.109807302147375 0 0.10015574191079006 -0.010552914135713751 0.10015574191079006 -0.010552914135713751 -0.0021571989570008917 0.0182081529345629
0.10347275829565739 -0.1034768151274743 0.10410934781305693 -0.012956976320829034 0.025237132310588776 1697469033.9509392 0.0750897804380131 0 0.017396602103141555 -0.006096974209448475 0.017396602103141555 -0.006096974209448475 -0.0009742300139875507 0.0177935586883205
0.10314044503217953 -0.10350218194275679 0.10657380733752905 -0.0018593463080501275 0.02370588972036381 1697469034.0169644 0.0752094983005002 0 0.0616162117801349 -0.0027969457048240935 0.0616162117801349 -0.0027969457048240935 0.003154056175281936 0.0176061633260973
0.10319854797175373 -0.10348944772765827 0.10813171150057597 0.004232925381272582 0.022714975428478425 1697469034.0827074 0.0107943703522853 0 -0.02943671155958722 -0.010611990964159292 -0.02943671155958722 -0.010611990964159292 0.00124066992390716 0.0169163839134263
0.10334103644882124 -0.10347086392210303 0.10890531243884705 0.00422201868871063 0.022824898859088675 1697469034.1484687 -0.000175106988015197 1 0.0067299639054254345 -0.00663655790699318 -0.423504470450970 -0.00663655790699318 -0.0267106251258699 0.0164783710915646
0.1016255177607739 -0.10365282684885464 0.111265491376373 -0.06351503431909547 0.025328091735094604 1697469034.2146459 -0.000174950283753216 1 0.05297161711444735 -0.003164219835986431 -0.422408618856073 -0.00316421983598643 -0.0545895939703838 0.0162695325823894
0.09770892858526578 -0.1040879721431427 0.11263148671088247 -0.08161778384925986 0.023558477293814457 1697469034.285129 0.368954753153509 0 0.577605727361326 -0.009122156938596278 0.577605727361326 -0.009122156938596278 -0.0147347987824754 0.0156401037536266
0.09491328312085344 -0.10440162264030069 0.11340972167819938 -0.0838583642046044 0.0229976725058304 1697469034.3501284 0.474768972712184 0 0.2350608113878031 -0.0039015908494839527 0.2350608113878031 -0.0039015908494839527 0.000544153957691178 0.0153865003484108
0.09207833823366435 -0.1047190428937238 0.11245807624606778 -0.008165080343664127 0.023824848327867586 1697469034.414501 0.488282436391472 0 0.1144337161284099 -0.0018699327614452041 0.1144337161284099 -0.0018699327614452041 0.00786791178991836 0.0152668246516782
0.09238602208298954 -0.10467882502921583 0.11374790296795405 0.01118263681396511 0.019152002846670894 1697469034.4857419 0.0475891866269397 0 -0.4815837731210901 0.005839920085538479 -0.4815837731210901 0.005839920085538479 -0.0258429523285273 0.0156756190576655
0.09276260984645673 -0.104633364102057 0.11440586866938832 0.011149745716772956 0.019429557017482058 1697469034.55201 -0.000465898879713879 1 -0.09716493323743844 -0.005899925868403691 -1.11867723916899 -0.00589992586840369 -0.0996756501137154 0.0152862239503507
0.091343745868094 -0.10479298790983649 0.11660118508613346 -0.038999988840972506 0.022917452514258918 1697469034.6149738 -0.000465111539876508 1 0.04969472629892569 -0.0033742959910757087 -1.11538163435077 -0.00337429599107571 -0.15 0.0150803918948945
0.0830979604642005 -0.10575889045230577 0.11910574949963489 -0.1357491745135711 0.026462412274940013 1697469034.6853974 0.227375990941549 0 0.42766713919377597 -0.007890304229428836 0.42766713919377597 -0.007890304229428836 -0.11963563311727923 0.0145201802946058
0.07011001774116206 -0.10733414456909354 0.1168119481393368 -0.19441351980611773 -0.21364892165614727 1697469034.7501724 0.793729427747215 0 0.8907252671968026 -0.00783102932984969 0.8907252671968026 -0.00783102932984969 -0.06351994128378993 0.0140268254468244
