-0.0704419951843514 0.012015082296437517 -0.056700141835384445 -2.4849566855807447e-06 2.9158373461896334e-05 1697472032.6149569 0.000776272130687390 1 27.554999994397512 0.0 0.00325699988805539 -0.292469833143191 0.15 -0.000584939666405549
-0.07025985122736612 0.012062920955850261 -0.056310912424465336 0.00885828784870277 -0.002411152111126096 1697472032.9190443 1.65862535576539e-5 0 0.05500538407281875 0.0468189108898812 0.05500538407281875 0.0468189108898812 0.15 0.0134607336005460
-0.06854124294746217 0.01199098176090691 -0.056902753246791477 0.05006507567360396 -0.02169893619327002 1697472033.0488198 0.000252274416301521 0 0.016751112543595417 0.002419607401374144 0.016751112543595417 0.002419607401374144 0.15 0.0137777021701257
-0.0623283896651746 0.011632623661276717 -0.05985117288805459 0.14348321601085723 -0.07115419862506811 1697472033.0927374 0.00128390208360438 1 -0.4382914903890516 0.008066593203764271 -0.153882614342540 -0.130288448779599 0.143229164968878 0.00804501042378117
-0.05652479303318482 0.011271548294878229 -0.06281915671947508 0.20844695435700544 -0.1076598188351607 1697472033.1370513 0.00389292217133430 1 -1.054720945084342 0.0260643186147491 -0.524241648878090 -0.219166976765109 0.119638290769326 -0.00181750353066467
-0.04927053626749011 0.010818719575701156 -0.06272686221162543 0.21430491350738506 0.012543003966106024 1697472033.1820376 0.00600114339399371 1 -0.7710427921418324 0.02648442770591416 -0.761119374958068 0.0221038849375269 0.0853879188965039 -0.000822828708484404
-0.04927053626749011 0.010818719575701156 -0.06272686221162543 0.21430491350738506 0.012543003966106024 1697472033.2238426 0.00494965590688601 0 -0.12359098297754267 0.0070621854917088875 -0.12359098297754267 0.0070621854917088875 0.0803206885944039 -0.000533279103323158
-0.03807166365021605 0.010120574436879646 -0.06236487972217217 0.14164816486314177 0.005794974379081728 1697472033.2617514 0.00329411355721798 0 -0.05215245675369253 0.0040565313306560906 -0.05215245675369253 0.0040565313306560906 0.0783388952377630 -0.000379130912758182
-0.029632700824987913 0.009595576231544048 -0.062448225485619346 0.11996992489815277 -0.0007430169105070897 1697472033.3000185 0.00329940174550009 0 0.9401857681503032 0.007355116408877567 0.9401857681503032 0.007355116408877567 0.114065954427485 -9.96364892207547e-5
-0.025801444504039563 0.009357339573137781 -0.062475001743624636 0.11510447877689418 -0.0007006358152158692 1697472033.3349652 0.00286884192962217 0 0.304704179909197 0.009856725457624307 0.304704179909197 0.009856725457624307 0.124730600724262 0.000245348901794662
-0.025801444504039563 0.009357339573137781 -0.062475001743624636 0.11510447877689418 -0.0007006358152158692 1697472033.3721058 0.00275927589484309 0 0.0631970325199872 0.0065294096472581584 0.0631970325199872 0.0065294096472581584 0.127068890927518 0.000486937058744924
-0.020171689561155882 0.00899890603532417 -0.06408963837140716 0.18918328083118827 -0.003025045322127821 1697472033.4178753 0.00467051267556229 1 -0.8447960105740849 0.017454608196730708 -0.296927871118345 -0.202172813760462 0.113410208856128 -0.00881301237420029
-0.0019007082651229116 0.00783100950662703 -0.06444974796685701 0.1691711076676157 -0.00848241716803773 1697472033.4680614 0.00470632494170975 0 -0.057215753263945436 0.009972801960174638 -0.057215753263945436 0.009972801960174638 0.110549421192920 -0.00831437227618975
0.003689219552426953 0.007469882691080099 -0.06494119768134206 0.170753922891974 -0.014105253447573147 1697472033.5180914 0.00443656666229519 0 0.18732104718254183 0.008834636397889452 0.18732104718254183 0.008834636397889452 0.119915473551996 -0.00787264045629768
0.009183746639653512 0.007111598417702447 -0.06540402635258298 0.16647142695778408 -0.013812998765655594 1697472033.5681922 0.00437319033953715 0 -0.046205113689512384 0.009887357896054196 -0.046205113689512384 0.009887357896054196 0.117605217867512 -0.00737827256149318
0.015267484325356358 0.006712719180230865 -0.06586823443240378 0.1806588282882124 -0.013546616775791937 1697472033.618313 0.00477746998037798 0 -0.1343784681061298 0.015282447261024111 -0.1343784681061298 0.015282447261024111 0.110886294462181 -0.00661415019843919
0.03276610323841524 0.00554704926773926 -0.06721322658276521 0.1672788593241464 -0.01137390727242525 1697472033.668709 0.00478840952265047 0 -0.0007763558505978832 0.01540423024738891 -0.0007763558505978832 0.01540423024738891 0.110847476669651 -0.00584393868607395
0.03827658235402788 0.005174125381513085 -0.06762077109884297 0.16737223775263868 -0.012456399681848623 1697472033.7186658 0.00456269080166599 0 0.07225258541314464 0.010134474074497878 0.07225258541314464 0.010134474074497878 0.114460105940322 -0.00533721498234721
0.04378444599870627 0.004799584418189381 -0.06799547799675534 0.16726414104463788 -0.011309290304065599 1697472033.76913 0.00463584025049407 0 -0.028484887727232892 0.014689455111497 -0.028484887727232892 0.014689455111497 0.113035861553968 -0.00460274222677637
0.04962616641805856 0.004400277565577627 -0.06839039455499374 0.17235171119910592 -0.012301860248589987 1697472033.8189914 0.00482483758342034 0 -0.08205155714404821 0.010111574349247344 -0.08205155714404821 0.010111574349247344 0.108933283696750 -0.00409716350931216
0.06656096191830485 0.0032210861546314393 -0.07040313622365661 0.15988824296503634 0.002776063117171929 1697472033.8687706 0.00488598257465539 0 -0.028005855555463144 0.010249123198026299 -0.028005855555463144 0.010249123198026299 0.107532990918972 -0.00358470734940898
0.07718468341391979 0.0024712430747096926 -0.07079038376515603 0.16058137686523527 -0.005298058716449049 1697472033.919152 0.00453416134655910 0 0.09667151319779285 0.020182506557881712 0.09667151319779285 0.020182506557881712 0.112366566578835 -0.00257558202152040
0.08262784993590988 0.0020851283162192356 -0.07099822432974863 0.16053596439471304 -0.005753528085805494 1697472033.9695063 0.00468359257708412 0 -0.0322220274345817 0.012765954035079519 -0.0322220274345817 0.012765954035079519 0.110755465207100 -0.00193728431976411
0.08813070506722614 0.0016947944859898713 -0.07112424656288426 0.16790727083378515 -0.003948737208028438 1697472034.01942 0.00471259942155383 0 -0.024813857492131774 0.009315638783206754 -0.024813857492131774 0.009315638783206754 0.109514772332501 -0.00147150238060631
0.09358350797153663 0.0013058044611158892 -0.07122137533749862 0.16552967506968974 -0.0034548314304137795 1697472034.070606 0.00492556939882260 0 -0.10122134560397195 0.008831788972578455 -0.10122134560397195 0.008831788972578455 0.104352483706705 -0.00102108114300542
0.10453235447809635 0.0005258074971286061 -0.07140483034902678 0.16385792633451146 -0.002880809748787822 1697472034.1198113 0.00486935934807242 0 -0.0035036562687795446 0.008822487818553864 -0.0035036562687795446 0.008822487818553864 0.104180804549533 -0.000588779239892460
0.11498192142932238 -0.00021944145280055556 -0.07151710335753456 0.15602934004871882 -0.001635648319692109 1697472034.169848 0.00484863033698335 0 -0.010211475815381704 0.011966352108469424 -0.010211475815381704 0.011966352108469424 0.103670230758767 9.53836552774611e-6
0.12011922122909001 -0.0005862104361290438 -0.07157241452806506 0.15611422246043757 -0.0016436241353625144 1697472034.21993 0.00463368150623999 0 0.05527119283328217 0.011382838131203036 0.05527119283328217 0.011382838131203036 0.106433790400441 0.000578680272089968
0.12523573691101075 -0.0009516107159070228 -0.07159629995343414 0.15542383300061607 -0.0007988453283524398 1697472034.2700458 0.00464885079732225 0 -0.023905935347410926 0.008554893804244765 -0.023905935347410926 0.008554893804244765 0.105238493633077 0.00100642496229987
0.13589259323051722 -0.0017127106667543589 -0.07160143487277978 0.1597287137136999 -2.5990009486104305e-05 1697472034.3200371 0.00463005598437394 0 -0.015808021902118153 0.008391604189824079 -0.015808021902118153 0.008391604189824079 0.104448092537968 0.00142600517179260
0.14645714785016267 -0.002467015414019871 -0.07156181649987786 0.15809305125250298 0.0005160396001185595 1697472034.3703747 0.00470829880385065 0 -0.06791316398753158 0.010985153323439353 -0.06791316398753158 0.010985153323439353 0.101052434338579 0.00197526283796657
0.15162631666809126 -0.0028359228114019875 -0.07152493448041163 0.15698239074306441 0.001076497076467851 1697472034.4205198 0.00472709879951333 0 -0.0076899010141929895 0.01073519569850637 -0.0076899010141929895 0.01073519569850637 0.100667939287872 0.00251202262288896
0.15664161626295114 -0.0031938347065002416 -0.07147697682803966 0.1519589380307993 0.001833512475754568 1697472034.470631 0.00469403283977821 0 -0.01238459027718701 0.008212145104086726 -0.01238459027718701 0.008212145104086726 0.100048709774010 0.00292262987809479
0.16177838834969888 -0.003559851619521528 -0.07139019941599502 0.15146467625495902 0.002576856054475713 1697472034.5207477 0.00451279933523596 0 0.029255058107525676 0.008100359952545516 0.029255058107525676 0.008100359952545516 0.101511462679379 0.00332764787571985
0.17690772632964052 -0.00463559151780083 -0.07110236324347671 0.15299197974837295 0.0034661598198929507 1697472034.5707686 0.00448849109247068 0 -0.007822611199538119 0.011630681470767013 -0.007822611199538119 0.011630681470767013 0.101120332119400 0.00390918194926032
0.1819446526586637 -0.004992889168184091 -0.07098853745902506 0.1530741000366779 0.0033856693938271697 1697472034.6208985 0.00455363615637178 0 -0.04435674782689422 0.007909517458347745 -0.04435674782689422 0.007909517458347745 0.0989024947280475 0.00430465782217915
0.18696662110663695 -0.005348695665737776 -0.07085402518908017 0.15255135126704558 0.0041420562111274695 1697472034.6710453 0.00452821278638577 0 -0.022358252901392976 0.007821852257341354 -0.022358252901392976 0.007821852257341354 0.0977845820829840 0.00469575043504408
0.19706402083579064 -0.006062239562930402 -0.0704259608429555 0.14748216060176272 0.004420831278456749 1697472034.7216218 0.00452729405973434 0 -0.016453400216857646 0.009335011011954547 -0.016453400216857646 0.009335011011954547 0.0969619120721381 0.00516250098564350
0.20692063718088563 -0.0067576869340941715 -0.0702789938404866 0.1471908688585364 0.003546439775239256 1697472034.7720778 0.00436689940230733 0 0.03233674280902636 0.009076591106003569 0.03233674280902636 0.009076591106003569 0.0985787492125806 0.00561633054094121
0.2117335083015872 -0.007098447468758425 -0.07022483485784445 0.14535492887726453 -0.0017423162420740809 1697472034.822147 0.00437161855264850 0 -0.015682516997015672 0.007687560443356868 -0.015682516997015672 0.007687560443356868 0.0977946233627269 0.00600070856311045
0.2165001388218384 -0.0074396370013207775 -0.0707130764727477 0.14419095247026079 -0.029764083895466007 1697472034.873039 0.00466210142368828 0 0.012903687647516725 0.013468878665463365 0.012903687647516725 0.013468878665463365 0.0984398077451051 0.00667415249638607
0.22624611690653634 -0.008128363856298447 -0.0709527786142525 0.14555278722882672 0.0043195935017864345 1697472034.9225779 0.00440015013979456 0 -0.04834523515893431 0.012342813622951046 -0.04834523515893431 0.012342813622951046 0.0960225459871716 0.00729129317753025
0.23605177704840483 -0.00881988774913188 -0.07034938660161884 0.1467542624712641 0.008682165186212967 1697472034.9724402 0.00439564550819155 0 -0.0016330660347586082 0.006482893427132921 -0.0016330660347586082 0.006482893427132921 0.0959408926854334 0.00761543784888808
0.24077275914265223 -0.0091493620398302 -0.06999177743785201 0.143224720955815 0.00987080858262074 1697472035.0223317 0.00435884794423846 0 -0.03039188366007145 0.007401314158385898 -0.03039188366007145 0.007401314158385898 0.0944212985024381 0.00798550355680535
0.2502698287091069 -0.00980664196573473 -0.06925170020192388 0.14095928892470666 0.01119918128904002 1697472035.073035 0.00418854234960381 0 0.01940591603491828 0.006562827065648152 0.01940591603491828 0.006562827065648152 0.0953915943041875 0.00831364491008895
0.254912113276461 -0.0101252224040777 -0.06888532672653158 0.14104349851904754 0.011171579972726055 1697472035.1227818 0.00410400991073145 0 0.006486236459635284 0.006254415525137201 0.006486236459635284 0.006254415525137201 0.0957159061271705 0.00862636568634695
0.25960057887933374 -0.01044514139879632 -0.06849858782695861 0.14258352619054168 0.01159693276932587 1697472035.1736395 0.00408794158345255 0 -0.016363845202937204 0.006336176262764427 -0.016363845202937204 0.006336176262764427 0.0948977138670281 0.00894317449948344
0.26916843977320115 -0.011091879649467328 -0.06769478094553952 0.14322717257918244 0.012084207783873879 1697472035.223937 0.00410864180224674 0 -0.03169203981015619 0.006220383731867457 -0.03169203981015619 0.006220383731867457 0.0933131118765145 0.00925419368607795
0.27859513931008284 -0.011721268254099606 -0.0668358706146631 0.13976800432894798 0.01284531740201606 1697472035.273843 0.00407996445932302 0 -0.023050050176033905 0.005889607118775185 -0.023050050176033905 0.005889607118775185 0.0921606093677191 0.00954867404201510
0.2831986147210632 -0.012025680201462443 -0.06641561930147999 0.13984146732692948 0.012740867787035252 1697472035.3241754 0.00392676645277829 0 0.019707680337744733 0.00543048925357721 0.019707680337744733 0.00543048925357721 0.0931459933846099 0.00982019850469495
0.28775235132338917 -0.012324960620508911 -0.06598066664678595 0.1381789826214762 0.013069318519088597 1697472035.37448 0.00390766848203916 0 -0.015655363643277062 0.005889687214528849 -0.015655363643277062 0.005889687214528849 0.0923632252024432 0.0101146828654225
0.29703954356000334 -0.012929542908773208 -0.0651018550716725 0.13979813059474963 0.013310427579536873 1697472035.4242918 0.00382425744676151 0 0.002535355743885328 0.005759058680285227 0.002535355743885328 0.005759058680285227 0.0924899929896368 0.0104026357994352
0.306321485607511 -0.01352592908000005 -0.06417193703295582 0.13895017775196375 0.014090986136963572 1697472035.4744768 0.00376549244289803 0 -0.031090545030050126 0.005114247786416352 -0.031090545030050126 0.005114247786416352 0.0909354657381286 0.0106583481887569
0.31089855058471466 -0.013817015889269096 -0.06370802113962203 0.13902390629286573 0.014097165017035016 1697472035.524954 0.00374996530235150 0 -0.0059955604480767845 0.004731510018597947 -0.0059955604480767845 0.004731510018597947 0.0906356877157264 0.0108949236896855
