1711532922.9643078 0.13058783113956451 1.4153814315795898 -0.05074828145270978 0.0 -0.005943434778600931 2.213998311568796 0.0 0.41980212681193896 2.742082886324381 0.15 0.08595878699841226 1.459605872631073 0.3852747827768326 -0.0 0.0
1711532923.1529982 0.13058783113956451 1.4153814315795898 -0.05074828145270978 0.0 -0.0063079469837248325 0.3 0.3207582049126041 -0.0074897633354734094 0.1996436502958901 0.1485867587379248 0.12362948921848833 1.459605872631073 0.3852747827768326 -0.0 0.0
1711532923.2032135 0.13058783113956451 1.4153814315795898 -0.05074828145270978 0.0 0.00441249692812562 0.3 0.014449332956165581 0.004486634334796458 -0.10302238439845712 0.14881205189831298 0.11845629326805254 1.459605872631073 0.3852747827768326 -0.0 0.0
1711532923.2532022 0.13060864433646202 1.4153687953948975 -0.05069737522253545 0.0 0.0036040942650288343 0.3 0.014149644997296488 0.046782960318096756 0.34972863351605077 0.15 0.1359382056500851 1.459246814250946 0.39364928007125854 -0.0 0.0
1711532923.3031259 0.13060864433646202 1.4153687953948975 -0.05069737522253545 0.00893318373709917 0.005664194468408823 0.3 0.014445634049230278 0.04681632646597045 0.3499804036711511 0.15 0.15340992366668452 1.459246814250946 0.39364928007125854 -0.0 0.0
1711532923.3532465 0.13576635345816612 1.4148704409599304 -0.05768446486719177 0.09305399656295776 -0.06253228336572647 -0.22627298457995187 0.014445634049230278 -0.1507939504730118 0.2751801952175515 0.1424417943458697 0.1672027084625853 1.4589371085166931 0.40034735202789307 -0.0 0.0
1711532923.4031498 0.13576635345816612 1.4148704409599304 -0.05768446486719177 0.11318174749612808 -0.013465026393532753 -0.2093737319862668 0.07561351927382573 -0.1759820967025813 0.1901020113392713 0.1336611591588559 0.17668785747015034 1.4589371085166931 0.40034735202789307 -0.0 0.0
1711532923.4530666 0.1510985717177391 1.4137592315673828 -0.04462112219446532 0.13399775326251984 0.08302401006221771 -0.08766254445369728 0.015199227547756678 -0.08766254454937401 0.015199227219713923 0.12928556024801535 0.17744651354624383 1.4587141871452332 0.4088110476732254 -0.0 0.0
1711532923.5032866 0.1510985717177391 1.4137592315673828 -0.04462112219446532 0.14711835980415344 0.10772980749607086 -0.1703404255593362 -0.08028694693930044 -0.1703404256733539 -0.08028694737150978 0.12073098068872845 0.17341446374862907 1.4587141871452332 0.4088110476732254 -0.0 0.0
1711532923.5611458 0.16573785617947578 1.4129002690315247 -0.029831301678505305 0.14088024199008942 0.11570049077272415 -0.05959200510594974 0.014015251901038592 -0.05959200521653875 0.014015251474784642 0.11728324910945662 0.17422532461705376 1.4585273265838623 0.41649115085601807 -0.0 0.0
1711532923.603171 0.16573785617947578 1.4129002690315247 -0.029831301678505305 0.1444198042154312 0.12018400430679321 0.07761401961661696 -0.11913835983922007 0.07761401950452138 -0.11913836026275117 0.12054502221651395 0.1692184675826579 1.4585273265838623 0.41649115085601807 -0.0 0.0
1711532923.6532276 0.17890704423189163 1.4117367267608643 -0.014638398596600138 0.13740086555480957 0.12934349477291107 0.053002812937631316 0.012630833168332564 0.05300281282718766 0.012630832741767923 0.12319806680722648 0.16985070124525614 1.4583949446678162 0.4234447032213211 -0.0 0.0
1711532923.7032046 0.17890704423189163 1.4117367267608643 -0.014638398596600138 0.12549881637096405 0.04718949273228645 0.08158584967666926 -0.10011624486662933 0.08158584955433879 -0.10011624539428884 0.12727523517215347 0.16484749553291023 1.4583949446678162 0.4234447032213211 -0.0 0.0
1711532923.753127 0.17890704423189163 1.4117367267608643 -0.014638398596600138 0.12549881637096405 0.04718949273228645 0.09920653661117741 0.01123960978125073 0.09920653649329914 0.011239609382848964 0.1322277518813976 0.16540859115464576 1.4583949446678162 0.4234447032213211 -0.0 0.0
1711532923.8032098 0.19156384468078613 1.4108930826187134 0.004489293398368757 0.11965052038431168 0.12745098769664764 0.008731575025498019 -0.13593731497680625 0.008731574872380953 -0.1359373155717614 0.13266504425566103 0.15860061523435648 1.4581419825553894 0.4307945519685745 -0.0 0.0
1711532923.8538506 0.20366857945919037 1.4100987911224365 0.02311472508927975 0.12729786336421967 0.14049690961837769 0.13874822920985974 0.009419677374154223 0.13874822907525236 0.00941967688353118 0.13969097158985566 0.1590776084596854 1.4580031037330627 0.43844665586948395 -0.0 0.0
1711532923.9031954 0.20366857945919037 1.4100987911224365 0.02311472508927975 0.12149129807949066 0.18737196922302246 0.042096289798810874 -0.1362471489389519 0.0420962896299546 -0.1362471495822328 0.1417682939876717 0.1523542307474518 1.4580031037330627 0.43844665586948395 -0.0 0.0
1711532923.953099 0.21674798429012299 1.4096386432647705 0.0407137995693132 0.12894123792648315 0.14433546364307404 -0.030969654834287694 0.007644524511834869 -0.03096965500946391 0.007644523912127732 0.14022298033889694 0.15273567468462793 1.457521677017212 0.4463810324668884 -0.0 0.0
1711532924.0032218 0.21674798429012299 1.4096386432647705 0.0407137995693132 0.13474218547344208 0.15118016302585602 0.052766319740389464 -0.130474218679902 0.05276631955509742 -0.1304742193099057 0.14286774758214613 0.1461960118044259 1.457521677017212 0.4463810324668884 -0.0 0.0
1711532924.0532048 0.21674798429012299 1.4096386432647705 0.0407137995693132 0.13243964314460754 0.16075511276721954 -0.01590815530307234 0.005935236926032528 -0.015908155489885147 0.005935236290550198 0.1420726174405993 0.14649267003578528 1.457521677017212 0.4463810324668884 -0.0 0.0
1711532924.103092 0.22921118140220642 1.4098668694496155 0.06027213838192406 0.14069764316082 0.15392373502254486 0.053584209946894355 -0.15489219198442455 0.053584209737900464 -0.15489219267593188 0.14474556539153757 0.13876616308430492 1.457207977771759 0.45305097103118896 -0.0 0.0
1711532924.1530864 0.22921118140220642 1.4098668694496155 0.06027213838192406 0.13709954917430878 0.14474739134311676 -0.011483360129271585 0.003954297021446842 -0.011483360340602471 0.003954296339935205 0.1441714745817775 0.13896385131497013 1.457207977771759 0.45305097103118896 -0.0 0.0
1711532924.203128 0.24448584020137787 1.410295307636261 0.08313523760897305 0.14293093979358673 0.12443696707487106 -0.03247504101766432 -0.18490272888468953 -0.03247504128957516 -0.18490272969699817 0.1425464000721321 0.12971118524088868 1.4569976329803467 0.4609910249710083 -0.0 0.0
1711532924.2532086 0.24448584020137787 1.410295307636261 0.08313523760897305 0.13900789618492126 0.13393257558345795 0.05331748859675224 0.0016208533452191172 0.05331748836822823 0.001620852652788261 0.1452166194110653 0.12979235995919397 1.4569976329803467 0.4609910249710083 -0.0 0.0
1711532924.3031414 0.25780370831489563 1.4109432697296143 0.09732424658493535 0.14117738604545593 0.12258820980787277 -0.01729121845974707 0.0016208533452191172 -0.017291218710141484 0.0016208526274261456 0.14435329606440653 0.1298732865808629 1.456793487071991 0.46787047386169434 -0.0 0.0
1711532924.353222 0.25780370831489563 1.4109432697296143 0.09732424658493535 0.1381240338087082 0.09643350541591644 0.03165163129883794 -0.11889763793785402 0.03165163103409429 -0.1188976387055522 0.14593836639802 0.12391905567106053 1.456793487071991 0.46787047386169434 -0.0 0.0
1711532924.4031012 0.2745685502886772 1.4116798639297485 0.11175621356038493 0.1450091451406479 0.0798342153429985 -0.0207480021824043 0.00013065981127900194 -0.020748002456029806 0.00013065905373530826 0.14490351976654098 0.12392557254331928 1.4565348625183105 0.4762273132801056 -0.0 0.0
1711532924.4532025 0.2745685502886772 1.4116798639297485 0.11175621356038493 0.14163213968276978 0.08354035019874573 0.015865610495657628 -0.12308793958547518 0.01586561020573206 -0.12308794040494483 0.14569840336654286 0.11775873849677551 1.4565348625183105 0.4762273132801056 -0.0 0.0
1711532924.5031433 0.2890518233180046 1.413128137588501 0.12144129659542978 0.14163213968276978 0.08354035019874573 0.03906420817384744 -0.0013935935676981565 0.039064207897686574 -0.0013935943143225291 0.14764923692230073 0.11768914357349909 1.4561477899551392 0.48383550345897675 -0.0 0.0
1711532924.5531673 0.2890518233180046 1.413128137588501 0.12144129659542978 0.14480067789554596 0.1766168773174286 -0.014387299309301743 -0.09271714920427851 -0.014387299631145609 -0.09271715005005936 0.14692957076922425 0.11305134520887111 1.4561477899551392 0.48383550345897675 -0.0 0.0
1711532924.603209 0.3044780343770981 1.4144572615623474 0.1369066990614661 0.14739753305912018 0.15272638201713562 0.009957437608914741 -0.0025215110641830588 0.009957437320796304 -0.002521511899449395 0.1474278315026979 0.11292517114138709 1.4560064673423767 0.4917037934064865 -0.0 0.0
1711532924.653158 0.3044780343770981 1.4144572615623474 0.1369066990614661 0.14697960019111633 0.13741379976272583 -0.015591843114240254 -0.13978762864700367 -0.015591843456550429 -0.1397876295828582 0.1466490616154683 0.10594316180877045 1.4560064673423767 0.4917037934064865 -0.0 0.0
1711532924.703199 0.3174227923154831 1.4157383441925049 0.14328766964328593 0.144632488489151 0.11747734993696213 0.009381637239265321 -0.004214389086878179 0.009381636919488652 -0.004214389948686426 0.14711851207892118 0.10573227672213145 1.4558432698249817 0.49854645133018494 -0.0 0.0
1711532924.753196 0.3174227923154831 1.4157383441925049 0.14328766964328593 0.14773176610469818 0.10159915685653687 -0.0014812382875453662 -0.06733221549939326 -0.0014812386329234224 -0.06733221638613347 0.1470444548089185 0.10236587780574272 1.4558432698249817 0.49854645133018494 -0.0 0.0
1711532924.8031244 0.3322305977344513 1.4174230098724365 0.14327382393861274 0.14764566719532013 0.06413707882165909 0.03556727704998915 -0.004993573070362248 0.035567276721251324 -0.004993573882549455 0.1488200949012365 0.1021165815197409 1.4558197259902954 0.5060828626155853 -0.0 0.0
1711532924.8531728 0.3322305977344513 1.4174230098724365 0.14327382393861274 0.14318616688251495 0.01015492808073759 -0.019373934884175718 -0.01990030501244126 -0.019373935232539594 -0.019900305873417665 0.1478504798613149 0.10112062299906319 1.4558197259902954 0.5060828626155853 -0.0 0.0
1711532924.9031737 0.3465734273195267 1.4191907048225403 0.1498167599005286 0.14553645253181458 0.04550938680768013 0.025800426044515032 -0.005177779097448022 0.025800425716347733 -0.005177779895683279 0.1491405306733763 0.10086172807878017 1.4557257890701294 0.5133144557476044 -0.0 0.0
1711532924.953109 0.3465734273195267 1.4191907048225403 0.1498167599005286 0.15068687498569489 0.06194170191884041 0.0034972747748707247 -0.07405022826013413 0.0034972744164219805 -0.07405022911145984 0.1493151490857664 0.0971644107096169 1.4557257890701294 0.5133144557476044 -0.0 0.0
1711532925.0031576 0.3465734273195267 1.4191907048225403 0.1498167599005286 0.14474548399448395 0.12324564158916473 -0.03820464094163361 -0.006026878137834821 -0.038204641306822204 -0.006026879024276594 0.14740317908117212 0.09686279259407977 1.4557257890701294 0.5133144557476044 -0.0 0.0
1711532925.0532403 0.3615667223930359 1.4208449721336365 0.16304982086947947 0.14888639748096466 0.1323223114013672 0.05795942996982718 -0.12778182412964922 0.05795942961508849 -0.12778182501856475 0.15 0.0904628312309311 1.4553097486495972 0.5210011005401611 -0.0 0.0
1711532925.1032376 0.3615667223930359 1.4208449721336365 0.16304982086947947 0.14736443758010864 0.1584370881319046 -0.030904716024851987 -0.007532551380932392 -0.03090471640153994 -0.007532552329581972 0.1484549793330733 0.09008625605474437 1.4553097486495972 0.5210011005401611 -0.0 0.0
1711532925.1531835 0.3757113069295883 1.4223344326019287 0.17435154167983774 0.14736443758010864 0.1584370881319046 0.017460707417261745 -0.11249889576442632 0.017460707033387382 -0.1124988967330448 0.1493270189054376 0.08446772699913674 1.455100953578949 0.5282293260097504 -0.0 0.0
1711532925.203185 0.39034099876880646 1.4245301485061646 0.17775552287445767 0.14659105241298676 0.13815239071846008 -0.00017759986543653804 -0.00882697232858228 -0.00017760025429144736 -0.008826973268064822 0.14931813852010287 0.08402635981600656 1.4546509981155396 0.535126656293869 -0.0 0.0
1711532925.2531466 0.39034099876880646 1.4245301485061646 0.17775552287445767 0.14949123561382294 0.09307265281677246 0.017372970840131598 -0.05605784552338355 0.017372970453539405 -0.05605784647084909 0.15 0.08122582244636067 1.4546509981155396 0.535126656293869 -0.0 0.0
1711532925.3031936 0.39034099876880646 1.4245301485061646 0.17775552287445767 0.1462395191192627 0.0548044852912426 0.010330671822168434 -0.009409585661050162 0.010330671424199855 -0.009409586568057321 0.15 0.08075491507337229 1.4546509981155396 0.535126656293869 -0.0 0.0
1711532925.3531568 0.40616217255592346 1.427366316318512 0.184667936469504 0.15130165219306946 0.07324748486280441 -0.025016959745789703 -0.09081808529243843 -0.02501696018665542 -0.09081808628266505 0.14875014925642174 0.07621763109387059 1.454590618610382 0.5430976748466492 -0.0 0.0
1711532925.4032042 0.40616217255592346 1.427366316318512 0.184667936469504 0.14824829995632172 0.06323201209306717 -0.017073540921714543 -0.010413837458553097 -0.01707354134200837 -0.010413838413719952 0.1478956995800525 0.07569646792776916 1.454590618610382 0.5430976748466492 -0.0 0.0
1711532925.4532712 0.42068152129650116 1.4299234747886658 0.1894121006222939 0.151073157787323 0.09739585220813751 -0.014241909759721644 -0.07163126218143231 -0.014241910194815447 -0.07163126315268667 0.1471826506038051 0.0721101092048412 1.4542986154556274 0.5505417287349701 -0.0 0.0
1711532925.5052593 0.42068152129650116 1.4299234747886658 0.1894121006222939 0.15127550065517426 -0.036950722336769104 0.008577323374122512 -0.011170607570217433 0.008577322964362229 -0.011170608508203384 0.14762852046109723 0.07152943413382976 1.4542986154556274 0.5505417287349701 -0.0 0.0
1711532925.5532334 0.43566320836544037 1.4325311779975891 0.19677383307704222 0.14680197834968567 0.1148223876953125 -0.004238051562803498 -0.09759134473836024 -0.004238052024074867 -0.09759134567157413 0.14742519762601125 0.06684743661018416 1.4536392092704773 0.5577887892723083 -0.0 0.0
1711532925.603294 0.43566320836544037 1.4325311779975891 0.19677383307704222 0.14841265976428986 0.030409205704927444 0.026050268667491987 -0.012194843390229304 0.026050268240185425 -0.01219484430122465 0.14872925630196376 0.0662369710147332 1.4536392092704773 0.5577887892723083 -0.0 0.0
1711532925.6531055 0.4497183859348297 1.4352933764457703 0.20275978807193387 0.14630810916423798 0.06825749576091766 0.03384002901585143 -0.08568934537550615 0.03384002858434929 -0.08568934636358357 0.15 0.061969137747354644 1.4536188840866089 0.5649026036262512 -0.0 0.0
1711532925.7031682 0.4497183859348297 1.4352933764457703 0.20275978807193387 0.15265507996082306 0.0879429280757904 -0.00022626504743357336 -0.013098703581421107 -0.00022626550032024594 -0.01309870456344064 0.1499886724940558 0.061313378678501576 1.4536188840866089 0.5649026036262512 -0.0 0.0
1711532925.7531946 0.46388450264930725 1.4378747344017029 0.21027948580439135 0.1475251466035843 0.023778846487402916 0.049597334145505385 -0.09708225728219678 0.04959733369552173 -0.09708225826759291 0.15 0.05645672431081681 1.453377604484558 0.571751207113266 -0.0 0.0
1711532925.80444 0.46388450264930725 1.4378747344017029 0.21027948580439135 0.1475251466035843 0.023778846487402916 -0.03751780422294663 -0.014136073724653543 -0.03751780472517859 -0.014136074757330091 0.14807756207615597 0.055732382190939324 1.453377604484558 0.571751207113266 -0.0 0.0
1711532925.85335 0.4780830144882202 1.4407042860984802 0.21770068617243352 0.15028220415115356 0.016886740922927856 0.015990569305613538 -0.1014796450582234 0.015990568825310043 -0.10147964610404386 0.14885965923948286 0.050769022586885384 1.4531953930854797 0.5787610709667206 -0.0 0.0
1711532925.9032776 0.4780830144882202 1.4407042860984802 0.21770068617243352 0.1486329734325409 0.046626050025224686 -0.03134494421187778 -0.015191164024775128 -0.0313449447270789 -0.015191165060823627 0.14729476008796807 0.05001060232099585 1.4531953930854797 0.5787610709667206 -0.0 0.0
1711532925.9531953 0.4921252429485321 1.443418800830841 0.22335443161708388 0.1487002819776535 0.020420178771018982 0.015949526073037915 -0.08542981632110447 0.01594952557158835 -0.08542981733885052 0.14809093129252898 0.04574610177075681 1.4530974626541138 0.5856712758541107 -0.0 0.0
1711532926.0031178 0.4921252429485321 1.443418800830841 0.22335443161708388 0.15041778981685638 0.08138077706098557 0.0020600927611108925 -0.01605690628617495 0.00206009225591717 -0.016056907290957902 0.14819376881124072 0.04494455878196908 1.4530974626541138 0.5856712758541107 -0.0 0.0
1711532926.0531085 0.5063222050666809 1.4461857080459595 0.228074612619088 0.1438712775707245 0.10027696937322617 0.001092554294689363 -0.07911084098814465 0.0010925537749795122 -0.07911084203268016 0.14824838628897305 0.040989756050921394 1.4528093934059143 0.5929954051971436 -0.0 0.0
1711532926.1041589 0.5063222050666809 1.4461857080459595 0.228074612619088 0.1438712775707245 0.10027696937322617 0.05127674316971527 -0.016835206213705555 0.05127674269522806 -0.016835207207999834 0.15 0.04013034769956697 1.4528093934059143 0.5929954051971436 -0.0 0.0
1711532926.1530776 0.5196394473314285 1.4489250779151917 0.23051002801739862 0.151073157787323 0.006137415766716003 -0.061036574574324334 -0.0621013037381296 -0.0610365751414364 -0.06210130482947519 0.14701425593660614 0.03709251994147344 1.452367901802063 0.5993909239768982 -0.0 0.0
1711532926.2031264 0.5196394473314285 1.4489250779151917 0.23051002801739862 0.14662742614746094 0.0008765993406996131 0.04227664095482325 -0.01738209191668824 0.04227664046046431 -0.017382092864346145 0.14913013208964124 0.036222574851680754 1.452367901802063 0.5993909239768982 -0.0 0.0
1711532926.2532034 0.5326104760169983 1.4514508843421936 0.23049966578965322 0.14711835980415344 0.045598793774843216 -0.029758114113243413 -0.01738209191668824 -0.02975811465859653 -0.01738209295379063 0.14763995741171654 0.03535214488438477 1.452217936515808 0.6057204008102417 -0.0 0.0
1711532926.3031292 0.5326104760169983 1.4514508843421936 0.23049966578965322 0.151073157787323 0.03268197178840637 0.03111310273447602 -0.03999539962917996 0.031113102238379486 -0.03999540060759413 0.14919321504490163 0.033355456774980835 1.452217936515808 0.6057204008102417 -0.0 0.0
1711532926.3531024 0.5462810546159744 1.454159677028656 0.23502460128833244 0.14812976121902466 0.04329055920243263 -0.03380314571687404 -0.01766084360911171 -0.03380314625544675 -0.01766084466012861 0.14750404257835703 0.03247292908627483 1.451936423778534 0.6125074923038483 -0.0 0.0
1711532926.4031613 0.5462810546159744 1.454159677028656 0.23502460128833244 0.145728200674057 0.03557855263352394 0.027259859548300652 -0.07855402100835217 0.02725985903536537 -0.07855402200528463 0.14886864604597463 0.02854058700465758 1.451936423778534 0.6125074923038483 -0.0 0.0
1711532926.4531007 0.5462810546159744 1.454159677028656 0.23502460128833244 0.14773176610469818 0.05405046418309212 0.0077244753724015815 -0.018413488542462726 0.007724474855206305 -0.01841348955605429 0.14925437953929035 0.027621081176270792 1.451936423778534 0.6125074923038483 -0.0 0.0
1711532926.503083 0.5664178431034088 1.4591845273971558 0.24116335228076857 0.15028220415115356 0.020790845155715942 -0.02097523161846818 -0.11328993931733775 -0.020975232191201978 -0.1132899403915428 0.14820599399628642 0.021958615340775076 1.4522278904914856 0.6222460269927979 -0.0 0.0
1711532926.5532713 0.5664178431034088 1.4591845273971558 0.24116335228076857 0.14553645253181458 -0.0005606561899185181 0.05498012548787518 -0.019584387921396933 0.054980124980152374 -0.019584388873177733 0.15 0.02097572210590663 1.4522278904914856 0.6222460269927979 -0.0 0.0
1711532926.603187 0.5836198925971985 1.4623869061470032 0.24498107156917703 0.1486329734325409 0.02579866535961628 0.002312788000239042 -0.0793766747442141 0.002312787437382368 -0.07937667577038719 0.15 0.017013742906840976 1.4519111514091492 0.6310619413852692 -0.0 0.0
1711532926.653169 0.5836198925971985 1.4623869061470032 0.24498107156917703 0.146327406167984 0.04348158836364746 -0.02204759115157976 -0.02032130510715806 -0.022047591718292254 -0.020321306160491114 0.1488980419898357 0.01599806616596703 1.4519111514091492 0.6310619413852692 -0.0 0.0
1711532926.7032502 0.599409282207489 1.465395748615265 0.24817874025766065 0.15228596329689026 0.04204114153981209 0.025760414587273694 -0.0731753728067657 0.02576041405116969 -0.07317537380233118 0.15 0.012333473877996043 1.4517780542373657 0.6385341286659241 -0.0 0.0
1711532926.7530773 0.599409282207489 1.465395748615265 0.24817874025766065 0.14419421553611755 -0.018215540796518326 -0.052408998793458964 -0.020974850222645156 -0.05240899938362279 -0.020974851318601773 0.14738878654117776 0.01128842789917426 1.4517780542373657 0.6385341286659241 -0.0 0.0
1711532926.8031297 0.6144653856754303 1.469369888305664 0.2472141949332371 0.1487002819776535 0.07261708378791809 -0.01759996835481735 -0.04885385172134675 -0.0175999689157737 -0.048853852756767395 0.1465078783679919 0.008843210047312856 1.451540231704712 0.6458311975002289 -0.0 0.0
1711532926.8530877 0.6144653856754303 1.469369888305664 0.2472141949332371 0.14845691621303558 -0.004215882159769535 0.041751259684718565 -0.02131938684189551 0.04175125917165285 -0.0213193878101585 0.14859355797757665 0.007778202348702724 1.451540231704712 0.6458311975002289 -0.0 0.0
1711532926.9031594 0.6286089420318604 1.4729466438293457 0.24660004805882593 0.14721521735191345 0.020342214033007622 0.005030286649436636 -0.02131938684189551 0.005030286097079991 -0.021319387827478806 0.14884543543460801 0.0067106938436560125 1.4511722326278687 0.6527867317199707 -0.0 0.0
1711532926.953278 0.6286089420318604 1.4729466438293457 0.24660004805882593 0.14949123561382294 0.0023599714040756226 0.015480198452057215 -0.04844048175758403 0.015480197909198828 -0.04844048273671137 0.1496212383045744 0.004283059148665028 1.4511722326278687 0.6527867317199707 -0.0 0.0
1711532927.0032034 0.6286089420318604 1.4729466438293457 0.24660004805882593 0.14774377644062042 -0.00821157917380333 -0.017218896080790736 -0.021654981198140057 -0.01721889664632218 -0.02165498220492175 0.1487616285174027 0.003201989029787482 1.4511722326278687 0.6527867317199707 -0.0 0.0
1711532927.0532851 0.6352731287479401 1.474290907382965 0.24869630824754818 0.14801248908042908 0.051471203565597534 0.018469638875125392 -0.021654981198140057 0.018469638328963343 -0.021654982156702036 0.1496865979378152 0.002117495877416616 1.4509491920471191 0.6556304395198822 -0.0 0.0
1711532927.1030743 0.6352731287479401 1.474290907382965 0.24869630824754818 0.14801248908042908 0.051471203565597534 0.0018160740523237113 -0.05084615963636382 0.0018160734984359005 -0.05084616065133235 0.14977701270501445 -0.0004139235735171427 1.4509491920471191 0.6556304395198822 -0.0 0.0
1711532927.1532416 0.6352731287479401 1.474290907382965 0.24869630824754818 0.15068687498569489 0.08370433002710342 -0.010773155307602542 -0.0220138415811344 -0.010773155873273968 -0.022013842586701044 0.14923656002921434 -0.0015182833609903715 1.4509491920471191 0.6556304395198822 -0.0 0.0
1711532927.2032065 0.6352731287479401 1.474290907382965 0.24869630824754818 0.1395922750234604 -0.004576914012432098 -0.010945903186921298 -0.0220138415811344 -0.01094590373625172 -0.02201384261084858 0.14868966725919275 -0.0026181661714333054 1.4509491920471191 0.6556304395198822 -0.0 0.0
1711532927.2533212 0.6352731287479401 1.474290907382965 0.24869630824754818 0.15243935585021973 0.0005499882972799242 -0.018866223593874288 -0.0220138415811344 -0.018866224164413827 -0.0220138425887789 0.14774417539227996 -0.0037214027780696685 1.4509491920471191 0.6556304395198822 -0.0 0.0
1711532927.3033066 0.6352731287479401 1.474290907382965 0.24869630824754818 0.14961427450180054 0.023886892944574356 0.05626182451555255 -0.0220138415811344 0.05626182399852569 -0.02201384250150004 0.15 -0.004821621487628381 1.4509491920471191 0.6556304395198822 -0.0 0.0
1711532927.3532426 0.6352731287479401 1.474290907382965 0.24869630824754818 0.1426602303981781 0.07760705053806305 -0.025558549576568487 -0.0220138415811344 -0.025558550151827217 -0.022013842614123844 0.14872377383480118 -0.00592084823460038 1.4509491920471191 0.6556304395198822 -0.0 0.0
1711532927.4033093 0.6352731287479401 1.474290907382965 0.24869630824754818 0.1484893560409546 -0.10540220141410828 0.0702388250778003 -0.0220138415811344 0.07023882457449736 -0.022013842523355403 0.15 -0.007022987899565515 1.4509491920471191 0.6556304395198822 -0.0 0.0
1711532927.4532325 0.6352731287479401 1.474290907382965 0.24869630824754818 0.14933304488658905 0.007318258285522461 -0.043687934378958 -0.0220138415811344 -0.043687934958877045 -0.02201384253267456 0.14781916761251807 -0.008121883986399866 1.4509491920471191 0.6556304395198822 -0.0 0.0
1711532927.5033014 0.6352731287479401 1.474290907382965 0.24869630824754818 0.14726217091083527 -0.007721510715782642 -0.005406382722769068 -0.0220138415811344 -0.005406383284590498 -0.022013842578159987 0.1475484787681876 -0.009224081387708583 1.4509491920471191 0.6556304395198822 -0.0 0.0
1711532927.5531726 0.6352731287479401 1.474290907382965 0.24869630824754818 0.14961427450180054 -0.02099805325269699 0.022087420071707414 -0.0220138415811344 0.022087419527955787 -0.022013842535780908 0.14864987337245852 -0.010321807057178077 1.4509491920471191 0.6556304395198822 -0.0 0.0
1711532927.603258 0.6670883297920227 1.4823498129844666 0.25244105650592324 0.151073157787323 -0.018807128071784973 -0.01801440168448902 -0.0220138415811344 -0.01801440225988466 -0.022013842582052048 0.14774766805946413 -0.011424314120716731 1.4504534602165222 0.6712140142917633 -0.0 0.0
1711532927.653382 0.6670883297920227 1.4823498129844666 0.25244105650592324 0.15011855959892273 0.014624718576669693 -0.013788137855636484 -0.12457945444310949 -0.013788138450145895 -0.12457945545552032 0.14705652936183145 -0.017668933936991257 1.4504534602165222 0.6712140142917633 -0.0 0.0
1711532927.7031195 0.6670883297920227 1.4823498129844666 0.25244105650592324 0.15011855959892273 0.014624718576669693 0.007440898339033272 -0.023283225121586856 0.007440897779752432 -0.023283226096317423 0.14742657631765077 -0.018826843532529575 1.4504534602165222 0.6712140142917633 -0.0 0.0
1711532927.753177 0.7089501321315765 1.4929125308990479 0.25693626141149756 0.15011855959892273 0.014624718576669693 -0.0002371191978454701 -0.023283225121586856 -0.00023711976341175703 -0.02328322610727188 0.14741470711188778 -0.019992302697624816 1.4497328996658325 0.6925459802150726 -0.0 0.0
1711532927.8033056 0.7089501321315765 1.4929125308990479 0.25693626141149756 0.14695309102535248 -0.029396655037999153 -0.0002371191978454701 -0.15441017039544658 -0.00023711979206019292 -0.1544101714000719 0.1474028209445616 -0.027732462716234273 1.4497328996658325 0.6925459802150726 -0.0 0.0
1711532927.8530915 0.7089501321315765 1.4929125308990479 0.25693626141149756 0.14695309102535248 -0.029396655037999153 0.03152783325536862 -0.024906145852660252 0.03152783269695421 -0.024906146768440218 0.14897237828568907 -0.028972371144934464 1.4497328996658325 0.6925459802150726 -0.0 0.0
1711532927.9031649 0.7089501321315765 1.4929125308990479 0.25693626141149756 0.14781440794467926 -0.014044046401977539 0.0044430615574757365 -0.024906145852660252 0.0044430609789693504 -0.024906146815429277 0.1491948563304195 -0.030219500291145632 1.4497328996658325 0.6925459802150726 -0.0 0.0
1711532927.9532712 0.7089501321315765 1.4929125308990479 0.25693626141149756 0.14342722296714783 0.018822424113750458 -0.001185759362260834 -0.024906145852660252 -0.0011857599455844196 -0.0249061468195661 0.14913544626017072 -0.031467371698580895 1.4497328996658325 0.6925459802150726 -0.0 0.0
1711532928.0031784 0.7600026726722717 1.5054270029067993 0.24832590258539722 0.15031448006629944 0.004439937882125378 0.04831030654284395 -0.06787176031625997 0.048310306020521825 -0.06787176118441256 0.15 -0.03485446758398981 1.4491983652114868 0.7179806232452393 -0.0 0.0
1711532928.0530865 0.7600026726722717 1.5054270029067993 0.24832590258539722 0.1475251466035843 0.006365776062011719 -0.0558302519161105 -0.025435583273124226 -0.05583025251022072 -0.025435584250462617 0.14721370793671681 -0.036123868371834365 1.4491983652114868 0.7179806232452393 -0.0 0.0
1711532928.1032438 0.7600026726722717 1.5054270029067993 0.24832590258539722 0.145728200674057 0.02766016684472561 0.019981391245791694 -0.025435583273124226 0.019981390719246504 -0.025435584172004727 0.14821589689717554 -0.037399618494444606 1.4491983652114868 0.7179806232452393 -0.0 0.0
1711532928.153385 0.7972351610660553 1.5150408744812012 0.25042194504184256 0.15142007172107697 -0.042504385113716125 0.028648138789402502 -0.12864116046555527 0.028648138239297564 -0.12864116135952805 0.14965231179890912 -0.04384967397831785 1.4485363364219666 0.7362877428531647 -0.0 0.0
1711532928.2032015 0.8202587366104126 1.5210694670677185 0.2367210887320157 0.14680197834968567 -0.017818382009863853 -0.04854274124254256 -0.026713247219954047 -0.04854274184455627 -0.02671324815361618 0.147234077036371 -0.045180437401452056 1.4480751156806946 0.7478688955307007 -0.0 0.0
1711532928.2531867 0.8202587366104126 1.5210694670677185 0.2367210887320157 0.15071363747119904 -0.0727420523762703 0.04335474791243197 0.030049557592717248 0.04335474742232526 0.030049556819540184 0.14940099575056687 -0.0436785269787881 1.4480751156806946 0.7478688955307007 -0.0 0.0
1711532928.30309 0.8202587366104126 1.5210694670677185 0.2367210887320157 0.14680197834968567 -0.05211489647626877 -0.03278277592424702 -0.026012733237156693 -0.032782776481174475 -0.02601273408538689 0.14776510995527561 -0.04497658244432837 1.4480751156806946 0.7478688955307007 -0.0 0.0
1711532928.3532498 0.8356229364871979 1.5246522426605225 0.22969801358145453 0.14607882499694824 -0.04734482243657112 -0.0021597255162917077 -0.0014278665018351497 -0.0021597260302595634 -0.0014278672796656329 0.14765677721638634 -0.04504820484967483 1.4476396441459656 0.7554600238800049 -0.0 0.0
1711532928.4031584 0.8356229364871979 1.5246522426605225 0.22969801358145453 0.15133681893348694 -0.042051076889038086 0.045578886363789956 -0.025708254692524336 0.045578885882512105 -0.025708255435432526 0.14993145953068332 -0.04633121369989433 1.4476396441459656 0.7554600238800049 -0.0 0.0
1711532928.453082 0.8524243533611298 1.528966248035431 0.22645030779076056 0.14607882499694824 -0.03691060096025467 -0.04480472903570458 -0.03821307324198621 -0.04480472957663287 -0.03821307407397797 0.1476947930698152 -0.04823882260537271 1.4475936889648438 0.7637803852558136 -0.0 0.0
1711532928.5035653 0.8524243533611298 1.528966248035431 0.22645030779076056 0.15304136276245117 0.043783076107501984 -0.01958874000499341 -0.025862392181787482 -0.019588740509500883 -0.025862393002022647 0.14670590425137447 -0.049544421158042064 1.4475936889648438 0.7637803852558136 -0.0 0.0
1711532928.5531998 0.8524243533611298 1.528966248035431 0.22645030779076056 0.14983926713466644 0.017586946487426758 -0.006082725524902355 -0.025862392181787482 -0.00608272601919613 -0.025862392985417076 0.1464039987017295 -0.050828056150766764 1.4475936889648438 0.7637803852558136 -0.0 0.0
1711532928.6032195 0.8605515658855438 1.5304251909255981 0.22652034017604483 0.14390933513641357 -0.03028937801718712 0.025929219235378984 -0.03954110405513868 0.025929218754609646 -0.0395411048192452 0.14770091587161294 -0.052805807128980226 1.4475051164627075 0.7676603198051453 -0.0 0.0
1711532928.6531231 0.8605515658855438 1.5304251909255981 0.22652034017604483 0.14764566719532013 0.008734564296901226 0.059712168857275275 -0.02603132386133891 0.05971216839050246 -0.026031324579788368 0.15 -0.05410487095707773 1.4475051164627075 0.7676603198051453 -0.0 0.0
1711532928.7031543 0.8847001194953918 1.5364758968353271 0.21212354671497732 0.14402985572814941 -0.07317037880420685 -0.02516620690405615 0.03616921912911743 -0.025166207386272232 0.036169218367276164 0.14874102482055857 -0.05229545456448146 1.4471449851989746 0.7796353995800018 -0.0 0.0
1711532928.7531106 0.8847001194953918 1.5364758968353271 0.21212354671497732 0.14402985572814941 -0.07317037880420685 0.040893176995620756 -0.02526301522152301 0.04089317654304177 -0.02526301589857385 0.15 -0.053557453728856 1.4471449851989746 0.7796353995800018 -0.0 0.0
1711532928.8031738 0.8992611765861511 1.5397893190383911 0.20577876033845593 0.1448632925748825 -0.04514734819531441 -0.07354924681757531 -0.0036640009177243034 -0.07354924732517643 -0.003664001707051181 0.14631798190901185 -0.05374088076667636 1.4466046690940857 0.7865814566612244 -0.0 0.0
1711532928.853077 0.8992611765861511 1.5397893190383911 0.20577876033845593 0.1540336012840271 -0.03783532604575157 0.07218730004961195 -0.024996034469470473 0.07218729963046554 -0.024996035105973632 0.14992023539069932 -0.0549882200486527 1.4466046690940857 0.7865814566612244 -0.0 0.0
1711532928.9032571 0.9139163792133331 1.543169915676117 0.20409217541933217 0.1461821347475052 -0.043719399720430374 -0.08116483886690205 -0.04163600029300345 -0.08116483937898933 -0.04163600106786944 0.1458472903756759 -0.05707756248180962 1.446286141872406 0.79360431432724 -0.0 0.0
1711532928.9531164 0.9139163792133331 1.543169915676117 0.20409217541933217 0.14303481578826904 0.001601008465513587 0.07063316710140181 -0.02520220120553296 0.07063316668798303 -0.025202201823089774 0.14936853806181338 -0.058333958011223465 1.446286141872406 0.79360431432724 -0.0 0.0
1711532929.0031881 0.929585725069046 1.5464573502540588 0.19734312328327083 0.15041778981685638 -0.10304110497236252 0.0390733364443369 -8.369278780440137e-05 0.03907333602287141 -8.369343898220628e-05 0.15 -0.05833814860554079 1.4461451172828674 0.8015025854110718 -0.0 0.0
1711532929.0530877 0.929585725069046 1.5464573502540588 0.19734312328327083 0.14721521735191345 -0.10377290099859238 -0.060022761277268244 -0.024891662712152873 -0.0600227617644842 -0.02489166341717809 0.14700511848055178 -0.05958013715396746 1.4461451172828674 0.8015025854110718 -0.0 0.0
1711532929.103219 0.9437812864780426 1.549261748790741 0.19136012730986107 0.1475251466035843 -0.13347694277763367 0.03112351703257814 -0.0016576196242907813 0.031123516612373746 -0.0016576202291640858 0.14856535179934577 -0.05966323426486465 1.4459511041641235 0.8087249100208282 -0.0 0.0
1711532929.1531806 0.9437812864780426 1.549261748790741 0.19136012730986107 0.14774377644062042 -0.07802386581897736 0.0002806206724387129 -0.02460408403992501 0.0002806202297029939 -0.024604084687689636 0.14857937169120722 -0.060892463558263665 1.4459511041641235 0.8087249100208282 -0.0 0.0
1711532929.2032757 0.9582270383834839 1.552134096622467 0.18441423569739698 0.15186412632465363 -0.03885428234934807 0.03557914857796747 0.005832427018427018 0.0355791481709073 0.005832426456058457 0.15 -0.060600300195629446 1.446021556854248 0.8158507645130157 -0.0 0.0
1711532929.2537453 0.9582270383834839 1.552134096622467 0.18441423569739698 0.1417398452758789 -0.13358251750469208 -0.06104490813547021 -0.024227634854328585 -0.061044908600508006 -0.024227635550324984 0.14691918750697652 -0.06182301973098542 1.446021556854248 0.8158507645130157 -0.0 0.0
1711532929.3032 0.9725613296031952 1.5550107955932617 0.17608816524128013 0.151386559009552 -0.032003194093704224 0.09840803380428069 0.017868377460181883 0.09840803344923889 0.017868376961482683 0.15 -0.06093934896511116 1.4463433623313904 0.8231703341007233 -0.0 0.0
1711532929.3530626 0.9725613296031952 1.5550107955932617 0.17608816524128013 0.14318616688251495 -0.12062617391347885 -0.08016685077413824 -0.023713532229600945 -0.08016685123159373 -0.023713532916635954 0.14600305276806363 -0.06212165484708681 1.4463433623313904 0.8231703341007233 -0.0 0.0
1711532929.403123 0.9876794219017029 1.5578056573867798 0.17305752945286088 0.1500982642173767 -0.05791214853525162 0.010097470145975923 -0.023713532229600945 0.010097469742774206 -0.023713532825384905 0.1465085324446634 -0.06330875510180073 1.4459819197654724 0.8305180370807648 -0.0 0.0
1711532929.4532409 0.9876794219017029 1.5578056573867798 0.17305752945286088 0.14911295473575592 -0.06815791130065918 0.03992309061998336 -0.024219530186398937 0.039923090234739 -0.024219530744580154 0.14850933955347168 -0.06452255415895866 1.4459819197654724 0.8305180370807648 -0.0 0.0
1711532929.503152 1.0023364424705505 1.5601495504379272 0.16550732915991956 0.14911295473575592 -0.06815791130065918 -0.022542800417689548 -0.023719793497910716 -0.022542800842675237 -0.023719794115926465 0.14738423219358476 -0.06570640505313459 1.4458750486373901 0.8377693891525269 -0.0 0.0
1711532929.5531693 1.0023364424705505 1.5601495504379272 0.16550732915991956 0.15071363747119904 -0.1607401818037033 0.061027323018266875 0.016419753880028098 0.061027322658922876 0.01641975336272764 0.15 -0.06488516370762577 1.4458750486373901 0.8377693891525269 -0.0 0.0
1711532929.603064 1.017218679189682 1.5625625848770142 0.1556450320972196 0.14607882499694824 -0.05208083614706993 -0.06177976521737491 -0.023224092301010215 -0.06177976563451314 -0.02322409287389621 0.1469178049378194 -0.06604381466145132 1.4456843733787537 0.8452423810958862 -0.0 0.0
1711532929.653327 1.017218679189682 1.5625625848770142 0.1556450320972196 0.1475251466035843 -0.044831208884716034 0.030015157028973328 0.034736671089075064 0.030015156670966724 0.03473667058058185 0.14842661203251414 -0.06429766568769789 1.4456843733787537 0.8452423810958862 -0.0 0.0
1711532929.7070868 1.0324336886405945 1.5653648376464844 0.14632452250973363 0.1485627293586731 -0.09428677707910538 0.005178703421646172 -0.022504737046167306 0.005178703047574099 -0.022504737596197266 0.148704962580077 -0.06550727472979086 1.4455576539039612 0.852700799703598 -0.0 0.0
1711532929.7532003 1.0324336886405945 1.5653648376464844 0.14632452250973363 0.1459779143333435 -0.08149895817041397 -0.006125758593776433 0.032093721667177506 -0.0061257589605321116 0.032093721144894456 0.14842248390951965 -0.064027328858486 1.4455576539039612 0.852700799703598 -0.0 0.0
1711532929.8031855 1.0457842946052551 1.5675826668739319 0.14162366602571566 0.1459779143333435 -0.08149895817041397 0.02872971444449193 -0.021882482461783655 0.028729714093943245 -0.021882482964409578 0.14985848191574683 -0.0651210815427432 1.445465087890625 0.8593557178974152 -0.0 0.0
1711532929.8531928 1.0457842946052551 1.5675826668739319 0.14162366602571566 0.15076366066932678 -0.05872742086648941 0.0012928933650617428 -0.003659656220174539 0.0012928930086239477 -0.0036596567396481668 0.1499231335942715 -0.06530408427341325 1.445465087890625 0.8593557178974152 -0.0 0.0
1711532929.9030805 1.0457842946052551 1.5675826668739319 0.14162366602571566 0.15076366066932678 -0.05872742086648941 -0.034487900793896825 -0.02165748514147169 -0.034487901173474965 -0.02165748569058693 0.14820271989740372 -0.06638445836850201 1.445465087890625 0.8593557178974152 -0.0 0.0
1711532929.9531798 1.0622131824493408 1.5699635744094849 0.13438837886901694 0.14961427450180054 -0.0410914421081543 0.009948432755223257 0.015572030968247337 0.009948432420121988 0.01557203048078419 0.14870112300695607 -0.06560432054518336 1.445635437965393 0.8683552742004395 -0.0 0.0
1711532930.0032346 1.0622131824493408 1.5699635744094849 0.13438837886901694 0.144632488489151 -0.04424026980996132 0.0007714509963989147 -0.02119696579659354 0.0007714506529679118 -0.021196966296173732 0.14873973449559055 -0.06666523924436608 1.445635437965393 0.8683552742004395 -0.0 0.0
1711532930.0531611 1.0775781273841858 1.5719355940818787 0.12860170334320845 0.1417398452758789 -0.07398980110883713 -0.005915709834729648 0.008079046716288889 -0.005915710167695706 0.008079046226418633 0.14844438367717427 -0.06626188058625841 1.4457616806030273 0.8761378228664398 -0.0 0.0
1711532930.103108 1.0896040201187134 1.5736463069915771 0.12540418262156716 0.14402985572814941 -0.036556094884872437 0.0849186047048366 -0.02083605816049158 0.08491860440394766 -0.020836058585743385 0.15 -0.06730277839997115 1.4456045031547546 0.8822241723537445 -0.0 0.0
1711532930.1532726 1.0896040201187134 1.5736463069915771 0.12540418262156716 0.14526133239269257 -0.06149514764547348 -0.006324421393499046 -0.010264146983650487 -0.0063244217333416185 -0.01026414747172288 0.1496828202161717 -0.06781754168008255 1.4456045031547546 0.8822241723537445 -0.0 0.0
1711532930.2030923 1.0896040201187134 1.5736463069915771 0.12540418262156716 0.14526133239269257 -0.06149514764547348 -0.0004106985930014285 -0.02070514994462054 -0.0004106989317461309 -0.02070515042382714 0.14966236049038847 -0.06884900698770151 1.4456045031547546 0.8822241723537445 -0.0 0.0
1711532930.2531984 1.1065486073493958 1.5759139657020569 0.11657472146639704 0.1449160873889923 -0.09716842323541641 -0.10846023140382849 -0.02070514994462054 -0.10846023178841173 -0.02070515051426815 0.14422782098803374 -0.0698864652018007 1.4454066157341003 0.8909569680690765 -0.0 0.0
1711532930.3031492 1.1065486073493958 1.5759139657020569 0.11657472146639704 0.1585640013217926 -0.03845726698637009 0.10753921069804902 0.03059601063381434 0.10753921042085311 0.030596010252152125 0.1495993152005633 -0.06835821991012743 1.4454066157341003 0.8909569680690765 -0.0 0.0
1711532930.3531888 1.124864399433136 1.5782686471939087 0.10915582238500998 0.14342722296714783 -0.05041360855102539 -0.126232340152579 -0.020072438213990573 -0.12623234046853524 -0.02007243866133183 0.1432831295838054 -0.06936256830369589 1.4454144835472107 0.8993697762489319 -0.0 0.0
1711532930.4031963 1.124864399433136 1.5782686471939087 0.10915582238500998 0.1585640013217926 -0.07949155569076538 0.13422661710625972 0.018978686063227286 0.13422661683943582 0.018978685689270264 0.14999519007409642 -0.0684135308521673 1.4454144835472107 0.8993697762489319 -0.0 0.0
1711532930.4532151 1.1401203274726868 1.5803017616271973 0.09419064083886085 0.15111969411373138 -0.12526266276836395 0.026916319496662774 -0.019590273801014878 0.026916319186997474 -0.019590274228473353 0.15 -0.06939337524811344 1.4452041983604431 0.9068685472011566 -0.0 0.0
1711532930.5031068 1.1401203274726868 1.5803017616271973 0.09419064083886085 0.1418575644493103 -0.06810454279184341 -0.07496144743050609 0.08369882977848428 -0.07496144776871803 0.08369882932225285 0.14626031324867889 -0.06521779683501698 1.4452041983604431 0.9068685472011566 -0.0 0.0
1711532930.5532436 1.1528748273849487 1.5814740061759949 0.08984340402403189 0.14897146821022034 -0.10167700797319412 0.09017515745148542 -0.01831791751118855 0.09017515718573059 -0.018317917880520087 0.15 -0.06613625547943311 1.4448699951171875 0.9132667481899261 -0.0 0.0
1711532930.6031191 1.1528748273849487 1.5814740061759949 0.08984340402403189 0.1448632925748825 -0.11780921369791031 -0.013837967205276754 0.006495674159864549 -0.013837967516062637 0.006495673743560891 0.14930998284431768 -0.06581235485489635 1.4448699951171875 0.9132667481899261 -0.0 0.0
1711532930.6531394 1.1699213981628418 1.5834081768989563 0.07834839904699535 0.14659105241298676 -0.03433103486895561 -0.029944318588968163 -0.018012399535322948 -0.029944318908376094 -0.018012399965157657 0.1478121472092242 -0.06671334761495619 1.444832980632782 0.9210710525512695 -0.0 0.0
1711532930.7031255 1.1699213981628418 1.5834081768989563 0.07834839904699535 0.14888639748096466 -0.1466887891292572 0.025186629284221235 0.057858827137514855 0.02518662901411631 0.05785882675921745 0.14907106912163742 -0.06382134707002915 1.444832980632782 0.9210710525512695 -0.0 0.0
1711532930.7533724 1.182690143585205 1.5844703912734985 0.07269188475619126 0.14656654000282288 -0.024001264944672585 -0.016046086474774426 -0.017076018576797504 -0.016046086778132147 -0.017076018975500172 0.1482648365691574 -0.06467932836822185 1.4449346661567688 0.9271337985992432 -0.0 0.0
1711532930.8031542 1.182690143585205 1.5844703912734985 0.07269188475619126 0.15037526190280914 -0.10099481046199799 0.025507840144551566 0.019422958366992385 0.025507839876941704 0.01942295799268853 0.14953461408256283 -0.06371245561765121 1.4449346661567688 0.9271337985992432 -0.0 0.0
1711532930.8531442 1.1989122033119202 1.585138976573944 0.06579152408843698 0.14814196527004242 -0.14287233352661133 -0.004787528470115805 -0.016627373174414095 -0.00478752875497726 -0.016627373567760992 0.1492952938034555 -0.06454362925372008 1.44488126039505 0.9349947571754456 -0.0 0.0
1711532930.90332 1.1989122033119202 1.585138976573944 0.06579152408843698 0.14704303443431854 -0.1523551493883133 0.00044590295797642884 0.03312952696347539 0.00044590267769539126 0.033129526600482184 0.1493176668423949 -0.0628813647602503 1.44488126039505 0.9349947571754456 -0.0 0.0
1711532930.95318 1.2137198448181152 1.5865720510482788 0.05396464624710636 0.14969463646411896 -0.10071992874145508 0.01473077959940141 -0.016010970582496894 0.014730779322265259 -0.016010970939329214 0.15 -0.06367960688673757 1.4447097182273865 0.9418666660785675 -0.0 0.0
1711532931.0030878 1.2137198448181152 1.5865720510482788 0.05396464624710636 0.1497979462146759 -0.13927172124385834 -0.021677852201937936 0.0671641112720616 -0.021677852481434785 0.0671641109102219 0.1489182016127374 -0.06032788987847624 1.4447097182273865 0.9418666660785675 -0.0 0.0
1711532931.0531278 1.2137198448181152 1.5865720510482788 0.05396464624710636 0.14746226370334625 -0.033307336270809174 0.00040410757064818226 -0.014986077300434532 0.0004041073022576198 -0.014986077657075816 0.14893842324117135 -0.06107779687686684 1.4447097182273865 0.9418666660785675 -0.0 0.0
1711532931.103109 1.229533612728119 1.5873699188232422 0.05176975078516964 0.15186412632465363 -0.0659380629658699 0.02376879454133899 -0.00431736647542386 0.023768794284215577 -0.004317366822297535 0.15 -0.06129357443015286 1.444442331790924 0.9498540461063385 -0.0 0.0
1711532931.1531384 1.229533612728119 1.5873699188232422 0.05176975078516964 0.14975489675998688 -0.019277134910225868 -0.03892254538942107 -0.01485441953188304 -0.038922545677795156 -0.014854419914192247 0.14805273314954348 -0.06203673033062032 1.444442331790924 0.9498540461063385 -0.0 0.0
1711532931.2031906 1.2442407011985779 1.5887374877929688 0.046817421596592454 0.15068687498569489 -0.05791076272726059 0.0173471792083816 0.013040465422089356 0.01734717895155449 0.01304046507756863 0.14892095980679224 -0.06138405478983725 1.4442381262779236 0.9569508135318756 -0.0 0.0
1711532931.2530706 1.2442407011985779 1.5887374877929688 0.046817421596592454 0.15068687498569489 -0.05791076272726059 -0.00884815172287405 -0.014509697973148545 -0.008848151995464933 -0.014509698331092257 0.14847965171168534 -0.06210773667667104 1.4442381262779236 0.9569508135318756 -0.0 0.0
1711532931.3031921 1.2583119869232178 1.5893322229385376 0.040553799878293786 0.14809444546699524 -0.10114274173974991 0.016596232213974355 0.03081650470978017 0.016596231958073637 0.030816504376551573 0.14931147259804028 -0.060563180535878246 1.4441320896148682 0.9640781879425049 -0.0 0.0
1711532931.3531616 1.2583119869232178 1.5893322229385376 0.040553799878293786 0.13957035541534424 -0.048111166805028915 0.01015057029470581 -0.013948777029937898 0.01015057002965703 -0.013948777366052415 0.14981869326477684 -0.061260196381795994 1.4441320896148682 0.9640781879425049 -0.0 0.0
1711532931.4030838 1.2734661102294922 1.5898739099502563 0.035183644967256074 0.15249688923358917 -0.03443211317062378 -0.04027122854383654 0.02478493229681898 -0.040271228819979424 0.024784931938118388 0.14780843662880866 -0.060022983727487725 1.4440546035766602 0.9720961153507233 -0.0 0.0
1711532931.4530816 1.2734661102294922 1.5898739099502563 0.035183644967256074 0.1492275893688202 -0.020901361480355263 -0.004993778467178356 -0.013471358260914291 -0.004993778728645197 -0.01347135860055118 0.14755876817086203 -0.06069649641417386 1.4440546035766602 0.9720961153507233 -0.0 0.0
1711532931.5033107 1.287861943244934 1.5905972123146057 0.030210059849820965 0.14739753305912018 -0.026212019845843315 0.02757981796347079 0.020217160527950452 0.02757981771524544 0.020217160207909347 0.1489440834119115 -0.05968100238676866 1.4439730644226074 0.9792003333568573 -0.0 0.0
1711532931.553129 1.287861943244934 1.5905972123146057 0.030210059849820965 0.14804363250732422 -0.03337297961115837 0.019900124707570653 -0.013053566833049654 0.01990012445365848 -0.013053567159406967 0.14993538318479413 -0.060331249483994695 1.4439730644226074 0.9792003333568573 -0.0 0.0
1711532931.6031785 1.3036506175994873 1.5912375450134277 0.02277234442104197 0.14739753305912018 -0.08012792468070984 -0.0012510424716675843 0.041434853592363555 -0.0012510427325336155 0.04143485326354465 0.14987277026036835 -0.058257493513461794 1.44354248046875 0.9859956800937653 -0.0 0.0
1711532931.653149 1.3036506175994873 1.5912375450134277 0.02277234442104197 0.1501767337322235 -0.04934205114841461 -0.01742944872202178 -0.01238022464042669 -0.017429448993506468 -0.012380224979784357 0.14900186794590542 -0.05887609979255202 1.44354248046875 0.9859956800937653 -0.0 0.0
1711532931.7031782 1.3185670971870422 1.5916642546653748 0.01585022255968202 0.14721521735191345 -0.08242714405059814 -0.032101623486816486 0.03985884152914244 -0.03210162375311055 0.03985884119049412 0.14739588516139898 -0.056882038269227775 1.4432806372642517 0.9930993914604187 -0.0 0.0
1711532931.7530959 1.3185670971870422 1.5916642546653748 0.01585022255968202 0.1475251466035843 -0.045200757682323456 0.0547563494034746 -0.011734940107983226 0.05475634915812527 -0.011734940404704842 0.15 -0.05746777471405547 1.4432806372642517 0.9930993914604187 -0.0 0.0
1711532931.803154 1.3331626057624817 1.591901421546936 0.006843546871427004 0.14945358037948608 -0.09149596840143204 -0.0167935274262739 0.05902635601564084 -0.016793527694926598 0.05902635569593214 0.14915935947877978 -0.05451306815570988 1.4429532289505005 1.0000252425670624 -0.0 0.0
1711532931.85322 1.3331626057624817 1.591901421546936 0.006843546871427004 0.14897146821022034 -0.048628874123096466 0.001092839241027821 -0.01086035317326969 0.0010928389770565922 -0.010860353487407229 0.14921407563316008 -0.05505682326558163 1.4429532289505005 1.0000252425670624 -0.0 0.0
1711532931.9032922 1.3474452495574951 1.591770589351654 0.00025282528610943517 0.1448632925748825 -0.02927856333553791 0.04694818519316096 0.04362011133438581 0.04694818495027778 0.04362011104027872 0.15 -0.052872991035725375 1.4427279233932495 1.0068838000297546 -0.0 0.0
1711532931.9531069 1.3474452495574951 1.591770589351654 0.00025282528610943517 0.14567705988883972 -0.04720025509595871 -0.03007812729334658 -0.010186893905103585 -0.030078127571468296 -0.010186894235177657 0.14850170292189369 -0.053380435983263363 1.4427279233932495 1.0068838000297546 -0.0 0.0
1711532932.0031834 1.3618108034133911 1.5918112397193909 -0.008276919478391837 0.1475251466035843 -0.03398316353559494 0.034281000366674697 -0.010186893905103585 0.034281000117039225 -0.010186894204474365 0.15 -0.053890567121066824 1.4425470232963562 1.013862282037735 -0.0 0.0
1711532932.0532675 1.3618108034133911 1.5918112397193909 -0.008276919478391837 0.14824829995632172 -0.060389723628759384 -0.011015240354991278 0.05843440218788685 -0.011015240619873938 0.05843440187944103 0.14944836395699423 -0.05096421050839096 1.4425470232963562 1.013862282037735 -0.0 0.0
1711532932.1062002 1.376944124698639 1.5920308828353882 -0.016619134538438544 0.14824829995632172 -0.060389723628759384 -0.0010507766203752518 -0.009338389637333305 -0.0010507768824791015 -0.009338389945403994 0.14939274621402787 -0.051458492577556525 1.4426699876785278 1.021498680114746 -0.0 0.0
1711532932.1531456 1.376944124698639 1.5920308828353882 -0.016619134538438544 0.151140958070755 -0.0812002569437027 -0.023205748067829962 0.06049362355107054 -0.023205748336376484 0.06049362324345654 0.1483033390870228 -0.04861858483812477 1.4426699876785278 1.021498680114746 -0.0 0.0
1711532932.2030773 1.3928730487823486 1.5914151072502136 -0.0207300830472997 0.14816011488437653 -0.06301519274711609 0.024725138607564274 -0.008528320972515954 0.02472513835618593 -0.008528321263083368 0.14953784992586858 -0.04904439863478654 1.4427732229232788 1.0286963880062103 -0.0 0.0
1711532932.253272 1.3928730487823486 1.5914151072502136 -0.0207300830472997 0.14553645253181458 -0.039466965943574905 0.003679770231246937 0.030103317200375894 0.003679769967042283 0.030103316902079676 0.14972257169289613 -0.04753323409424542 1.4427732229232788 1.0286963880062103 -0.0 0.0
1711532932.30317 1.4085618257522583 1.5908857583999634 -0.028210586623119104 0.14553645253181458 -0.039466965943574905 0.0299648664053622 -0.008049509952271766 0.029964866149810126 -0.008049510244271507 0.15 -0.0479347822718285 1.4425374865531921 1.036345899105072 -0.0 0.0
1711532932.353343 1.4085618257522583 1.5908857583999634 -0.028210586623119104 0.1483324021100998 -0.12884584069252014 -0.06159413161972123 0.05703068275773387 -0.06159413191812418 0.057030682430943155 0.14690938524836908 -0.0450731481692333 1.4425374865531921 1.036345899105072 -0.0 0.0
1711532932.4061322 1.4227290153503418 1.5906842350959778 -0.03122204285697124 0.1492275893688202 -0.07271642237901688 0.03574195071138832 -0.007243240230038907 0.035741950452336184 -0.007243240507164305 0.148795876368037 -0.045455452680359706 1.4421947598457336 1.0427850484848022 -0.0 0.0
1711532932.4530997 1.4227290153503418 1.5906842350959778 -0.03122204285697124 0.1492275893688202 -0.07271642237901688 -0.006079335416439716 0.020615963453601418 -0.006079335698493549 0.020615963150687547 0.1485103552756435 -0.04448720670555893 1.4421947598457336 1.0427850484848022 -0.0 0.0
1711532932.5032594 1.4227290153503418 1.5906842350959778 -0.03122204285697124 0.14736443758010864 -0.04254712164402008 -0.04703044134127215 -0.006919928671445346 -0.0470304416389307 -0.006919928996824513 0.14615139005005265 -0.04483429831895246 1.4421947598457336 1.0427850484848022 -0.0 0.0
1711532932.5533535 1.4433423280715942 1.5905154943466187 -0.03431501434474978 0.1534460335969925 -0.05948171019554138 0.059034957209312226 0.019587910700241563 0.05903495693662067 0.01958791041421949 0.14910862434379213 -0.043853082384776115 1.4420973658561707 1.0523645281791687 -0.0 0.0
1711532932.6038818 1.4433423280715942 1.5905154943466187 -0.03431501434474978 0.14342722296714783 -3.6230274417903274e-05 -0.05503910991805752 -0.006592070641848549 -0.055039110242075716 -0.006592070979136291 0.1463277629269086 -0.04418614801324668 1.4420973658561707 1.0523645281791687 -0.0 0.0
1711532932.6530988 1.4576420187950134 1.5898627042770386 -0.03574056852166557 0.14535565674304962 -0.046421799808740616 0.09457197670980957 0.011044621654872053 0.09457197643626977 0.01104462136965392 0.15 -0.043642570307692606 1.4419979453086853 1.0600249767303467 -0.0 0.0
1711532932.7030997 1.4576420187950134 1.5898627042770386 -0.03574056852166557 0.14629577100276947 -0.03539562225341797 -0.015539838749707255 -0.006377704128999292 -0.015539839065829116 -0.006377704452513994 0.14922300508271946 -0.04396145674676889 1.4419979453086853 1.0600249767303467 -0.0 0.0
1711532932.7533455 1.472199559211731 1.5891728401184082 -0.041010730152360654 0.14438596367835999 0.011651352979242802 0.05278978805736035 -0.006377704128999292 0.05278978776742008 -0.00637770442099885 0.15 -0.04428190632326573 1.4415876269340515 1.0674513578414917 -0.0 0.0
1711532932.80318 1.472199559211731 1.5891728401184082 -0.041010730152360654 0.14246301352977753 -0.022281918674707413 -0.010012603506322628 0.04262199376227306 -0.01001260382351243 0.042621993437975514 0.14950106041733244 -0.04215800329132266 1.4415876269340515 1.0674513578414917 -0.0 0.0
1711532932.8533797 1.486831784248352 1.588593304157257 -0.044989348827600896 0.1524527370929718 -0.0809694454073906 0.030396289305842886 -0.005774787291208974 0.030396289000533323 -0.0057747875976791345 0.15 -0.0424478975450157 1.441375195980072 1.0745083093643188 -0.0 0.0
1711532932.9031503 1.486831784248352 1.588593304157257 -0.044989348827600896 0.15547993779182434 -0.038745857775211334 -0.08520278067681195 0.03179284533001906 -0.08520278106607015 0.031792844955485046 0.14575999611014498 -0.04086576859811803 1.441375195980072 1.0745083093643188 -0.0 0.0
1711532932.953086 1.5018559694290161 1.5880091190338135 -0.049554185707407064 0.14318616688251495 -0.06855045258998871 -0.035209186845531516 -0.0053131545201504865 -0.03520918718839066 -0.005313154852221508 0.14400183852931064 -0.041131078996554604 1.441382348537445 1.0818005800247192 -0.0 0.0
1711532933.0031624 1.5018559694290161 1.5880091190338135 -0.049554185707407064 0.1560058742761612 -0.06471764296293259 0.1118294878621507 0.036806721658784014 0.11182948755806667 0.03680672137781524 0.14960175950089397 -0.03928796287897579 1.441382348537445 1.0818005800247192 -0.0 0.0
1711532933.0532782 1.5177140831947327 1.587491750717163 -0.05722500559043508 0.14316357672214508 -0.07364153861999512 -0.11432751699450669 -0.004792380240902078 -0.11432751740942937 -0.004792380626191085 0.14387186921107387 -0.03952814840768622 1.4411396980285645 1.0890247225761414 -0.0 0.0
1711532933.103133 1.5177140831947327 1.587491750717163 -0.05722500559043508 0.15401822328567505 -0.05214518681168556 0.007913375502919536 0.06215526888172727 0.007913375153024229 0.062155268564381055 0.1442663319928593 -0.03642985726561198 1.4411396980285645 1.0890247225761414 -0.0 0.0
1711532933.153374 1.5177140831947327 1.587491750717163 -0.05722500559043508 0.1381240338087082 -0.034088749438524246 0.15029012015395524 -0.00396835421521249 0.1502901198422185 -0.00396835449994992 0.15 -0.03662923985341366 1.4411396980285645 1.0890247225761414 -0.0 0.0
1711532933.2032044 1.5177140831947327 1.587491750717163 -0.05722500559043508 0.1417398452758789 -0.024950504302978516 -0.1140441443818545 -0.00396835421521249 -0.11404414481640257 -0.003968354613238242 0.14431821806969292 -0.03682694685161902 1.4411396980285645 1.0890247225761414 -0.0 0.0
1711532933.2532952 1.5297024250030518 1.5869171023368835 -0.06226489666685206 0.1475427895784378 -0.07321485877037048 0.03942163404058655 -0.00396835421521249 0.039421633696407894 -0.0039683545235858165 0.14629292583080156 -0.03702572959453892 1.441119909286499 1.0950942635536194 -0.0 0.0
1711532933.3031414 1.5297024250030518 1.5869171023368835 -0.06226489666685206 0.146327406167984 -0.017238780856132507 0.017100173814279068 0.0421274671443035 0.017100173452158335 0.04212746681790937 0.14714513686665667 -0.0349262484263926 1.441119909286499 1.0950942635536194 -0.0 0.0
1711532933.3532867 1.56258225440979 1.5847220420837402 -0.07970547216779694 0.15186412632465363 -0.056931376457214355 0.07475999333104524 -0.0034011091623501136 0.07475999298643617 -0.0034011094690481435 0.15 -0.035096795135605784 1.4406879544258118 1.11160147190094 -0.0 0.0
1711532933.403255 1.56258225440979 1.5847220420837402 -0.07970547216779694 0.1381240338087082 -0.004237038549035788 -0.10213670053113426 0.15753921284850372 -0.10213670100804165 0.15753921245344196 0.14489618937945928 -0.02722449949911178 1.4406879544258118 1.11160147190094 -0.0 0.0
1711532933.4532123 1.5784598588943481 1.5833914279937744 -0.08485546787476304 0.14553645253181458 -0.011550262570381165 0.03321303299443128 -0.0014153538034661949 0.0332130325999751 -0.0014153541278788023 0.14655516860028475 -0.027295195936758436 1.4403944611549377 1.118825376033783 -0.0 0.0
