1711539500.5422416 0.13614556565880775 1.0301119685173035 -0.042795196872514894 0.0 0.010460615158081055 1.9238739401447984 0.0 1.923873940136073 -1.5055525186768975e-12 0.15 -5.56281795571884e-14 1.6050304174423218 0.2966466695070267 273.4876512772691 262.16582075010416
1711539500.6965706 0.13614556565880775 1.0301119685173035 -0.042795196872514894 0.0 0.010460615158081055 0.3 1.4104557236522406 0.29999999999127414 1.410455723650735 0.15 0.21767195417785473 1.6050304174423218 0.2966466695070267 273.4876512772691 262.16582075010416
1711539500.7468193 0.13620837405323982 1.0301473140716553 -0.04323484411032241 0.0 0.008835512213408947 0.3 0.055691408122403224 0.07595124838088724 -0.07231238941044679 0.15 0.21403833895116722 1.6061471700668335 0.3080468028783798 0.01109602897664954 0.11327146894462171
1711539500.7966588 0.13620837405323982 1.0301473140716553 -0.04323484411032241 0.017036039382219315 -0.018124397844076157 0.3 0.05243731577142416 0.07501367421672206 -0.0759801986624416 0.15 0.21025172336331074 1.6061471700668335 0.3080468028783798 0.01109602897664954 0.11327146894462171
1711539500.8468146 0.13910076394677162 1.029740333557129 -0.04370536626211608 0.09261409938335419 0.046274878084659576 0.13006188117224346 0.05910588737270531 0.04742335703700451 0.00019635181366126075 0.15 0.21026157146730715 1.606913983821869 0.3165332078933716 0.007554067511579185 0.08360162554842589
1711539500.896696 0.13910076394677162 1.029740333557129 -0.04370536626211608 0.09261409938335419 0.046274878084659576 -0.4913069311051976 0.05251989652479247 -0.49130693105313766 0.0525198965905157 0.12549359663498663 0.2128812653677719 1.606913983821869 0.3165332078933716 0.007554067511579185 0.08360162554842589
1711539500.9467177 0.15105358883738518 1.0293972492218018 -0.026990718584048393 0.13068579137325287 0.1879516839981079 -0.14264587437047432 -0.08038737792094272 -0.14264587419111166 -0.08038737774403504 0.11835824887891884 0.20886017538774487 1.6074494123458862 0.3250938653945923 0.005296480255089527 0.08468236448368899
1711539500.996663 0.15105358883738518 1.0293972492218018 -0.026990718584048393 0.13068579137325287 0.1879516839981079 -0.06005440821804624 0.050878372050602 -0.12362244712962799 0.02838317320260752 0.11218426509815699 0.21027769506211036 1.6074494123458862 0.3250938653945923 0.005296480255089527 0.08468236448368899
1711539501.0466607 0.1650276482105255 1.0286563634872437 -0.007033681456141089 0.13597136735916138 0.1557871401309967 -0.04660509801127423 -0.10554736269514109 -0.03742026857528741 -0.05704946210475829 0.11031335159228997 0.20742537429537142 1.6079702973365784 0.3334563672542572 0.004533786279628623 0.07278726949751184
1711539501.1079981 0.1650276482105255 1.0286563634872437 -0.007033681456141089 0.13995321094989777 0.28045737743377686 0.049170378289731476 0.0489472920031819 0.05311116535272375 0.3176214643177321 0.1135709042050668 0.22690656293227576 1.6079702973365784 0.3334563672542572 0.004533786279628623 0.07278726949751184
1711539501.14679 0.1790279522538185 1.0284413695335388 0.023224706878170468 0.12552034854888916 0.19316284358501434 0.1567269257195369 -0.26414190892220524 -0.033912970695028494 -0.44341635814684077 0.11225538815161626 0.20970602503925487 1.6083148121833801 0.34367363154888153 0.0034278828019917306 0.10166059571621401
1711539501.1967075 0.1790279522538185 1.0284413695335388 0.023224706878170468 0.12580899894237518 0.229765385389328 0.04606890327209757 0.04594019780787024 -0.08208655863869749 -0.061440890238856204 0.10815797268299143 0.20663915443040357 1.6083148121833801 0.34367363154888153 0.0034278828019917306 0.10166059571621401
1711539501.246741 0.18924615532159805 1.0280986428260803 0.04618814306419286 0.1153869554400444 0.22249361872673035 0.14635110430542542 -0.13753344331646636 -0.11086119693556146 -0.125298808844011 0.10261153490724866 0.20037039614672794 1.609042227268219 0.3523726761341095 0.007240856371882409 0.08659228235305286
1711539501.2966957 0.18924615532159805 1.0280986428260803 0.04618814306419286 0.10872090607881546 0.19777904450893402 0.07419362174240662 0.043673727827725106 -0.09871967502416756 -0.003935513542273221 0.09768019257447699 0.20017380550228492 1.609042227268219 0.3523726761341095 0.007240856371882409 0.08659228235305286
1711539501.3467255 0.19960924983024597 1.0279154777526855 0.07355097947199583 0.10440658032894135 0.1598944216966629 0.13585639023092383 -0.17654913997138594 -0.06717540094460972 -0.276269649881608 0.09431951984264562 0.18635249791150052 1.6096113920211792 0.36103954911231995 0.005645445451600163 0.0859651944010235
1711539501.3966992 0.19960924983024597 1.0279154777526855 0.07355097947199583 0.10440658032894135 0.1598944216966629 0.12572074472289385 0.04095340586235981 -0.048147958209007524 -0.10061139866050507 0.0919134673140994 0.18132473932832568 1.6096113920211792 0.36103954911231995 0.005645445451600163 0.0859651944010235
1711539501.4468377 0.2101050317287445 1.0280861258506775 0.09723713720074605 0.10744128376245499 0.21431884169578552 0.04847656270051122 -0.1515823866292946 -0.03173848987312272 -0.21644328904438623 0.09032214788032487 0.17047260321399582 1.6107203960418701 0.3698562681674957 0.010650257584430452 0.08467086433886663
1711539501.4966536 0.2101050317287445 1.0280861258506775 0.09723713720074605 0.09618061035871506 0.11822155863046646 0.09512128549552298 0.0385699192742223 -0.07837082235107384 -0.021801663007099417 0.08641833432714828 0.1693866170653799 1.6107203960418701 0.3698562681674957 0.010650257584430452 0.08467086433886663
1711539501.546658 0.2198961228132248 1.028129518032074 0.11862542394632336 0.10124274343252182 0.1435450166463852 0.14709933647925616 0.0385699192742223 -0.03222554337622821 -0.11531624704286392 0.08480694344744659 0.16362039780890736 1.6114263534545898 0.3795247822999954 0.006569022433622036 0.08996673891629987
1711539501.5966938 0.2198961228132248 1.028129518032074 0.11862542394632336 0.09401112049818039 0.2072538584470749 0.1481080943941448 -0.13486406811914886 -0.018490942150994616 -0.27310348941380985 0.08388176238549552 0.14995586009659734 1.6114263534545898 0.3795247822999954 0.006569022433622036 0.08996673891629987
1711539501.6467435 0.22861748933792114 1.0284695029258728 0.1390696969691871 0.09039530903100967 0.2159595489501953 0.12931691048183547 0.03642730889778106 -0.03197284189372726 -0.09804488668725839 0.08228157436272764 0.14504887516569678 1.6115278005599976 0.38841113448143005 0.0010113085929144227 0.08858650313018429
1711539501.6966596 0.22861748933792114 1.0284695029258728 0.1390696969691871 0.08638647198677063 0.1649130880832672 0.14818536554492953 -0.13185566381839803 -0.028745445870601488 -0.2573218683117763 0.08084675697440015 0.13220475743265966 1.6115278005599976 0.38841113448143005 0.0010113085929144227 0.08858650313018429
1711539501.7467349 0.23638751357793808 1.0293652415275574 0.15548393615348116 0.08388684689998627 0.1518317610025406 0.15925105600741302 0.03435324614722266 -0.020202331681073854 -0.11589683119286304 0.07983516747063724 0.12640146602031657 1.6125107407569885 0.39733338356018066 0.009727229400050963 0.08829505988165234
1711539501.7966862 0.23638751357793808 1.0293652415275574 0.15548393615348116 0.0845484659075737 0.16823728382587433 0.14562186964543825 -0.10506806473685579 0.0003103667057952897 -0.2272989402376495 0.07985067025171787 0.11504791022786835 1.6125107407569885 0.39733338356018066 0.009727229400050963 0.08829505988165234
1711539501.8467517 0.24444115906953812 1.0300735831260681 0.16870938885261796 0.08239436149597168 0.11444091796875 0.15918537954816958 0.03263369934729766 0.0006187352953712089 -0.10036250134115987 0.07988164637428614 0.11002340109438175 1.613270342350006 0.4060712307691574 0.007525296902015249 0.08656497713594664
1711539501.8966732 0.24444115906953812 1.0300735831260681 0.16870938885261796 0.08263194561004639 0.13316379487514496 0.12978662254874304 -0.07967645834494523 0.0018634055621988277 -0.18476844138811 0.07997466862146334 0.1007996572277652 1.613270342350006 0.4060712307691574 0.007525296902015249 0.08656497713594664
1711539501.9467063 0.2521008923649788 1.031182587146759 0.17450565490050707 0.07909589260816574 0.09785592555999756 0.16817901535550553 0.031249330008721612 0.001161989311449757 -0.10542069959234356 0.08003280543200633 0.09552523415078906 1.6144423484802246 0.41452471911907196 0.011382871565687557 0.08210278913061098
1711539501.9966893 0.2521008923649788 1.031182587146759 0.17450565490050707 0.07593206316232681 0.10698182135820389 0.1418082147836685 -0.023566641043608016 0.0027940027785195443 -0.13635157609224224 0.08017245547704094 0.08871010000410402 1.6144423484802246 0.41452471911907196 0.011382871565687557 0.08210278913061098
1711539502.0466614 0.26010730117559433 1.0314448475837708 0.18744791796838478 0.08195841312408447 0.09094533324241638 0.11316943938346599 0.0305728292971473 -0.0053148225859722675 -0.06575773907739767 0.0799068717280765 0.08542416024128023 1.614768385887146 0.4236334264278412 0.003226377256104754 0.09013728323699421
1711539502.0967274 0.26010730117559433 1.0314448475837708 0.18744791796838478 0.07909589260816574 0.10660290718078613 0.1367914368399769 -0.07597990507516283 0.0005093605679561963 -0.18398064365525985 0.07993237276414433 0.07621320571360721 1.614768385887146 0.4236334264278412 0.003226377256104754 0.09013728323699421
1711539502.146651 0.26818542927503586 1.0327454805374146 0.19617427354540998 0.07909589260816574 0.10660290718078613 0.16417629335625694 0.029255679614963698 -0.0014818830782654946 -0.1019066222265701 0.07985839491937541 0.0711258729877169 1.615664780139923 0.4322424829006195 0.008916100085135445 0.08563108131502249
1711539502.1966789 0.26818542927503586 1.0327454805374146 0.19617427354540998 0.08225972950458527 0.1302090585231781 0.11018345242305014 -0.05060035797445346 -0.0047290554225210835 -0.13989695347304637 0.07962181496685009 0.0641272629791571 1.615664780139923 0.4322424829006195 0.008916100085135445 0.08563108131502249
1711539502.2466762 0.2757098972797394 1.0337347388267517 0.2054150580263622 0.0806778147816658 0.06547073274850845 0.1615375768823622 0.02826927888183366 -0.00399711091047486 -0.10068718870647396 0.07942197771864802 0.05909336445320554 1.6166818737983704 0.44088660180568695 0.01013824227689807 0.0861633252769242
1711539502.2966826 0.2757098972797394 1.0337347388267517 0.2054150580263622 0.07890978455543518 0.08638466149568558 0.13045632033511118 -0.05359001590523363 0.006370175362267222 -0.1479793668382619 0.07974051503960276 0.051693732827921335 1.6166818737983704 0.44088660180568695 0.01013824227689807 0.0861633252769242
1711539502.346734 0.2804115563631058 1.0346499681472778 0.21181404850863755 0.07954787462949753 0.11463960260152817 0.14993447972100313 0.02725858082639282 -0.0023777453686047445 -0.08913618708092394 0.07962150543443905 0.04723233735203655 1.6169633865356445 0.4463968425989151 0.002583409728892399 0.05056684046200533
1711539502.396688 0.2804115563631058 1.0346499681472778 0.21181404850863755 0.07965421676635742 0.07560674101114273 0.1398400002010748 -0.03112615032568871 0.1398400001570522 -0.031126150455709253 0.08660669732155647 0.04567754520818477 1.6169633865356445 0.4463968425989151 0.002583409728892399 0.05056684046200533
1711539502.4467316 0.2923269644379616 1.0369358658790588 0.23039399252031217 0.08039864897727966 0.07038256525993347 0.16024152202549177 0.026538474863166135 0.1602415219888518 0.026538474748676846 0.09462545157738536 0.04700557495161772 1.6179279088974 0.46029937267303467 0.009207250183211875 0.13271239490921338
1711539502.4967163 0.2923269644379616 1.0369358658790588 0.23039399252031217 0.0788082703948021 0.05540522560477257 0.11758961802244941 -0.1402642276001232 0.03315214967877783 -0.1919349904549185 0.09628250419431712 0.03741203784178462 1.6179279088974 0.46029937267303467 0.009207250183211875 0.13271239490921338
1711539502.5466821 0.29908934235572815 1.0383026599884033 0.23665283992178662 0.07965421676635742 0.0611824132502079 0.15511566750953115 0.024479863059730746 0.026916361408212186 -0.05289845606798054 0.09762735195979873 0.034769021968965134 1.6183903217315674 0.4684281498193741 0.0046115985448320134 0.081067509570345
1711539502.596715 0.29908934235572815 1.0383026599884033 0.23665283992178662 0.08513594418764114 0.042145904153585434 0.13392834273604853 -0.035910801331689515 -0.004260170921684292 -0.13445616729989343 0.09741420649682908 0.02804189234081166 1.6183903217315674 0.4684281498193741 0.0046115985448320134 0.081067509570345
1711539502.6466758 0.29908934235572815 1.0383026599884033 0.23665283992178662 0.08513594418764114 0.042145904153585434 0.08583783478152233 0.023733825991143414 -0.015663972399927645 -0.04707796270320547 0.09663165844102453 0.02568994947191318 1.6183903217315674 0.4684281498193741 0.0046115985448320134 0.081067509570345
1711539502.6968095 0.3096928745508194 1.0403999090194702 0.24924576327620573 0.09263711422681808 0.05398273468017578 0.054875031311143546 -0.09292045741965413 -0.0013846490079748586 -0.13220788950296444 0.09656224250656774 0.0190620357265867 1.6194884181022644 0.478084459900856 0.010812076566615491 0.09507796104060735
1711539502.7469316 0.3096928745508194 1.0403999090194702 0.24924576327620573 0.09230956435203552 0.046211130917072296 0.11472577154636382 0.02228988005452125 -0.006272977713890446 -0.06220633671676927 0.09624783714920886 0.01594421729689349 1.6194884181022644 0.478084459900856 0.010812076566615491 0.09507796104060735
1711539502.7966917 0.3194854110479355 1.0424911975860596 0.25449238026797255 0.09473428130149841 0.04078320041298866 0.07538814125064427 -0.035427073546747026 -0.019080207011539382 -0.09628644446946444 0.09529845866765692 0.011153269358583863 1.6203705668449402 0.4867634177207947 0.008649811223714509 0.08510055405547567
1711539502.8466275 0.3194854110479355 1.0424911975860596 0.25449238026797255 0.09639602154493332 0.023466475307941437 0.1251214852882142 0.02158074213148327 -0.020868981559505617 -0.07258819098709418 0.09425641369071869 0.007528743667789849 1.6203705668449402 0.4867634177207947 0.008649811223714509 0.08510055405547567
1711539502.89679 0.32876624166965485 1.0445675253868103 0.2565416360231156 0.10006550699472427 0.009004459716379642 0.09395698849358353 -0.009781282109849285 -0.011517195893675836 -0.08111304078915929 0.09367868722405105 0.0034599450740696105 1.621467649936676 0.4959835857152939 0.010705818576916007 0.08997444819025949
1711539502.9466515 0.32876624166965485 1.0445675253868103 0.2565416360231156 0.10006550699472427 0.009004459716379642 0.07042969010052806 0.02119231711455445 -0.017610355350514043 -0.0374915139229467 0.09280066428597722 0.001590680737702829 1.621467649936676 0.4959835857152939 0.010705818576916007 0.08997444819025949
1711539502.99668 0.33751025795936584 1.0467589497566223 0.2566530297215597 0.09188880026340485 -0.0006478765862993896 0.13274745601370042 0.004582026151420816 -0.015681161899557566 -0.0935850983654771 0.09201615829709475 -0.003091247209227076 1.6217784881591797 0.5051446408033371 0.0030898503599986727 0.09106437790617757
1711539503.0467043 0.33751025795936584 1.0467589497566223 0.2566530297215597 0.09188880026340485 -0.0006478765862993896 0.1553034057121387 0.02098713609730495 -0.007975024523246582 -0.09001468807613706 0.09161722491738578 -0.007594037593505944 1.6217784881591797 0.5051446408033371 0.0030898503599986727 0.09106437790617757
1711539503.0967047 0.3468509614467621 1.0492208003997803 0.2577515649661835 0.09449323266744614 0.0442081019282341 0.059902956952016743 -0.0056055388083822155 -0.06018629860797712 -0.04270286539925142 0.08860801330361584 -0.009729107559141772 1.6220700144767761 0.5137742906808853 0.002570860289433349 0.07610161705062245
1711539503.1466453 0.3468509614467621 1.0492208003997803 0.2577515649661835 0.09082069993019104 -0.02004118449985981 0.13526259412446395 0.02065884260113567 -0.06214896539281892 -0.03117638237348042 0.08550443535662214 -0.011285985170696625 1.6220700144767761 0.5137742906808853 0.002570860289433349 0.07610161705062245
1711539503.1967187 0.35722339153289795 1.051815927028656 0.2585832073612856 0.0911184698343277 0.021668842062354088 0.12403723507328196 -0.004734409010556939 0.0034195616538291035 -0.08617509991090574 0.08567566275408757 -0.015601023055024595 1.6235472559928894 0.5236627459526062 0.014463388672057369 0.09681597111990888
1711539503.2466714 0.35722339153289795 1.051815927028656 0.2585832073612856 0.09241344034671783 0.012519747950136662 0.13434699071831172 0.020344894188174853 0.0025592723342169055 -0.06834271518732925 0.08580349567065508 -0.01901466860252441 1.6235472559928894 0.5236627459526062 0.014463388672057369 0.09681597111990888
1711539503.2967465 0.3654777854681015 1.0542015433311462 0.2562506463059872 0.08806009590625763 -0.024889906868338585 0.104828833517459 0.02201383067286111 -0.012659015608158686 -0.057327148742765816 0.08516959779649862 -0.02188531501329825 1.6240041255950928 0.5327522158622742 0.004533764568378515 0.09019973406646446
1711539503.3467634 0.3654777854681015 1.0542015433311462 0.2562506463059872 0.08806009590625763 -0.024889906868338585 0.1586966357408157 0.020365528791428184 8.725691728755924e-05 -0.08819366560201539 0.08517396188642247 -0.02629625570850365 1.6240041255950928 0.5327522158622742 0.004533764568378515 0.09019973406646446
1711539503.3967483 0.3733522295951843 1.0565271377563477 0.25324467362720743 0.08652722835540771 -0.024013740941882133 0.15838927388506802 0.020365528791428184 -0.0033868803171062667 -0.09124519696238252 0.08500467051925373 -0.03085709715994911 1.6246740818023682 0.5413598120212555 0.006304943883755683 0.08100590779973164
1711539503.446691 0.3733522295951843 1.0565271377563477 0.25324467362720743 0.08244052529335022 -0.014366422779858112 0.11158887103664585 0.027899046211834505 -0.007580297815597478 -0.053502872256971395 0.08462612226915989 -0.033528947153256335 1.6246740818023682 0.5413598120212555 0.006304943883755683 0.08100590779973164
