1711533732.3926823 0.3146331161260605 1.432211458683014 0.06711998984958008 0.0 -0.006432435940951109 1.9760455544455544 0.0 0.4507811017522467 2.6189946253579492 0.15 0.09375620913445856 1.4892084002494812 0.6260958909988403 0.0 0.0
1711533732.5946028 0.3146331161260605 1.432211458683014 0.06711998984958008 0.0 -0.006432435940951109 0.3 0.016769981616004133 0.003157694327130922 -0.08315309765306711 0.15 0.07696599242950425 1.4892084002494812 0.6260958909988403 0.0 0.0
1711533732.644773 0.3146618604660034 1.4322423934936523 0.06735940540813797 0.0 0.004168919287621975 0.3 0.0008058658395046561 0.003689057455344702 -0.09893834593336917 0.15 0.0720021903128468 1.4892017245292664 0.6260869204998016 0.0 0.0
1711533732.694919 0.3146618604660034 1.4322423934936523 0.06735940540813797 0.01084743719547987 -0.003724438836798072 0.30548962323623335 -0.0014039288481713448 0.015709071444811762 0.20624287948003545 0.15 0.08234417193792691 1.4892017245292664 0.6260869204998016 0.0 0.0
1711533732.744687 0.3205227702856064 1.4331337809562683 0.0592581134736845 0.05654514953494072 -0.06076756864786148 0.18669471274383087 0.0007785064635726411 0.18669471265796259 0.0007785062126491162 0.15 0.08238291494207847 1.4892553091049194 0.6261532604694366 0.0 0.0
1711533732.7947392 0.3205227702856064 1.4331337809562683 0.0592581134736845 0.11570599675178528 -0.041449353098869324 -0.1782996749183826 0.05836312958403138 -0.10301570993876895 0.26262800917026097 0.144843963391367 0.0955277025724228 1.4892553091049194 0.6261532604694366 0.0 0.0
1711533732.8447087 0.3205227702856064 1.4331337809562683 0.0592581134736845 0.11570599675178528 -0.041449353098869324 -0.4050063481383384 0.0014901435483832305 -0.24265571933105248 0.4858793464976284 0.1327190570894674 0.11980589212654821 1.4892553091049194 0.6261532604694366 0.0 0.0
1711533732.8948092 0.3342117965221405 1.4335750341415405 0.06536518093088863 0.1414097100496292 0.07807431370019913 -0.0541521392778439 -0.0518208257791652 -0.05415213939727568 -0.05182082615727184 0.1300060043120518 0.11720963945954777 1.4892829060554504 0.6261686086654663 0.0 0.0
1711533732.9447203 0.3457047790288925 1.433677613735199 0.074540068816751 0.144632488489151 0.09593452513217926 -0.09029597636660537 0.000830676051499929 -0.09029597648281688 0.0008306756632050074 0.1254994766371087 0.11725109715246997 1.489280879497528 0.6261898875236511 0.0 0.0
1711533732.994749 0.3457047790288925 1.433677613735199 0.074540068816751 0.14029352366924286 0.06651026755571365 -0.03556828563069195 -0.07436313065009117 -0.035568285748300905 -0.07436313103542481 0.12372008034946437 0.11353088751857261 1.489280879497528 0.6261898875236511 0.0 0.0
1711533733.0586596 0.36136485636234283 1.4343527555465698 0.08482671665792639 0.13819634914398193 0.10055661201477051 0.059429031691251154 -9.814881452896718e-05 0.059429031588642 -9.814914379116387e-05 0.127518091019737 0.11352461496986313 1.489253044128418 0.6261778175830841 0.0 0.0
1711533733.094665 0.36136485636234283 1.4343527555465698 0.08482671665792639 0.1323387324810028 0.05620207265019417 0.046906300480362234 -0.12377256621746352 0.04690630035960733 -0.12377256660700935 0.1292069309422857 0.10906824023555896 1.489253044128418 0.6261778175830841 0.0 0.0
1711533733.1533186 0.36136485636234283 1.4343527555465698 0.08482671665792639 0.13040505349636078 0.14496757090091705 0.07527021966613655 -0.0012014282755054993 0.0752702195526516 -0.0012014286250130058 0.1336217459322599 0.1089977729892215 1.489253044128418 0.6261778175830841 0.0 0.0
1711533733.194834 0.3745335042476654 1.4350411295890808 0.09858237223609687 0.12850040197372437 0.0723336786031723 0.05782087136802455 -0.1425195115342045 0.05782087123132316 -0.1425195119844956 0.1360221996584962 0.10308102551864325 1.489244818687439 0.6261583864688873 0.0 0.0
1711533733.24587 0.3745335042476654 1.4350411295890808 0.09858237223609687 0.12850040197372437 0.0723336786031723 0.05792797370989915 -0.0026530792597384157 0.05792797357753518 -0.0026530796603418606 0.13897843909376945 0.10294563085122362 1.489244818687439 0.6261583864688873 0.0 0.0
1711533733.2947621 0.38859692215919495 1.435908317565918 0.1111212092359393 0.12913616001605988 0.12726078927516937 0.10071806828074956 -0.11442890678739313 0.10071806813210127 -0.11442890723327802 0.14390277302707086 0.09735094301328409 1.4892076253890991 0.626136988401413 0.0 0.0
1711533733.35082 0.4008474797010422 1.4369178414344788 0.11997874378695873 0.13102002441883087 0.12838314473628998 -0.003261474506430752 -0.004002824430972359 -0.0032614746642955065 -0.004002824921935544 0.14371994461905152 0.09712655675142862 1.4892117381095886 0.626103550195694 0.0 0.0
1711533733.395864 0.4008474797010422 1.4369178414344788 0.11997874378695873 0.13008515536785126 0.03761330246925354 0.021229321394881612 -0.09357639009284265 0.02122932122338497 -0.09357639061100224 0.14467611095836094 0.09291188620615697 1.4892117381095886 0.626103550195694 0.0 0.0
1711533733.4447696 0.41146576404571533 1.4376924633979797 0.12767460673700914 0.1348181515932083 0.05799045413732529 0.047476077041387316 -0.005000190056182495 0.047476076877660006 -0.0050001905041391435 0.14699793486940227 0.09266735121852122 1.4891870617866516 0.6260935664176941 0.0 0.0
1711533733.5301428 0.41146576404571533 1.4376924633979797 0.12767460673700914 0.1448632925748825 0.12507843971252441 0.008187384426864602 -0.04592743278063756 0.008187384244531274 -0.04592743328812402 0.14769689433658803 0.08874651235942915 1.4891870617866516 0.6260935664176941 0.0 0.0
1711533733.5684068 0.42966729402542114 1.4402954578399658 0.13984549783602895 0.1448632925748825 0.12507843971252441 -0.09473593152648634 -0.005855429807088471 -0.09473593172972117 -0.005855430396597253 0.14407193780427588 0.08852246135493594 1.489166021347046 0.6260761916637421 0.0 0.0
1711533733.5994124 0.42966729402542114 1.4402954578399658 0.13984549783602895 0.14535565674304962 0.13816186785697937 0.010273414850234974 -0.2015246391304718 0.010273414637737677 -0.201524639723167 0.14439045915759713 0.08227430499839142 1.489166021347046 0.6260761916637421 0.0 0.0
1711533733.6448324 0.42966729402542114 1.4402954578399658 0.13984549783602895 0.1442120522260666 0.10031738877296448 0.01731147915898521 -0.007360417506384916 0.01731147896048536 -0.007360418047178317 0.14517670407083605 0.08194001286413094 1.489166021347046 0.6260761916637421 0.0 0.0
1711533733.6947427 0.44533905386924744 1.441862165927887 0.14932711054451203 0.1496308296918869 0.12054864317178726 0.01157589554786681 -0.007360417506384916 0.011575895347956616 -0.007360418051020651 0.14575444124128875 0.0815726644240903 1.4891455173492432 0.6260868012905121 0.0 0.0
1711533733.744728 0.45819689333438873 1.4437389969825745 0.15643760852449304 0.14342722296714783 0.1435987651348114 0.019426200673351438 -0.0982304312103983 0.01942620045038145 -0.09823043180844956 0.14672544002249813 0.07666271665497823 1.4891305565834045 0.6260828077793121 0.0 0.0
1711533733.8125935 0.45819689333438873 1.4437389969825745 0.15643760852449304 0.14342722296714783 0.1435987651348114 0.013145554065704335 -0.06355260771913812 0.013145553829962353 -0.06355260835360857 0.14761755538284774 0.07234975587478572 1.4891305565834045 0.6260828077793121 0.0 0.0
1711533733.8526936 0.45819689333438873 1.4437389969825745 0.15643760852449304 0.14318616688251495 0.10556493699550629 0.013145554065704335 -0.009400662053321844 0.01314555383389316 -0.00940066267721301 0.1481446683021782 0.07197280631373712 1.4891305565834045 0.6260828077793121 0.0 0.0
1711533733.894754 0.4736475795507431 1.4459550380706787 0.16452583619781405 0.13920877873897552 0.03160129860043526 0.06170088684556435 -0.009400662053321844 0.061700886618286245 -0.009400662605305971 0.15 0.07157741539988652 1.489138424396515 0.6260518133640289 0.0 0.0
1711533733.9447594 0.4736475795507431 1.4459550380706787 0.16452583619781405 0.14193835854530334 0.027681097388267517 -0.06030235188429481 -0.09478150934647032 -0.060302352186562276 -0.09478151005408594 0.14698475587130197 0.06683814103766024 1.489138424396515 0.6260518133640289 0.0 0.0
1711533733.9947 0.4886738806962967 1.4482024312019348 0.17395659595538013 0.14193835854530334 0.027681097388267517 0.059849471907875124 -0.010454790272866285 0.05984947166095745 -0.0104547908546269 0.14997361648632831 0.0663160326253964 1.4890978336334229 0.6260186433792114 0.0 0.0
1711533734.0447876 0.4886738806962967 1.4482024312019348 0.17395659595538013 0.14736443758010864 0.06994671374559402 -0.030959181318153624 -0.10683655657373436 -0.030959181639198738 -0.10683655728645965 0.14842298687025424 0.06096498905653072 1.4890978336334229 0.6260186433792114 0.0 0.0
1711533734.0948129 0.5022333860397339 1.4501490592956543 0.18000804777977814 0.1496308296918869 0.02227986603975296 -0.00041667243600343896 -0.011646716044629184 -0.00041667272406950074 -0.01164671672804214 0.14840214262426976 0.06038235665856642 1.4891038537025452 0.6260496973991394 0.0 0.0
1711533734.1447225 0.5022333860397339 1.4501490592956543 0.18000804777977814 0.14711835980415344 0.02412746287882328 0.007735657085304677 -0.07825265341387527 0.0077356567692543855 -0.07825265412040959 0.14878818920847378 0.056477171781679186 1.4891038537025452 0.6260496973991394 0.0 0.0
1711533734.1947286 0.5179046094417572 1.4525740146636963 0.18594464230010413 0.14950963854789734 0.02507830783724785 -0.01191576108584761 -0.012467465588231204 -0.011915761404281211 -0.012467466293786396 0.14819234488766944 0.05585373961197301 1.4891535639762878 0.6261162757873535 0.0 0.0
1711533734.2447631 0.5179046094417572 1.4525740146636963 0.18594464230010413 0.1496308296918869 0.03441116213798523 -0.0040018129057233075 -0.08226796923133628 -0.004001813249009346 -0.08226796998209285 0.14799211797879241 0.05173754020332213 1.4891535639762878 0.6261162757873535 0.0 0.0
1711533734.294735 0.5312087535858154 1.4546064734458923 0.18617969502692855 0.14773176610469818 0.10983676463365555 0.018768147236370776 -0.013329779727413428 0.01876814692067442 -0.013329780468310612 0.14892995167150125 0.051071458608136895 1.489199697971344 0.6261570453643799 0.0 0.0
1711533734.3448076 0.5312087535858154 1.4546064734458923 0.18617969502692855 0.14801248908042908 0.08123724162578583 0.0004392542842898556 -0.03344834317677409 0.00043925393802819707 -0.03344834392094953 0.14895194639370513 0.04939660274680168 1.489199697971344 0.6261570453643799 0.0 0.0
1711533734.3947358 0.5482986867427826 1.4580217003822327 0.19161827568848128 0.15037526190280914 0.060742393136024475 0.0050123607883601 -0.01357851475207919 0.005012360454310353 -0.013578515508135608 0.1492021949100967 0.04871867796631447 1.4892233610153198 0.6293124854564667 0.0 0.0
1711533734.4447417 0.5482986867427826 1.4580217003822327 0.19161827568848128 0.14764566719532013 0.06377271562814713 0.007642977642697196 -0.08828915940096306 0.007642977279894227 -0.08828916019365805 0.14958437803197375 0.04430382422084044 1.4892233610153198 0.6293124854564667 0.0 0.0
1711533734.4947865 0.5482986867427826 1.4580217003822327 0.19161827568848128 0.15111969411373138 0.056361451745033264 0.00470866560935973 -0.014500950053577636 0.004708665253482001 -0.014500950831141547 0.1498200165120113 0.0435781446855576 1.4892233610153198 0.6293124854564667 0.0 0.0
1711533734.544683 0.5641359984874725 1.460789442062378 0.19681658644793804 0.14781440794467926 0.03656744956970215 0.0030183992182526154 -0.08160641789227206 0.0030183988434959626 -0.08160641868254424 0.14997061750869062 0.03950644686619749 1.4896422624588013 0.6376067698001862 0.0 0.0
1711533734.5947676 0.5783607065677643 1.4632576704025269 0.20139922731766116 0.14538928866386414 0.07003407180309296 -0.021202948734688885 -0.015327683364520972 -0.02120294910987716 -0.015327684168983767 0.14890868658675133 0.03873877338377703 1.4899870157241821 0.645955502986908 0.0 0.0
1711533734.6447794 0.5783607065677643 1.4632576704025269 0.20139922731766116 0.14680197834968567 0.021420206874608994 0.049100689453354864 -0.07460912621853615 0.049100689101833926 -0.07460912697192514 0.15 0.035007520123729347 1.4899870157241821 0.645955502986908 0.0 0.0
1711533734.6947942 0.5920460820198059 1.4654072523117065 0.2064640197118849 0.14814196527004242 0.015055431984364986 -0.029152684648707433 -0.016059707443030192 -0.02915268504140917 -0.01605970824176803 0.14854194315499147 0.0342043019125255 1.4904661774635315 0.6542431712150574 0.0 0.0
1711533734.7487316 0.5920460820198059 1.4654072523117065 0.2064640197118849 0.14804363250732422 0.039621345698833466 0.011767484466678538 -0.07205285393474214 0.011767484088148629 -0.07205285470238229 0.14917661739783433 0.03031816187950369 1.4904661774635315 0.6542431712150574 0.0 0.0
1711533734.794716 0.5920460820198059 1.4654072523117065 0.2064640197118849 0.14804363250732422 0.039621345698833466 0.004768152673921958 -0.01680465447038138 0.004768152300733007 -0.01680465524169858 0.1493958626133855 0.029545464191100858 1.4904661774635315 0.6542431712150574 0.0 0.0
1711533734.8447478 0.6088123917579651 1.4680389761924744 0.21208214140559287 0.1488509476184845 -0.03498508781194687 -0.0053610660786629835 -0.08592267654736838 -0.005361066465432824 -0.08592267735071221 0.14912764466080689 0.02524669178309637 1.4909377098083496 0.6641659140586853 0.0 0.0
1711533734.8947356 0.6088123917579651 1.4680389761924744 0.21208214140559287 0.15260854363441467 0.03799796104431152 0.0032625095459445277 -0.01765848098448819 0.0032625091607364695 -0.017658481727265633 0.14929072951544964 0.024363987464481485 1.4909377098083496 0.6641659140586853 0.0 0.0
1711533734.944742 0.6239632070064545 1.4710947275161743 0.21936103099132137 0.15043143928050995 0.05965525284409523 -0.013505799050024926 -0.10408097422949804 -0.013505799453315863 -0.10408097505115872 0.1486153854462208 0.01915952182264207 1.4914366006851196 0.6731895506381989 0.0 0.0
1711533734.9949582 0.6239632070064545 1.4710947275161743 0.21936103099132137 0.14966319501399994 -0.04648903012275696 -0.0008628785610199086 -0.01872550976171541 -0.0008628789483938339 -0.018725510538368732 0.14857205659193723 0.018219233594481216 1.4914366006851196 0.6731895506381989 0.0 0.0
1711533735.044743 0.6392200291156769 1.4748941659927368 0.22003773362106482 0.14966319501399994 -0.04648903012275696 0.006846266192068308 -0.05854105587478664 0.006846265797499693 -0.058541056613133885 0.14891288908015085 0.015304842804191513 1.4921306371688843 0.682174026966095 0.0 0.0
1711533735.0947511 0.6392200291156769 1.4748941659927368 0.22003773362106482 0.14755591750144958 -0.05155548080801964 -0.01388966999684098 -0.019214959473594907 -0.013889670384687637 -0.019214960260681046 0.14821830356500776 0.014343953690088958 1.4921306371688843 0.682174026966095 0.0 0.0
1711533735.1447191 0.6542880237102509 1.4784014225006104 0.21816641733870512 0.14704303443431854 0.047873884439468384 0.03341758658565665 -0.035612233577155566 0.03341758621677045 -0.035612234261989104 0.14988805788271897 0.012564540852292245 1.4922603368759155 0.6904485523700714 0.0 0.0
1711533735.1949425 0.6542880237102509 1.4784014225006104 0.21816641733870512 0.14704303443431854 0.047873884439468384 0.009998748745247414 -0.019417260339325254 0.009998748373271296 -0.01941726108279801 0.15 0.011589340942697335 1.4922603368759155 0.6904485523700714 0.0 0.0
1711533735.2447522 0.6697655618190765 1.48115736246109 0.21609852397909188 0.1448632925748825 0.12102533131837845 -0.02751326836862424 -0.027489508934913552 -0.02751326875365004 -0.02748950969604376 0.14862972992664428 0.010220254164787182 1.492840826511383 0.697774738073349 0.0 0.0
1711533735.2948043 0.6697655618190765 1.48115736246109 0.21609852397909188 0.15186412632465363 0.06758815795183182 0.05432384094261771 -0.019516531822033757 0.05432384060634922 -0.019516532531472515 0.15 0.009243423398380036 1.492840826511383 0.697774738073349 0.0 0.0
1711533735.3447416 0.6843916475772858 1.4841270446777344 0.2221440909781706 0.1438107192516327 0.06716224551200867 0.020809890513960844 -0.09529816588511089 0.020809890139384345 -0.09529816663115227 0.15 0.00448458607887206 1.4929676055908203 0.705889105796814 0.0 0.0
1711533735.3948987 0.6843916475772858 1.4841270446777344 0.2221440909781706 0.1513475775718689 0.09195172041654587 0.012378561496734608 -0.02045093022370011 0.012378561125665273 -0.020450930962756294 0.15 0.0034588516791470812 1.4929676055908203 0.705889105796814 0.0 0.0
1711533735.444795 0.6976988017559052 1.4871523976325989 0.22331884408377817 0.1513475775718689 0.09195172041654587 -0.06311800398567004 -0.02045093022370011 -0.06311800438945397 -0.020450931040772148 0.14685078432641377 0.002438470993857358 1.4933846592903137 0.7148711383342743 0.0 0.0
1711533735.494808 0.6976988017559052 1.4871523976325989 0.22331884408377817 0.14540182054042816 -0.036554135382175446 0.051684226402377687 -0.05717955598500413 0.05168422604517845 -0.05717955663908794 0.14943557232072432 -0.00042114484698974443 1.4933846592903137 0.7148711383342743 0.0 0.0
1711533735.5447164 0.7135905027389526 1.4908350110054016 0.22164944469104453 0.14969463646411896 -0.012934207916259766 0.013258740979404602 -0.020904469987920837 0.013258740603597417 -0.02090447067607851 0.15 -0.0014644136504262102 1.4941415786743164 0.7250126898288727 0.0 0.0
1711533735.5947082 0.7135905027389526 1.4908350110054016 0.22164944469104453 0.14824829995632172 -0.041362784802913666 -0.019272583926149934 -0.04052438275312217 -0.019272584311648373 -0.04052438345480135 0.14903654631120836 -0.0034902637437080474 1.4941415786743164 0.7250126898288727 0.0 0.0
1711533735.6447718 0.7277619242668152 1.4941095113754272 0.21816402365873333 0.14809444546699524 0.00593129638582468 -0.0028712105026790337 -0.02114664755675989 -0.002871210878326242 -0.021146648203073215 0.14889280655209736 -0.004548916085011087 1.494653344154358 0.7329453825950623 0.0 0.0
1711533735.6947336 0.7277619242668152 1.4941095113754272 0.21816402365873333 0.15186412632465363 -0.07370990514755249 0.010151871193476165 -0.02238413837427153 0.010151870843695454 -0.022384139031876537 0.1493999881431175 -0.005667214714160183 1.494653344154358 0.7329453825950623 0.0 0.0
1711533735.7446964 0.7422993779182434 1.497264325618744 0.21852957862881442 0.15186412632465363 0.00967706274241209 -0.033909186260057816 -0.021161912975126315 -0.03390918663221627 -0.021161913676588342 0.14770584821497826 -0.006724486989788378 1.495098888874054 0.7419262528419495 0.0 0.0
1711533735.7947364 0.7422993779182434 1.497264325618744 0.21852957862881442 0.14888639748096466 -0.06534597277641296 -0.003728252649307262 -0.05249182973256708 -0.0037282530014009895 -0.052491830392082876 0.1475192926322351 -0.009351090925833258 1.495098888874054 0.7419262528419495 0.0 0.0
1711533735.8449247 0.7586485147476196 1.5003660321235657 0.2191394392209694 0.15186412632465363 -0.00542956730350852 -0.003728252649307262 -0.0215489949788845 -0.0037282529999412162 -0.02154899562876434 0.14733218416323007 -0.01043256248389477 1.4954351782798767 0.7520647943019867 0.0 0.0
1711533735.8948705 0.7586485147476196 1.5003660321235657 0.2191394392209694 0.14764566719532013 -0.08504217118024826 0.0409774584900792 -0.054440271849352115 0.04097745815949806 -0.054440272424907725 0.14937877875679506 -0.013151549268857072 1.4954351782798767 0.7520647943019867 0.0 0.0
1711533735.9447422 0.7586485147476196 1.5003660321235657 0.2191394392209694 0.14390933513641357 -0.02614089474081993 0.002718351834934999 -0.021954614155806306 0.0027183514851851017 -0.021954614764735522 0.149514338447198 -0.014246389578008811 1.4954351782798767 0.7520647943019867 0.0 0.0
1711533735.9949067 0.7723200619220734 1.5038961172103882 0.2257269622560099 0.14933304488658905 -0.08616447448730469 -0.012121367177323608 -0.10681163786885642 -0.012121367551133666 -0.10681163851033426 0.14890629969543945 -0.019604334139885774 1.4958473443984985 0.7611534893512726 0.0 0.0
1711533736.0448017 0.7723200619220734 1.5038961172103882 0.2257269622560099 0.14774377644062042 -0.06876019388437271 0.0356356903641198 -0.023005595433644138 0.0356356900318104 -0.023005596046972315 0.15 -0.020752183007288327 1.4958473443984985 0.7611534893512726 0.0 0.0
1711533736.0947661 0.7854151725769043 1.5070415139198303 0.2293384378226077 0.14390933513641357 0.03239086642861366 -0.010179358053054045 -0.023005595433644138 -0.010179358417453075 -0.02300559606599647 0.1494914111684315 -0.021901606059597876 1.496315062046051 0.7696299254894257 0.0 0.0
1711533736.1447897 0.7854151725769043 1.5070415139198303 0.2293384378226077 0.15024854242801666 0.017147114500403404 -0.020526827042751356 -0.08054225293128349 -0.020526827410359664 -0.08054225360140349 0.14846464010673077 -0.02593040474284431 1.496315062046051 0.7696299254894257 0.0 0.0
1711533736.1947238 0.7854151725769043 1.5070415139198303 0.2293384378226077 0.15037526190280914 0.04117278382182121 -0.0004970848560333363 -0.023716218254103527 -0.0004970852057118744 -0.02371621889153902 0.148439819528223 -0.027114608710576242 1.496315062046051 0.7696299254894257 0.0 0.0
1711533736.2447305 0.808051347732544 1.512041687965393 0.222318588144606 0.14538928866386414 0.043914761394262314 0.04809196822044226 -0.011852879456221143 0.04809196791532415 -0.011852880023034024 0.15 -0.027707305839528035 1.4965870380401611 0.7832782864570618 0.0 0.0
1711533736.2947948 0.8186436295509338 1.514529526233673 0.21700099478753587 0.14746226370334625 0.033855438232421875 -0.06268532218207208 -0.023569744313847327 -0.06268532254213303 -0.02356974497490154 0.14686174645470568 -0.02888729236156358 1.4968056082725525 0.7896103858947754 0.0 0.0
1711533736.34473 0.8186436295509338 1.514529526233673 0.21700099478753587 0.15558627247810364 0.008528723381459713 0.0461308459107885 -0.002855359906127144 0.04613084561797676 -0.002855360447151298 0.14916518497282685 -0.02902986827035041 1.4968056082725525 0.7896103858947754 0.0 0.0
1711533736.3948565 0.8363757729530334 1.5179743766784668 0.21502654685174521 0.14715515077114105 -0.0004213909851387143 0.008140387409284376 -0.023314351053548486 0.008140387094588902 -0.02331435162113048 0.1495732364553794 -0.030198541901371865 1.497784435749054 0.7998625636100769 0.0 0.0
1711533736.444769 0.8363757729530334 1.5179743766784668 0.21502654685174521 0.14945358037948608 -0.08078557997941971 -0.005257509251084919 -0.038341456917691814 -0.005257509570357065 -0.03834145746493273 0.14931083253903263 -0.03211217581161098 1.497784435749054 0.7998625636100769 0.0 0.0
1711533736.494844 0.8503547310829163 1.5212259888648987 0.20743436882654825 0.151073157787323 -0.1136045902967453 -0.00853559383073814 -0.023499542183503554 -0.00853559415064173 -0.023499542727390275 0.1488834406901964 -0.03328883824843854 1.4980127215385437 0.808755487203598 0.0 0.0
1711533736.5448318 0.8503547310829163 1.5212259888648987 0.20743436882654825 0.1484893560409546 -0.07297065854072571 0.010737334356508393 0.008755791606399676 0.010737334068141622 0.008755791111669112 0.14942015072283166 -0.03285117645050356 1.4980127215385437 0.808755487203598 0.0 0.0
1711533736.5947487 0.8503547310829163 1.5212259888648987 0.20743436882654825 0.14656654000282288 0.030604906380176544 -0.0009545610361470567 -0.023101442960374845 -0.000954561335851526 -0.023101443460602167 0.14937250417704245 -0.03400427572480063 1.4980127215385437 0.808755487203598 0.0 0.0
1711533736.6447184 0.8671250641345978 1.525098204612732 0.19718070676094893 0.15037526190280914 -0.049671705812215805 0.02543757491700981 0.02515667110486693 0.025437574662507 0.025156670633567704 0.15 -0.03274724110243554 1.4985235333442688 0.818634957075119 0.0 0.0
1711533736.6947546 0.8820875585079193 1.5278937220573425 0.19236352349743668 0.14764566719532013 0.019668428227305412 -0.031199130264178965 -0.02250603751303736 -0.03119913055378689 -0.022506038020846362 0.14843895894595424 -0.03387332534551683 1.4991977214813232 0.8280494213104248 0.0 0.0
1711533736.744743 0.8820875585079193 1.5278937220573425 0.19236352349743668 0.144632488489151 -0.037997107952833176 0.02655148507162429 -0.00862089684957476 0.0265514848273615 -0.008620897298584876 0.1497661647599463 -0.034304250587208755 1.4991977214813232 0.8280494213104248 0.0 0.0
