1711619464.6442344 0.141325443983078 1.4997695088386536 0.05610886040645451 0.0 0.0013061931822448969 1.8675246192656265 10.870644633970082 -123.70366429194853 226.48898874193176 -0.15 1.5 0.20298169553279877 0.9361550211906433 267.73400626746246 274.23321332409046 1.524498164653778 2.516667366027832 0.0007542476675068213 -0.00029673380022603787 0.20302874594926834 0.9360989034175873 0.0004666020787916905 -0.0005565236512207463
1711619464.8369422 0.141325443983078 1.4997695088386536 0.05610886040645451 0.0 -0.0011272290721535683 0.3 -2.2602827985004703 -0.10121373489920232 -0.2048000626615103 -0.15 1.460533972299804 0.20302874594926834 0.9360989034175873 0.0004666020787916905 -0.0005565236512207463 1.524498164653778 2.516667366027832 0.0007542476675068213 -0.00029673380022603787 0.20302874594926834 0.9360989034175873 0.0004666020787916905 -0.0005565236512207463
1711619464.8870695 0.141325443983078 1.4997695088386536 0.05610886040645451 0.0 -0.002924033673480153 0.3 -0.0055852759121668635 0.12168221296136889 0.46101305877752435 -0.14390034509722213 1.4836435172018982 0.20302874594926834 0.9360989034175873 0.0004666020787916905 -0.0005565236512207463 1.524498164653778 2.516667366027832 0.0007542476675068213 -0.00029673380022603787 0.20302874594926834 0.9360989034175873 0.0004666020787916905 -0.0005565236512207463
1711619464.93708 0.1408398449420929 1.4998173713684082 0.0653403265629907 -0.03573273494839668 0.27181121706962585 0.37230609793391745 -0.0807778829449534 0.09452118062095138 0.44996212475712466 -0.13917345675588927 1.5 0.20332275331020355 0.9364364743232727 0.00289612665719419 0.003325250413931587 1.5245556235313416 2.5167371034622192 0.0005660000704564403 0.0006869502929813643 0.20332275331020355 0.9364364743232727 0.00289612665719419 0.003325250413931587
1711619464.9871578 0.1408398449420929 1.4998173713684082 0.0653403265629907 -0.06002248451113701 0.46219995617866516 0.5991271840158687 -0.006513740586400725 0.364387815171081 0.7699924526035805 -0.12092628278865704 1.5 0.20332275331020355 0.9364364743232727 0.00289612665719419 0.003325250413931587 1.5245556235313416 2.5167371034622192 0.0005660000704564403 0.0006869502929813643 0.20332275331020355 0.9364364743232727 0.00289612665719419 0.003325250413931587
1711619465.0370996 0.13384192064404488 1.4972110986709595 0.13880400481375213 -0.09649699181318283 0.9174272418022156 0.8483644578203857 -0.5787982843633988 0.4820306446200391 0.612404448034551 -0.09685396450825629 1.5 0.20698187500238419 0.9388072788715363 0.0360481615928634 0.023356191089115887 1.5245561599731445 2.5167073011398315 5.284803957261203e-06 -0.0002936002198478446 0.20698187500238419 0.9388072788715363 0.0360481615928634 0.023356191089115887
1711619465.0870416 0.13384192064404488 1.4972110986709595 0.13880400481375213 -0.10775120556354523 1.052406907081604 0.5980872835084428 -0.01357052354778121 0.48377536444295455 0.3875809503359566 -0.07269474665927424 1.5 0.20698187500238419 0.9388072788715363 0.0360481615928634 0.023356191089115887 1.5245561599731445 2.5167073011398315 5.284803957261203e-06 -0.0002936002198478446 0.20698187500238419 0.9388072788715363 0.0360481615928634 0.023356191089115887
1711619465.1371665 0.1238710917532444 1.4926726818084717 0.24093650047057946 -0.11351459473371506 1.1175798177719116 0.6053109522774848 -0.7980568339938595 0.41581755322680375 0.006739768285568992 -0.051851741906171825 1.5 0.21128930896520615 0.9421733617782593 0.04174402202418224 0.03262124044297904 1.5244610905647278 2.516738533973694 -0.0009213326340062431 0.0003026823198866905 0.21128930896520615 0.9421733617782593 0.04174402202418224 0.03262124044297904
1711619465.1870859 0.1238710917532444 1.4926726818084717 0.24093650047057946 -0.10413539409637451 1.2815577983856201 0.573212983952712 -0.023279521568761865 0.5220224586254784 0.19935457887448055 -0.025793955895658395 1.5 0.21128930896520615 0.9421733617782593 0.04174402202418224 0.03262124044297904 1.5244610905647278 2.516738533973694 -0.0009213326340062431 0.0003026823198866905 0.21128930896520615 0.9421733617782593 0.04174402202418224 0.03262124044297904
1711619465.2371092 0.1157153956592083 1.4864635467529297 0.37306716617131946 -0.10124274343252182 1.2748627662658691 0.43327180100421836 -1.0372012026827901 0.36119510873800875 -0.49570094311891033 -0.007725864466296313 1.4752035126024092 0.21626104414463043 0.9460688531398773 0.04947534829482635 0.03876529721316687 1.5242419242858887 2.5164592266082764 -0.002180994680674382 -0.0027794781271798085 0.21626104414463043 0.9460688531398773 0.04947534829482635 0.03876529721316687
1711619465.287058 0.1157153956592083 1.4864635467529297 0.37306716617131946 -0.07369876652956009 1.3287979364395142 0.4793192943680629 -0.03580277965474939 0.4793192943810189 -0.03580277975339141 0.016214250427756493 1.4734153044687694 0.21626104414463043 0.9460688531398773 0.04947534829482635 0.03876529721316687 1.5242419242858887 2.5164592266082764 -0.002180994680674382 -0.0027794781271798085 0.21626104414463043 0.9460688531398773 0.04947534829482635 0.03876529721316687
1711619465.3370907 0.1113526001572609 1.4797608852386475 0.5143680210326839 -0.05853096395730972 1.2594647407531738 0.22718306625965748 -1.1193697855878364 0.22653415243726163 -0.9621508006383344 0.027548022551176637 1.4252777596196713 0.22139739990234375 0.9496836364269257 0.05020376002050708 0.03533160887397464 1.5235105156898499 2.5129411220550537 -0.007148932699478002 -0.034386651752423565 0.22139739990234375 0.9496836364269257 0.05020376002050708 0.03533160887397464
1711619465.3870466 0.1113526001572609 1.4797608852386475 0.5143680210326839 -0.04266658425331116 1.594294786453247 0.13685272207251115 -0.049188390534784715 0.13685272206347848 -0.04918839066125375 0.03438451802117463 1.4228205471882214 0.22139739990234375 0.9496836364269257 0.05020376002050708 0.03533160887397464 1.5235105156898499 2.5129411220550537 -0.007148932699478002 -0.034386651752423565 0.22139739990234375 0.9496836364269257 0.05020376002050708 0.03533160887397464
1711619465.4370944 0.11140173301100731 1.4740490913391113 0.6606777531219976 -0.015186412259936333 1.4001028537750244 0.21190369791641236 -1.1818806087055687 0.21190369789418917 -1.181880608839508 0.0449895950801258 1.3636713437728014 0.2262827828526497 0.953580766916275 0.04874602422221059 0.03888530728569457 1.5231573581695557 2.5079092979431152 -0.0035237821095352056 -0.050207204335352244 0.2262827828526497 0.953580766916275 0.04874602422221059 0.03888530728569457
1711619465.4870846 0.11140173301100731 1.4740490913391113 0.6606777531219976 0.003834952600300312 1.3902621269226074 0.059106935789464354 -0.06318513973248291 0.059106935754066926 -0.06318513989205131 0.04794420625542567 1.3605128731456873 0.2262827828526497 0.953580766916275 0.04874602422221059 0.03888530728569457 1.5231573581695557 2.5079092979431152 -0.0035237821095352056 -0.050207204335352244 0.2262827828526497 0.953580766916275 0.04874602422221059 0.03888530728569457
1711619465.5370836 0.11520367488265038 1.4709680676460266 0.7967213026318367 0.023141199722886086 1.3463462591171265 0.211568902286401 -1.137460861732964 0.2115689022176778 -1.137460861936384 0.05852238906813291 1.303641240246241 0.23126500844955444 0.9570215940475464 0.049551526242406135 0.0342212998136213 1.5231667160987854 2.502602458000183 9.307079071046804e-05 -0.05278003044659752 0.23126500844955444 0.9570215940475464 0.049551526242406135 0.0342212998136213
1711619465.5870671 0.11520367488265038 1.4709680676460266 0.7967213026318367 0.03834952414035797 1.2218555212020874 0.16384092502294725 -0.0764474781720994 0.1638409249398907 -0.07644747840018454 0.06671130248494152 1.2998203280914657 0.23126500844955444 0.9570215940475464 0.049551526242406135 0.0342212998136213 1.5231667160987854 2.502602458000183 9.307079071046804e-05 -0.05278003044659752 0.23126500844955444 0.9570215940475464 0.049551526242406135 0.0342212998136213
1711619465.637213 0.12176983430981636 1.470474660396576 0.9336643463968061 0.04266658425331116 1.4127016067504883 0.10199460491081387 -0.0764474781720994 0.10199460474504417 -0.07644747849003253 0.07182617760435658 1.2959866027032638 0.2358853667974472 0.9608261287212372 0.03996269064528635 0.03290641780703274 1.523068606853485 2.497620105743408 -0.000848572583372514 -0.04309367086519347 0.2358853667974472 0.9608261287212372 0.03996269064528635 0.03290641780703274
1711619465.6871233 0.12176983430981636 1.470474660396576 0.9336643463968061 0.04913250729441643 1.336830496788025 0.1800631613039917 -1.1833729746767843 0.18006316111016138 -1.1833729750357607 0.08081185439975473 1.2369328405871214 0.2358853667974472 0.9608261287212372 0.03996269064528635 0.03290641780703274 1.523068606853485 2.497620105743408 -0.000848572583372514 -0.04309367086519347 0.2358853667974472 0.9608261287212372 0.03996269064528635 0.03290641780703274
1711619465.7370284 0.12878216430544853 1.471971869468689 1.0729729311675453 0.05062137171626091 1.3312374353408813 0.1349969789462966 -0.09008701748116597 0.13499697874490835 -0.09008701783744422 0.08754879039891257 1.2324371068368671 0.2358853667974472 0.9608261287212372 0.03996269064528635 0.03290641780703274 1.5228989720344543 2.4918346405029297 -0.0016227101882936798 -0.05534319807327397 0.2410791665315628 0.9643771052360535 0.049683383356444316 0.03396829614289885
1711619465.78708 0.12878216430544853 1.471971869468689 1.0729729311675453 0.06596118211746216 1.077001690864563 0.11693674311606135 -1.230793745055039 0.11693674278336083 -1.230793745540766 0.09340161613889492 1.1708343877680125 0.2410791665315628 0.9643771052360535 0.049683383356444316 0.03396829614289885 1.5228989720344543 2.4918346405029297 -0.0016227101882936798 -0.05534319807327397 0.2410791665315628 0.9643771052360535 0.049683383356444316 0.03396829614289885
1711619465.8371332 0.13637292757630348 1.475658893585205 1.1979233723513854 0.07086992263793945 1.392674446105957 0.11092881161081766 -0.10418406258336166 0.110928811286906 -0.1041840630352487 0.0989538434139578 1.1656197497519694 0.2410791665315628 0.9643771052360535 0.049683383356444316 0.03396829614289885 1.522796869277954 2.4865872859954834 -0.0009854795655375552 -0.05064663107511046 0.24505774676799774 0.9679995775222778 0.03840062361929308 0.034963526325478646
1711619465.8871627 0.13637292757630348 1.475658893585205 1.1979233723513854 0.0774209201335907 1.2089084386825562 0.11901377293981773 -1.1488188474793632 0.11901377242577964 -1.1488188480760468 0.1049081016221368 1.1081443507586857 0.24505774676799774 0.9679995775222778 0.03840062361929308 0.034963526325478646 1.522796869277954 2.4865872859954834 -0.0009854795655375552 -0.05064663107511046 0.24505774676799774 0.9679995775222778 0.03840062361929308 0.034963526325478646
1711619465.9371278 0.1425120234489441 1.4824495911598206 1.310204253999643 0.08858740329742432 1.126198172569275 0.0927083630275291 -0.11708842900170957 0.0927083624791156 -0.11708842959517914 0.1095398240582725 1.1022945968436593 0.24505774676799774 0.9679995775222778 0.03840062361929308 0.034963526325478646 1.5224193930625916 2.4815787076950073 -0.0037673555341399866 -0.04998750758468073 0.24961822479963303 0.9711405336856842 0.04551529725999691 0.031347931612949284
1711619465.9870293 0.1425120234489441 1.4824495911598206 1.310204253999643 0.08894898742437363 1.2240477800369263 0.033313549497538134 -1.0895755894651238 0.03331354861883544 -1.089575590272206 0.11120215607918242 1.0479252345870296 0.24961822479963303 0.9711405336856842 0.04551529725999691 0.031347931612949284 1.5224193930625916 2.4815787076950073 -0.0037673555341399866 -0.04998750758468073 0.24961822479963303 0.9711405336856842 0.04551529725999691 0.031347931612949284
1711619466.0371048 0.1481906697154045 1.4904727935791016 1.419382802377302 0.09677615761756897 1.152830958366394 0.04103521595118005 -0.12907062709667022 0.041035215135099924 -0.12907062782117673 0.11325697713278149 1.0414620774529673 0.24961822479963303 0.9711405336856842 0.04551529725999691 0.031347931612949284 1.5221811532974243 2.476295828819275 -0.0023736958628684367 -0.05263582980179016 0.2536763921380043 0.9747695624828339 0.04043344743543452 0.03615773645502746
1711619466.0870223 0.1481906697154045 1.4904727935791016 1.419382802377302 0.09975387901067734 1.0643706321716309 0.09068672957376435 -1.087229783817169 0.09068672854891355 -1.0872297846181993 0.11778354715300089 0.987193698530379 0.2536763921380043 0.9747695624828339 0.04043344743543452 0.03615773645502746 1.5221811532974243 2.476295828819275 -0.0023736958628684367 -0.05263582980179016 0.2536763921380043 0.9747695624828339 0.04043344743543452 0.03615773645502746
1711619466.1370864 0.15285900980234146 1.5016629099845886 1.5275461922665685 0.10413539409637451 0.9681769609451294 0.08927616766715998 -0.14087974128488764 0.08927616671523081 -0.14087974201867084 0.1222530130674961 0.9801407836465693 0.2536763921380043 0.9747695624828339 0.04043344743543452 0.03615773645502746 1.5220193266868591 2.4705430269241333 -0.00157047166209697 -0.05582896609169472 0.2587950974702835 0.9783799648284912 0.049675276784784644 0.03503771445759437
1711619466.187148 0.15285900980234146 1.5016629099845886 1.5275461922665685 0.11240922659635544 1.1511831283569336 0.05671946036775275 -1.1165448598099554 0.05671945904498542 -1.1165448606855006 0.12509241815025035 0.9242459777733484 0.2587950974702835 0.9783799648284912 0.049675276784784644 0.03503771445759437 1.5220193266868591 2.4705430269241333 -0.00157047166209697 -0.05582896609169472 0.2587950974702835 0.9783799648284912 0.049675276784784644 0.03503771445759437
1711619466.2371182 0.15517865121364594 1.5124436020851135 1.626224820080098 0.10847437381744385 1.0117462873458862 0.008950715366557768 -0.15293938679246233 0.008950714056559584 -0.1529393876501325 0.12553968240617605 0.9166036465596795 0.2587950974702835 0.9783799648284912 0.049675276784784644 0.03503771445759437 1.521977722644806 2.46500563621521 -0.0003968028378793219 -0.052813434447943786 0.2629033848643303 0.9820600748062134 0.039183214330381 0.03509942810364627
1711619466.2871253 0.15517865121364594 1.5124436020851135 1.626224820080098 0.11281334608793259 0.8991445899009705 0.07114058003125825 -1.0491929131206812 0.07114057836260139 -1.0491929140164267 0.12909696235059315 0.8641402986820185 0.2629033848643303 0.9820600748062134 0.039183214330381 0.03509942810364627 1.521977722644806 2.46500563621521 -0.0003968028378793219 -0.052813434447943786 0.2629033848643303 0.9820600748062134 0.039183214330381 0.03509942810364627
1711619466.3370907 0.15749603509902954 1.5255261063575745 1.7114520042710815 0.1205979734659195 0.9414168000221252 -0.0035193856770133897 -0.16400501636924542 -0.003519387370549962 -0.16400501727896272 0.12892112404750755 0.8559461555259759 0.2629033848643303 0.9820600748062134 0.039183214330381 0.03509942810364627 1.5219091176986694 2.459574818611145 -0.0006812376152066914 -0.05392726678709164 0.26796241104602814 0.985826849937439 0.05023542944603722 0.03740355545664819
1711619466.3870687 0.15749603509902954 1.5255261063575745 1.7114520042710815 0.1295311599969864 0.9959094524383545 0.0426332023767368 -0.9724033681930601 0.04263320052473285 -0.9724033690784428 0.13105179607976689 0.8073485218257278 0.26796241104602814 0.985826849937439 0.05023542944603722 0.03740355545664819 1.5219091176986694 2.459574818611145 -0.0006812376152066914 -0.05392726678709164 0.26796241104602814 0.985826849937439 0.05023542944603722 0.03740355545664819
1711619466.4374988 0.15749603509902954 1.5255261063575745 1.7114520042710815 0.12510710954666138 0.8884021043777466 -0.01709511753563453 -0.17398067432367084 -0.017095119419059137 -0.17398067521993282 0.1301896637366853 0.7985744171528437 0.26796241104602814 0.985826849937439 0.05023542944603722 0.03740355545664819 1.5219091176986694 2.459574818611145 -0.0006812376152066914 -0.05392726678709164 0.26796241104602814 0.985826849937439 0.05023542944603722 0.03740355545664819
1711619466.4871044 0.15803667902946472 1.53956800699234 1.805078178543858 0.12962140142917633 0.8541092872619629 0.04002945597524263 -1.0655929323134123 0.040029453767514295 -1.0655929331722753 0.13217515825287857 0.7457201129798288 0.2725771442055702 0.9897557497024536 0.04362207326390376 0.03713903869861238 1.521653413772583 2.4541172981262207 -0.002417113842117955 -0.05158875935011753 0.2725771442055702 0.9897557497024536 0.04362207326390376 0.03713903869861238
1711619466.5372534 0.15759167075157166 1.5522127151489258 1.881087822417324 0.13027559220790863 0.8056864738464355 0.07136492515323056 -0.18490143376607693 0.07136492313634868 -0.18490143456998645 0.13575389909119512 0.7364478502788003 0.2725771442055702 0.9897557497024536 0.04362207326390376 0.03713903869861238 1.5216347575187683 2.44930362701416 -0.00018371347740852478 -0.04740159883550307 0.2770855650305748 0.9929706752300262 0.04439571178700975 0.031658292932020146
1711619466.5871413 0.15759167075157166 1.5522127151489258 1.881087822417324 0.12892630696296692 0.7069483399391174 0.00960447118243166 -0.9157067592507651 0.009604468748296421 -0.9157067600774353 0.13623304353536717 0.6907653853679014 0.2770855650305748 0.9929706752300262 0.04439571178700975 0.031658292932020146 1.5216347575187683 2.44930362701416 -0.00018371347740852478 -0.04740159883550307 0.2770855650305748 0.9929706752300262 0.04439571178700975 0.031658292932020146
1711619466.6370006 0.15759167075157166 1.5522127151489258 1.881087822417324 0.13399775326251984 0.7416220307350159 0.05297301206637635 -0.19390369966054333 0.05297300958086286 -0.19390370043122912 0.13887402523040765 0.6810982713509457 0.2770855650305748 0.9929706752300262 0.04439571178700975 0.031658292932020146 1.5216347575187683 2.44930362701416 -0.00018371347740852478 -0.04740159883550307 0.2770855650305748 0.9929706752300262 0.04439571178700975 0.031658292932020146
1711619466.6872847 0.15559692680835724 1.5676366090774536 1.9693062676087774 0.1323387324810028 0.682170033454895 -0.008337239965843818 -1.0419008803771188 -0.00833724262195668 -1.0419008811273356 0.13845478813138076 0.628706428785751 0.28227514028549194 0.9968602359294891 0.051786901753935174 0.038814023867983785 1.5214244723320007 2.4438549280166626 -0.0020984411579969167 -0.05437270408648813 0.28227514028549194 0.9968602359294891 0.051786901753935174 0.038814023867983785
1711619466.73703 0.15559692680835724 1.5676366090774536 1.9693062676087774 0.1323387324810028 0.682170033454895 0.04866354532879209 -0.204431705244263 0.04866354275690728 -0.2044317059536847 0.14087540926804654 0.6185375902589691 0.28227514028549194 0.9968602359294891 0.051786901753935174 0.038814023867983785 1.5214244723320007 2.4438549280166626 -0.0020984411579969167 -0.05437270408648813 0.28227514028549194 0.9968602359294891 0.051786901753935174 0.038814023867983785
1711619466.7871916 0.15239129960536957 1.5795190334320068 2.0374515073186856 0.13623104989528656 0.725914478302002 -0.03320164892716443 -0.8605534117764951 -0.033201651878072565 -0.8605534124098098 0.13920998503112245 0.5753714696256294 0.28682172298431396 1.0003422796726227 0.04434454324754206 0.03396169157930964 1.5208905339241028 2.4384617805480957 -0.005207703541098885 -0.05260141011450204 0.28682172298431396 1.0003422796726227 0.04434454324754206 0.03396169157930964
1711619466.8370583 0.15239129960536957 1.5795190334320068 2.0374515073186856 0.13995321094989777 0.5904576182365417 0.051424563114765724 -0.21255771463236137 0.05142456029266979 -0.21255771526563258 0.14177423432897274 0.5647724296139979 0.28682172298431396 1.0003422796726227 0.04434454324754206 0.03396169157930964 1.5208905339241028 2.4384617805480957 -0.005207703541098885 -0.05260141011450204 0.28682172298431396 1.0003422796726227 0.04434454324754206 0.03396169157930964
1711619466.88707 0.1479390300810337 1.5918797850608826 2.100460053880129 0.14293093979358673 0.6158562302589417 -0.0096774925093999 -0.8330444325277122 -0.009677495792410458 -0.8330444330595254 0.14129025847984014 0.5231115086997931 0.2914712429046631 1.0035698115825653 0.04629304328422692 0.03213498962640827 1.520883560180664 2.432874321937561 -6.943422383219944e-05 -0.05563164966220547 0.2914712429046631 1.0035698115825653 0.04629304328422692 0.03213498962640827
1711619466.9371228 0.1479390300810337 1.5918797850608826 2.100460053880129 0.14293093979358673 0.6158562302589417 -0.009659449241675711 -0.2202196246227517 -0.009659452524908128 -0.22021962515463583 0.1408067934737029 0.5120893019906256 0.2914712429046631 1.0035698115825653 0.04629304328422692 0.03213498962640827 1.520883560180664 2.432874321937561 -6.943422383219944e-05 -0.05563164966220547 0.2914712429046631 1.0035698115825653 0.04629304328422692 0.03213498962640827
1711619466.9871385 0.14194366708397865 1.6041929125785828 2.155088253866652 0.13884718716144562 0.6235736012458801 0.06942456463407791 -0.7720488793752109 0.0694245614138941 -0.7720488798632499 0.14427914377713608 0.47347437799743103 0.29612109810113907 1.007185935974121 0.046192759120526186 0.03592343329220027 1.5208820700645447 2.4274988174438477 -1.4803165272011123e-05 -0.0534015305288638 0.29612109810113907 1.007185935974121 0.046192759120526186 0.03592343329220027
1711619467.0370138 0.14194366708397865 1.6041929125785828 2.155088253866652 0.13884718716144562 0.6235736012458801 0.01070517151193605 -0.22703450678938603 0.01070516821553204 -0.2270345072993375 0.1448130234295132 0.4621518932504172 0.29612109810113907 1.007185935974121 0.046192759120526186 0.03592343329220027 1.5208820700645447 2.4274988174438477 -1.4803165272011123e-05 -0.0534015305288638 0.29612109810113907 1.007185935974121 0.046192759120526186 0.03592343329220027
1711619467.0872343 0.13597235083580017 1.6163113713264465 2.221955595724211 0.14029352366924286 0.5635125041007996 -0.04064084082027382 -0.8732702451362219 -0.04064084435854593 -0.8732702454799073 0.14277193312626305 0.4182939602202656 0.30094848573207855 1.0102818310260773 0.04818179303337204 0.030899895771859354 1.5207974910736084 2.422165870666504 -0.0008441765500961373 -0.05322774086694969 0.30094848573207855 1.0102818310260773 0.04818179303337204 0.030899895771859354
1711619467.137736 0.13597235083580017 1.6163113713264465 2.221955595724211 0.13771991431713104 0.4971097409725189 0.057994923473738955 -0.23504780993530947 0.05799491997905715 -0.23504781028531202 0.14570051962034747 0.40642468196426906 0.30094848573207855 1.0102818310260773 0.04818179303337204 0.030899895771859354 1.5207974910736084 2.422165870666504 -0.0008441765500961373 -0.05322774086694969 0.30094848573207855 1.0102818310260773 0.04818179303337204 0.030899895771859354
1711619467.1872315 0.13314739987254143 1.6235180497169495 2.289113763085539 0.14665310084819794 -184.2413787841797 0.04535852206394554 -0.848864056324863 0.04535851859978585 -0.8488640565844301 0.1479456035572465 0.36440895665225126 0.30575861036777496 1.0142057836055756 0.04758183198941532 0.038815803438134566 1.5209373831748962 2.416759729385376 0.0013838149661917554 -0.05347763844635373 0.30575861036777496 1.0142057836055756 0.04758183198941532 0.038815803438134566
1711619467.2370558 0.13314739987254143 1.6235180497169495 2.289113763085539 0.1352313756942749 0.4047257602214813 -0.0650351255758857 -0.24255039764020114 -0.06503512887326829 -0.24255039784095292 0.14470578951362328 0.35232597628724244 0.30575861036777496 1.0142057836055756 0.04758183198941532 0.038815803438134566 1.5209373831748962 2.416759729385376 0.0013838149661917554 -0.05347763844635373 0.30575861036777496 1.0142057836055756 0.04758183198941532 0.038815803438134566
1711619467.2870586 0.127263855189085 1.6313788890838623 2.3236493492660157 0.14318616688251495 0.2816745340824127 0.05740733271083507 -0.5916370843448294 0.05740732866278066 -0.5916370842872236 0.14757622164423623 0.322743444997971 0.31081993877887726 1.0173977613449097 0.05026721570001752 0.03170152586439602 1.5209403038024902 2.4115320444107056 2.9006577981521035e-05 -0.051919406703005794 0.31081993877887726 1.0173977613449097 0.05026721570001752 0.03170152586439602
1711619467.3370442 0.127263855189085 1.6313788890838623 2.3236493492660157 0.14726217091083527 0.3057754337787628 -0.03998260559462547 -0.24686020724539978 -0.039982609602513514 -0.24686020723721697 0.145577712689433 0.3104042720512121 0.31081993877887726 1.0173977613449097 0.05026721570001752 0.03170152586439602 1.5209403038024902 2.4115320444107056 2.9006577981521035e-05 -0.051919406703005794 0.31081993877887726 1.0173977613449097 0.05026721570001752 0.03170152586439602
1711619467.387138 0.11835699528455734 1.6430708765983582 2.3695563116391076 0.14739753305912018 0.3912869691848755 0.010070736074752189 -0.7206704585327524 0.010070732194930727 -0.7206704586398784 0.14608218762938685 0.27430360138380455 0.31560926139354706 1.0214575827121735 0.04727593332187985 0.04007494581167173 1.5208452343940735 2.406215786933899 -0.0009384406470121698 -0.052477365635303724 0.31560926139354706 1.0214575827121735 0.04727593332187985 0.04007494581167173
1711619467.4370568 0.11835699528455734 1.6430708765983582 2.3695563116391076 0.14824829995632172 0.39933067560195923 0.00043252684142337707 -0.2527204821408177 0.0004325228646235495 -0.2527204822000754 0.14610377765947336 0.261688677964849 0.31560926139354706 1.0214575827121735 0.04727593332187985 0.04007494581167173 1.5208452343940735 2.406215786933899 -0.0009384406470121698 -0.052477365635303724 0.31560926139354706 1.0214575827121735 0.04727593332187985 0.04007494581167173
1711619467.487199 0.10897906497120857 1.654650330543518 2.409138328446226 0.14607882499694824 0.3664221167564392 0.003931671254309154 -0.673600568084993 0.003931666927058216 -0.673600567989227 0.1463009157487556 0.22791360714210696 0.320809930562973 1.0249268412590027 0.050987907043063406 0.03401297535593989 1.5205782055854797 2.4013187885284424 -0.00261797849985157 -0.048010686962233325 0.320809930562973 1.0249268412590027 0.050987907043063406 0.03401297535593989
1711619467.5370762 0.10897906497120857 1.654650330543518 2.409138328446226 0.1444198042154312 0.3303990662097931 0.019442027809429684 -0.25793101390784823 0.019442023550922494 -0.2579310138492032 0.14727057781058847 0.21504941540586156 0.320809930562973 1.0249268412590027 0.050987907043063406 0.03401297535593989 1.5205782055854797 2.4013187885284424 -0.00261797849985157 -0.048010686962233325 0.320809930562973 1.0249268412590027 0.050987907043063406 0.03401297535593989
1711619467.5870597 0.09946759045124054 1.66520756483078 2.4374913883306397 0.14029352366924286 0.28531211614608765 -0.02024164602900687 -0.5798135969659939 -0.020241650476773697 -0.5798135968364199 0.14625886785283387 0.18606940756341778 0.3252057582139969 1.029094636440277 0.042884044639098284 0.04065944545363623 1.5205201506614685 2.3965762853622437 -0.0005663620483931367 -0.046266080844402785 0.3252057582139969 1.029094636440277 0.042884044639098284 0.04065944545363623
1711619467.6371136 0.09946759045124054 1.66520756483078 2.4374913883306397 0.14790932834148407 0.2179667353630066 0.08808266148169537 -0.2619034281610786 0.08808265717407927 -0.26190342808164047 0.15 0.17296026149579094 0.3252057582139969 1.029094636440277 0.042884044639098284 0.04065944545363623 1.5205201506614685 2.3965762853622437 -0.0005663620483931367 -0.046266080844402785 0.3252057582139969 1.029094636440277 0.042884044639098284 0.04065944545363623
1711619467.6871035 0.08928289823234081 1.6751404404640198 2.4659142598647383 0.14390933513641357 0.2546651065349579 -0.05675735646787131 -0.5785009935414588 -0.056757360889925265 -0.5785009932781103 0.14716270300629775 0.1440410322831251 0.32967333495616913 1.0321029126644135 0.04382722762898461 0.02951139162345545 1.5204846262931824 2.391679286956787 -0.00034849643668240747 -0.04803988296133093 0.32967333495616913 1.0321029126644135 0.04382722762898461 0.02951139162345545
1711619467.7439542 0.08928289823234081 1.6751404404640198 2.4659142598647383 0.14390933513641357 0.2546651065349579 0.04032648695882216 -0.26581126327591337 0.04032648206172303 -0.26581126296511853 0.14945518484114642 0.12893018053778738 0.32967333495616913 1.0321029126644135 0.04382722762898461 0.02951139162345545 1.5204846262931824 2.391679286956787 -0.00034849643668240747 -0.04803988296133093 0.32967333495616913 1.0321029126644135 0.04382722762898461 0.02951139162345545
1711619467.7871263 0.07694525271654129 1.685635268688202 2.4927014834818384 0.15037526190280914 0.16635306179523468 -0.060660531979162526 -0.6216783551240461 -0.06066053670346251 -0.6216783547557697 0.14683641312074433 0.10209174845171619 0.3341570943593979 1.0357411205768585 0.04479032945676431 0.03634372774624708 1.5204089879989624 2.385477662086487 -0.0007555856175557847 -0.061950875621914245 0.3341570943593979 1.0357411205768585 0.04479032945676431 0.03634372774624708
1711619467.837082 0.07694525271654129 1.685635268688202 2.4927014834818384 0.1459086686372757 0.177965447306633 -0.0011761182909356834 -0.26961103162842187 -0.001176123443616703 -0.2696110312521807 0.1467776614041234 0.08862368011928531 0.3341570943593979 1.0357411205768585 0.04479032945676431 0.03634372774624708 1.5204089879989624 2.385477662086487 -0.0007555856175557847 -0.061950875621914245 0.3341570943593979 1.0357411205768585 0.04479032945676431 0.03634372774624708
1711619467.8871145 0.06558447051793337 1.695306658744812 2.510382819396813 0.14390933513641357 0.14628683030605316 -0.031102686308772845 -0.49599871051429734 -0.031102691764659844 -0.49599871000595314 0.14522154204285861 0.0638080403141283 0.33933934569358826 1.0388918220996857 0.05143906620881916 0.03127388730987772 1.5205958485603333 2.380041718482971 0.0018547793552112497 -0.05395721760614544 0.33933934569358826 1.0388918220996857 0.05143906620881916 0.03127388730987772
1711619467.9371314 0.06558447051793337 1.695306658744812 2.510382819396813 0.14535565674304962 0.10220663994550705 0.08845244143150649 -0.27240768922851355 0.08845243599135244 -0.27240768876707333 0.14964546712434007 0.05018364214783174 0.33933934569358826 1.0388918220996857 0.05143906620881916 0.03127388730987772 1.5205958485603333 2.380041718482971 0.0018547793552112497 -0.05395721760614544 0.33933934569358826 1.0388918220996857 0.05143906620881916 0.03127388730987772
1711619467.9872775 0.05559893790632486 1.7038009762763977 2.513919467310567 0.14516423642635345 0.10511454194784164 -0.03657408766073352 -0.27240768922851355 -0.03657409304850069 -0.27240768868397913 0.14781147121032268 0.03652384784122167 0.33933934569358826 1.0388918220996857 0.05143906620881916 0.03127388730987772 1.5205230712890625 2.3760746717453003 -0.0006192349278928566 -0.03375413584016131 0.34374621510505676 1.0422018766403198 0.03749642456491266 0.028164031833036816
1711619468.0370545 0.05559893790632486 1.7038009762763977 2.513919467310567 0.14680197834968567 0.18444061279296875 0.03885982950406641 -0.37437941281640963 0.03885982348173661 -0.3743794121768636 0.1497456125482055 0.017890137436338747 0.34374621510505676 1.0422018766403198 0.03749642456491266 0.028164031833036816 1.5205230712890625 2.3760746717453003 -0.0006192349278928566 -0.03375413584016131 0.34374621510505676 1.0422018766403198 0.03749642456491266 0.028164031833036816
1711619468.0871031 0.042644837871193886 1.714501976966858 2.5117073924798063 0.14665310084819794 0.08938592672348022 0.017110010711576862 -0.2736609358489143 0.017110004750705607 -0.2736609351988631 0.15 0.004193663080192759 0.34374621510505676 1.0422018766403198 0.03749642456491266 0.028164031833036816 1.5204179883003235 2.370513439178467 -0.0010050165317523657 -0.053187777904457875 0.3491467982530594 1.0461186170578003 0.05165132254018926 0.03745981073993843
1711619468.1370583 0.042644837871193886 1.714501976966858 2.5117073924798063 0.14969463646411896 0.08714539557695389 -0.011189305376730366 -0.347184558849749 -0.011189311403295097 -0.34718455844740453 0.14944105784036946 -0.013149324338301883 0.3491467982530594 1.0461186170578003 0.05165132254018926 0.03745981073993843 1.5204179883003235 2.370513439178467 -0.0010050165317523657 -0.053187777904457875 0.3491467982530594 1.0461186170578003 0.05165132254018926 0.03745981073993843
1711619468.1874568 0.02997723245061934 1.7242512702941895 2.522763456774193 0.15335297584533691 0.11026859283447266 0.006693798303604115 -0.27456779617066024 0.006693792095223602 -0.27456779571170203 0.1497784075319208 -0.026986826291696533 0.3491467982530594 1.0461186170578003 0.05165132254018926 0.03745981073993843 1.5201842188835144 2.36576247215271 -0.002262245079242027 -0.04597629545543689 0.35387469828128815 1.049993872642517 0.045753070354552984 0.03750181694849557
1711619468.2370439 0.02997723245061934 1.7242512702941895 2.522763456774193 0.14969463646411896 0.015619822777807713 -0.06075369323529 -0.4483694077946553 -0.06075369860342417 -0.4483694074276298 0.14676594355378556 -0.049219163084726764 0.35387469828128815 1.049993872642517 0.045753070354552984 0.03750181694849557 1.5201842188835144 2.36576247215271 -0.002262245079242027 -0.04597629545543689 0.35387469828128815 1.049993872642517 0.045753070354552984 0.03750181694849557
1711619468.2871044 0.017300231382250786 1.7335830330848694 2.5266374516104015 0.1496308296918869 0.016219476237893105 0.029842205201762836 -0.2766958981451385 0.02984219846969195 -0.2766958975560662 0.14825985213272602 -0.06307063503765438 0.35387469828128815 1.049993872642517 0.045753070354552984 0.03750181694849557 1.5202831029891968 2.360086441040039 0.0009673401702145524 -0.05552614209113406 0.3591015636920929 1.053798496723175 0.051132149512656475 0.037218981558146534
1711619468.3371022 0.017300231382250786 1.7335830330848694 2.5266374516104015 0.15111969411373138 -0.049612101167440414 0.014070179929665232 -0.38696311784155324 0.014070172971560276 -0.3869631173140553 0.14896332320988878 -0.08241775760035529 0.3591015636920929 1.053798496723175 0.051132149512656475 0.037218981558146534 1.5202831029891968 2.360086441040039 0.0009673401702145524 -0.05552614209113406 0.3591015636920929 1.053798496723175 0.051132149512656475 0.037218981558146534
1711619468.3871858 0.006566832773387432 1.741839587688446 2.5294646888111303 0.14535565674304962 0.005395072046667337 -0.0243710918289005 -0.27805715004007986 -0.024371098363352172 -0.27805714942694837 0.1477427938761271 -0.09634314176966624 0.3591015636920929 1.053798496723175 0.051132149512656475 0.037218981558146534 1.520256757736206 2.354266405105591 -0.0002572196073501958 -0.056823419321498904 0.36398540437221527 1.057237982749939 0.04768295762976205 0.033581125434712776
1711619468.4371061 0.006566832773387432 1.741839587688446 2.5294646888111303 0.14888639748096466 -0.03897442668676376 0.026511328256236106 -0.3705666259780276 0.026511320728186478 -0.3705666251665958 0.14906624118325307 -0.11484185811864377 0.36398540437221527 1.057237982749939 0.04768295762976205 0.033581125434712776 1.520256757736206 2.354266405105591 -0.0002572196073501958 -0.056823419321498904 0.36398540437221527 1.057237982749939 0.04768295762976205 0.033581125434712776
1711619468.4871593 -0.005759460851550102 1.7505244612693787 2.5229860552796572 0.144632488489151 -0.07561274617910385 -0.0028723519571182054 -0.2791974393641968 -0.002872359013003891 -0.279197438696237 0.1489224761324604 -0.1288160283994582 0.36398540437221527 1.057237982749939 0.04768295762976205 0.033581125434712776 1.5201508402824402 2.348017930984497 -0.0010370659146722943 -0.06118046931171972 0.36966845393180847 1.0612256526947021 0.055644247289738824 0.039044335297358373
1711619468.5372598 -0.005759460851550102 1.7505244612693787 2.5229860552796572 0.1475251466035843 -0.06973402947187424 -0.019845245477388845 -0.29940328802837685 -0.019845252458394292 -0.29940328748769657 0.14792825089292547 -0.1438158025693299 0.36966845393180847 1.0612256526947021 0.055644247289738824 0.039044335297358373 1.5201508402824402 2.348017930984497 -0.0010370659146722943 -0.06118046931171972 0.36966845393180847 1.0612256526947021 0.055644247289738824 0.039044335297358373
1711619468.587082 -0.005759460851550102 1.7505244612693787 2.5229860552796572 0.14607882499694824 -0.10662759840488434 0.03362874259377034 -0.27944738158470633 0.03362873476822471 -0.27944738104908784 0.1496036406705627 -0.15773792270926218 0.36966845393180847 1.0612256526947021 0.055644247289738824 0.039044335297358373 1.5201508402824402 2.348017930984497 -0.0010370659146722943 -0.06118046931171972 0.36966845393180847 1.0612256526947021 0.055644247289738824 0.039044335297358373
1711619468.6370673 -0.018152893520891666 1.7587640881538391 2.5103752558758448 0.14888639748096466 -0.06335622817277908 0.01941657645125707 -0.24594927730275049 0.019416568586988762 -0.2459492766802208 0.15 -0.1700315046496107 0.3746630847454071 1.0646538138389587 0.04920481690001902 0.03377267463846239 1.5199324488639832 2.34256911277771 -0.0021514923041871894 -0.05367926323132535 0.3746630847454071 1.0646538138389587 0.04920481690001902 0.03377267463846239
1711619468.6873527 -0.018152893520891666 1.7587640881538391 2.5103752558758448 0.15041778981685638 -0.06676401197910309 -0.035350002573868486 -0.2790339536764603 -0.035350008806437246 -0.2790339532267402 0.14822239595475176 -0.18406295473307263 0.3746630847454071 1.0646538138389587 0.04920481690001902 0.03377267463846239 1.5199324488639832 2.34256911277771 -0.0021514923041871894 -0.05367926323132535 0.3746630847454071 1.0646538138389587 0.04920481690001902 0.03377267463846239
1711619468.7371554 -0.02933563361875713 1.7670630812644958 2.5044024912867227 0.14814196527004242 -0.08681942522525787 0.007738696253096972 -0.29955467232381966 0.007738688548237842 -0.2995546717247714 0.14860775987804847 -0.19897989612671568 0.3793236166238785 1.068007469177246 0.045856987859949565 0.03299806462964049 1.5198689699172974 2.337580919265747 -0.0006245967978417688 -0.04908099231716615 0.3793236166238785 1.068007469177246 0.045856987859949565 0.03299806462964049
1711619468.787043 -0.02933563361875713 1.7670630812644958 2.5044024912867227 0.14814196527004242 -0.08681942522525787 0.015111738403150683 -0.2792862802509002 0.015111730534004155 -0.27928627970039605 0.14936160907801616 -0.21291210184202697 0.3793236166238785 1.068007469177246 0.045856987859949565 0.03299806462964049 1.5198689699172974 2.337580919265747 -0.0006245967978417688 -0.04908099231716615 0.3793236166238785 1.068007469177246 0.045856987859949565 0.03299806462964049
1711619468.8372319 -0.04096521018072963 1.7763054370880127 2.475519855154452 0.14726217091083527 -0.12814638018608093 0.040825253095905886 -0.12215889048276415 0.04082525300891922 -0.12215889047735445 0.15 -0.2190431948754332 0.38465869426727295 1.0711536407470703 0.052078387769445955 0.030711369909560183 1.5200812220573425 2.332061767578125 0.0020719003532878107 -0.05387522749593882 0.38465869426727295 1.0711536407470703 0.052078387769445955 0.030711369909560183
1711619468.887045 -0.04096521018072963 1.7763054370880127 2.475519855154452 0.14726217091083527 -0.12814638018608093 -0.017350480807090382 -0.27733917521635404 -0.017350487285693217 -0.2773391748567702 0.14913578994254986 -0.23285717602129846 0.38465869426727295 1.0711536407470703 0.052078387769445955 0.030711369909560183 1.5200812220573425 2.332061767578125 0.0020719003532878107 -0.05387522749593882 0.38465869426727295 1.0711536407470703 0.052078387769445955 0.030711369909560183
1711619468.9372041 -0.053425841964781284 1.7858020663261414 2.45604214112515 0.1548418402671814 -0.17052538692951202 0.06777152748276424 -0.1976957526145699 0.06777152739165995 -0.19769575261060415 0.15 -0.24277353423304993 0.3895178884267807 1.074978530406952 0.04555763625309031 0.03586045877424748 1.520031988620758 2.3268589973449707 -0.00046159073331455676 -0.048778852214964925 0.3895178884267807 1.074978530406952 0.04555763625309031 0.03586045877424748
1711619468.9870574 -0.053425841964781284 1.7858020663261414 2.45604214112515 0.14535565674304962 -0.1407078355550766 -0.12061781768366979 -0.276352821612683 -0.12061781477039808 -0.2763528217103311 0.14398720349810518 -0.25654971881102195 0.3895178884267807 1.074978530406952 0.04555763625309031 0.03586045877424748 1.520031988620758 2.3268589973449707 -0.00046159073331455676 -0.048778852214964925 0.3895178884267807 1.074978530406952 0.04555763625309031 0.03586045877424748
1711619469.0371954 -0.0653766468167305 1.7943861484527588 2.444424116745639 0.14969463646411896 -0.17251968383789062 0.02768107308484795 -0.2522975948318999 0.027681064993828646 -0.2522975942553118 0.14537507004300684 -0.26919935460011407 0.394274041056633 1.0778011679649353 0.0454082445597742 0.026948465810798506 1.5197452306747437 2.3209471702575684 -0.002737753801329327 -0.056441773650186655 0.394274041056633 1.0778011679649353 0.0454082445597742 0.026948465810798506
1711619469.0870752 -0.0653766468167305 1.7943861484527588 2.444424116745639 0.15335297584533691 -0.24186162650585175 0.011858229485696932 -0.2760550354095727 0.011858222158926637 -0.27605503486229727 0.14596653022140396 -0.2829683292388771 0.394274041056633 1.0778011679649353 0.0454082445597742 0.026948465810798506 1.5197452306747437 2.3209471702575684 -0.002737753801329327 -0.056441773650186655 0.394274041056633 1.0778011679649353 0.0454082445597742 0.026948465810798506
1711619469.1371498 -0.07778997905552387 1.8028932213783264 2.430394378261636 0.14390933513641357 -0.2770015299320221 0.036726310886764764 -0.23144844047970603 0.03672630345745106 -0.2314484403014501 0.14780554931905346 -0.294557791334584 0.39895837008953094 1.0815042853355408 0.046536222341176416 0.03678842628340257 1.51968115568161 2.314536929130554 -0.0006365496757445558 -0.06368220597918513 0.39895837008953094 1.0815042853355408 0.046536222341176416 0.03678842628340257
1711619469.1907399 -0.07778997905552387 1.8028932213783264 2.430394378261636 0.14390933513641357 -0.2770015299320221 0.02837542033897827 -0.2755035358432188 0.02837541399740779 -0.2755035355908467 0.14932610825456966 -0.3093212539169181 0.39895837008953094 1.0815042853355408 0.046536222341176416 0.03678842628340257 1.51968115568161 2.314536929130554 -0.0006365496757445558 -0.06368220597918513 0.39895837008953094 1.0815042853355408 0.046536222341176416 0.03678842628340257
1711619469.2370706 -0.0888916626572609 1.8120977878570557 2.4078779497168057 0.144632488489151 -0.24663379788398743 -0.03282689486770265 -0.15883761256318352 -0.032826894991733184 -0.1588376125615506 0.14780522337298416 -0.31668027229598905 0.4043485075235367 1.0845859050750732 0.052385672179921496 0.029949648489454684 1.5192253589630127 2.3092466592788696 -0.004429797528072183 -0.05141507903773698 0.4043485075235367 1.0845859050750732 0.052385672179921496 0.029949648489454684
1711619469.2872505 -0.0888916626572609 1.8120977878570557 2.4078779497168057 0.14367537200450897 -0.25580209493637085 0.03871054887610746 -0.27416771193593226 0.038710541612985865 -0.2741677117773693 0.14974768905064134 -0.33043780055208294 0.4043485075235367 1.0845859050750732 0.052385672179921496 0.029949648489454684 1.5192253589630127 2.3092466592788696 -0.004429797528072183 -0.05141507903773698 0.4043485075235367 1.0845859050750732 0.052385672179921496 0.029949648489454684
1711619469.337162 -0.10054284706711769 1.8221570253372192 2.377051840114845 0.14665310084819794 -0.2422472983598709 0.0034888710333852383 -0.27416771193593226 0.003488870722831609 -0.27416771193517553 0.14992169738295358 -0.34411198630379364 0.4094782620668411 1.0885990858078003 0.047801517864680766 0.03739674654414738 1.5190317034721375 2.3044323921203613 -0.0018045749223516239 -0.04486165481020026 0.4094782620668411 1.0885990858078003 0.047801517864680766 0.03739674654414738
1711619469.3872237 -0.10054284706711769 1.8221570253372192 2.377051840114845 0.14390933513641357 -0.32901081442832947 -0.003673307003420322 -0.10521017858211598 -0.0036733072252452315 -0.10521017858494361 0.14973781149910656 -0.3493788113996724 0.4094782620668411 1.0885990858078003 0.047801517864680766 0.03739674654414738 1.5190317034721375 2.3044323921203613 -0.0018045749223516239 -0.04486165481020026 0.4094782620668411 1.0885990858078003 0.047801517864680766 0.03739674654414738
1711619469.4372213 -0.11145209148526192 1.8314337730407715 2.3498202016233503 0.14897146821022034 -0.26219913363456726 -0.007067468459731599 -0.27207934293409713 -0.00706746772988059 -0.2720793429355974 0.14938445866980302 -0.36298198714745405 0.4094782620668411 1.0885990858078003 0.047801517864680766 0.03739674654414738 1.5186261534690857 2.2992202043533325 -0.0039024949813593348 -0.05015543447089189 0.41492919623851776 1.0919509530067444 0.05245282477774591 0.03225408660739891
1711619469.4870853 -0.11145209148526192 1.8314337730407715 2.3498202016233503 0.14739753305912018 -0.34251633286476135 -0.005502541064486437 -0.1248607262147503 -0.005502539928807032 -0.12486072619133173 0.14911010202559422 -0.3692075430315628 0.41492919623851776 1.0919509530067444 0.05245282477774591 0.03225408660739891 1.5186261534690857 2.2992202043533325 -0.0039024949813593348 -0.05015543447089189 0.41492919623851776 1.0919509530067444 0.05245282477774591 0.03225408660739891
