1711617716.7094219 0.03207000717520714 1.2216451168060303 0.032188363671381275 0.0 0.0012797467643395066 3.458291350159275 16.296910513744606 3.4582913508732362 16.29691051347531 0.15 0.3171333875970447 0.4502002000808716 0.5455165803432465 302.5080744679591 303.4549968024254 0.8325052559375763 1.9346119165420532 6.275588491101039e-05 -7.365714191433144e-05 0.4502348005771637 0.5455762147903442 0.0003420637670501552 0.0005895517638823089
1711617716.9020677 0.03207000717520714 1.2216451168060303 0.032188363671381275 0.0 -0.0013477947795763612 0.375 -1.080495792999776 -0.031443810298274255 -0.9438898125877089 0.15 0.10898248479782696 0.4502348005771637 0.5455762147903442 0.0003420637670501552 0.0005895517638823089 0.8325052559375763 1.9346119165420532 6.275588491101039e-05 -7.365714191433144e-05 0.4502348005771637 0.5455762147903442 0.0003420637670501552 0.0005895517638823089
1711617716.9521992 0.03207000717520714 1.2216451168060303 0.032188363671381275 0.0 0.0008456408977508545 0.375 0.10710528886865178 0.006151631152274406 0.21066650564096912 0.15 0.11435178887401387 0.4502348005771637 0.5455762147903442 0.0003420637670501552 0.0005895517638823089 0.8325052559375763 1.9346119165420532 6.275588491101039e-05 -7.365714191433144e-05 0.4502348005771637 0.5455762147903442 0.0003420637670501552 0.0005895517638823089
1711617717.0022063 0.03318212740123272 1.2214460968971252 0.03132349112432232 0.01084743719547987 -0.0038232121150940657 0.375 0.11393133001758492 0.004894185640730353 0.20438936384117903 0.15 0.1200490290258694 0.45023974776268005 0.5456963330507278 4.839638857985171e-05 0.0011750701456089898 0.8324856460094452 1.9345988035202026 -0.00019183628726230376 -0.00012827958418755876 0.45023974776268005 0.5456963330507278 4.839638857985171e-05 0.0011750701456089898
1711617717.0521924 0.03318212740123272 1.2214460968971252 0.03132349112432232 0.05680843070149422 -0.03550714999437332 -0.22161684911417362 0.10753196373802239 -0.11616395878570239 0.3295842111601202 0.13892228552868816 0.12542410946578478 0.45023974776268005 0.5456963330507278 4.839638857985171e-05 0.0011750701456089898 0.8324856460094452 1.9345988035202026 -0.00019183628726230376 -0.00012827958418755876 0.45023974776268005 0.5456963330507278 4.839638857985171e-05 0.0011750701456089898
1711617717.102174 0.04097564751282334 1.2218376398086548 0.03220038253981131 0.11556954681873322 0.013951985165476799 -0.13403152291057513 0.09937560840463527 -0.11180726135810753 0.14609503513447963 0.13222336808951596 0.13039091862913596 0.4502694010734558 0.5458335727453232 0.0002919134973760057 0.0013510167391120667 0.8324790596961975 1.9346197247505188 -6.483706826140428e-05 0.00020595304035975478 0.4502694010734558 0.5458335727453232 0.0002919134973760057 0.0013510167391120667
1711617717.152202 0.04097564751282334 1.2218376398086548 0.03220038253981131 0.13038837909698486 0.053429242223501205 -0.10437060837889549 0.10702238113548537 -0.10437060849364986 0.10702238088027245 0.12700210541921314 0.13574483935633008 0.4502694010734558 0.5458335727453232 0.0002919134973760057 0.0013510167391120667 0.8324790596961975 1.9346197247505188 -6.483706826140428e-05 0.00020595304035975478 0.4502694010734558 0.5458335727453232 0.0002919134973760057 0.0013510167391120667
1711617717.2023032 0.05526422266848385 1.2218838930130005 0.04109219924919446 0.14247466623783112 0.08271009474992752 -0.06928139168248339 0.049923190561466886 -0.06928139179576648 0.04992319031271617 0.12353100248305288 0.13824606701836345 0.4502675086259842 0.5459499210119247 -1.856230151491766e-05 0.0011412161435313155 0.8324612975120544 1.934626579284668 -0.0001742225465022193 6.723353304615845e-05 0.4502675086259842 0.5459499210119247 -1.856230151491766e-05 0.0011412161435313155
1711617717.2521791 0.05526422266848385 1.2218838930130005 0.04109219924919446 0.14474548399448395 0.09641982614994049 -0.07812249720693822 0.10344688965878744 -0.07812249731250974 0.10344688942321814 0.11963477167676508 0.14340531016487448 0.4502675086259842 0.5459499210119247 -1.856230151491766e-05 0.0011412161435313155 0.8324612975120544 1.934626579284668 -0.0001742225465022193 6.723353304615845e-05 0.4502675086259842 0.5459499210119247 -1.856230151491766e-05 0.0011412161435313155
1711617717.302214 0.06971490383148193 1.2216860055923462 0.06092735159452145 0.13999973237514496 0.07766298949718475 0.07652420351695782 -0.022131782918589027 0.07652420340688468 -0.022131783152772803 0.12346364194326752 0.14229795168654816 0.45015954971313477 0.5459509342908859 -0.0010637766788436915 9.984377385972537e-06 0.8325296640396118 1.934567153453827 0.0006736518153947353 -0.0005855543678714482 0.45015954971313477 0.5459509342908859 -0.0010637766788436915 9.984377385972537e-06
1711617717.3522053 0.06971490383148193 1.2216860055923462 0.06092735159452145 0.1317453682422638 0.1653081327676773 0.0008013358273723167 0.09559310726596137 0.0008013357127298271 0.09559310702448069 0.1235036999079714 0.14707655409766257 0.45015954971313477 0.5459509342908859 -0.0010637766788436915 9.984377385972537e-06 0.8325296640396118 1.934567153453827 0.0006736518153947353 -0.0005855543678714482 0.45015954971313477 0.5459509342908859 -0.0010637766788436915 9.984377385972537e-06
1711617717.402199 0.08399182185530663 1.2221757769584656 0.0768339119913089 0.12655343115329742 0.17530407011508942 0.16620129862316835 0.09559310726596137 0.16620129849930113 0.09559310700643806 0.13181264740066537 0.1518555667498875 0.4501171261072159 0.5460557788610458 -0.00038671304506572086 0.0009557123235273663 0.8326299488544464 1.9344989657402039 0.0009141478023506502 -0.0006215661728910216 0.4501171261072159 0.5460557788610458 -0.00038671304506572086 0.0009557123235273663
1711617717.4598713 0.08399182185530663 1.2221757769584656 0.0768339119913089 0.12293761968612671 0.13593946397304535 0.058616422116756425 0.003701288085381116 0.05861642198825122 0.0037012878105028425 0.13519304931328582 0.15206901958223643 0.4501171261072159 0.5460557788610458 -0.00038671304506572086 0.0009557123235273663 0.8326299488544464 1.9344989657402039 0.0009141478023506502 -0.0006215661728910216 0.4501171261072159 0.5460557788610458 -0.00038671304506572086 0.0009557123235273663
1711617717.5022488 0.0960602443665266 1.222837746143341 0.08807456579364682 0.12293761968612671 0.13593946397304535 0.10178608958214694 0.08903177553105109 0.10178608945616947 0.08903177526848391 0.13950641366370495 0.15584189746964386 0.4501171261072159 0.5460557788610458 -0.00038671304506572086 0.0009557123235273663 0.8327067196369171 1.9344028234481812 0.0007540559781183259 -0.0009443263142118476 0.4500298500061035 0.5459992438554764 -0.0008572410449998127 -0.0005552966577990932
1711617717.5521657 0.0960602443665266 1.222837746143341 0.08807456579364682 0.12332227826118469 0.11733745038509369 0.03746716623305117 0.01267061981681862 0.03746716608546551 0.012670619515557256 0.14137657222184782 0.1564743463701026 0.4500298500061035 0.5459992438554764 -0.0008572410449998127 -0.0005552966577990932 0.8327067196369171 1.9344028234481812 0.0007540559781183259 -0.0009443263142118476 0.4500298500061035 0.5459992438554764 -0.0008572410449998127 -0.0005552966577990932
1711617717.6022956 0.10812225379049778 1.2241036891937256 0.09167947012812533 0.1233895942568779 0.1088455319404602 0.08653671224590537 0.08426684633347054 0.08653671210302286 0.08426684604878815 0.14571460686201687 0.16069859396311992 0.4500298500061035 0.5459992438554764 -0.0008572410449998127 -0.0005552966577990932 0.8327319920063019 1.9343363642692566 0.000240698479739319 -0.0006329688795031621 0.4499743729829788 0.5459787100553513 -0.0005283729009843659 -0.0001955675147881967
1711617717.6522467 0.10812225379049778 1.2241036891937256 0.09167947012812533 0.1260368824005127 0.11930660158395767 0.038169275770123356 0.052940451653451945 0.038169275609544105 0.05294045134327254 0.1476211668751908 0.16334297602605768 0.4499743729829788 0.5459787100553513 -0.0005283729009843659 -0.0001955675147881967 0.8327319920063019 1.9343363642692566 0.000240698479739319 -0.0006329688795031621 0.4499743729829788 0.5459787100553513 -0.0005283729009843659 -0.0001955675147881967
1711617717.7022607 0.12138067930936813 1.225308895111084 0.1075317430621737 0.13482807576656342 0.18327626585960388 -0.028550400765348996 0.0823107778017878 -0.028550400938259834 0.08231077747690439 0.14619330104406741 0.16745951183661645 0.4499743729829788 0.5459787100553513 -0.0005283729009843659 -0.0001955675147881967 0.8326924443244934 1.934319257736206 -0.0003825803966612004 -0.0001654869236499842 0.4498850107192993 0.5460084229707718 -0.0008644817779868948 0.0002874398307997112
1711617717.7522175 0.12138067930936813 1.225308895111084 0.1075317430621737 0.13268935680389404 0.13241983950138092 0.03500681222537679 -0.0270723967396726 0.03500681204292224 -0.027072397085790834 0.14794207923276304 0.16610710029370726 0.4498850107192993 0.5460084229707718 -0.0008644817779868948 0.0002874398307997112 0.8326924443244934 1.934319257736206 -0.0003825803966612004 -0.0001654869236499842 0.4498850107192993 0.5460084229707718 -0.0008644817779868948 0.0002874398307997112
1711617717.8022444 0.13445782288908958 1.2276360392570496 0.1313396736386146 0.14477713406085968 0.15979528427124023 -0.06649516785478622 0.07548005078861113 -0.06649516805355217 0.07548005041981497 0.14461564352031608 0.16988300679369323 0.4498850107192993 0.5460084229707718 -0.0008644817779868948 0.0002874398307997112 0.8326211273670197 1.9343531131744385 -0.0007016986208821756 0.0003331089148859806 0.45004118978977203 0.5461186915636063 0.0015366701306866032 0.0010849498108082114
1711617717.852225 0.13445782288908958 1.2276360392570496 0.1313396736386146 0.14680197834968567 0.12843608856201172 0.03831287193203711 -0.09210681342236261 0.038312871708611154 -0.09210681381390845 0.14653047231947447 0.16527962495239698 0.45004118978977203 0.5461186915636063 0.0015366701306866032 0.0010849498108082114 0.8326211273670197 1.9343531131744385 -0.0007016986208821756 0.0003331089148859806 0.45004118978977203 0.5461186915636063 0.0015366701306866032 0.0010849498108082114
1711617717.902223 0.14816613867878914 1.2295895218849182 0.16552831515359298 0.14395453035831451 0.1706443727016449 -0.02744247567869678 0.06501004851848118 -0.02744247591468763 0.06501004811591228 0.14515844798603972 0.16852989178434943 0.45004118978977203 0.5461186915636063 0.0015366701306866032 0.0010849498108082114 0.8325771987438202 1.934399962425232 -0.00042052672541487786 0.0004484857614329634 0.450135201215744 0.5461806952953339 0.0008999671338678645 0.0005935589228125192
1711617717.9522054 0.14816613867878914 1.2295895218849182 0.16552831515359298 0.14553645253181458 0.191653773188591 0.03790197281387574 -0.16661389981357344 0.037901972526699974 -0.16661390028052167 0.14705282189666632 0.1602023826463808 0.450135201215744 0.5461806952953339 0.0008999671338678645 0.0005935589228125192 0.8325771987438202 1.934399962425232 -0.00042052672541487786 0.0004484857614329634 0.450135201215744 0.5461806952953339 0.0008999671338678645 0.0005935589228125192
1711617718.0022275 0.16301629692316055 1.2316596508026123 0.19526129875753312 0.14246301352977753 0.14129365980625153 -0.009793306417357633 0.0505387420134651 -0.00979330670833056 0.050538741543150405 0.1465629445663154 0.16273041383030953 0.450135201215744 0.5461806952953339 0.0008999671338678645 0.0005935589228125192 0.8325472474098206 1.9344177842140198 -0.0002993052544303134 0.00017809407179037554 0.4502246677875519 0.5462578982114792 0.0008940441530346277 0.0007714927976136585
1711617718.052191 0.16301629692316055 1.2316596508026123 0.19526129875753312 0.14711835980415344 0.14108046889305115 0.0008715736348350123 -0.1534108218411207 0.0008715732594785179 -0.1534108223996348 0.14660648954300298 0.1550658053638578 0.4502246677875519 0.5462578982114792 0.0008940441530346277 0.0007714927976136585 0.8325472474098206 1.9344177842140198 -0.0002993052544303134 0.00017809407179037554 0.4502246677875519 0.5462578982114792 0.0008940441530346277 0.0007714927976136585
1711617718.1023006 0.1784462258219719 1.233382523059845 0.2041315341501476 0.14367537200450897 0.1479702889919281 0.04084294017755074 0.03780113733760635 0.04084293983409707 0.037801136817062826 0.14865309447815703 0.15695998815024065 0.4502246677875519 0.5462578982114792 0.0008940441530346277 0.0007714927976136585 0.8326118290424347 1.9344210624694824 0.0006418884494439534 3.2583170022535706e-05 0.450157955288887 0.5462672710418701 -0.0006630675099586016 9.315824520079526e-05
1711617718.152186 0.1784462258219719 1.233382523059845 0.2041315341501476 0.14318616688251495 0.1163448616862297 0.01768774999494126 -0.03037806146442669 0.017687749587960582 -0.030378062040866172 0.1495353725903758 0.15544470787268327 0.450157955288887 0.5462672710418701 -0.0006630675099586016 9.315824520079526e-05 0.8326118290424347 1.9344210624694824 0.0006418884494439534 3.2583170022535706e-05 0.450157955288887 0.5462672710418701 -0.0006630675099586016 9.315824520079526e-05
1711617718.202221 0.19117242842912674 1.2350698709487915 0.21589296638029415 0.14367537200450897 0.17092859745025635 -0.07794048503730688 0.033549467166945526 -0.07794048547934963 0.03354946653108534 0.1456358248404836 0.15712326747028293 0.450157955288887 0.5462672710418701 -0.0006630675099586016 9.315824520079526e-05 0.8326659500598907 1.9343981742858887 0.0004982626656394115 -0.00021071901278142511 0.45007945597171783 0.5462808907032013 -0.000722700364148794 0.00012538878755353032
1711617718.252161 0.19117242842912674 1.2350698709487915 0.21589296638029415 0.14607882499694824 0.12132100015878677 0.08736401436951625 -0.052858768064438046 0.08736401395540815 -0.05285876864670016 0.14999870994605508 0.15448354522821914 0.45007945597171783 0.5462808907032013 -0.000722700364148794 0.00012538878755353032 0.8326659500598907 1.9343981742858887 0.0004982626656394115 -0.00021071901278142511 0.45007945597171783 0.5462808907032013 -0.000722700364148794 0.00012538878755353032
1711617718.3022058 0.19117242842912674 1.2350698709487915 0.21589296638029415 0.14607882499694824 0.1830032914876938 -0.07011236225257528 0.028155114018458584 -0.07011236273436504 0.02815511333975379 0.14648998598394414 0.15589254814922546 0.45007945597171783 0.5462808907032013 -0.000722700364148794 0.00012538878755353032 0.8326659500598907 1.9343981742858887 0.0004982626656394115 -0.00021071901278142511 0.45007945597171783 0.5462808907032013 -0.000722700364148794 0.00012538878755353032
1711617718.3522072 0.2072361409664154 1.2390891909599304 0.24419254688754913 0.148029163479805 0.11561856418848038 0.05608605435358956 -0.17929953742651597 0.056086053822568226 -0.1792995381298973 0.14929424591135998 0.1469277080725907 0.4499403089284897 0.5462246686220169 -0.00136692172389645 -0.0005523019559071864 0.8327164351940155 1.9343767762184143 0.0004959446134676775 -0.0002102055681639861 0.4499403089284897 0.5462246686220169 -0.00136692172389645 -0.0005523019559071864
1711617718.4022143 0.2072361409664154 1.2390891909599304 0.24419254688754913 0.144632488489151 0.16221658885478973 -0.01771958114024044 0.015189383782236655 -0.01771958170885247 0.01518938304248437 0.14840814940831742 0.14768727793749264 0.4499403089284897 0.5462246686220169 -0.00136692172389645 -0.0005523019559071864 0.8327164351940155 1.9343767762184143 0.0004959446134676775 -0.0002102055681639861 0.4499403089284897 0.5462246686220169 -0.00136692172389645 -0.0005523019559071864
1711617718.4521995 0.22009406238794327 1.2430415749549866 0.25832781425700607 0.14949123561382294 0.13261660933494568 0.04597248938854576 -0.10127166100581968 0.04597248877177715 -0.10127166176887945 0.15 0.14262546230453374 0.4500023126602173 0.5461776852607727 0.0006066941946320468 -0.0004597228540434615 0.8327077031135559 1.934363305568695 -8.544167220725293e-05 -0.0001318076308453185 0.4500023126602173 0.5461776852607727 0.0006066941946320468 -0.0004597228540434615
1711617718.5022361 0.22009406238794327 1.2430415749549866 0.25832781425700607 0.14553645253181458 0.1104697585105896 0.00582953145471124 0.007912950378034522 0.005829530807357338 0.007912949581128575 0.15 0.1430213848888969 0.4500023126602173 0.5461776852607727 0.0006066941946320468 -0.0004597228540434615 0.8327077031135559 1.934363305568695 -8.544167220725293e-05 -0.0001318076308453185 0.4500023126602173 0.5461776852607727 0.0006066941946320468 -0.0004597228540434615
1711617718.552187 0.23305481672286987 1.2466020584106445 0.25643504375928317 0.144632488489151 0.11995179206132889 0.009711037374491652 -0.003419098585694202 0.009711036684323503 -0.0034190994124204577 0.15 0.14285060294009236 0.4500361382961273 0.5461463928222656 0.00033475928005813896 -0.0003096892018158995 0.8327067196369171 1.934450626373291 -9.73308919992827e-06 0.0008641803441148434 0.4500361382961273 0.5461463928222656 0.00033475928005813896 -0.0003096892018158995
1711617718.602192 0.23305481672286987 1.2466020584106445 0.25643504375928317 0.14516423642635345 0.12431424856185913 0.015066856665777732 0.00720536921475603 0.01506685598509187 0.007205368392886524 0.15 0.14321090541512918 0.4500361382961273 0.5461463928222656 0.00033475928005813896 -0.0003096892018158995 0.8327067196369171 1.934450626373291 -9.73308919992827e-06 0.0008641803441148434 0.4500361382961273 0.5461463928222656 0.00033475928005813896 -0.0003096892018158995
1711617718.6522558 0.24737390130758286 1.2494946122169495 0.2701367437490999 0.1496308296918869 0.12618303298950195 -0.02784840497392164 -0.0994346395253133 -0.02784840578052774 -0.09943464048279627 0.14860583487043044 0.13823294322205823 0.4500555545091629 0.5461355447769165 0.0001909446234214463 -0.00010668279804360161 0.8326084017753601 1.9344497919082642 -0.0009668861284226421 -8.206369080277046e-06 0.4500555545091629 0.5461355447769165 0.0001909446234214463 -0.00010668279804360161
1711617718.7022996 0.24737390130758286 1.2494946122169495 0.2701367437490999 0.15335297584533691 0.1976139396429062 -0.04340580933133341 0.0005325391887578412 -0.04340581012446838 0.0005325382382738404 0.14643376648837575 0.13825959199446738 0.4500555545091629 0.5461355447769165 0.0001909446234214463 -0.00010668279804360161 0.8326084017753601 1.9344497919082642 -0.0009668861284226421 -8.206369080277046e-06 0.4500555545091629 0.5461355447769165 0.0001909446234214463 -0.00010668279804360161
1711617718.752233 0.2621084004640579 1.252133309841156 0.30101983704441165 0.15186412632465363 0.12797467410564423 0.05287325773302943 -0.21482189455433762 0.05287325682362948 -0.2148218955408406 0.14907383415324418 0.12753310450655164 0.45006421208381653 0.5461083501577377 7.993963663101075e-05 -0.0002511012682471508 0.8326127827167511 1.9344939589500427 4.04513823915958e-05 0.0004078159775805781 0.45006421208381653 0.5461083501577377 7.993963663101075e-05 -0.0002511012682471508
1711617718.8021662 0.2621084004640579 1.252133309841156 0.30101983704441165 0.14888639748096466 0.2009132355451584 -0.00812088271014221 -0.012909951167528355 -0.008120883632021847 -0.012909952211364416 0.14866834414939553 0.12688848786382276 0.45006421208381653 0.5461083501577377 7.993963663101075e-05 -0.0002511012682471508 0.8326127827167511 1.9344939589500427 4.04513823915958e-05 0.0004078159775805781 0.45006421208381653 0.5461083501577377 7.993963663101075e-05 -0.0002511012682471508
1711617718.852257 0.277966670691967 1.2552680373191833 0.3003264124516004 0.14680197834968567 0.14465570449829102 0.03980625918287743 -0.029182930136801826 0.03980625819312581 -0.029182931159460333 0.15 0.12542672663350402 0.4501308649778366 0.5460477322340012 0.0006653873616565512 -0.0006051410210639057 0.832526296377182 1.9345673322677612 -0.0008633821254313936 0.000732476496489349 0.4501308649778366 0.5460477322340012 0.0006653873616565512 -0.0006051410210639057
1711617718.9021955 0.277966670691967 1.2552680373191833 0.3003264124516004 0.1487002819776535 0.06186589598655701 -0.0035900031424318784 -0.013928720780738613 -0.003590004157666624 -0.013928721871863592 0.1498207242660065 0.12473116132548437 0.4501308649778366 0.5460477322340012 0.0006653873616565512 -0.0006051410210639057 0.832526296377182 1.9345673322677612 -0.0008633821254313936 0.000732476496489349 0.4501308649778366 0.5460477322340012 0.0006653873616565512 -0.0006051410210639057
1711617718.9522767 0.2932930216193199 1.2586880326271057 0.3030992558944316 0.14665310084819794 0.0991751179099083 -0.01191271167576817 -0.054281197857839907 -0.011912712827442008 -0.05428119900137835 0.14922412925867512 0.12201272974455155 0.4501480758190155 0.5460286736488342 0.0001677441017978682 -0.00018575299238049648 0.8325009644031525 1.9345919489860535 -0.0002468960805682909 0.0002399248971169509 0.4501480758190155 0.5460286736488342 0.0001677441017978682 -0.00018575299238049648
1711617719.0022008 0.2932930216193199 1.2586880326271057 0.3030992558944316 0.14969463646411896 0.10450907796621323 0.024770289123511487 -0.01645455869074417 0.0247702880386103 -0.01645455979135485 0.15 0.12119128543933726 0.4501480758190155 0.5460286736488342 0.0001677441017978682 -0.00018575299238049648 0.8325009644031525 1.9345919489860535 -0.0002468960805682909 0.0002399248971169509 0.4501480758190155 0.5460286736488342 0.0001677441017978682 -0.00018575299238049648
1711617719.0521965 0.3075862377882004 1.2630990147590637 0.290251713643918 0.14888639748096466 0.11936706304550171 -0.02357145212370582 -0.01645455869074417 -0.023571453309758093 -0.01645455988205147 0.14882155215497583 0.1203686445970096 0.45022210478782654 0.546080008149147 0.0006890429958391123 0.0004778085991678225 0.8324896395206451 1.9345877766609192 -0.00010540915395284328 -3.883495145631068e-05 0.45022210478782654 0.546080008149147 0.0006890429958391123 0.0004778085991678225
1711617719.1021957 0.3075862377882004 1.2630990147590637 0.290251713643918 0.14824829995632172 0.13699190318584442 0.009250294333524874 0.03647365322705792 0.009250293207829515 0.03647365208661302 0.1492840399652593 0.12219222116720427 0.45022210478782654 0.546080008149147 0.0006890429958391123 0.0004778085991678225 0.8324896395206451 1.9345877766609192 -0.00010540915395284328 -3.883495145631068e-05 0.45022210478782654 0.546080008149147 0.0006890429958391123 0.0004778085991678225
1711617719.1522264 0.32079918682575226 1.26800936460495 0.29947965893565553 0.15335297584533691 0.07656742632389069 0.009480969982814292 -0.013146725859790754 0.009480968855873914 -0.013146727013151905 0.1497583728276755 0.12153449056371335 0.45022210478782654 0.546080008149147 0.0006890429958391123 0.0004778085991678225 0.8325610458850861 1.9345950484275818 0.000682698883063597 6.952359243218601e-05 0.45011578500270844 0.5460875928401947 -0.0010164976065648508 7.251538636881696e-05
1711617719.202278 0.32079918682575226 1.26800936460495 0.29947965893565553 0.14897146821022034 0.15293189883232117 -0.04917903363501671 -0.10481869737678076 -0.04917903500458566 -0.10481869868284054 0.14729696119994637 0.11628831264079201 0.45011578500270844 0.5460875928401947 -0.0010164976065648508 7.251538636881696e-05 0.8325610458850861 1.9345950484275818 0.000682698883063597 6.952359243218601e-05 0.45011578500270844 0.5460875928401947 -0.0010164976065648508 7.251538636881696e-05
1711617719.2521834 0.3340175151824951 1.2731825709342957 0.31647265957723764 0.14888639748096466 0.0971275195479393 0.03858426809895372 -0.018881597320190305 0.03858426687423234 -0.018881598502914668 0.14922252987932796 0.1153460163576745 0.45011578500270844 0.5460875928401947 -0.0010164976065648508 7.251538636881696e-05 0.8326136469841003 1.9346283674240112 0.0005004445875996352 0.0003169954951480976 0.4499017298221588 0.5460524708032608 -0.0020365117566200457 -0.0003341495447513712
1711617719.3022873 0.3340175151824951 1.2731825709342957 0.31647265957723764 0.14894364774227142 0.17780065536499023 0.0027840062975883345 -0.16190174731039236 0.002784004814089937 -0.16190174868229903 0.1493620187965448 0.10723414554495349 0.4499017298221588 0.5460524708032608 -0.0020365117566200457 -0.0003341495447513712 0.8326136469841003 1.9346283674240112 0.0005004445875996352 0.0003169954951480976 0.4499017298221588 0.5460524708032608 -0.0020365117566200457 -0.0003341495447513712
1711617719.3521943 0.34732232987880707 1.2779602408409119 0.3320019814682785 0.14535565674304962 0.13447830080986023 0.002182005068636817 -0.027837728776828764 0.0021820036440489605 -0.02783773015470356 0.14947091137394183 0.10584490860918282 0.4499017298221588 0.5460524708032608 -0.0020365117566200457 -0.0003341495447513712 0.8326791226863861 1.9346411228179932 0.0006017397591945397 0.00011722558804518116 0.44993993639945984 0.5460620820522308 0.000351128981013837 8.83300283751657e-05
1711617719.4022791 0.34732232987880707 1.2779602408409119 0.3320019814682785 0.14919984340667725 0.10156213492155075 0.0402667155592953 -0.15900465769364203 0.04026671396050597 -0.1590046591510358 0.15 0.09788133910450926 0.44993993639945984 0.5460620820522308 0.000351128981013837 8.83300283751657e-05 0.8326791226863861 1.9346411228179932 0.0006017397591945397 0.00011722558804518116 0.44993993639945984 0.5460620820522308 0.000351128981013837 8.83300283751657e-05
1711617719.4521534 0.34732232987880707 1.2779602408409119 0.3320019814682785 0.14824829995632172 0.15090873837471008 -0.028832081338882848 -0.03604855311406278 -0.028832083047591314 -0.03604855463955107 0.14856208870165233 0.09608352849199919 0.44993993639945984 0.5460620820522308 0.000351128981013837 8.83300283751657e-05 0.8326791226863861 1.9346411228179932 0.0006017397591945397 0.00011722558804518116 0.44993993639945984 0.5460620820522308 0.000351128981013837 8.83300283751657e-05
1711617719.5022213 0.36472606658935547 1.2832601070404053 0.3581084241186347 0.14797016978263855 0.1446436643600464 0.014898857073916243 -0.23845061944320417 0.014898855137696525 -0.23845062111305246 0.14930802545092875 0.08414509059384596 0.4499180316925049 0.5460773706436157 -0.00021587881180301985 0.00015067459925843424 0.8327492773532867 1.9346663355827332 0.0006913996231079029 0.00024848091807531264 0.4499180316925049 0.5460773706436157 -0.00021587881180301985 0.00015067459925843424
1711617719.5523067 0.37925633788108826 1.2869669198989868 0.38295990965477245 0.14708851277828217 0.17426149547100067 -0.028176099882030625 -0.04871450376576676 -0.028176101863609023 -0.048714505464099944 0.1478968504502568 0.08170526783014856 0.4499180316925049 0.5460773706436157 -0.00021587881180301985 0.00015067459925843424 0.8327829539775848 1.934708595275879 0.0003347291241590301 0.00042004061775000414 0.44995489716529846 0.5460795164108276 0.00036642471379178784 2.132787339774351e-05
1711617719.602294 0.37925633788108826 1.2869669198989868 0.38295990965477245 0.15331044793128967 0.14078617095947266 0.039707125269855155 -0.23274895066173923 0.03970712312880684 -0.2327489524522167 0.14988166520613222 0.07007099442082035 0.44995489716529846 0.5460795164108276 0.00036642471379178784 2.132787339774351e-05 0.8327829539775848 1.934708595275879 0.0003347291241590301 0.00042004061775000414 0.44995489716529846 0.5460795164108276 0.00036642471379178784 2.132787339774351e-05
1711617719.6521633 0.37925633788108826 1.2869669198989868 0.38295990965477245 0.1469012349843979 0.05377975106239319 0.009249075902856771 -0.060213715500963785 0.009249073665976468 -0.06021371724136993 0.15 0.06706820735465654 0.44995489716529846 0.5460795164108276 0.00036642471379178784 2.132787339774351e-05 0.8327829539775848 1.934708595275879 0.0003347291241590301 0.00042004061775000414 0.44995489716529846 0.5460795164108276 0.00036642471379178784 2.132787339774351e-05
1711617719.702215 0.3914114981889725 1.2907440662384033 0.3994074256449286 0.14790932834148407 0.05428120493888855 -0.02156168178876594 -0.190814961596264 -0.021561684299056576 -0.19081496350565497 0.1489208476719515 0.05751800565655061 0.44989916682243347 0.546133428812027 -0.00047439678039335863 0.0004589218052040566 0.8328120708465576 1.934761106967926 0.0002478532911466906 0.00044699846366475827 0.44989916682243347 0.546133428812027 -0.00047439678039335863 0.0004589218052040566
1711617719.75229 0.3914114981889725 1.2907440662384033 0.3994074256449286 0.14342722296714783 0.07649925351142883 0.0664965768213747 -0.06838387544431418 0.06649657448157181 -0.06838387721378866 0.15 0.0540937119973837 0.44989916682243347 0.546133428812027 -0.00047439678039335863 0.0004589218052040566 0.8328120708465576 1.934761106967926 0.0002478532911466906 0.00044699846366475827 0.44989916682243347 0.546133428812027 -0.00047439678039335863 0.0004589218052040566
1711617719.8022134 0.4098875820636749 1.2972210049629211 0.4103847710856354 0.1475251466035843 0.0999961569905281 -0.056608261542382396 -0.18256872355286413 -0.056608264295414566 -0.18256872554071601 0.14717394897916733 0.044979343996833114 0.4500941187143326 0.5461790263652802 0.0019210325384705744 0.000449312815693645 0.8327955901622772 1.934722661972046 -0.0001623986843650887 -0.0003788323740162105 0.4500941187143326 0.5461790263652802 0.0019210325384705744 0.000449312815693645
1711617719.852199 0.4098875820636749 1.2972210049629211 0.4103847710856354 0.14956314861774445 0.06747245788574219 0.028995690814133064 -0.07551011644765997 0.02899568811212024 -0.07551011844666576 0.1486232482194534 0.04120510198608004 0.4500941187143326 0.5461790263652802 0.0019210325384705744 0.000449312815693645 0.8327955901622772 1.934722661972046 -0.0001623986843650887 -0.0003788323740162105 0.4500941187143326 0.5461790263652802 0.0019210325384705744 0.000449312815693645
1711617719.902194 0.42330682277679443 1.3032669425010681 0.40265598818478554 0.15409740805625916 0.06665201485157013 -0.001406699559122624 -0.0670196115661073 -0.008984740135734349 -0.19912406695527243 0.14855292202854 0.037854540050253384 0.8328247666358948 1.9347184896469116 0.0002902192266828565 -4.1502238749335965e-05 0.8328247666358948 1.9347184896469116 0.0002902192266828565 -4.1502238749335965e-05 0.4501097500324249 0.5461816191673279 0.00015548517302876224 2.579067693708735e-05
1711617719.9522195 0.42330682277679443 1.3032669425010681 0.40265598818478554 0.14680197834968567 0.034182410687208176 -0.057013013039322956 -0.0749795220452033 -0.06863726689094835 -0.2696344182628471 0.14570084683420245 0.03410369048962913 0.8328247666358948 1.9347184896469116 0.0002902192266828565 -4.1502238749335965e-05 0.8328247666358948 1.9347184896469116 0.0002902192266828565 -4.1502238749335965e-05 0.4501097500324249 0.5461816191673279 0.00015548517302876224 2.579067693708735e-05
1711617720.0022142 0.4367446303367615 1.3090134263038635 0.400064148367158 0.15260854363441467 0.0580303817987442 0.044478492736641576 -0.09744686398638325 0.0323452714443292 -0.30791268720426757 0.14792443000616548 0.02923209539750972 0.8328424692153931 1.9347302317619324 0.0001756506763438164 0.00011650903447721154 0.8328424692153931 1.9347302317619324 0.0001756506763438164 0.00011650903447721154 0.450142577290535 0.5461796522140503 0.0003257225925803262 -1.95167418159796e-05
1711617720.0526385 0.4367446303367615 1.3090134263038635 0.400064148367158 0.14535565674304962 0.03439698740839958 -0.036047524818100356 -0.07638352878543646 -0.046050315356097694 -0.25162898727453936 0.14610673166956933 0.025380451937459556 0.8328424692153931 1.9347302317619324 0.0001756506763438164 0.00011650903447721154 0.8328424692153931 1.9347302317619324 0.0001756506763438164 0.00011650903447721154 0.450142577290535 0.5461796522140503 0.0003257225925803262 -1.95167418159796e-05
1711617720.1022127 0.44998742640018463 1.3143686652183533 0.40531589156230907 0.1417398452758789 0.008392333984375 0.06619828706229033 -0.14704741912277047 0.05099145441686177 -0.3731271459760038 0.149388265209134 0.018091123781524967 0.8329039812088013 1.9347522854804993 0.0006150501337376453 0.00022051216035167518 0.8329039812088013 1.9347522854804993 0.0006150501337376453 0.00022051216035167518 0.45018377900123596 0.5462662577629089 0.00041197035362998776 0.0008659572134891461
1711617720.1521797 0.44998742640018463 1.3143686652183533 0.40531589156230907 0.1496308296918869 0.03976330906152725 0.05257933656456144 -0.08076450056010774 0.047276981626277755 -0.16606586159155048 0.15 0.014055694689503555 0.8329039812088013 1.9347522854804993 0.0006150501337376453 0.00022051216035167518 0.8329039812088013 1.9347522854804993 0.0006150501337376453 0.00022051216035167518 0.45018377900123596 0.5462662577629089 0.00041197035362998776 0.0008659572134891461
1711617720.202462 0.4632178246974945 1.319493591785431 0.4078077557796345 0.1417398452758789 0.049114227294921875 -0.061852093907849404 -0.08076450056010774 -0.06904283997649806 -0.1930428448866514 0.14689001190838766 0.009994770974597968 0.8329039812088013 1.9347522854804993 0.0006150501337376453 0.00022051216035167518 0.8328878283500671 1.934725284576416 -0.00013925315092369543 -0.00023277371722669386 0.45021845400333405 0.5462567359209061 0.00029893181014708424 -8.208742014782415e-05
1711617720.252179 0.4632178246974945 1.319493591785431 0.4078077557796345 0.14739753305912018 -0.01193495374172926 0.024475033498689788 -0.13198228146213217 0.024475033616077668 -0.13198227966376463 0.14810678339422018 0.0034332977604002524 0.8328878283500671 1.934725284576416 -0.00013925315092369543 -0.00023277371722669386 0.8328878283500671 1.934725284576416 -0.00013925315092369543 -0.00023277371722669386 0.45021845400333405 0.5462567359209061 0.00029893181014708424 -8.208742014782415e-05
1711617720.3023133 0.47900256514549255 1.325857937335968 0.40525233079614303 0.1496308296918869 0.05956607684493065 -0.016895967673509656 -0.08394848804102648 -0.030999630912938104 -0.28618533481811426 0.14725973398946088 -0.0007753109561684087 0.8328878283500671 1.934725284576416 -0.00013925315092369543 -0.00023277371722669386 0.8328918516635895 1.9347283244132996 3.751233739096414e-05 2.834265491761735e-05 0.45026569068431854 0.5462838411331177 0.0004404226278865049 0.0002527220063487547
1711617720.3522823 0.47900256514549255 1.325857937335968 0.40525233079614303 0.149296373128891 -0.02826124057173729 0.0009229257702827315 -0.11117605109787948 -0.01153795711328288 -0.2957277339260469 0.14730585118833658 -0.006330609360205616 0.8328918516635895 1.9347283244132996 3.751233739096414e-05 2.834265491761735e-05 0.8328918516635895 1.9347283244132996 3.751233739096414e-05 2.834265491761735e-05 0.45026569068431854 0.5462838411331177 0.0004404226278865049 0.0002527220063487547
1711617720.4022033 0.49215613305568695 1.3319425582885742 0.4045950241328277 0.14824829995632172 0.042510032653808594 0.004439041578017043 -0.08564920500828954 0.004439041710613293 -0.08564920289881245 0.1475274453332723 -0.010606163444273113 0.8328918516635895 1.9347283244132996 3.751233739096414e-05 2.834265491761735e-05 0.8329041600227356 1.9347322583198547 0.00011717189599448016 3.744961324763046e-05 0.45031245052814484 0.546273872256279 0.0004451397211025166 -9.490072447979083e-05
1711617720.4523368 0.49215613305568695 1.3319425582885742 0.4045950241328277 0.15076366066932678 -0.06023437902331352 -0.013616313315563002 -0.12310807086095929 -0.013616313202569324 -0.1231080691085377 0.14684481883557368 -0.01677793911531329 0.8329041600227356 1.9347322583198547 0.00011717189599448016 3.744961324763046e-05 0.8329041600227356 1.9347322583198547 0.00011717189599448016 3.744961324763046e-05 0.45031245052814484 0.546273872256279 0.0004451397211025166 -9.490072447979083e-05
1711617720.5022044 0.5065067857503891 1.3383556604385376 0.4006286026134261 0.14721521735191345 -0.0438154973089695 0.054989938172400936 -0.08799622102510195 0.048483781817140977 -0.1855932090080406 0.14958702361572343 -0.02116608112728698 0.8329041600227356 1.9347322583198547 0.00011717189599448016 3.744961324763046e-05 0.8328638076782227 1.934707522392273 -0.0003994034316837244 -0.00024483371366136727 0.4501676708459854 0.5462369620800018 -0.0014330146758637615 -0.00036533319803566666
1711617720.5521781 0.5065067857503891 1.3383556604385376 0.4006286026134261 0.14888639748096466 0.040517132729291916 -0.007923201758164604 -0.10674511620534755 -0.007923201635681307 -0.10674511425692773 0.14919109436832054 -0.0265002269452409 0.8328638076782227 1.934707522392273 -0.0003994034316837244 -0.00024483371366136727 0.8328638076782227 1.934707522392273 -0.0003994034316837244 -0.00024483371366136727 0.4501676708459854 0.5462369620800018 -0.0014330146758637615 -0.00036533319803566666
1711617720.602205 0.5065067857503891 1.3383556604385376 0.4006286026134261 0.14680197834968567 -0.041446685791015625 0.01129928342490602 -0.08916738682042025 0.011299283558312367 -0.08916738469988161 0.14975634625439763 -0.03096086676472805 0.8328638076782227 1.934707522392273 -0.0003994034316837244 -0.00024483371366136727 0.8328638076782227 1.934707522392273 -0.0003994034316837244 -0.00024483371366136727 0.4501676708459854 0.5462369620800018 -0.0014330146758637615 -0.00036533319803566666
1711617720.6521938 0.5211105942726135 1.3442370891571045 0.39650455988536465 0.15028220415115356 0.026817122474312782 0.007995054125785814 -0.10333897709252036 0.00799505423955743 -0.10333897519821716 0.15 -0.036126504881367184 0.8328533172607422 1.9346957802772522 -0.00010473372640218228 -0.00011723036421153356 0.8328533172607422 1.9346957802772522 -0.00010473372640218228 -0.00011723036421153356 0.45031531155109406 0.5462586581707001 0.001474008183512531 0.00021660838869542242
1711617720.7022324 0.5211105942726135 1.3442370891571045 0.39650455988536465 0.14680197834968567 0.01181193720549345 -0.02852638300085115 -0.09005290056386857 -0.034383157514948866 -0.1849026221322525 0.14857260761748847 -0.040632537920469926 0.8328533172607422 1.9346957802772522 -0.00010473372640218228 -0.00011723036421153356 0.8328533172607422 1.9346957802772522 -0.00010473372640218228 -0.00011723036421153356 0.45031531155109406 0.5462586581707001 0.001474008183512531 0.00021660838869542242
1711617720.7521653 0.5351520925760269 1.3495305180549622 0.3899274721146118 0.14897146821022034 0.00095367431640625 0.0031316479647111456 -0.08453568574221047 -7.875873045007625e-05 -0.14489121512588504 0.14872897632648083 -0.044853553881474516 0.8328926265239716 1.9346898794174194 0.00039051952419977547 -5.862233949321876e-05 0.8328926265239716 1.9346898794174194 0.00039051952419977547 -5.862233949321876e-05 0.45031312108039856 0.5462779998779297 -2.1761322993694843e-05 0.00019215100167221705
1711617720.8021932 0.5351520925760269 1.3495305180549622 0.3899274721146118 0.14897146821022034 0.02335139736533165 0.010132569525919382 -0.08970851585016217 0.008615466887679071 -0.11841725099368952 0.14923588213579356 -0.04934143503668871 0.8328926265239716 1.9346898794174194 0.00039051952419977547 -5.862233949321876e-05 0.8328926265239716 1.9346898794174194 0.00039051952419977547 -5.862233949321876e-05 0.45031312108039856 0.5462779998779297 -2.1761322993694843e-05 0.00019215100167221705
1711617720.8522081 0.5490568280220032 1.3550223112106323 0.38929432403643455 0.144632488489151 -0.0009196145110763609 -0.012165945168105857 -0.12367723741605091 -0.012165945068226472 -0.12367723552842093 0.14862744622931243 -0.055526706383759186 0.832971602678299 1.9346539974212646 0.0007687291427828807 -0.00034926410864550504 0.832971602678299 1.9346539974212646 0.0007687291427828807 -0.00034926410864550504 0.45031194388866425 0.5462758839130402 -1.1458415524499543e-05 -2.059613929720171e-05
1711617720.9024215 0.5490568280220032 1.3550223112106323 0.38929432403643455 0.15037526190280914 -0.05828983709216118 0.05916599280881154 -0.09183201459947353 0.05646324016524017 -0.1420326155024874 0.15 -0.060137876380683714 0.832971602678299 1.9346539974212646 0.0007687291427828807 -0.00034926410864550504 0.832971602678299 1.9346539974212646 0.0007687291427828807 -0.00034926410864550504 0.45031194388866425 0.5462758839130402 -1.1458415524499543e-05 -2.059613929720171e-05
1711617720.9522223 0.5591489374637604 1.3595764636993408 0.38632074838335345 0.14711835980415344 0.006724148988723755 -2.3063694004643934e-05 -0.10444034168226982 -2.3063586946622618e-05 -0.10444033961713071 0.14999885153438122 -0.06533852384036566 0.833020955324173 1.9346620440483093 0.00047505502146927406 7.74546230656425e-05 0.833020955324173 1.9346620440483093 0.00047505502146927406 7.74546230656425e-05 0.4503175616264343 0.5463017672300339 5.407480165879116e-05 0.0002491457041944834
1711617721.0022035 0.5591489374637604 1.3595764636993408 0.38632074838335345 0.14680197834968567 -0.04789488762617111 -0.0024776853831170523 -0.09261701106536471 -0.0043317216724492996 -0.12774081913537014 0.14987502173018363 -0.06996733846862221 0.833020955324173 1.9346620440483093 0.00047505502146927406 7.74546230656425e-05 0.833020955324173 1.9346620440483093 0.00047505502146927406 7.74546230656425e-05 0.4503175616264343 0.5463017672300339 5.407480165879116e-05 0.0002491457041944834
1711617721.0522528 0.5770417749881744 1.3666877746582031 0.3881393848493386 0.151140958070755 -0.045582227408885956 -0.0023525414962692164 -0.15362890045314512 -0.002352541396759969 -0.15362889869332041 0.14975728483318634 -0.07765595525057702 0.8330171406269073 1.9346821308135986 -3.804351702804045e-05 0.0002003228943507755 0.8330171406269073 1.9346821308135986 -3.804351702804045e-05 0.0002003228943507755 0.45031024515628815 0.5462982058525085 -7.296627679987446e-05 -3.551718972539714e-05
1711617721.1022882 0.5770417749881744 1.3666877746582031 0.3881393848493386 0.14680197834968567 -0.0708988755941391 -0.027729456660440927 -0.09643359166693669 -0.027729456550854573 -0.09643358973038625 0.14836984808463002 -0.0824809870033577 0.8330171406269073 1.9346821308135986 -3.804351702804045e-05 0.0002003228943507755 0.8330171406269073 1.9346821308135986 -3.804351702804045e-05 0.0002003228943507755 0.45031024515628815 0.5462982058525085 -7.296627679987446e-05 -3.551718972539714e-05
1711617721.1521819 0.5914158821105957 1.3723589777946472 0.37534132170423823 0.14680197834968567 -0.07338864356279373 0.042782067534813735 -0.053938163606570604 0.042782067615201536 -0.05393816167610587 0.15 -0.08517206709498629 0.833063393831253 1.9346939325332642 0.00044075282399876406 0.00011246012777288052 0.833063393831253 1.9346939325332642 0.00044075282399876406 0.00011246012777288052 0.45030510425567627 0.5462865233421326 -4.898831323439871e-05 -0.00011132416688628578
1711617721.2021682 0.5914158821105957 1.3723589777946472 0.37534132170423823 0.14824829995632172 -0.03696850314736366 0.007995054125785814 -0.09378300902234808 0.007995054199397654 -0.09378300725498857 0.15 -0.08985984913786428 0.833063393831253 1.9346939325332642 0.00044075282399876406 0.00011246012777288052 0.833063393831253 1.9346939325332642 0.00044075282399876406 0.00011246012777288052 0.45030510425567627 0.5462865233421326 -4.898831323439871e-05 -0.00011132416688628578
1711617721.2522256 0.6061701476573944 1.3775625228881836 0.36333716050945586 0.15335297584533691 -0.0740114375948906 -0.007178217514510563 -0.05330158853837448 -0.00717821745964149 -0.05330158644036605 0.14964068214849852 -0.09252795054834796 0.8331569135189056 1.9346365928649902 0.0009262407730125671 -0.0005679054325290565 0.8331569135189056 1.9346365928649902 0.0009262407730125671 -0.0005679054325290565 0.4501214027404785 0.5462381094694138 -0.0018194226019278086 -0.00047950227398308327
1711617721.3021655 0.6061701476573944 1.3775625228881836 0.36333716050945586 0.14814196527004242 -0.053619638085365295 0.004379250109195695 -0.09125023082475668 0.004379250154805681 -0.09125022909811985 0.14985937089235718 -0.09708475773183722 0.8331569135189056 1.9346365928649902 0.0009262407730125671 -0.0005679054325290565 0.8331569135189056 1.9346365928649902 0.0009262407730125671 -0.0005679054325290565 0.4501214027404785 0.5462381094694138 -0.0018194226019278086 -0.00047950227398308327
1711617721.352199 0.6203518211841583 1.3833431005477905 0.35548379502317107 0.14680197834968567 -0.10083062201738358 0.005495205717642671 -0.08138826986244994 0.005495205750956335 -0.08138826805465077 0.15 -0.10115684516170513 0.8333174288272858 1.9346486330032349 0.0015637520759055595 0.0001172959225150104 0.8333174288272858 1.9346486330032349 0.0015637520759055595 0.0001172959225150104 0.450228214263916 0.5462872833013535 0.001040565807657914 0.0004790551290835821
1711617721.4021835 0.6203518211841583 1.3833431005477905 0.35548379502317107 0.15186412632465363 -0.04136211797595024 -0.03444800148530634 -0.09063347858607641 -0.03444800145177589 -0.09063347676028048 0.14827820112052378 -0.10568693733378952 0.8333174288272858 1.9346486330032349 0.0015637520759055595 0.0001172959225150104 0.8333174288272858 1.9346486330032349 0.0015637520759055595 0.0001172959225150104 0.450228214263916 0.5462872833013535 0.001040565807657914 0.0004790551290835821
1711617721.4521806 0.634337842464447 1.3887362480163574 0.3550188230340888 0.1417398452758789 -0.10872908681631088 0.010527001034990276 -0.12540583852993828 0.010527001068946742 -0.12540583680008402 0.14880451553264998 -0.1119568046933244 0.8333858251571655 1.9346292614936829 0.000668700058740711 -0.0001893921734995478 0.8333858251571655 1.9346292614936829 0.000668700058740711 -0.0001893921734995478 0.450224906206131 0.5462906509637833 -3.234235578223047e-05 3.2925100931459846e-05
1711617721.502171 0.634337842464447 1.3887362480163574 0.3550188230340888 0.15335297584533691 -0.043760329484939575 0.09008857807185058 -0.09280661312493502 0.09008857810804985 -0.09280661135604183 0.15 -0.11659615734409036 0.8333858251571655 1.9346292614936829 0.000668700058740711 -0.0001893921734995478 0.8333858251571655 1.9346292614936829 0.000668700058740711 -0.0001893921734995478 0.450224906206131 0.5462906509637833 -3.234235578223047e-05 3.2925100931459846e-05
1711617721.5522757 0.6484335362911224 1.3950666785240173 0.35312385885304937 0.14316357672214508 -0.11103600263595581 -0.07768312718959569 -0.12499247502654726 -0.0776831271497603 -0.12499247327200717 0.14610780918699112 -0.12285870856459176 0.8333279490470886 1.9346707463264465 -0.0005771077806728922 0.0004136632495863368 0.8333279490470886 1.9346707463264465 -0.0005771077806728922 0.0004136632495863368 0.45031188428401947 0.5462687313556671 0.0008672961163202038 -0.00021856991384393008
1711617721.6022403 0.6484335362911224 1.3950666785240173 0.35312385885304937 0.15258727967739105 -0.06572519242763519 0.08078713569034257 -0.09482212999064908 0.08078713573111759 -0.09482212821794789 0.15 -0.12759630640224026 0.8333279490470886 1.9346707463264465 -0.0005771077806728922 0.0004136632495863368 0.8333279490470886 1.9346707463264465 -0.0005771077806728922 0.0004136632495863368 0.45031188428401947 0.5462687313556671 0.0008672961163202038 -0.00021856991384393008
1711617721.652207 0.6624977290630341 1.4009251594543457 0.3476257659081989 0.1475251466035843 -0.10091577470302582 -0.0017942412087641087 -0.1007700892732355 -0.0017942411759591767 -0.10077008754247245 0.14991035133662292 -0.13263125029250766 0.8333343267440796 1.934668242931366 6.347586730577571e-05 -2.4915760998528785e-05 0.8333343267440796 1.934668242931366 6.347586730577571e-05 -2.4915760998528785e-05 0.4502151608467102 0.5462723523378372 -0.0009626678847705377 3.603886858715771e-05
1711617721.7021968 0.6624977290630341 1.4009251594543457 0.3476257659081989 0.1548418402671814 -0.09419988095760345 -0.014329285558396743 -0.09519363115015184 -0.014329285525482259 -0.09519362941616079 0.1491940585603718 -0.1373897925143153 0.8333343267440796 1.934668242931366 6.347586730577571e-05 -2.4915760998528785e-05 0.8333343267440796 1.934668242931366 6.347586730577571e-05 -2.4915760998528785e-05 0.4502151608467102 0.5462723523378372 -0.0009626678847705377 3.603886858715771e-05
1711617721.7522986 0.6778292953968048 1.4064400792121887 0.3402754000602385 0.15339809656143188 -0.13382506370544434 0.02893053799619742 -0.09519363115015184 0.028930538034809147 -0.09519362924091122 0.15 -0.14215943304602902 0.8333343267440796 1.934668242931366 6.347586730577571e-05 -2.4915760998528785e-05 0.8334057033061981 1.9347126483917236 0.0006268307645922014 0.00038996987024734033 0.4503338634967804 0.5462848544120789 0.0010424496598625212 0.00010979353058305992
1711617721.8022587 0.6778292953968048 1.4064400792121887 0.3402754000602385 0.15740083158016205 -0.20282715559005737 -0.07289500944370975 -0.08691704884885545 -0.07289500942459244 -0.08691704698296421 0.14635865939053616 -0.14650121970664381 0.8334057033061981 1.9347126483917236 0.0006268307645922014 0.00038996987024734033 0.8334057033061981 1.9347126483917236 0.0006268307645922014 0.00038996987024734033 0.4503338634967804 0.5462848544120789 0.0010424496598625212 0.00010979353058305992
1711617721.852191 0.6915632486343384 1.4112437963485718 0.3304759182268232 0.15740083158016205 -0.20282715559005737 -0.05056787244506678 -0.09467679848561616 -0.050567872417599885 -0.09467679622234765 0.143833728343472 -0.1512285767492534 0.8334057033061981 1.9347126483917236 0.0006268307645922014 0.00038996987024734033 0.8334968984127045 1.9346661567687988 0.0008639089338347393 -0.000440424162347122 0.45028887689113617 0.5462536662817001 -0.0004261668417070389 -0.000295451208907861
1711617721.9021547 0.6915632486343384 1.4112437963485718 0.3304759182268232 0.1487002819776535 -0.10906904935836792 0.07290590563623062 -0.06575259127987144 0.07290590562928086 -0.06575258949486619 0.14747629115563754 -0.15451374194553563 0.8334968984127045 1.9346661567687988 0.0008639089338347393 -0.000440424162347122 0.8334968984127045 1.9346661567687988 0.0008639089338347393 -0.000440424162347122 0.45028887689113617 0.5462536662817001 -0.0004261668417070389 -0.000295451208907861
1711617721.9521937 0.7065796554088593 1.4167492985725403 0.31950772074610145 0.14824829995632172 -0.14935562014579773 0.00040348114640469807 -0.09287030597987404 0.00040348114195434874 -0.09287030387447333 0.14749648048910516 -0.15916077339514445 0.8334968984127045 1.9346661567687988 0.0008639089338347393 -0.000440424162347122 0.8336662650108337 1.934657096862793 0.0016416732530031384 -8.78178196221985e-05 0.45028893649578094 0.5462720096111298 5.777488133039375e-07 0.00017780219729428675
1711617722.002192 0.7065796554088593 1.4167492985725403 0.31950772074610145 0.14879615604877472 -0.17813479900360107 0.01016487753820311 -0.061468263567927374 0.01016487750333398 -0.06146826155494091 0.1480046996463596 -0.16223403709074502 0.8336662650108337 1.934657096862793 0.0016416732530031384 -8.78178196221985e-05 0.8336662650108337 1.934657096862793 0.0016416732530031384 -8.78178196221985e-05 0.45028893649578094 0.5462720096111298 5.777488133039375e-07 0.00017780219729428675
1711617722.0521963 0.7206981182098389 1.4214401841163635 0.3057046357256945 0.14553645253181458 -0.11942535638809204 0.03285294463769636 -0.09090776782041823 0.03285294460321122 -0.09090776591942198 0.1496474001409606 -0.1667795728656516 0.8336662650108337 1.934657096862793 0.0016416732530031384 -8.78178196221985e-05 0.8337847888469696 1.9346207976341248 0.0011461544314128739 -0.00035102240318352534 0.4503897726535797 0.5462264716625214 0.0009751102636875682 -0.00044036308051266564
1711617722.1022022 0.7206981182098389 1.4214401841163635 0.3057046357256945 0.1475251466035843 -0.14829976856708527 -0.00972091714428627 -0.03566284751789146 -0.009720917225984381 -0.03566284542800205 0.14916130839433067 -0.16856288359471772 0.8337847888469696 1.9346207976341248 0.0011461544314128739 -0.00035102240318352534 0.8337847888469696 1.9346207976341248 0.0011461544314128739 -0.00035102240318352534 0.4503897726535797 0.5462264716625214 0.0009751102636875682 -0.00044036308051266564
1711617722.1521518 0.7206981182098389 1.4214401841163635 0.3057046357256945 0.14926815032958984 -0.13400040566921234 0.05938171017427692 -0.08745465468531573 0.05938171009071568 -0.08745465255450195 0.15 -0.17293106668125832 0.8337847888469696 1.9346207976341248 0.0011461544314128739 -0.00035102240318352534 0.8337847888469696 1.9346207976341248 0.0011461544314128739 -0.00035102240318352534 0.4503897726535797 0.5462264716625214 0.0009751102636875682 -0.00044036308051266564
1711617722.2022183 0.7347888946533203 1.426275372505188 0.28298333213596205 0.14897146821022034 -0.10749612748622894 -0.052539450031210105 0.023684551439974666 -0.05253945019314478 0.02368455359134917 0.14736954766979124 -0.17174527041791293 0.8337693512439728 1.9345815181732178 -0.00015067916159554687 -0.0003833882914728394 0.8337693512439728 1.9345815181732178 -0.00015067916159554687 -0.0003833882914728394 0.4505295902490616 0.546202152967453 0.001364693603524147 -0.00023736331247483833
1711617722.2522697 0.7487064003944397 1.4310705661773682 0.2661545614764219 0.14629577100276947 -0.1268172264099121 0.03301527644201167 -0.08049982878892324 0.03301527626731534 -0.08049982647360591 0.1490220022804898 -0.17577438443960966 0.8337693512439728 1.9345815181732178 -0.00015067916159554687 -0.0003833882914728394 0.8337576389312744 1.9345593452453613 -0.00011343012704174228 -0.0002147379504301686 0.4504736363887787 0.5461892932653427 -0.0005418958359309699 -0.0001245422387239486
1711617722.3022122 0.7487064003944397 1.4310705661773682 0.2661545614764219 0.14358946681022644 -0.10227927565574646 0.00926057249307631 -0.006597950953019294 0.009260572242336599 -0.006597948542049327 0.1494844696588611 -0.17610388211182665 0.8337576389312744 1.9345593452453613 -0.00011343012704174228 -0.0002147379504301686 0.8337576389312744 1.9345593452453613 -0.00011343012704174228 -0.0002147379504301686 0.4504736363887787 0.5461892932653427 -0.0005418958359309699 -0.0001245422387239486
1711617722.3522127 0.7627623379230499 1.4356420636177063 0.2425240216691608 0.15558627247810364 -0.12847957015037537 0.037677096879217595 -0.0758862105297473 0.037677096628230884 -0.0758862081386665 0.15 -0.17989813474173005 0.8337576389312744 1.9345593452453613 -0.00011343012704174228 -0.0002147379504301686 0.8337644636631012 1.934567928314209 6.494920915120176e-05 8.168284819015767e-05 0.4502716064453125 0.546188697218895 -0.0019226667634759682 -5.672420013205393e-06
1711617722.4022157 0.7627623379230499 1.4356420636177063 0.2425240216691608 0.14342722296714783 -0.12310594320297241 -0.10993838753087963 0.0430161434955509 -0.10993838790675912 0.04301614605902211 0.14450298102031026 -0.17774728859473082 0.8337644636631012 1.934567928314209 6.494920915120176e-05 8.168284819015767e-05 0.8337644636631012 1.934567928314209 6.494920915120176e-05 8.168284819015767e-05 0.4502716064453125 0.546188697218895 -0.0019226667634759682 -5.672420013205393e-06
1711617722.452276 0.7627623379230499 1.4356420636177063 0.2425240216691608 0.15260854363441467 -0.17667166888713837 0.11358722338682446 -0.06845468716376013 0.11358722293578342 -0.06845468408234254 0.15 -0.18117414886866431 0.8337644636631012 1.934567928314209 6.494920915120176e-05 8.168284819015767e-05 0.8337644636631012 1.934567928314209 6.494920915120176e-05 8.168284819015767e-05 0.4502716064453125 0.546188697218895 -0.0019226667634759682 -5.672420013205393e-06
1711617722.5022297 0.7790209352970123 1.439546525478363 0.2173224821896996 0.14852119982242584 -0.13339069485664368 -0.03709550669189844 0.06532812213566822 -0.03709550669830057 0.06532812216734477 0.14814707488417794 -0.177911001143522 0.8338103592395782 1.9345932602882385 0.00044708696712459213 0.0002467687805557814 0.8338103592395782 1.9345932602882385 0.00044708696712459213 0.0002467687805557814 0.4503682851791382 0.5462485253810883 0.0009417857930858291 0.0005828097964302719
1711617722.5521495 0.7790209352970123 1.439546525478363 0.2173224821896996 0.14945358037948608 -0.13233649730682373 -0.015795319448688703 -0.06010108164918618 -0.015795319455848007 -0.06010108161358053 0.1473586201972946 -0.18091106579349617 0.8338103592395782 1.9345932602882385 0.00044708696712459213 0.0002467687805557814 0.8338103592395782 1.9345932602882385 0.00044708696712459213 0.0002467687805557814 0.4503682851791382 0.5462485253810883 0.0009417857930858291 0.0005828097964302719
1711617722.6022563 0.7932086288928986 1.4431791305541992 0.20758233577042567 0.15037526190280914 -0.17169293761253357 -0.0009381547570228715 -0.023560571215144696 -0.0009381547664827323 -0.0235605711743377 0.14731161140374524 -0.18209163224041403 0.8337465822696686 1.934668481349945 -0.0006365137605946823 0.0007507293138976533 0.8337465822696686 1.934668481349945 -0.0006365137605946823 0.0007507293138976533 0.4504260867834091 0.5462613701820374 0.0005768777750810217 0.00012819506112911593
1711617722.6521866 0.7932086288928986 1.4431791305541992 0.20758233577042567 0.14665310084819794 -0.18768450617790222 0.029021395628769736 -0.057812687805996445 0.029021395619614466 -0.057812687767000714 0.14876056251392347 -0.18497804608661256 0.8337465822696686 1.934668481349945 -0.0006365137605946823 0.0007507293138976533 0.8337465822696686 1.934668481349945 -0.0006365137605946823 0.0007507293138976533 0.4504260867834091 0.5462613701820374 0.0005768777750810217 0.00012819506112911593
1711617722.7022064 0.8078717589378357 1.446979582309723 0.19107560694608963 0.1487002819776535 -0.15698745846748352 0.01534112652005045 0.020878932674533293 0.015341126507320101 0.020878932720629035 0.1495278924291231 -0.1839337271040614 0.8337694704532623 1.9346184134483337 0.0002221235006663705 -0.0004858951577076855 0.8337694704532623 1.9346184134483337 0.0002221235006663705 -0.0004858951577076855 0.45056286454200745 0.546235665678978 0.0013273903727972754 -0.0002494551032874278
1711617722.7521763 0.8078717589378357 1.446979582309723 0.19107560694608963 0.15111969411373138 -0.1835262030363083 -0.03855452077981237 -0.05289281699600218 -0.03855452079235493 -0.05289281695071674 0.14760138158761152 -0.18657670082853942 0.8337694704532623 1.9346184134483337 0.0002221235006663705 -0.0004858951577076855 0.8337694704532623 1.9346184134483337 0.0002221235006663705 -0.0004858951577076855 0.45056286454200745 0.546235665678978 0.0013273903727972754 -0.0002494551032874278
1711617722.8021936 0.8222794532775879 1.4498960375785828 0.17302715613995576 0.14246301352977753 -0.18291814625263214 -0.0027992352843284746 0.04191546803518914 -0.0027992353017660433 0.041915468087863554 0.1474613719048147 -0.18448020989876937 0.833628237247467 1.934578776359558 -0.001398232072888637 -0.0003924137279894255 0.833628237247467 1.934578776359558 -0.001398232072888637 -0.0003924137279894255 0.450570747256279 0.5461962819099426 7.804017372421281e-05 -0.00038990582070528256
1711617722.85222 0.8353902697563171 1.4524510502815247 0.15747370236625535 0.14246301352977753 -0.14778545498847961 0.05116851496446033 -0.04696539730279904 0.051168514945008695 -0.046965397243122556 0.15 -0.1868296756487169 0.833628237247467 1.934578776359558 -0.001398232072888637 -0.0003924137279894255 0.8336747586727142 1.9346126914024353 0.00046321244507327127 0.00033769107142433226 0.4505787342786789 0.5461783111095428 7.95265440612663e-05 -0.00017893472413784916
1711617722.902194 0.8353902697563171 1.4524510502815247 0.15747370236625535 0.14755591750144958 -0.17045153677463531 0.04697753013162424 0.03450410792777079 0.046977530109009215 0.034504107986716964 0.15 -0.18510544261521789 0.8336747586727142 1.9346126914024353 0.00046321244507327127 0.00033769107142433226 0.8336747586727142 1.9346126914024353 0.00046321244507327127 0.00033769107142433226 0.4505787342786789 0.5461783111095428 7.95265440612663e-05 -0.00017893472413784916
1711617722.9522705 0.8353902697563171 1.4524510502815247 0.15747370236625535 0.1496308296918869 -0.15941788256168365 -0.03457079605799085 -0.0418762438265153 -0.034570796080113056 -0.041876243768567745 0.14826881606082054 -0.1872024576976597 0.8336747586727142 1.9346126914024353 0.00046321244507327127 0.00033769107142433226 0.8336747586727142 1.9346126914024353 0.00046321244507327127 0.00033769107142433226 0.4505787342786789 0.5461783111095428 7.95265440612663e-05 -0.00017893472413784916
1711617723.0022671 0.8514482975006104 1.4555461406707764 0.14019638336885304 0.14680197834968567 -0.1267092525959015 0.02997452684147574 0.04675681870459652 0.02997452681047159 0.046756818774179254 0.14976735516501094 -0.18486490883201998 0.8335274755954742 1.9345675706863403 -0.0014509041287646587 -0.0004444898524786915 0.8335274755954742 1.9345675706863403 -0.0014509041287646587 -0.0004444898524786915 0.4502984583377838 0.5461692214012146 -0.002761033565149177 -8.954386063804551e-05
1711617723.0543287 0.8661578893661499 1.4578311443328857 0.12313084385942603 0.15186412632465363 -0.1573805958032608 -0.003673223053329122 -0.03633732623472676 -0.00367322308346976 -0.03633732616780051 0.1495761258296419 -0.18675664332351993 0.8335274755954742 1.9345675706863403 -0.0014509041287646587 -0.0004444898524786915 0.8334847390651703 1.9345858693122864 -0.00042343153165283573 0.00018130192498942897 0.4503474682569504 0.5462322384119034 0.00048558797336338105 0.0006243695771826508
1711617723.1021688 0.8661578893661499 1.4578311443328857 0.12313084385942603 0.14607882499694824 -0.16137531399726868 -0.04698649583386151 0.06060880289703745 -0.04698649587413126 0.06060880297599746 0.14732831991272413 -0.18385715436714023 0.8334847390651703 1.9345858693122864 -0.00042343153165283573 0.00018130192498942897 0.8334847390651703 1.9345858693122864 -0.00042343153165283573 0.00018130192498942897 0.4503474682569504 0.5462322384119034 0.00048558797336338105 0.0006243695771826508
1711617723.1523428 0.8661578893661499 1.4578311443328857 0.12313084385942603 0.15285669267177582 -0.14464761316776276 0.05592133949184498 -0.030524320588126486 0.05592133944905471 -0.030524320503973485 0.15 -0.18538879800462996 0.8334847390651703 1.9345858693122864 -0.00042343153165283573 0.00018130192498942897 0.8334847390651703 1.9345858693122864 -0.00042343153165283573 0.00018130192498942897 0.4503474682569504 0.5462322384119034 0.00048558797336338105 0.0006243695771826508
1711617723.2021806 0.8812102675437927 1.4593445658683777 0.10403200356947277 0.1499171406030655 -0.18505561351776123 -0.027590078889959756 0.08132557041972752 -0.02759007894624016 0.08132557051808888 0.14862518747612014 -0.1813363480942601 0.8334626853466034 1.9345583319664001 -0.00021724834421532247 -0.00027126685142561885 0.8334626853466034 1.9345583319664001 -0.00021724834421532247 -0.00027126685142561885 0.45037560164928436 0.5462343990802765 0.0002771384282963033 2.1284466156230917e-05
1711617723.2521932 0.8812102675437927 1.4593445658683777 0.10403200356947277 0.1475251466035843 -0.15152522921562195 -0.002082795015875311 -0.023555994993988208 -0.0020827950727851214 -0.023555994895400088 0.14852102299579037 -0.18251442753006494 0.8334626853466034 1.9345583319664001 -0.00021724834421532247 -0.00027126685142561885 0.8334626853466034 1.9345583319664001 -0.00021724834421532247 -0.00027126685142561885 0.45037560164928436 0.5462343990802765 0.0002771384282963033 2.1284466156230917e-05
1711617723.3023214 0.8959105014801025 1.4614980816841125 0.08684492964860169 0.146327406167984 -0.12756139039993286 -0.027997917833046195 0.07093151664812286 -0.02799791790719651 0.07093151676610476 0.14711756386968025 -0.17895882439692268 0.8335143327713013 1.9345290660858154 0.0005064242531922554 -0.00028696400267443436 0.8335143327713013 1.9345290660858154 0.0005064242531922554 -0.00028696400267443436 0.4504682123661041 0.5462558418512344 0.0009080861897258704 0.00021025519340555553
1711617723.3522303 0.8959105014801025 1.4614980816841125 0.08684492964860169 0.14607882499694824 -0.2528054416179657 0.05952425300234977 -0.017636435701644367 0.05952425292752283 -0.017636435587311827 0.15 -0.17983900544799736 0.8335143327713013 1.9345290660858154 0.0005064242531922554 -0.00028696400267443436 0.8335143327713013 1.9345290660858154 0.0005064242531922554 -0.00028696400267443436 0.4504682123661041 0.5462558418512344 0.0009080861897258704 0.00021025519340555553
1711617723.40218 0.9105464816093445 1.4635932445526123 0.06603786279243672 0.14535565674304962 -0.17082521319389343 -0.01575366444197382 0.10077218715445857 -0.015753664541475587 0.10077218729130251 0.14921314384167877 -0.1748056866070351 0.8334878385066986 1.9344757199287415 -0.00026090702905254065 -0.0005253358627717072 0.8334878385066986 1.9344757199287415 -0.00026090702905254065 -0.0005253358627717072 0.4504083842039108 0.5462098568677902 -0.0005891685723543029 -0.000452845383383656
1711617723.4522998 0.9105464816093445 1.4635932445526123 0.06603786279243672 0.14535565674304962 -0.17082521319389343 0.0383025928304289 -0.010243182124985144 0.03830259273211754 -0.01024318198831334 0.15 -0.17531909805545928 0.8334878385066986 1.9344757199287415 -0.00026090702905254065 -0.0005253358627717072 0.8334878385066986 1.9344757199287415 -0.00026090702905254065 -0.0005253358627717072 0.4504083842039108 0.5462098568677902 -0.0005891685723543029 -0.000452845383383656
1711617723.5023463 0.9250860810279846 1.4647690057754517 0.050319160557437924 0.14715515077114105 -0.13782256841659546 -0.0035659927182452884 -0.010243182124985144 -0.0035659928167330237 -0.010243181988169347 0.14982155344971487 -0.17583167916780804 0.8334878385066986 1.9344757199287415 -0.00026090702905254065 -0.0005253358627717072 0.8334312736988068 1.9343749284744263 -0.0005221113324017122 -0.0009303374742795524 0.4503317326307297 0.5462751984596252 -0.0007075186232545857 0.0006031238652743697
1711617723.5523329 0.9250860810279846 1.4647690057754517 0.050319160557437924 0.15186412632465363 -0.1279134303331375 0.004285878503793281 0.08203525107615227 0.004285878375287156 0.08203525123684963 0.15 -0.17173117228433787 0.8334312736988068 1.9343749284744263 -0.0005221113324017122 -0.0009303374742795524 0.8334312736988068 1.9343749284744263 -0.0005221113324017122 -0.0009303374742795524 0.4503317326307297 0.5462751984596252 -0.0007075186232545857 0.0006031238652743697
1711617723.6021848 0.9403935074806213 1.4657058715820312 0.032567464300778816 0.1448632925748825 -0.16506429016590118 0.031231545165101827 -0.004477435305012894 0.031231545038541104 -0.004477435145120505 0.15 -0.17195437557873186 0.8334312736988068 1.9343749284744263 -0.0005221113324017122 -0.0009303374742795524 0.8334005177021027 1.9343519806861877 -0.00028516668987790887 -0.00021276972016084285 0.4503009617328644 0.5461423993110657 -0.0002853048520338575 -0.0012313011338139165
1711617723.6522171 0.9403935074806213 1.4657058715820312 0.032567464300778816 0.14668692648410797 -0.17082419991493225 -0.08340179317685247 0.10242011955352526 -0.08340179335682275 0.10242011976005885 0.14582736909732574 -0.16683024887082742 0.8334005177021027 1.9343519806861877 -0.00028516668987790887 -0.00021276972016084285 0.8334005177021027 1.9343519806861877 -0.00028516668987790887 -0.00021276972016084285 0.4503009617328644 0.5461423993110657 -0.0002853048520338575 -0.0012313011338139165
1711617723.7023177 0.9554083347320557 1.466956615447998 0.010359875451934855 0.15186412632465363 -0.21025623381137848 0.06693727120764192 0.0022074787093769727 0.06693727104487539 0.0022074788974825042 0.1491810120787534 -0.166719651361446 0.8334005177021027 1.9343519806861877 -0.00028516668987790887 -0.00021276972016084285 0.8335101306438446 1.934373676776886 0.0010854398776091283 0.00021484508724835383 0.45029546320438385 0.5462976545095444 -5.4449064007309456e-05 0.00153741137640151
1711617723.7523456 0.9554083347320557 1.466956615447998 0.010359875451934855 0.14894364774227142 -0.13058346509933472 -0.04605841126760937 0.13539547659183893 -0.04605841149261918 0.13539547683267042 0.14687700657469308 -0.15994668818909605 0.8335101306438446 1.934373676776886 0.0010854398776091283 0.00021484508724835383 0.8335101306438446 1.934373676776886 0.0010854398776091283 0.00021484508724835383 0.45029546320438385 0.5462976545095444 -5.4449064007309456e-05 0.00153741137640151
1711617723.8021624 0.9696643054485321 1.4677650332450867 -0.007380206036461458 0.14969463646411896 -0.16150133311748505 0.026091392753060782 0.010535405043695207 0.026091392537538633 0.01053540526777792 0.14817675394680166 -0.15942186511241166 0.8335101306438446 1.934373676776886 0.0010854398776091283 0.00021484508724835383 0.8335059583187103 1.9343328475952148 -4.0373931821118104e-05 -0.00039508776139237 0.4502939432859421 0.5462828278541565 -1.4707646591978739e-05 -0.00014347165057861612
1711617723.852341 0.9696643054485321 1.4677650332450867 -0.007380206036461458 0.14892101287841797 -0.1741398274898529 0.002877882746445574 0.1179601757161402 0.0028778824712774294 0.11796017598464342 0.14832117764752795 -0.15350215030252587 0.8335059583187103 1.9343328475952148 -4.0373931821118104e-05 -0.00039508776139237 0.8335059583187103 1.9343328475952148 -4.0373931821118104e-05 -0.00039508776139237 0.4502939432859421 0.5462828278541565 -1.4707646591978739e-05 -0.00014347165057861612
1711617723.9021845 0.9857760369777679 1.468197524547577 -0.02357108912838522 0.1464049518108368 -0.163108691573143 0.01334742398747042 0.01727261279246307 0.013347423720525652 0.01727261305817077 0.148986307889648 -0.15264141963723182 0.8335059583187103 1.9343328475952148 -4.0373931821118104e-05 -0.00039508776139237 0.8333957493305206 1.934287965297699 -0.0010666454375957617 -0.0004343883258570084 0.45035625994205475 0.5463199615478516 0.000603124826936922 0.0003593943253770468
1711617723.9521575 0.9857760369777679 1.468197524547577 -0.02357108912838522 0.14949123561382294 -0.16438215970993042 0.02102953464070781 0.11787671872615235 0.021029534295421017 0.11787671903652441 0.15 -0.1467509618016987 0.8333957493305206 1.934287965297699 -0.0010666454375957617 -0.0004343883258570084 0.8333957493305206 1.934287965297699 -0.0010666454375957617 -0.0004343883258570084 0.45035625994205475 0.5463199615478516 0.000603124826936922 0.0003593943253770468
1711617724.0022533 0.9988106191158295 1.4680967926979065 -0.035448579972084844 0.1499171406030655 -0.1493990421295166 -0.02783703228571756 0.02355699065509257 -0.027837032645740563 0.023556990976361714 0.14860550160367936 -0.1455708724389572 0.8333957493305206 1.934287965297699 -0.0010666454375957617 -0.0004343883258570084 0.8332525491714478 1.9342172145843506 -0.0014121587307558473 -0.0006977033978802043 0.4501999020576477 0.5462640970945358 -0.001541912753571395 -0.0005509035464728066
1711617724.0522833 0.9988106191158295 1.4680967926979065 -0.035448579972084844 0.1483324021100998 -0.14517197012901306 0.032901886571922584 0.10024659621027199 0.032901886153707725 0.10024659654989242 0.15 -0.14055563152914835 0.8332525491714478 1.9342172145843506 -0.0014121587307558473 -0.0006977033978802043 0.8332525491714478 1.9342172145843506 -0.0014121587307558473 -0.0006977033978802043 0.4501999020576477 0.5462640970945358 -0.001541912753571395 -0.0005509035464728066
1711617724.1023602 1.0139337480068207 1.4680472612380981 -0.05302823181875598 0.14969463646411896 -0.1400061994791031 -0.008055578923827371 0.028352700695244433 -0.008055579348987717 0.02835270105194649 0.14959660108423165 -0.1391358144275201 0.8332525491714478 1.9342172145843506 -0.0014121587307558473 -0.0006977033978802043 0.8330918550491333 1.9341444969177246 -0.001604368452498554 -0.0007260124302849539 0.4502444416284561 0.5461591631174088 0.00044468261354953427 -0.0010476597405874274
1711617724.1521873 1.0139337480068207 1.4680472612380981 -0.05302823181875598 0.14949123561382294 -0.12355856597423553 0.023512116354627334 0.14159055409725554 0.02351211583569458 0.1415905544969348 0.15 -0.13208137553353155 0.8330918550491333 1.9341444969177246 -0.001604368452498554 -0.0007260124302849539 0.8330918550491333 1.9341444969177246 -0.001604368452498554 -0.0007260124302849539 0.4502444416284561 0.5461591631174088 0.00044468261354953427 -0.0010476597405874274
1711617724.20226 1.0139337480068207 1.4680472612380981 -0.05302823181875598 0.14318616688251495 -0.13698680698871613 -0.02266210390002063 0.03540654774598669 -0.02266210443941121 0.035406548163053914 0.14886526415949566 -0.13030850047774903 0.8330918550491333 1.9341444969177246 -0.001604368452498554 -0.0007260124302849539 0.8330918550491333 1.9341444969177246 -0.001604368452498554 -0.0007260124302849539 0.4502444416284561 0.5461591631174088 0.00044468261354953427 -0.0010476597405874274
1711617724.2522066 1.0298371315002441 1.4673768877983093 -0.06880735843762398 0.14824829995632172 -0.14127323031425476 0.024697112344832767 0.14126524067430876 0.024697111716422502 0.1412652411367177 0.15 -0.12325316004070531 0.832958996295929 1.9341304898262024 -0.0012946205582724452 -0.00013648983005564138 0.832958996295929 1.9341304898262024 -0.0012946205582724452 -0.00013648983005564138 0.45035383105278015 0.5460903346538544 0.0010659274919558122 -0.0006706877925819229
1711617724.3022077 1.0298371315002441 1.4673768877983093 -0.06880735843762398 0.1487002819776535 -0.14355964958667755 -0.0035098273963594905 0.0420157591554209 -0.003509828042674951 0.042015759627874336 0.1498245096343517 -0.12115238410373938 0.832958996295929 1.9341304898262024 -0.0012946205582724452 -0.00013648983005564138 0.832958996295929 1.9341304898262024 -0.0012946205582724452 -0.00013648983005564138 0.45035383105278015 0.5460903346538544 0.0010659274919558122 -0.0006706877925819229
1711617724.352181 1.0448195040225983 1.4665477871894836 -0.0858748154424704 0.14739753305912018 -0.15024052560329437 0.011975567596163809 0.15719520865400818 0.01197556683971285 0.1571952091972279 0.15 -0.11329697864465213 0.8328731954097748 1.9341760873794556 -0.0008473967641746903 0.00045033589759891496 0.8328731954097748 1.9341760873794556 -0.0008473967641746903 0.00045033589759891496 0.45034533739089966 0.5460849702358246 -8.38860985723469e-05 -5.298069383516646e-05
1711617724.4022524 1.0596351623535156 1.4657711386680603 -0.09750808996274939 0.15707513689994812 -0.20256288349628448 0.007525632906548816 0.04921073521452166 0.007525632134747771 0.049210735748213746 0.15 -0.11083295960266754 0.8328731954097748 1.9341760873794556 -0.0008473967641746903 0.00045033589759891496 0.8327360153198242 1.9341492056846619 -0.0013514227666146022 -0.0002648236661929983 0.45024921000003815 0.5460779815912247 -0.0009469941633098848 -6.884828128853449e-05
