1711617364.6296902 0 0 1e-05 1e-06 1e-06 4.736645810946653 0.0 4.7366458107800025 1.6322044323942904e-10 0.15 2.245305331713814e-12 -30 -30 0 0 -30 -30 0 0 -30 -30 0 0
1711617364.8426347 0 0 1e-05 1e-06 1e-06 0.375 0.0 0.37499999998325173 1.640351617700536e-11 0.15 5.738297076080203e-12 -30 -30 0 0 -30 -30 0 0 -30 -30 0 0
1711617364.892749 0 0 1e-05 1e-06 1e-06 0.375 0.0 0.37499999998325173 1.640351617700536e-11 0.15 6.560357158005117e-12 -30 -30 0 0 -30 -30 0 0 -30 -30 0 0
1711617364.9427466 0 0 1e-05 1e-06 1e-06 0.375 0.0 0.37499999998325173 1.640351617700536e-11 0.15 7.380453966614398e-12 -30 -30 0 0 -30 -30 0 0 -30 -30 0 0
1711617364.9927306 0 0 1e-05 1e-06 1e-06 0.375 0.0 0.37499999998325173 1.640351617700536e-11 0.15 8.20034740826668e-12 -30 -30 0 0 -30 -30 0 0 -30 -30 0 0
1711617365.042748 0 0 1e-05 1e-06 1e-06 0.375 0.0 0.37499999998325173 1.640351617700536e-11 0.15 9.020788376341648e-12 -30 -30 0 0 -30 -30 0 0 -30 -30 0 0
1711617365.092772 0 0 1e-05 1e-06 1e-06 0.375 0.0 0.37499999998325173 1.640351617700536e-11 0.15 9.84135840421625e-12 -30 -30 0 0 -30 -30 0 0 -30 -30 0 0
1711617365.1427548 0 0 1e-05 1e-06 1e-06 0.375 0.0 0.37499999998325173 1.640351617700536e-11 0.15 1.0661224469547399e-11 -30 -30 0 0 -30 -30 0 0 -30 -30 0 0
1711617365.192797 0 0 1e-05 1e-06 1e-06 0.375 0.0 0.37499999998325173 1.640351617700536e-11 0.15 1.1482083904245422e-11 -30 -30 0 0 -30 -30 0 0 -30 -30 0 0
1711617365.2428226 0 0 1e-05 1e-06 1e-06 0.375 0.0 0.37499999998325173 1.640351617700536e-11 0.15 1.2302657843023043e-11 -30 -30 0 0 -30 -30 0 0 -30 -30 0 0
1711617365.2927997 0 0 1e-05 1e-06 1e-06 0.375 0.0 0.37499999998325173 1.640351617700536e-11 0.15 1.3122426135778712e-11 -30 -30 0 0 -30 -30 0 0 -30 -30 0 0
1711617365.342827 0 0 1e-05 1e-06 1e-06 0.375 0.0 0.37499999998325173 1.640351617700536e-11 0.15 1.3943011807265392e-11 -30 -30 0 0 -30 -30 0 0 -30 -30 0 0
1711617365.3927667 0 0 1e-05 1e-06 1e-06 0.375 0.0 0.37499999998325173 1.640351617700536e-11 0.15 1.4762193464568183e-11 -30 -30 0 0 -30 -30 0 0 -30 -30 0 0
1711617365.442825 0 0 1e-05 1e-06 1e-06 0.375 0.0 0.37499999998325173 1.640351617700536e-11 0.15 1.5583291464350376e-11 -30 -30 0 0 -30 -30 0 0 -30 -30 0 0
1711617365.4928994 0 0 1e-05 1e-06 1e-06 0.375 0.0 0.37499999998325173 1.640351617700536e-11 0.15 1.64047218908892e-11 -30 -30 0 0 -30 -30 0 0 -30 -30 0 0
1711617365.5428114 0 0 1e-05 1e-06 1e-06 0.375 0.0 0.37499999998325173 1.640351617700536e-11 0.15 1.7223316912739113e-11 -30 -30 0 0 -30 -30 0 0 -30 -30 0 0
1711617365.592793 0 0 1e-05 1e-06 1e-06 0.375 0.0 0.37499999998325173 1.640351617700536e-11 0.15 1.804318297807026e-11 -30 -30 0 0 -30 -30 0 0 -30 -30 0 0
1711617365.6428282 0 0 1e-05 1e-06 1e-06 0.375 0.0 0.37499999998325173 1.640351617700536e-11 0.15 1.886391335296865e-11 -30 -30 0 0 -30 -30 0 0 -30 -30 0 0
1711617365.6927729 0 0 1e-05 1e-06 1e-06 0.375 0.0 0.37499999998325173 1.640351617700536e-11 0.15 1.9683153673816727e-11 -30 -30 0 0 -30 -30 0 0 -30 -30 0 0
1711617365.7428484 0 0 1e-05 1e-06 1e-06 0.375 0.0 0.37499999998325173 1.640351617700536e-11 0.15 2.0504556724034418e-11 -30 -30 0 0 -30 -30 0 0 -30 -30 0 0
1711617365.7928417 0 0 1e-05 1e-06 1e-06 0.375 0.0 0.37499999998325173 1.640351617700536e-11 0.15 2.1324606601807468e-11 -30 -30 0 0 -30 -30 0 0 -30 -30 0 0
1711617365.842702 0 0 1e-05 1e-06 1e-06 0.375 0.0 0.37499999998325173 1.640351617700536e-11 0.15 2.2142442908471656e-11 -30 -30 0 0 -30 -30 0 0 -30 -30 0 0
1711617365.892748 0 0 1e-05 1e-06 1e-06 0.375 0.0 0.37499999998325173 1.640351617700536e-11 0.15 2.2963404026648177e-11 -30 -30 0 0 -30 -30 0 0 -30 -30 0 0
1711617365.9427147 0 0 1e-05 1e-06 1e-06 0.375 0.0 0.37499999998325173 1.640351617700536e-11 0.15 2.3782937665222694e-11 -30 -30 0 0 -30 -30 0 0 -30 -30 0 0
1711617365.992795 0 0 1e-05 1e-06 1e-06 0.375 0.0 0.37499999998325173 1.640351617700536e-11 0.15 2.4604422844403787e-11 -30 -30 0 0 -30 -30 0 0 -30 -30 0 0
1711617366.042891 0 0 1e-05 1e-06 1e-06 0.375 0.0 0.37499999998325173 1.640351617700536e-11 0.15 2.5426138766863012e-11 -30 -30 0 0 -30 -30 0 0 -30 -30 0 0
1711617366.092861 0 0 1e-05 1e-06 1e-06 0.375 0.0 0.37499999998325173 1.640351617700536e-11 0.15 2.6245836663364336e-11 -30 -30 0 0 -30 -30 0 0 -30 -30 0 0
1711617366.1427653 0 0 1e-05 1e-06 1e-06 0.375 0.0 0.37499999998325173 1.640351617700536e-11 0.15 2.7064380843474998e-11 -30 -30 0 0 -30 -30 0 0 -30 -30 0 0
1711617366.1927671 0 0 1e-05 1e-06 1e-06 0.375 0.0 0.37499999998325173 1.640351617700536e-11 0.15 2.788456760285372e-11 -30 -30 0 0 -30 -30 0 0 -30 -30 0 0
1711617366.24288 0 0 1e-05 1e-06 1e-06 0.375 0.0 0.37499999998325173 1.640351617700536e-11 0.15 2.870654555581523e-11 -30 -30 0 0 -30 -30 0 0 -30 -30 0 0
1711617366.2927902 0 0 1e-05 1e-06 1e-06 0.375 0.0 0.37499999998325173 1.640351617700536e-11 0.15 2.9525234439337604e-11 -30 -30 0 0 -30 -30 0 0 -30 -30 0 0
1711617366.3427508 0 0 1e-05 1e-06 1e-06 0.375 0.0 0.37499999998325173 1.640351617700536e-11 0.15 3.034473287978495e-11 -30 -30 0 0 -30 -30 0 0 -30 -30 0 0
1711617366.392805 0 0 1e-05 1e-06 1e-06 0.375 0.0 0.37499999998325173 1.640351617700536e-11 0.15 3.116581914685808e-11 -30 -30 0 0 -30 -30 0 0 -30 -30 0 0
1711617366.4428031 0 0 1e-05 1e-06 1e-06 0.375 0.0 0.37499999998325173 1.640351617700536e-11 0.15 3.198588466824321e-11 -30 -30 0 0 -30 -30 0 0 -30 -30 0 0
1711617366.4928205 0 0 1e-05 1e-06 1e-06 0.375 0.0 0.37499999998325173 1.640351617700536e-11 0.15 3.2806376478057425e-11 -30 -30 0 0 -30 -30 0 0 -30 -30 0 0
1711617366.5427747 0 0 1e-05 1e-06 1e-06 0.375 0.0 0.37499999998325173 1.640351617700536e-11 0.15 3.3625702838771925e-11 -30 -30 0 0 -30 -30 0 0 -30 -30 0 0
1711617366.5927637 0 0 1e-05 1e-06 1e-06 0.375 0.0 0.37499999998325173 1.640351617700536e-11 0.15 3.444566667667855e-11 -30 -30 0 0 -30 -30 0 0 -30 -30 0 0
1711617366.642755 0 0 1e-05 1e-06 1e-06 0.375 0.0 0.37499999998325173 1.640351617700536e-11 0.15 3.526566571271235e-11 -30 -30 0 0 -30 -30 0 0 -30 -30 0 0
1711617366.6928444 0 0 1e-05 1e-06 1e-06 0.375 0.0 0.37499999998325173 1.640351617700536e-11 0.15 3.608729168440214e-11 -30 -30 0 0 -30 -30 0 0 -30 -30 0 0
1711617366.74273 0 0 1e-05 1e-06 1e-06 0.375 0.0 0.37499999998325173 1.640351617700536e-11 0.15 3.690556210130146e-11 -30 -30 0 0 -30 -30 0 0 -30 -30 0 0
1711617366.7927172 0 0 1e-05 1e-06 1e-06 0.375 0.0 0.37499999998325173 1.640351617700536e-11 0.15 3.772552202830507e-11 -30 -30 0 0 -30 -30 0 0 -30 -30 0 0
1711617366.8427482 0 0 1e-05 1e-06 1e-06 0.375 0.0 0.37499999998325173 1.640351617700536e-11 0.15 3.854619373965817e-11 -30 -30 0 0 -30 -30 0 0 -30 -30 0 0
1711617366.8927855 0 0 1e-05 1e-06 1e-06 0.375 0.0 0.37499999998325173 1.640351617700536e-11 0.15 3.936696322358675e-11 -30 -30 0 0 -30 -30 0 0 -30 -30 0 0
1711617366.942729 0 0 1e-05 1e-06 1e-06 0.375 0.0 0.37499999998325173 1.640351617700536e-11 0.15 4.0186176168113695e-11 -30 -30 0 0 -30 -30 0 0 -30 -30 0 0
1711617366.9927757 0 0 1e-05 1e-06 1e-06 0.375 0.0 0.37499999998325173 1.640351617700536e-11 0.15 4.100710599906606e-11 -30 -30 0 0 -30 -30 0 0 -30 -30 0 0
1711617367.0428357 0 0 1e-05 1e-06 1e-06 0.375 0.0 0.37499999998325173 1.640351617700536e-11 0.15 4.1828239196975424e-11 -30 -30 0 0 -30 -30 0 0 -30 -30 0 0
1711617367.0927763 0 0 1e-05 1e-06 1e-06 0.375 0.0 0.37499999998325173 1.640351617700536e-11 0.15 4.264741303247218e-11 -30 -30 0 0 -30 -30 0 0 -30 -30 0 0
