1711617613.7793005 0 0 1e-05 1e-06 1e-06 2.784457901690826 0.0 2.7844579015925137 9.628878645547205e-11 0.15 2.397770545513209e-12 -30 -30 0 0 -30 -30 0 0 -30 -30 0 0
1711617613.98411 0 0 1e-05 1e-06 1e-06 0.375 0.0 0.37499999998325173 1.640351617700536e-11 0.15 5.757318367961777e-12 -30 -30 0 0 -30 -30 0 0 -30 -30 0 0
1711617614.0342405 0 0 1e-05 1e-06 1e-06 0.375 0.0 0.37499999998325173 1.640351617700536e-11 0.15 6.579636569485958e-12 -30 -30 0 0 -30 -30 0 0 -30 -30 0 0
1711617614.0842323 0 0 1e-05 1e-06 1e-06 0.375 0.0 0.37499999998325173 1.640351617700536e-11 0.15 7.399639516422778e-12 -30 -30 0 0 -30 -30 0 0 -30 -30 0 0
1711617614.1342692 0 0 1e-05 1e-06 1e-06 0.375 0.0 0.37499999998325173 1.640351617700536e-11 0.15 8.22040117854532e-12 -30 -30 0 0 -30 -30 0 0 -30 -30 0 0
1711617614.184253 0 0 1e-05 1e-06 1e-06 0.375 0.0 0.37499999998325173 1.640351617700536e-11 0.15 9.040282887488545e-12 -30 -30 0 0 -30 -30 0 0 -30 -30 0 0
1711617614.234248 0 0 1e-05 1e-06 1e-06 0.375 0.0 0.37499999998325173 1.640351617700536e-11 0.15 9.860352319776691e-12 -30 -30 0 0 -30 -30 0 0 -30 -30 0 0
1711617614.2842684 0 0 1e-05 1e-06 1e-06 0.375 0.0 0.37499999998325173 1.640351617700536e-11 0.15 1.0680828485978834e-11 -30 -30 0 0 -30 -30 0 0 -30 -30 0 0
1711617614.3342645 0 0 1e-05 1e-06 1e-06 0.375 0.0 0.37499999998325173 1.640351617700536e-11 0.15 1.1500913561879057e-11 -30 -30 0 0 -30 -30 0 0 -30 -30 0 0
1711617614.3842077 0.12690527364611626 1.2051411867141724 -0.061210969799831746 0 0 0.375 -5.562236601650405 0.37500000046653 -5.5622366018383556 0.15 -0.2777826819965926 0.4483896493911743 0.545821487903595 300.32970825337696 301.2907336465741 0.8310036957263947 1.9339407682418823 304.1036472443278 314.98254011927605 0.4483896493911743 0.545821487903595 300.32970825337696 301.2907336465741
1711617614.4342415 0.12690527364611626 1.2051411867141724 -0.061210969799831746 0 0 0.375 -0.3472540386588277 0.3750000004671739 -0.3472540388470378 0.15 -0.2951567098591721 0.4483896493911743 0.545821487903595 300.32970825337696 301.2907336465741 0.8310036957263947 1.9339407682418823 304.1036472443278 314.98254011927605 0.4483896493911743 0.545821487903595 300.32970825337696 301.2907336465741
1711617614.4841979 0.14284338057041168 1.2035638689994812 -0.05705412209977162 0 0 0.375 -0.3698577430244972 -0.0028059391933463185 -0.058675832661394256 0.149859829612869 -0.2980878546961251 0.44858965277671814 0.545805037021637 0.001972904388073321 -0.00016227733902793523 0.8310042023658752 1.9339781403541565 4.997671672961773e-06 0.00036865178105259197 0.44858965277671814 0.545805037021637 0.001972904388073321 -0.00016227733902793523
1711617614.534333 0.14284338057041168 1.2035638689994812 -0.05705412209977162 0 0 0.375 -0.34866557524023745 -0.0011713281852618884 -0.03883002109716194 0.1498011049154095 -0.3000346030711483 0.44858965277671814 0.545805037021637 0.001972904388073321 -0.00016227733902793523 0.8310042023658752 1.9339781403541565 4.997671672961773e-06 0.00036865178105259197 0.44858965277671814 0.545805037021637 0.001972904388073321 -0.00016227733902793523
1711617614.5842752 0.15818749740719795 1.2021286487579346 -0.06014354690210087 0 0 0.375 -0.32520314297817754 -0.0018482780543221944 -0.05922553451539769 0.14970880479209364 -0.3029922338921359 0.44887495040893555 0.5458531528711319 0.0027971598877980365 0.00047174497428705003 0.8311121463775635 1.9340040683746338 0.0010583216456287986 0.00025420757363253855 0.44887495040893555 0.5458531528711319 0.0027971598877980365 0.00047174497428705003
1711617614.6343217 0.15818749740719795 1.2021286487579346 -0.06014354690210087 0 0 0.375 -0.3472008659397624 -0.00332719451040725 -0.08017944572298791 0.14954229767793858 -0.30700475798116256 0.44887495040893555 0.5458531528711319 0.0027971598877980365 0.00047174497428705003 0.8311121463775635 1.9340040683746338 0.0010583216456287986 0.00025420757363253855 0.44887495040893555 0.5458531528711319 0.0027971598877980365 0.00047174497428705003
1711617614.684211 0.17299877852201462 1.201915979385376 -0.0822114157181621 0 0 0.375 -0.2051213812411232 0.006324550605156354 0.05637153714257495 0.1498578086586932 -0.3041925678223871 0.44915980100631714 0.5458938777446747 0.0027996550665613743 0.000400264558323511 0.8311213552951813 1.9339579939842224 9.050987817194651e-05 -0.0004528423030868262 0.44915980100631714 0.5458938777446747 0.0027996550665613743 0.000400264558323511
1711617614.7342741 0.17299877852201462 1.201915979385376 -0.0822114157181621 0 0 0.375 -0.3383397646182764 -0.0026717399200368863 -0.07046598667931964 0.14972405362408686 -0.3077202991019837 0.44915980100631714 0.5458938777446747 0.0027996550665613743 0.000400264558323511 0.8311213552951813 1.9339579939842224 9.050987817194651e-05 -0.0004528423030868262 0.44915980100631714 0.5458938777446747 0.0027996550665613743 0.000400264558323511
1711617614.7842402 0.18785760551691055 1.201357126235962 -0.09453264451244953 0 0 0.375 -0.2580017859841994 0.37499999994774186 -0.25800178610008856 0.15 -0.3206111492416171 0.4489649087190628 0.5459123998880386 -0.0019304409535100108 0.00018346495184746106 0.830763429403305 1.9337753057479858 -0.0035453162859018623 -0.0018095577712388356 0.4489649087190628 0.5459123998880386 -0.0019304409535100108 0.00018346495184746106
1711617614.8342946 0.18785760551691055 1.201357126235962 -0.09453264451244953 0 0 0.375 -0.3333220125195922 0.37499999994769667 -0.3333220126355816 0.15 -0.337295353175989 0.4489649087190628 0.5459123998880386 -0.0019304409535100108 0.00018346495184746106 0.830763429403305 1.9337753057479858 -0.0035453162859018623 -0.0018095577712388356 0.4489649087190628 0.5459123998880386 -0.0019304409535100108 0.00018346495184746106
1711617614.884253 0.20104052871465683 1.2003834247589111 -0.11821570532713666 0 0 0.375 -0.17913377791808768 0.008362634378173472 0.10284958921577161 0.15 -0.33215736600873574 0.4490077495574951 0.5459051132202148 0.0004279802310348934 -7.279385494819578e-05 0.8307545185089111 1.9337943196296692 -8.901988805525783e-05 0.00018994879123496487 0.4490077495574951 0.5459051132202148 0.0004279802310348934 -7.279385494819578e-05
1711617614.9342709 0.20104052871465683 1.2003834247589111 -0.11821570532713666 0 0 0.375 -0.3236931404880589 -0.0021345899648895217 -0.03363628455199835 0.14989323446980135 -0.33383974801800964 0.4490077495574951 0.5459051132202148 0.0004279802310348934 -7.279385494819578e-05 0.8307545185089111 1.9337943196296692 -8.901988805525783e-05 0.00018994879123496487 0.4490077495574951 0.5459051132202148 0.0004279802310348934 -7.279385494819578e-05
1711617614.9843314 0.2144535481929779 1.1990436911582947 -0.151719995416624 0 0 0.375 -0.10606527735510965 0.005240171576847363 0.10525596610419016 0.15 -0.328571007222038 0.449021115899086 0.5460330545902252 0.00013337925029263139 0.0012766936934364918 0.830769956111908 1.9338527917861938 0.00015404782976941598 0.00058347845947412 0.449021115899086 0.5460330545902252 0.00013337925029263139 0.0012766936934364918
1711617615.0342195 0.2144535481929779 1.1990436911582947 -0.151719995416624 0 0 0.375 -0.3100770015473706 -0.006050508503984975 -0.09230302750249683 0.14969816007629064 -0.33317570098639615 0.449021115899086 0.5460330545902252 0.00013337925029263139 0.0012766936934364918 0.830769956111908 1.9338527917861938 0.00015404782976941598 0.00058347845947412 0.449021115899086 0.5460330545902252 0.00013337925029263139 0.0012766936934364918
1711617615.084276 0.22919835895299911 1.1972339749336243 -0.21039233352714137 0 0 0.375 0.06967456374835967 0.009432250965663025 0.22050357569895748 0.15 -0.32213833597726255 0.44912469387054443 0.5461324751377106 0.0010085114828992667 0.0009680317384410743 0.8307783603668213 1.9339529275894165 8.183002105527067e-05 0.0009749959955521611 0.44912469387054443 0.5461324751377106 0.0010085114828992667 0.0009680317384410743
1711617615.1342525 0.22919835895299911 1.1972339749336243 -0.21039233352714137 0 0 0.375 -0.286317936119657 -0.0050097495463919395 -0.129530322313241 0.14974964653630915 -0.3286113870836731 0.44912469387054443 0.5461324751377106 0.0010085114828992667 0.0009680317384410743 0.8307783603668213 1.9339529275894165 8.183002105527067e-05 0.0009749959955521611 0.44912469387054443 0.5461324751377106 0.0010085114828992667 0.0009680317384410743
1711617615.1842942 0.24464813619852066 1.1954212188720703 -0.2550936439167157 0 0 0.375 -0.286317936119657 -0.0050097495463919395 -0.129530322313241 0.14949895744133776 -0.3350931161544301 0.44912469387054443 0.5461324751377106 0.0010085114828992667 0.0009680317384410743 0.8307867348194122 1.9339837431907654 7.772685731229932e-05 0.00028601270626661034 0.4491633325815201 0.5460562407970428 0.0003586223149658223 -0.0007075633487717497
1711617615.2342894 0.24464813619852066 1.1954212188720703 -0.2550936439167157 0 0 0.375 0.0044542860679399054 0.06258823240692823 0.4399670908720193 0.15 -0.31309677562033933 0.4491633325815201 0.5460562407970428 0.0003586223149658223 -0.0007075633487717497 0.8307867348194122 1.9339837431907654 7.772685731229932e-05 0.00028601270626661034 0.4491633325815201 0.5460562407970428 0.0003586223149658223 -0.0007075633487717497
1711617615.2842534 0.258896067738533 1.1927204728126526 -0.2922668752868921 0 0 0.375 -0.2681462320656089 0.03077009635110356 0.21172215442500786 0.15 -0.3025189564680044 0.4491633325815201 0.5460562407970428 0.0003586223149658223 -0.0007075633487717497 0.8309125304222107 1.9340012669563293 0.0012119837368493591 0.00016883355538200028 0.44934557378292084 0.546098381280899 0.0017558115495934213 0.0004060045022281435
1711617615.3342433 0.258896067738533 1.1927204728126526 -0.2922668752868921 0 0 0.375 -0.02322806443291886 0.009846772219753608 0.16748886003237384 0.15 -0.2941463982783101 0.44934557378292084 0.546098381280899 0.0017558115495934213 0.0004060045022281435 0.8309125304222107 1.9340012669563293 0.0012119837368493591 0.00016883355538200028 0.44934557378292084 0.546098381280899 0.0017558115495934213 0.0004060045022281435
1711617615.3844376 0.2722785621881485 1.189670979976654 -0.3326557642800772 0 0 0.375 -0.2528420764991092 -0.0018273467604830174 -0.05602784301840086 0.14990827331854054 -0.2969588081725605 0.44934557378292084 0.546098381280899 0.0017558115495934213 0.0004060045022281435 0.8309330940246582 1.9339873790740967 0.00020234699048441284 -0.00013665753270396575 0.4493846446275711 0.5460614114999771 0.00038445928192038436 -0.00036378469811002045
1711617615.434624 0.2722785621881485 1.189670979976654 -0.3326557642800772 0 0 0.375 0.012641147535504715 0.02928310982075194 0.32114545294822483 0.15 -0.28084435525775286 0.4493846446275711 0.5460614114999771 0.00038445928192038436 -0.00036378469811002045 0.8309330940246582 1.9339873790740967 0.00020234699048441284 -0.00013665753270396575 0.4493846446275711 0.5460614114999771 0.00038445928192038436 -0.00036378469811002045
1711617615.4842196 0.2849317044019699 1.1859298944473267 -0.3583932749661699 0 0 0.375 -0.23619399331646074 0.008715819794945623 0.09066376170742402 0.15 -0.276348221191432 0.4493846446275711 0.5460614114999771 0.00038445928192038436 -0.00036378469811002045 0.8309254050254822 1.9340361952781677 -7.678699406894877e-05 0.00048750812513541895 0.4493691474199295 0.5460876077413559 -0.00015476448416997427 0.00026161150304886035
1711617615.5343132 0.2849317044019699 1.1859298944473267 -0.3583932749661699 0 0 0.375 -0.06207216340442026 0.12251607350097576 0.5280985588345947 0.15 -0.24989459183879897 0.4493691474199295 0.5460876077413559 -0.00015476448416997427 0.00026161150304886035 0.8309254050254822 1.9340361952781677 -7.678699406894877e-05 0.00048750812513541895 0.4493691474199295 0.5460876077413559 -0.00015476448416997427 0.00026161150304886035
1711617615.584218 0.29813268780708313 1.1821308135986328 -0.38980631019604056 0 0 0.375 -0.2252925636528069 0.09784406039806887 0.4225479674882384 0.15 -0.22880821613045066 0.4493691474199295 0.5460876077413559 -0.00015476448416997427 0.00026161150304886035 0.8309327960014343 1.9340397119522095 7.371772768671393e-05 3.507537043158163e-05 0.44930413365364075 0.5460471659898758 -0.0006484484796313163 -0.0004033667599631887
1711617615.6342492 0.29813268780708313 1.1821308135986328 -0.38980631019604056 0 0 0.375 -0.014472752795676863 0.3696472147231 0.13113882735980126 0.15 -0.22224740403996954 0.44930413365364075 0.5460471659898758 -0.0006484484796313163 -0.0004033667599631887 0.8309327960014343 1.9340397119522095 7.371772768671393e-05 3.507537043158163e-05 0.44930413365364075 0.5460471659898758 -0.0006484484796313163 -0.0004033667599631887
1711617615.6843925 0.3132942467927933 1.1767619848251343 -0.4068034638115913 0 0 0.375 -0.21210903362928202 0.3624788342100089 0.12850368325616307 0.15 -0.21580372085468946 0.44930413365364075 0.5460471659898758 -0.0006484484796313163 -0.0004033667599631887 0.8310108780860901 1.9340333342552185 0.0007361469506657916 -6.012803337499213e-05 0.449509397149086 0.5461466014385223 0.0019351954666834501 0.0009374634736245853
1711617615.7342825 0.3132942467927933 1.1767619848251343 -0.4068034638115913 0 0 0.375 -0.08901170500619925 0.003817676410065418 0.07197423620667938 0.15 -0.2122133007540015 0.449509397149086 0.5461466014385223 0.0019351954666834501 0.0009374634736245853 0.8310108780860901 1.9340333342552185 0.0007361469506657916 -6.012803337499213e-05 0.449509397149086 0.5461466014385223 0.0019351954666834501 0.0009374634736245853
1711617615.7842214 0.3132942467927933 1.1767619848251343 -0.4068034638115913 0 0 0.375 -0.20443207167967162 -0.001095812347504388 -0.04131509522614357 0.14994527814678918 -0.2142764629199547 0.449509397149086 0.5461466014385223 0.0019351954666834501 0.0009374634736245853 0.8310108780860901 1.9340333342552185 0.0007361469506657916 -6.012803337499213e-05 0.449509397149086 0.5461466014385223 0.0019351954666834501 0.0009374634736245853
1711617615.8343203 0.32693926990032196 1.171513020992279 -0.42683454875681454 0 0 0.375 -0.06267905999258722 0.00391671039510233 0.09192108737246218 0.15 -0.2096714055838088 0.4495808035135269 0.5462003350257874 0.0006577314742628247 0.0004949456795057901 0.8310236930847168 1.9340579509735107 0.00011804028962145852 0.00022674716099377846 0.4495808035135269 0.5462003350257874 0.0006577314742628247 0.0004949456795057901
1711617615.8842962 0.32693926990032196 1.171513020992279 -0.42683454875681454 0 0 0.375 -0.1955562405696888 -0.0015247517658409926 -0.038689079637796 0.14992379847379958 -0.21160494452551554 0.4495808035135269 0.5462003350257874 0.0006577314742628247 0.0004949456795057901 0.8310236930847168 1.9340579509735107 0.00011804028962145852 0.00022674716099377846 0.4495808035135269 0.5462003350257874 0.0006577314742628247 0.0004949456795057901
1711617615.934253 0.3423723727464676 1.1641281843185425 -0.44675733385229105 0 0 0.375 -0.04835142537474629 0.014037956596934187 0.1933501064815406 0.15 -0.20194662197436367 0.4497116655111313 0.5461679995059967 0.001305111304504967 -0.0003224882180341356 0.831085205078125 1.9340695142745972 0.0006134706746750746 0.00011532297566566324 0.4497116655111313 0.5461679995059967 0.001305111304504967 -0.0003224882180341356
1711617615.9842045 0.3423723727464676 1.1641281843185425 -0.44675733385229105 0 0 0.375 -0.1863641329136186 0.005193146953649974 0.06125991650048218 0.15 -0.19888672543691657 0.4497116655111313 0.5461679995059967 0.001305111304504967 -0.0003224882180341356 0.831085205078125 1.9340695142745972 0.0006134706746750746 0.00011532297566566324 0.4497116655111313 0.5461679995059967 0.001305111304504967 -0.0003224882180341356
1711617616.0343225 0.3545689135789871 1.1587992906570435 -0.46335277919515433 0 0 0.375 -0.06619935284182664 0.014084455049229339 0.19700128108211756 0.15 -0.18901365608146056 0.44971300661563873 0.5461896657943726 1.3309041867288149e-05 0.00021501496527818854 0.8311558663845062 1.9340637922286987 0.0007012386281631156 -5.6785245300429437e-05 0.44971300661563873 0.5461896657943726 1.3309041867288149e-05 0.00021501496527818854
1711617616.0842261 0.3545689135789871 1.1587992906570435 -0.46335277919515433 0 0 0.375 -0.17883739218459005 0.0062850541134910065 0.09005101911340258 0.15 -0.18451993352236337 0.44971300661563873 0.5461896657943726 1.3309041867288149e-05 0.00021501496527818854 0.8311558663845062 1.9340637922286987 0.0007012386281631156 -5.6785245300429437e-05 0.44971300661563873 0.5461896657943726 1.3309041867288149e-05 0.00021501496527818854
1711617616.1342914 0.36786022782325745 1.152046799659729 -0.47299227512368647 0 0 0.375 -0.09910711342283922 0.37499999961342445 -0.09910711549785178 0.15 -0.18948159350849456 0.4495735466480255 0.5462805032730103 -0.001388242818932434 0.0009042342370137961 0.8310474157333374 1.9340519905090332 -0.0010795631195843845 -0.00011747925126557194 0.4495735466480255 0.5462805032730103 -0.001388242818932434 0.0009042342370137961
1711617616.1842322 0.36786022782325745 1.152046799659729 -0.47299227512368647 0 0 0.375 -0.1738483068956497 0.37499999962056335 -0.17384830893234315 0.15 -0.19816347270401247 0.4495735466480255 0.5462805032730103 -0.001388242818932434 0.0009042342370137961 0.8310474157333374 1.9340519905090332 -0.0010795631195843845 -0.00011747925126557194 0.4495735466480255 0.5462805032730103 -0.001388242818932434 0.0009042342370137961
1711617616.2342741 0.38042040169239044 1.1457297205924988 -0.48700154013383284 0 0 0.375 -0.06718620138589432 0.025211019066082974 0.2592471519903367 0.15 -0.18519068168830644 0.44964390993118286 0.546217679977417 0.0006881824986533659 -0.0006144382495388798 0.8309132754802704 1.934022068977356 -0.0013119480840486234 -0.00029264516249384977 0.44964390993118286 0.546217679977417 0.0006881824986533659 -0.0006144382495388798
1711617616.284244 0.38042040169239044 1.1457297205924988 -0.48700154013383284 0 0 0.375 -0.16717689513743406 0.016627172713786276 0.16726715583757557 0.15 -0.17683251622003845 0.44964390993118286 0.546217679977417 0.0006881824986533659 -0.0006144382495388798 0.8309132754802704 1.934022068977356 -0.0013119480840486234 -0.00029264516249384977 0.44964390993118286 0.546217679977417 0.0006881824986533659 -0.0006144382495388798
1711617616.3343213 0.3948914110660553 1.1389368176460266 -0.5168816155028825 0 0 0.375 0.042258598885472426 0.015431160098605623 0.2532231061935811 0.15 -0.1641521743413486 0.44982635974884033 0.5462612062692642 0.001814566804038641 0.00043289363235845076 0.8309266567230225 1.9339885115623474 0.0001330840403484727 -0.0003337475043037422 0.44982635974884033 0.5462612062692642 0.001814566804038641 0.00043289363235845076
1711617616.384301 0.3948914110660553 1.1389368176460266 -0.5168816155028825 0 0 0.375 -0.15406858226410575 0.0042956648883725745 0.06342928945150511 0.15 -0.16098204369277122 0.44982635974884033 0.5462612062692642 0.001814566804038641 0.00043289363235845076 0.8309266567230225 1.9339885115623474 0.0001330840403484727 -0.0003337475043037422 0.44982635974884033 0.5462612062692642 0.001814566804038641 0.00043289363235845076
1711617616.4341986 0.40741871297359467 1.1323599219322205 -0.5428052956999815 0 0 0.375 0.0302462054578487 0.01541330857403278 0.24815692409586207 0.15 -0.14860012368792425 0.44996392726898193 0.5462876707315445 0.0012328480285114802 0.00023716833824051007 0.8309071660041809 1.9339553713798523 -0.00017467127613659186 -0.0002969945857246027 0.44996392726898193 0.5462876707315445 0.0012328480285114802 0.00023716833824051007
1711617616.4842334 0.40741871297359467 1.1323599219322205 -0.5428052956999815 0 0 0.375 -0.14257147694530967 0.005311476889794331 0.08146098494505619 0.15 -0.14452422331862833 0.44996392726898193 0.5462876707315445 0.0012328480285114802 0.00023716833824051007 0.8309071660041809 1.9339553713798523 -0.00017467127613659186 -0.0002969945857246027 0.44996392726898193 0.5462876707315445 0.0012328480285114802 0.00023716833824051007
1711617616.5342088 0.4223649352788925 1.1239821314811707 -0.5604072470575978 0 0 0.375 -0.00668155178840571 0.013995261922448154 0.22100948025126085 0.15 -0.13347966143443848 0.4500623047351837 0.5463241338729858 0.0009529005588656413 0.00035318807445383583 0.830847829580307 1.9339207410812378 -0.0005747425061198097 -0.0003354348528936308 0.4500623047351837 0.5463241338729858 0.0009529005588656413 0.00035318807445383583
1711617616.5842552 0.4223649352788925 1.1239821314811707 -0.5604072470575978 0 0 0.375 -0.13408261668602003 0.006267305875248985 0.09848255162486064 0.15 -0.12855107733590476 0.4500623047351837 0.5463241338729858 0.0009529005588656413 0.00035318807445383583 0.830847829580307 1.9339207410812378 -0.0005747425061198097 -0.0003354348528936308 0.4500623047351837 0.5463241338729858 0.0009529005588656413 0.00035318807445383583
1711617616.634203 0.43474724888801575 1.116370141506195 -0.5730883458551431 0 0 0.375 -0.03158527371296531 0.014876680564132938 0.21419549702409413 0.15 -0.11785285410838467 0.4502711147069931 0.5463827699422836 0.002056482005452253 0.0005774821017237291 0.8307938277721405 1.9339215159416199 -0.000531841203722184 7.631275550097563e-06 0.4502711147069931 0.5463827699422836 0.002056482005452253 0.0005774821017237291
