1711617530.2639823 0.15784277394413948 1.1848679184913635 -0.05911309173964938 0 0 3.759277242102715 0.0 3.759277245275959 -2.466336867853135e-09 0.15 -4.372579475174593e-11 0.22311871498823166 0.4579434394836426 237.4106611856398 239.25527204896358 0.6392621994018555 1.8928075432777405 240.6795792848742 250.52651241319379 0.22311871498823166 0.4579434394836426 237.4106611856398 239.25527204896358
1711617530.4580996 0.15777990594506264 1.1848525404930115 -0.059503505408968496 0 0 0.375 -1.6771482049533608 0.3750000036303948 -1.6771482077750088 0.15 -0.32556149537231244 0.22311871498823166 0.4579434394836426 237.4106611856398 239.25527204896358 0.6393265426158905 1.8928431868553162 0.0006350254010160407 0.0003517787770334343 0.22314422577619553 0.4579481780529022 0.00025177477687342786 4.6766576545414755e-05
1711617530.5082178 0.15777990594506264 1.1848525404930115 -0.059503505408968496 0 0 0.375 -0.3422989827749691 0.0002564204090355071 0.000735254997840773 0.15 -0.3255246460600449 0.22314422577619553 0.4579481780529022 0.00025177477687342786 4.6766576545414755e-05 0.6393265426158905 1.8928431868553162 0.0006350254010160407 0.0003517787770334343 0.22314422577619553 0.4579481780529022 0.00025177477687342786 4.6766576545414755e-05
1711617530.558201 0.15777990594506264 1.1848525404930115 -0.059503505408968496 0 0 0.375 -0.3446733830888276 5.5875677619499076e-05 -0.0014555698985129206 0.15 -0.32559739845794555 0.22314422577619553 0.4579481780529022 0.00025177477687342786 4.6766576545414755e-05 0.6393265426158905 1.8928431868553162 0.0006350254010160407 0.0003517787770334343 0.22314422577619553 0.4579481780529022 0.00025177477687342786 4.6766576545414755e-05
1711617530.6084995 0.1604144275188446 1.184682309627533 -0.056042713534952354 0 0 0.375 -0.36625866654775224 0.37499999984260657 -0.36625866667938495 0.15 -0.34401972988456997 0.2231072410941124 0.4579625129699707 -0.00036462250846182776 0.00014132427604362542 0.6392994523048401 1.8927953839302063 -0.00026707643851071834 -0.0004712767957878902 0.2231072410941124 0.4579625129699707 -0.00036462250846182776 0.00014132427604362542
1711617530.6583102 0.1604144275188446 1.184682309627533 -0.056042713534952354 0 0 0.375 -0.3460300159446961 0.37499999984265403 -0.3460300160762891 0.15 -0.3612549667006257 0.2231072410941124 0.4579625129699707 -0.00036462250846182776 0.00014132427604362542 0.6392994523048401 1.8927953839302063 -0.00026707643851071834 -0.0004712767957878902 0.2231072410941124 0.4579625129699707 -0.00036462250846182776 0.00014132427604362542
1711617530.7082615 0.17063184082508087 1.1836084127426147 -0.058528286188092776 0 0 0.375 -0.32730877427104454 0.005364445668010587 0.046845403703786315 0.15 -0.3589150218626337 0.22320172935724258 0.457981675863266 0.0008800979336227668 0.00017849013446441856 0.6392250955104828 1.8927947878837585 -0.0006925861360633349 -5.551792673854388e-06 0.22320172935724258 0.457981675863266 0.0008800979336227668 0.00017849013446441856
1711617530.7583444 0.17063184082508087 1.1836084127426147 -0.058528286188092776 0 0 0.375 -0.34486102742993585 0.003752882966017723 0.030924413855343502 0.15 -0.35736629583982177 0.22320172935724258 0.457981675863266 0.0008800979336227668 0.00017849013446441856 0.6392250955104828 1.8927947878837585 -0.0006925861360633349 -5.551792673854388e-06 0.22320172935724258 0.457981675863266 0.0008800979336227668 0.00017849013446441856
1711617530.808226 0.18560796976089478 1.1832269430160522 -0.09618004920331644 0 0 0.375 -0.1023479421377893 0.37499999976278403 -0.10234794274154176 0.15 -0.362471365262772 0.22314655035734177 0.4579406827688217 -0.000540359278361347 -0.00040143893458602906 0.6392411291599274 1.8928730487823486 0.00015701501040151481 0.0007663966864579515 0.22314655035734177 0.4579406827688217 -0.000540359278361347 -0.00040143893458602906
1711617530.858384 0.18560796976089478 1.1832269430160522 -0.09618004920331644 0 0 0.375 -0.3297381957788085 0.3749999997506966 -0.3297381964133254 0.15 -0.3790103815775271 0.22314655035734177 0.4579406827688217 -0.000540359278361347 -0.00040143893458602906 0.6392411291599274 1.8928730487823486 0.00015701501040151481 0.0007663966864579515 0.22314655035734177 0.4579406827688217 -0.000540359278361347 -0.00040143893458602906
1711617530.9082613 0.20040710270404816 1.182433009147644 -0.13460761051615497 0 0 0.375 -0.08114349503024232 0.3749999998226951 -0.08114349557744903 0.15 -0.38305731839132606 0.22312182188034058 0.4579186290502548 -0.00022875872853431203 -0.0002040150155051412 0.6391317844390869 1.8929211497306824 -0.001011528502551842 0.00044497329057472686 0.22312182188034058 0.4579186290502548 -0.00022875872853431203 -0.0002040150155051412
1711617530.9584281 0.20040710270404816 1.182433009147644 -0.13460761051615497 0 0 0.375 -0.31423778918990947 0.3749999998110539 -0.31423778977304373 0.15 -0.3988213373045798 0.22312182188034058 0.4579186290502548 -0.00022875872853431203 -0.0002040150155051412 0.6391317844390869 1.8929211497306824 -0.001011528502551842 0.00044497329057472686 0.22312182188034058 0.4579186290502548 -0.00022875872853431203 -0.0002040150155051412
1711617531.0082984 0.2147211879491806 1.1806714534759521 -0.17373018866474163 0 0 0.375 -0.05861936235376161 0.016050822674715637 0.21324931272820838 0.15 -0.388187099478654 0.22314569354057312 0.4579510986804962 0.00023807881984239836 0.0003238288067644108 0.6391060054302216 1.8929493427276611 -0.0002571013472705051 0.00028117673354670266 0.22314569354057312 0.4579510986804962 0.00023807881984239836 0.0003238288067644108
1711617531.0582094 0.2147211879491806 1.1806714534759521 -0.17373018866474163 0 0 0.375 -0.2983012958831139 -0.001117837106390629 -0.013429050706894596 0.14994421133856617 -0.38885731230213383 0.22314569354057312 0.4579510986804962 0.00023807881984239836 0.0003238288067644108 0.6391060054302216 1.8929493427276611 -0.0002571013472705051 0.00028117673354670266 0.22314569354057312 0.4579510986804962 0.00023807881984239836 0.0003238288067644108
1711617531.1083837 0.22940325736999512 1.179871141910553 -0.2166028661722728 0 0 0.375 -0.022733605538372725 0.37499999976711595 -0.022733606036124007 0.15 -0.3899979969841994 0.2230684757232666 0.45792455971241 -0.0007573082732786801 -0.0002602790495386587 0.6390715539455414 1.8929670453071594 -0.00033788049552688313 0.00017361679441433268 0.2230684757232666 0.45792455971241 -0.0007573082732786801 -0.0002602790495386587
1711617531.1582577 0.22940325736999512 1.179871141910553 -0.2166028661722728 0 0 0.375 -0.28102144553417213 0.3749999997581291 -0.2810214460511313 0.15 -0.4040126074873869 0.2230684757232666 0.45792455971241 -0.0007573082732786801 -0.0002602790495386587 0.6390715539455414 1.8929670453071594 -0.00033788049552688313 0.00017361679441433268 0.2230684757232666 0.45792455971241 -0.0007573082732786801 -0.0002602790495386587
1711617531.20839 0.24391815811395645 1.1774650812149048 -0.26984682501639273 0 0 0.375 0.06519228477405697 0.02703341206229687 0.33664341360449196 0.15 -0.38713638899723096 0.22322887927293777 0.45796337723731995 0.0015664472229013143 0.0003790789182644734 0.6390707790851593 1.8929540514945984 -7.5670263914597376e-06 -0.00012689321179524792 0.22322887927293777 0.45796337723731995 0.0015664472229013143 0.0003790789182644734
1711617531.2582233 0.24391815811395645 1.1774650812149048 -0.26984682501639273 0 0 0.375 -0.25933001009882856 0.0031694713699459975 0.030737543020138758 0.15 -0.38560469449164597 0.22322887927293777 0.45796337723731995 0.0015664472229013143 0.0003790789182644734 0.6390707790851593 1.8929540514945984 -7.5670263914597376e-06 -0.00012689321179524792 0.22322887927293777 0.45796337723731995 0.0015664472229013143 0.0003790789182644734
1711617531.3082192 0.25882721692323685 1.1752787828445435 -0.31410438317675266 0 0 0.375 0.029691093611436015 0.37499999986003385 0.029691093204662268 0.15 -0.38412031821990084 0.22317040711641312 0.457937553524971 -0.0005703740397831532 -0.00025190066537823764 0.6390515565872192 1.892906665802002 -0.00018750828524981337 -0.0004622297264297725 0.22317040711641312 0.457937553524971 -0.0005703740397831532 -0.00025190066537823764
1711617531.3581927 0.25882721692323685 1.1752787828445435 -0.31410438317675266 0 0 0.375 -0.2412682260716208 0.3749999998528443 -0.24126822649928895 0.15 -0.3961772179607646 0.22317040711641312 0.457937553524971 -0.0005703740397831532 -0.00025190066537823764 0.6390515565872192 1.892906665802002 -0.00018750828524981337 -0.0004622297264297725 0.22317040711641312 0.457937553524971 -0.0005703740397831532 -0.00025190066537823764
1711617531.4082708 0.2726883515715599 1.1721742749214172 -0.35782318315707423 0 0 0.375 0.04628616050954687 0.3749999999442813 0.04628616015548945 0.15 -0.39385930355795085 0.2231353148818016 0.45790839195251465 -0.00034620622659616506 -0.0002876966392563461 0.6390260756015778 1.8929280638694763 -0.00025138541294243835 0.00021110494326628153 0.2231353148818016 0.45790839195251465 -0.00034620622659616506 -0.0002876966392563461
1711617531.4582648 0.2726883515715599 1.1721742749214172 -0.35782318315707423 0 0 0.375 -0.22326982377757754 0.3749999999347779 -0.22326982419202335 0.15 -0.40502171948773236 0.2231353148818016 0.45790839195251465 -0.00034620622659616506 -0.0002876966392563461 0.6390260756015778 1.8929280638694763 -0.00025138541294243835 0.00021110494326628153 0.2231353148818016 0.45790839195251465 -0.00034620622659616506 -0.0002876966392563461
1711617531.5082266 0.2862994372844696 1.1678050756454468 -0.39041431778076596 0 0 0.375 -0.0029459886330427676 0.013077721286113564 0.21615020514356081 0.15 -0.39422416564278234 0.22317547351121902 0.4579361528158188 0.0003902195770627919 0.0002697510471495292 0.6390494406223297 1.8929640650749207 0.00022703684483653348 0.0003498220772481281 0.22317547351121902 0.4579361528158188 0.0003902195770627919 0.0002697510471495292
1711617531.5718305 0.2862994372844696 1.1678050756454468 -0.39041431778076596 0 0 0.375 -0.20951147772671597 0.0010149686265585323 0.01688712142700019 0.15 -0.393150123519648 0.22317547351121902 0.4579361528158188 0.0003902195770627919 0.0002697510471495292 0.6390494406223297 1.8929640650749207 0.00022703684483653348 0.0003498220772481281 0.22317547351121902 0.4579361528158188 0.0003902195770627919 0.0002697510471495292
1711617531.6083672 0.3006138354539871 1.163327157497406 -0.4291241569619448 0 0 0.375 0.13978635886237067 0.02465158658798633 0.37237721105410604 0.15 -0.37954335974111325 0.22317785769701004 0.4579407423734665 2.3524762164654516e-05 4.528516716695994e-05 0.6390761137008667 1.8929784297943115 0.0002631832767170724 0.00014173669204204346 0.22317785769701004 0.4579407423734665 2.3524762164654516e-05 4.528516716695994e-05
1711617531.6581876 0.3006138354539871 1.163327157497406 -0.4291241569619448 0 0 0.375 -0.19328416210563326 0.0034728518175297096 0.05336692207239699 0.15 -0.37688494064149713 0.22317785769701004 0.4579407423734665 2.3524762164654516e-05 4.528516716695994e-05 0.6390761137008667 1.8929784297943115 0.0002631832767170724 0.00014173669204204346 0.22317785769701004 0.4579407423734665 2.3524762164654516e-05 4.528516716695994e-05
1711617531.7082958 0.3146984279155731 1.1573721170425415 -0.46573424162116656 0 0 0.375 -0.19328416210563326 0.0034728518175297096 0.05336692207239699 0.15 -0.3742108714330312 0.22317785769701004 0.4579407423734665 2.3524762164654516e-05 4.528516716695994e-05 0.6391698122024536 1.8929751515388489 0.0008752491564869771 -3.062258499159271e-05 0.2234191969037056 0.45802460610866547 0.0022543790296537976 0.0007833814015121989
1711617531.758565 0.3146984279155731 1.1573721170425415 -0.46573424162116656 0 0 0.375 0.055671110056613016 0.01721116333612338 0.2733282049322734 0.15 -0.36047090121610365 0.2234191969037056 0.45802460610866547 0.0022543790296537976 0.0007833814015121989 0.6391698122024536 1.8929751515388489 0.0008752491564869771 -3.062258499159271e-05 0.2234191969037056 0.45802460610866547 0.0022543790296537976 0.0007833814015121989
1711617531.8082058 0.3275515139102936 1.1515780091285706 -0.5031874283707152 0 0 0.375 -0.17764596772047583 0.0035240861157202485 0.04833751736039513 0.15 -0.35807159108579883 0.2234191969037056 0.45802460610866547 0.0022543790296537976 0.0007833814015121989 0.6391578316688538 1.8929431438446045 -0.00011470821881534373 -0.000306459271163381 0.22373896092176437 0.4580928832292557 0.003061596601440872 0.0006537227097162998
1711617531.8583033 0.3275515139102936 1.1515780091285706 -0.5031874283707152 0 0 0.375 0.07716601401204126 0.019539238989769392 0.2978340975985468 0.15 -0.3431509996704885 0.22373896092176437 0.4580928832292557 0.003061596601440872 0.0006537227097162998 0.6391578316688538 1.8929431438446045 -0.00011470821881534373 -0.000306459271163381 0.22373896092176437 0.4580928832292557 0.003061596601440872 0.0006537227097162998
1711617531.9082978 0.3407386392354965 1.1455962657928467 -0.5384252932703759 0 0 0.375 -0.1616912607980568 0.005261353067323948 0.06784045576784845 0.15 -0.3397594006520329 0.22373896092176437 0.4580928832292557 0.003061596601440872 0.0006537227097162998 0.6391522884368896 1.893015742301941 -5.377463225090203e-05 0.0007042742159311685 0.2241295725107193 0.45821672677993774 0.0037893046304005923 0.0012014004533259322
1711617531.9582558 0.3407386392354965 1.1455962657928467 -0.5384252932703759 0 0 0.375 0.08021846736711175 0.017457975064996523 0.2869032893069937 0.15 -0.3254272464514676 0.2241295725107193 0.45821672677993774 0.0037893046304005923 0.0012014004533259322 0.6391522884368896 1.893015742301941 -5.377463225090203e-05 0.0007042742159311685 0.2241295725107193 0.45821672677993774 0.0037893046304005923 0.0012014004533259322
1711617532.0082424 0.35538770258426666 1.1379265785217285 -0.5744203959018175 0 0 0.375 -0.1465847589057086 0.004771078828950948 0.06743399501040329 0.15 -0.32205653064500456 0.2241295725107193 0.45821672677993774 0.0037893046304005923 0.0012014004533259322 0.6391938328742981 1.89296954870224 0.00039530219917332496 -0.0004395397480047731 0.22397185862064362 0.45812422037124634 -0.0015006737718975868 -0.0008802137921334295
1711617532.0582879 0.35538770258426666 1.1379265785217285 -0.5744203959018175 0 0 0.375 0.10447451383102643 0.3749999999823584 0.10447451355783981 0.15 -0.3168281271198115 0.22397185862064362 0.45812422037124634 -0.0015006737718975868 -0.0008802137921334295 0.6391938328742981 1.89296954870224 0.00039530219917332496 -0.0004395397480047731 0.22397185862064362 0.45812422037124634 -0.0015006737718975868 -0.0008802137921334295
1711617532.1082625 0.35538770258426666 1.1379265785217285 -0.5744203959018175 0 0 0.375 -0.13088038183765227 0.37499999997841116 -0.1308803821719623 0.15 -0.3233686451042947 0.22397185862064362 0.45812422037124634 -0.0015006737718975868 -0.0008802137921334295 0.6391938328742981 1.89296954870224 0.00039530219917332496 -0.0004395397480047731 0.22397185862064362 0.45812422037124634 -0.0015006737718975868 -0.0008802137921334295
1711617532.1583066 0.3696075975894928 1.1292011737823486 -0.6067823274981446 0 0 0.375 0.10004671138675883 0.3749999999655766 0.10004671116375408 0.15 -0.3183621638956248 0.2237570807337761 0.4580637216567993 -0.0021124103945804108 -0.000595024539632738 0.6392256021499634 1.89292573928833 0.00031246116219137864 -0.00043087983904439647 0.2237570807337761 0.4580637216567993 -0.0021124103945804108 -0.000595024539632738
1711617532.2082639 0.3696075975894928 1.1292011737823486 -0.6067823274981446 0 0 0.375 -0.1164362254664757 0.3749999999622926 -0.11643622571075472 0.15 -0.32417891720722347 0.2237570807337761 0.4580637216567993 -0.0021124103945804108 -0.000595024539632738 0.6392256021499634 1.89292573928833 0.00031246116219137864 -0.00043087983904439647 0.2237570807337761 0.4580637216567993 -0.0021124103945804108 -0.000595024539632738
1711617532.2582982 0.381329283118248 1.121677279472351 -0.6367500793041447 0 0 0.375 0.09609306675932822 0.3749999999552206 0.09609306668426973 0.15 -0.3193710380925732 0.22371532768011093 0.4581071138381958 -0.0004145480627201454 0.00043082225504677496 0.6392409801483154 1.8929160237312317 0.00015268151346437906 -9.646157633602243e-05 0.22371532768011093 0.4581071138381958 -0.0004145480627201454 0.00043082225504677496
1711617532.3082335 0.381329283118248 1.121677279472351 -0.6367500793041447 0 0 0.375 -0.10314478434941879 0.3749999999561716 -0.10314478442288323 0.15 -0.3245213867381665 0.22371532768011093 0.4581071138381958 -0.0004145480627201454 0.00043082225504677496 0.6392409801483154 1.8929160237312317 0.00015268151346437906 -9.646157633602243e-05 0.22371532768011093 0.4581071138381958 -0.0004145480627201454 0.00043082225504677496
1711617532.3584213 0.39506708085536957 1.1132875680923462 -0.6775411978143928 0 0 0.375 0.18039660575615113 0.3727048021819331 0.20161707805246856 0.15 -0.3144028080824361 0.2221798077225685 0.45663799345493317 -0.014996594560611 -0.014348105760722768 0.6393798291683197 1.8928899765014648 0.001356063428491594 -0.00025438923299026683 0.2221798077225685 0.45663799345493317 -0.014996594560611 -0.014348105760722768
1711617532.408243 0.39506708085536957 1.1132875680923462 -0.6775411978143928 0 0 0.375 -0.08536128971877317 0.3469711449047759 0.17378218731129774 0.15 -0.30574498884459145 0.2221798077225685 0.45663799345493317 -0.014996594560611 -0.014348105760722768 0.6393798291683197 1.8928899765014648 0.001356063428491594 -0.00025438923299026683 0.2221798077225685 0.45663799345493317 -0.014996594560611 -0.014348105760722768
1711617532.4583094 0.4061759114265442 1.1046413779258728 -0.7087516184792217 0 0 0.375 0.1385246360969157 0.37500000006477086 0.1385246356862871 0.15 -0.29880964825592665 0.21800439804792404 0.45200657844543457 -0.03981145018038314 -0.04415934298256183 0.6394367516040802 1.892831563949585 0.0005427406870244625 -0.0005569485584125375 0.21800439804792404 0.45200657844543457 -0.03981145018038314 -0.04415934298256183
1711617532.5082276 0.4061759114265442 1.1046413779258728 -0.7087516184792217 0 0 0.375 -0.07135116865441637 0.3658784663143745 -0.01352325390991331 0.15 -0.2994846528205848 0.21800439804792404 0.45200657844543457 -0.03981145018038314 -0.04415934298256183 0.6394367516040802 1.892831563949585 0.0005427406870244625 -0.0005569485584125375 0.21800439804792404 0.45200657844543457 -0.03981145018038314 -0.04415934298256183
1711617532.5582533 0.41881078481674194 1.0950860381126404 -0.7399735779394383 0 0 0.375 0.1556151553997896 0.37500000004938844 0.1556151550806133 0.15 -0.2917000439262702 0.2110704928636551 0.444939523935318 -0.06792151563346599 -0.06922578844608859 0.639409750699997 1.8927958607673645 -0.00026448909814472284 -0.00034973282514059377 0.2110704928636551 0.444939523935318 -0.06792151563346599 -0.06922578844608859
1711617532.6082144 0.41881078481674194 1.0950860381126404 -0.7399735779394383 0 0 0.375 -0.057159191266905655 0.37500000005709083 -0.05715919163585889 0.15 -0.29455565679862106 0.2110704928636551 0.444939523935318 -0.06792151563346599 -0.06922578844608859 0.639409750699997 1.8927958607673645 -0.00026448909814472284 -0.00034973282514059377 0.2110704928636551 0.444939523935318 -0.06792151563346599 -0.06922578844608859
1711617532.6583617 0.4299114942550659 1.0851778388023376 -0.7746008528618037 0 0 0.375 0.19226858397610322 0.37500000005108947 0.19226858365683516 0.15 -0.28491156955457303 0.20359405875205994 0.43781469762325287 -0.07339564823570165 -0.06994393823785494 0.6394245028495789 1.8927848935127258 0.0001448208551393557 -0.00010766479735612707 0.20359405875205994 0.43781469762325287 -0.07339564823570165 -0.06994393823785494
1711617532.708238 0.4299114942550659 1.0851778388023376 -0.7746008528618037 0 0 0.375 -0.0415233563881158 0.3750000000589541 -0.04152335675653177 0.15 -0.28698221124604933 0.20359405875205994 0.43781469762325287 -0.07339564823570165 -0.06994393823785494 0.6394245028495789 1.8927848935127258 0.0001448208551393557 -0.00010766479735612707 0.20359405875205994 0.43781469762325287 -0.07339564823570165 -0.06994393823785494
1711617532.7582445 0.4400302767753601 1.074963390827179 -0.7976792743090715 0 0 0.375 0.13594784348817124 0.3750000000442911 0.13594784318310435 0.15 -0.28018492280686724 0.19524243474006653 0.4306502640247345 -0.0822072521350171 -0.07052142174889524 0.6395034790039062 1.8928676843643188 0.0007773832517032027 0.0008149323295213196 0.19524243474006653 0.4306502640247345 -0.0822072521350171 -0.07052142174889524
1711617532.8082538 0.4400302767753601 1.074963390827179 -0.7976792743090715 0 0 0.375 -0.030431565067616573 0.37500000004789485 -0.030431565397504908 0.15 -0.28170678984367564 0.19524243474006653 0.4306502640247345 -0.0822072521350171 -0.07052142174889524 0.6395034790039062 1.8928676843643188 0.0007773832517032027 0.0008149323295213196 0.19524243474006653 0.4306502640247345 -0.0822072521350171 -0.07052142174889524
1711617532.8582935 0.45075269043445587 1.0648893117904663 -0.8255977488358041 0 0 0.375 0.1777850563901952 0.37500000006427553 0.1777850560253119 0.15 -0.27281084833271213 0.1875673234462738 0.4234939068555832 -0.07545236142036799 -0.0703526016641275 0.6393845677375793 1.892914891242981 -0.0011689909762100082 0.00046408062814953707 0.1875673234462738 0.4234939068555832 -0.07545236142036799 -0.0703526016641275
1711617532.9081905 0.45075269043445587 1.0648893117904663 -0.8255977488358041 0 0 0.375 -0.0174088466349974 0.37500000007296946 -0.01740884704923499 0.15 -0.27367944699195107 0.1875673234462738 0.4234939068555832 -0.07545236142036799 -0.0703526016641275 0.6393845677375793 1.892914891242981 -0.0011689909762100082 0.00046408062814953707 0.1875673234462738 0.4234939068555832 -0.07545236142036799 -0.0703526016641275
1711617532.958259 0.46126341819763184 1.054529845714569 -0.8508444091903461 0 0 0.375 0.17479406229446676 0.37500000006027656 0.17479406192827826 0.15 -0.26492783342292975 0.18023419380187988 0.41732311248779297 -0.0732063972999862 -0.06160284163124247 0.6394746899604797 1.8929017782211304 0.0008996872515744527 -0.00013090687522908704 0.18023419380187988 0.41732311248779297 -0.0732063972999862 -0.06160284163124247
1711617533.0082948 0.46126341819763184 1.054529845714569 -0.8508444091903461 0 0 0.375 -0.00538081842470497 0.37500000006825446 -0.005380818839360487 0.15 -0.26519706525851044 0.18023419380187988 0.41732311248779297 -0.0732063972999862 -0.06160284163124247 0.6394746899604797 1.8929017782211304 0.0008996872515744527 -0.00013090687522908704 0.18023419380187988 0.41732311248779297 -0.0732063972999862 -0.06160284163124247
1711617533.058401 0.47122809290885925 1.0440398454666138 -0.873194475904683 0 0 0.375 0.16893536827428596 0.3750000000947866 0.1689353678024695 0.15 -0.2567325828984984 0.173442505300045 0.4108341187238693 -0.0671318798826399 -0.06413991893197592 0.6395472288131714 1.8928871750831604 0.0007170042537146358 -0.00014434350218577304 0.173442505300045 0.4108341187238693 -0.0671318798826399 -0.06413991893197592
1711617533.1082964 0.47122809290885925 1.0440398454666138 -0.873194475904683 0 0 0.375 0.005535360183347349 0.3750000001042004 0.005535359664672037 0.15 -0.25645639322208397 0.173442505300045 0.4108341187238693 -0.0671318798826399 -0.06413991893197592 0.6395472288131714 1.8928871750831604 0.0007170042537146358 -0.00014434350218577304 0.173442505300045 0.4108341187238693 -0.0671318798826399 -0.06413991893197592
1711617533.158286 0.481990709900856 1.032913476228714 -0.9009154108406807 0 0 0.375 0.21693786215756344 0.37500000009235707 0.21693786169563228 0.15 -0.24561230347060958 0.16635669022798538 0.4044964611530304 -0.06959224113707675 -0.06224432749496558 0.6394626498222351 1.892873764038086 -0.0008306795298084578 -0.00013171451318315928 0.16635669022798538 0.4044964611530304 -0.06959224113707675 -0.06224432749496558
1711617533.2082548 0.481990709900856 1.032913476228714 -0.9009154108406807 0 0 0.375 0.018744815172445816 0.3750000001047768 0.018744814648396356 0.15 -0.24467551501233165 0.16635669022798538 0.4044964611530304 -0.06959224113707675 -0.06224432749496558 0.6394626498222351 1.892873764038086 -0.0008306795298084578 -0.00013171451318315928 0.16635669022798538 0.4044964611530304 -0.06959224113707675 -0.06224432749496558
1711617533.2583292 0.49069300293922424 1.0224075019359589 -0.9195827546468759 0 0 0.375 0.17046089051282484 0.3750000001220065 0.17046088995543016 0.15 -0.23614146492006818 0.15984954684972763 0.39833569526672363 -0.0643090117176363 -0.060885820788260214 0.6394087076187134 1.8928623795509338 -0.000533101792400148 -0.00011251098602036272 0.15984954684972763 0.39833569526672363 -0.0643090117176363 -0.060885820788260214
1711617533.308206 0.49069300293922424 1.0224075019359589 -0.9195827546468759 0 0 0.375 0.02823854789115332 0.37500000011718815 0.028238547355771495 0.15 -0.23473303984785343 0.15984954684972763 0.39833569526672363 -0.0643090117176363 -0.060885820788260214 0.6394087076187134 1.8928623795509338 -0.000533101792400148 -0.00011251098602036272 0.15984954684972763 0.39833569526672363 -0.0643090117176363 -0.060885820788260214
1711617533.3582418 0.5003094524145126 1.0103351473808289 -0.9443637922795554 0 0 0.375 0.22443259609905153 0.3750000001084436 0.22443259559347684 0.15 -0.2235031803992757 0.15235071256756783 0.3917161822319031 -0.07375918255475822 -0.06511010271563247 0.6393748819828033 1.892885148525238 -0.0003327118803058018 0.000223957600487782 0.15235071256756783 0.3917161822319031 -0.07375918255475822 -0.06511010271563247
1711617533.4083674 0.5003094524145126 1.0103351473808289 -0.9443637922795554 0 0 0.375 0.04050910621604853 0.37500000012133766 0.04050910565036042 0.15 -0.22147272414045605 0.15235071256756783 0.3917161822319031 -0.07375918255475822 -0.06511010271563247 0.6393748819828033 1.892885148525238 -0.0003327118803058018 0.000223957600487782 0.15235071256756783 0.3917161822319031 -0.07375918255475822 -0.06511010271563247
1711617533.4582295 0.5003094524145126 1.0103351473808289 -0.9443637922795554 0 0 0.375 0.04050910621604853 0.37500000012133766 0.04050910565036042 0.15 -0.21945290147551064 0.15235071256756783 0.3917161822319031 -0.07375918255475822 -0.06511010271563247 0.6393748819828033 1.892885148525238 -0.0003327118803058018 0.000223957600487782 0.15235071256756783 0.3917161822319031 -0.07375918255475822 -0.06511010271563247
1711617533.5082142 0.5003094524145126 1.0103351473808289 -0.9443637922795554 0 0 0.375 0.04050910621604853 0.37500000012133766 0.04050910565036042 0.15 -0.21742814350950282 0.15235071256756783 0.3917161822319031 -0.07375918255475822 -0.06511010271563247 0.6393748819828033 1.892885148525238 -0.0003327118803058018 0.000223957600487782 0.15235071256756783 0.3917161822319031 -0.07375918255475822 -0.06511010271563247
1711617533.5582564 0.5003094524145126 1.0103351473808289 -0.9443637922795554 0 0 0.375 0.04050910621604853 0.37500000012133766 0.04050910565036042 0.15 -0.21540098067076593 0.15235071256756783 0.3917161822319031 -0.07375918255475822 -0.06511010271563247 0.6393748819828033 1.892885148525238 -0.0003327118803058018 0.000223957600487782 0.15235071256756783 0.3917161822319031 -0.07375918255475822 -0.06511010271563247
1711617533.60827 0.5003094524145126 1.0103351473808289 -0.9443637922795554 0 0 0.375 0.04050910621604853 0.37500000012133766 0.04050910565036042 0.15 -0.21337505407182553 0.15235071256756783 0.3917161822319031 -0.07375918255475822 -0.06511010271563247 0.6393748819828033 1.892885148525238 -0.0003327118803058018 0.000223957600487782 0.15235071256756783 0.3917161822319031 -0.07375918255475822 -0.06511010271563247
1711617533.6583912 0.5003094524145126 1.0103351473808289 -0.9443637922795554 0 0 0.375 0.04050910621604853 0.37500000012133766 0.04050910565036042 0.15 -0.21134476200110386 0.15235071256756783 0.3917161822319031 -0.07375918255475822 -0.06511010271563247 0.6393748819828033 1.892885148525238 -0.0003327118803058018 0.000223957600487782 0.15235071256756783 0.3917161822319031 -0.07375918255475822 -0.06511010271563247
1711617533.7084744 0.5003094524145126 1.0103351473808289 -0.9443637922795554 0 0 0.375 0.04050910621604853 0.37500000012133766 0.04050910565036042 0.15 -0.20931599591388095 0.15235071256756783 0.3917161822319031 -0.07375918255475822 -0.06511010271563247 0.6393748819828033 1.892885148525238 -0.0003327118803058018 0.000223957600487782 0.15235071256756783 0.3917161822319031 -0.07375918255475822 -0.06511010271563247
1711617533.758342 0.5003094524145126 1.0103351473808289 -0.9443637922795554 0 0 0.375 0.04050910621604853 0.37500000012133766 0.04050910565036042 0.15 -0.2072960090608376 0.15235071256756783 0.3917161822319031 -0.07375918255475822 -0.06511010271563247 0.6393748819828033 1.892885148525238 -0.0003327118803058018 0.000223957600487782 0.15235071256756783 0.3917161822319031 -0.07375918255475822 -0.06511010271563247
1711617533.8082957 0.5003094524145126 1.0103351473808289 -0.9443637922795554 0 0 0.375 0.04050910621604853 0.37500000012133766 0.04050910565036042 0.15 -0.20527250665087304 0.15235071256756783 0.3917161822319031 -0.07375918255475822 -0.06511010271563247 0.6393748819828033 1.892885148525238 -0.0003327118803058018 0.000223957600487782 0.15235071256756783 0.3917161822319031 -0.07375918255475822 -0.06511010271563247
1711617533.858383 0.5003094524145126 1.0103351473808289 -0.9443637922795554 0 0 0.375 0.04050910621604853 0.37500000012133766 0.04050910565036042 0.15 -0.20324359569179898 0.15235071256756783 0.3917161822319031 -0.07375918255475822 -0.06511010271563247 0.6393748819828033 1.892885148525238 -0.0003327118803058018 0.000223957600487782 0.15235071256756783 0.3917161822319031 -0.07375918255475822 -0.06511010271563247
1711617533.9082556 0.5003094524145126 1.0103351473808289 -0.9443637922795554 0 0 0.375 0.04050910621604853 0.37500000012133766 0.04050910565036042 0.15 -0.20122339636004058 0.15235071256756783 0.3917161822319031 -0.07375918255475822 -0.06511010271563247 0.6393748819828033 1.892885148525238 -0.0003327118803058018 0.000223957600487782 0.15235071256756783 0.3917161822319031 -0.07375918255475822 -0.06511010271563247
1711617533.958229 0.5003094524145126 1.0103351473808289 -0.9443637922795554 0 0 0.375 0.04050910621604853 0.37500000012133766 0.04050910565036042 0.15 -0.19919906335146279 0.15235071256756783 0.3917161822319031 -0.07375918255475822 -0.06511010271563247 0.6393748819828033 1.892885148525238 -0.0003327118803058018 0.000223957600487782 0.15235071256756783 0.3917161822319031 -0.07375918255475822 -0.06511010271563247
1711617534.0083542 0.5003094524145126 1.0103351473808289 -0.9443637922795554 0 0 0.375 0.04050910621604853 0.37500000012133766 0.04050910565036042 0.15 -0.1971685588020261 0.15235071256756783 0.3917161822319031 -0.07375918255475822 -0.06511010271563247 0.6393748819828033 1.892885148525238 -0.0003327118803058018 0.000223957600487782 0.15235071256756783 0.3917161822319031 -0.07375918255475822 -0.06511010271563247
1711617534.0583143 0.5003094524145126 1.0103351473808289 -0.9443637922795554 0 0 0.375 0.04050910621604853 0.37500000012133766 0.04050910565036042 0.15 -0.19514482459709973 0.15235071256756783 0.3917161822319031 -0.07375918255475822 -0.06511010271563247 0.6393748819828033 1.892885148525238 -0.0003327118803058018 0.000223957600487782 0.15235071256756783 0.3917161822319031 -0.07375918255475822 -0.06511010271563247
1711617534.1082468 0.5003094524145126 1.0103351473808289 -0.9443637922795554 0 0 0.375 0.04050910621604853 0.37500000012133766 0.04050910565036042 0.15 -0.19312215278574843 0.15235071256756783 0.3917161822319031 -0.07375918255475822 -0.06511010271563247 0.6393748819828033 1.892885148525238 -0.0003327118803058018 0.000223957600487782 0.15235071256756783 0.3917161822319031 -0.07375918255475822 -0.06511010271563247
1711617534.158409 0.5003094524145126 1.0103351473808289 -0.9443637922795554 0 0 0.375 0.04050910621604853 0.37500000012133766 0.04050910565036042 0.15 -0.191090122252813 0.15235071256756783 0.3917161822319031 -0.07375918255475822 -0.06511010271563247 0.6393748819828033 1.892885148525238 -0.0003327118803058018 0.000223957600487782 0.15235071256756783 0.3917161822319031 -0.07375918255475822 -0.06511010271563247
1711617534.2082586 0.5003094524145126 1.0103351473808289 -0.9443637922795554 0 0 0.375 0.04050910621604853 0.37500000012133766 0.04050910565036042 0.15 -0.1890708887333956 0.15235071256756783 0.3917161822319031 -0.07375918255475822 -0.06511010271563247 0.6393748819828033 1.892885148525238 -0.0003327118803058018 0.000223957600487782 0.15235071256756783 0.3917161822319031 -0.07375918255475822 -0.06511010271563247
1711617534.2583833 0.5003094524145126 1.0103351473808289 -0.9443637922795554 0 0 0.375 0.04050910621604853 0.37500000012133766 0.04050910565036042 0.15 -0.18704042281645256 0.15235071256756783 0.3917161822319031 -0.07375918255475822 -0.06511010271563247 0.6393748819828033 1.892885148525238 -0.0003327118803058018 0.000223957600487782 0.15235071256756783 0.3917161822319031 -0.07375918255475822 -0.06511010271563247
1711617534.308245 0.5003094524145126 1.0103351473808289 -0.9443637922795554 0 0 0.375 0.04050910621604853 0.37500000012133766 0.04050910565036042 0.15 -0.1850206484421242 0.15235071256756783 0.3917161822319031 -0.07375918255475822 -0.06511010271563247 0.6393748819828033 1.892885148525238 -0.0003327118803058018 0.000223957600487782 0.15235071256756783 0.3917161822319031 -0.07375918255475822 -0.06511010271563247
1711617534.3582728 0.5003094524145126 1.0103351473808289 -0.9443637922795554 0 0 0.375 0.04050910621604853 0.37500000012133766 0.04050910565036042 0.15 -0.18299410372328556 0.15235071256756783 0.3917161822319031 -0.07375918255475822 -0.06511010271563247 0.6393748819828033 1.892885148525238 -0.0003327118803058018 0.000223957600487782 0.15235071256756783 0.3917161822319031 -0.07375918255475822 -0.06511010271563247
1711617534.4082358 0.5003094524145126 1.0103351473808289 -0.9443637922795554 0 0 0.375 0.04050910621604853 0.37500000012133766 0.04050910565036042 0.15 -0.18097021498838461 0.15235071256756783 0.3917161822319031 -0.07375918255475822 -0.06511010271563247 0.6393748819828033 1.892885148525238 -0.0003327118803058018 0.000223957600487782 0.15235071256756783 0.3917161822319031 -0.07375918255475822 -0.06511010271563247
1711617534.4582212 0.5003094524145126 1.0103351473808289 -0.9443637922795554 0 0 0.375 0.04050910621604853 0.37500000012133766 0.04050910565036042 0.15 -0.1789453797573895 0.15235071256756783 0.3917161822319031 -0.07375918255475822 -0.06511010271563247 0.6393748819828033 1.892885148525238 -0.0003327118803058018 0.000223957600487782 0.15235071256756783 0.3917161822319031 -0.07375918255475822 -0.06511010271563247
1711617534.50825 0.5003094524145126 1.0103351473808289 -0.9443637922795554 0 0 0.375 0.04050910621604853 0.37500000012133766 0.04050910565036042 0.15 -0.1769187867479338 0.15235071256756783 0.3917161822319031 -0.07375918255475822 -0.06511010271563247 0.6393748819828033 1.892885148525238 -0.0003327118803058018 0.000223957600487782 0.15235071256756783 0.3917161822319031 -0.07375918255475822 -0.06511010271563247
1711617534.558355 0.5003094524145126 1.0103351473808289 -0.9443637922795554 0 0 0.375 0.04050910621604853 0.37500000012133766 0.04050910565036042 0.15 -0.17488911279711036 0.15235071256756783 0.3917161822319031 -0.07375918255475822 -0.06511010271563247 0.6393748819828033 1.892885148525238 -0.0003327118803058018 0.000223957600487782 0.15235071256756783 0.3917161822319031 -0.07375918255475822 -0.06511010271563247
1711617534.608254 0.5003094524145126 1.0103351473808289 -0.9443637922795554 0 0 0.375 0.04050910621604853 0.37500000012133766 0.04050910565036042 0.15 -0.17286781243928326 0.15235071256756783 0.3917161822319031 -0.07375918255475822 -0.06511010271563247 0.6393748819828033 1.892885148525238 -0.0003327118803058018 0.000223957600487782 0.15235071256756783 0.3917161822319031 -0.07375918255475822 -0.06511010271563247
1711617534.658398 0.5003094524145126 1.0103351473808289 -0.9443637922795554 0 0 0.375 0.04050910621604853 0.37500000012133766 0.04050910565036042 0.15 -0.1708365545562206 0.15235071256756783 0.3917161822319031 -0.07375918255475822 -0.06511010271563247 0.6393748819828033 1.892885148525238 -0.0003327118803058018 0.000223957600487782 0.15235071256756783 0.3917161822319031 -0.07375918255475822 -0.06511010271563247
1711617534.7082443 0.5003094524145126 1.0103351473808289 -0.9443637922795554 0 0 0.375 0.04050910621604853 0.37500000012133766 0.04050910565036042 0.15 -0.16881738864366705 0.15235071256756783 0.3917161822319031 -0.07375918255475822 -0.06511010271563247 0.6393748819828033 1.892885148525238 -0.0003327118803058018 0.000223957600487782 0.15235071256756783 0.3917161822319031 -0.07375918255475822 -0.06511010271563247
1711617534.7582662 0.5003094524145126 1.0103351473808289 -0.9443637922795554 0 0 0.375 0.04050910621604853 0.37500000012133766 0.04050910565036042 0.15 -0.16679109503603706 0.15235071256756783 0.3917161822319031 -0.07375918255475822 -0.06511010271563247 0.6393748819828033 1.892885148525238 -0.0003327118803058018 0.000223957600487782 0.15235071256756783 0.3917161822319031 -0.07375918255475822 -0.06511010271563247
1711617534.8082323 0.5003094524145126 1.0103351473808289 -0.9443637922795554 0 0 0.375 0.04050910621604853 0.37500000012133766 0.04050910565036042 0.15 -0.16476714835239567 0.15235071256756783 0.3917161822319031 -0.07375918255475822 -0.06511010271563247 0.6393748819828033 1.892885148525238 -0.0003327118803058018 0.000223957600487782 0.15235071256756783 0.3917161822319031 -0.07375918255475822 -0.06511010271563247
1711617534.8584304 0.5003094524145126 1.0103351473808289 -0.9443637922795554 0 0 0.375 0.04050910621604853 0.37500000012133766 0.04050910565036042 0.15 -0.16273366910094875 0.15235071256756783 0.3917161822319031 -0.07375918255475822 -0.06511010271563247 0.6393748819828033 1.892885148525238 -0.0003327118803058018 0.000223957600487782 0.15235071256756783 0.3917161822319031 -0.07375918255475822 -0.06511010271563247
1711617534.9082532 0.5003094524145126 1.0103351473808289 -0.9443637922795554 0 0 0.375 0.04050910621604853 0.37500000012133766 0.04050910565036042 0.15 -0.16071549797510642 0.15235071256756783 0.3917161822319031 -0.07375918255475822 -0.06511010271563247 0.6393748819828033 1.892885148525238 -0.0003327118803058018 0.000223957600487782 0.15235071256756783 0.3917161822319031 -0.07375918255475822 -0.06511010271563247
1711617534.958326 0.5003094524145126 1.0103351473808289 -0.9443637922795554 0 0 0.375 0.04050910621604853 0.37500000012133766 0.04050910565036042 0.15 -0.15868708923844968 0.15235071256756783 0.3917161822319031 -0.07375918255475822 -0.06511010271563247 0.6393748819828033 1.892885148525238 -0.0003327118803058018 0.000223957600487782 0.15235071256756783 0.3917161822319031 -0.07375918255475822 -0.06511010271563247
1711617535.0082679 0.5003094524145126 1.0103351473808289 -0.9443637922795554 0 0 0.375 0.04050910621604853 0.37500000012133766 0.04050910565036042 0.15 -0.15666409870902584 0.15235071256756783 0.3917161822319031 -0.07375918255475822 -0.06511010271563247 0.6393748819828033 1.892885148525238 -0.0003327118803058018 0.000223957600487782 0.15235071256756783 0.3917161822319031 -0.07375918255475822 -0.06511010271563247
1711617535.058209 0.5003094524145126 1.0103351473808289 -0.9443637922795554 0 0 0.375 0.04050910621604853 0.37500000012133766 0.04050910565036042 0.15 -0.15464108886335518 0.15235071256756783 0.3917161822319031 -0.07375918255475822 -0.06511010271563247 0.6393748819828033 1.892885148525238 -0.0003327118803058018 0.000223957600487782 0.15235071256756783 0.3917161822319031 -0.07375918255475822 -0.06511010271563247
1711617535.1082754 0.5003094524145126 1.0103351473808289 -0.9443637922795554 0 0 0.375 0.04050910621604853 0.37500000012133766 0.04050910565036042 0.15 -0.15261290226353685 0.15235071256756783 0.3917161822319031 -0.07375918255475822 -0.06511010271563247 0.6393748819828033 1.892885148525238 -0.0003327118803058018 0.000223957600487782 0.15235071256756783 0.3917161822319031 -0.07375918255475822 -0.06511010271563247
1711617535.1584332 0.5003094524145126 1.0103351473808289 -0.9443637922795554 0 0 0.375 0.04050910621604853 0.37500000012133766 0.04050910565036042 0.15 -0.15058111318368667 0.15235071256756783 0.3917161822319031 -0.07375918255475822 -0.06511010271563247 0.6393748819828033 1.892885148525238 -0.0003327118803058018 0.000223957600487782 0.15235071256756783 0.3917161822319031 -0.07375918255475822 -0.06511010271563247
1711617535.2083242 0.5003094524145126 1.0103351473808289 -0.9443637922795554 0 0 0.375 0.04050910621604853 0.37500000012133766 0.04050910565036042 0.15 -0.14856018949267255 0.15235071256756783 0.3917161822319031 -0.07375918255475822 -0.06511010271563247 0.6393748819828033 1.892885148525238 -0.0003327118803058018 0.000223957600487782 0.15235071256756783 0.3917161822319031 -0.07375918255475822 -0.06511010271563247
1711617535.2582245 0.5003094524145126 1.0103351473808289 -0.9443637922795554 0 0 0.375 0.04050910621604853 0.37500000012133766 0.04050910565036042 0.15 -0.14653883118610497 0.15235071256756783 0.3917161822319031 -0.07375918255475822 -0.06511010271563247 0.6393748819828033 1.892885148525238 -0.0003327118803058018 0.000223957600487782 0.15235071256756783 0.3917161822319031 -0.07375918255475822 -0.06511010271563247
1711617535.3083656 0.5003094524145126 1.0103351473808289 -0.9443637922795554 0 0 0.375 0.04050910621604853 0.37500000012133766 0.04050910565036042 0.15 -0.14450769885864664 0.15235071256756783 0.3917161822319031 -0.07375918255475822 -0.06511010271563247 0.6393748819828033 1.892885148525238 -0.0003327118803058018 0.000223957600487782 0.15235071256756783 0.3917161822319031 -0.07375918255475822 -0.06511010271563247
1711617535.3582253 0.5003094524145126 1.0103351473808289 -0.9443637922795554 0 0 0.375 0.04050910621604853 0.37500000012133766 0.04050910565036042 0.15 -0.14248800174930557 0.15235071256756783 0.3917161822319031 -0.07375918255475822 -0.06511010271563247 0.6393748819828033 1.892885148525238 -0.0003327118803058018 0.000223957600487782 0.15235071256756783 0.3917161822319031 -0.07375918255475822 -0.06511010271563247
1711617535.4082603 0.5003094524145126 1.0103351473808289 -0.9443637922795554 0 0 0.375 0.04050910621604853 0.37500000012133766 0.04050910565036042 0.15 -0.1404611672867646 0.15235071256756783 0.3917161822319031 -0.07375918255475822 -0.06511010271563247 0.6393748819828033 1.892885148525238 -0.0003327118803058018 0.000223957600487782 0.15235071256756783 0.3917161822319031 -0.07375918255475822 -0.06511010271563247
1711617535.4583287 0.5003094524145126 1.0103351473808289 -0.9443637922795554 0 0 0.375 0.04050910621604853 0.37500000012133766 0.04050910565036042 0.15 -0.1384329903450697 0.15235071256756783 0.3917161822319031 -0.07375918255475822 -0.06511010271563247 0.6393748819828033 1.892885148525238 -0.0003327118803058018 0.000223957600487782 0.15235071256756783 0.3917161822319031 -0.07375918255475822 -0.06511010271563247
1711617535.5082788 0.5003094524145126 1.0103351473808289 -0.9443637922795554 0 0 0.375 0.04050910621604853 0.37500000012133766 0.04050910565036042 0.15 -0.13640957485821584 0.15235071256756783 0.3917161822319031 -0.07375918255475822 -0.06511010271563247 0.6393748819828033 1.892885148525238 -0.0003327118803058018 0.000223957600487782 0.15235071256756783 0.3917161822319031 -0.07375918255475822 -0.06511010271563247
1711617535.55824 0.5003094524145126 1.0103351473808289 -0.9443637922795554 0 0 0.375 0.04050910621604853 0.37500000012133766 0.04050910565036042 0.15 -0.13438578270454898 0.15235071256756783 0.3917161822319031 -0.07375918255475822 -0.06511010271563247 0.6393748819828033 1.892885148525238 -0.0003327118803058018 0.000223957600487782 0.15235071256756783 0.3917161822319031 -0.07375918255475822 -0.06511010271563247
1711617535.608278 0.5003094524145126 1.0103351473808289 -0.9443637922795554 0 0 0.375 0.04050910621604853 0.37500000012133766 0.04050910565036042 0.15 -0.13235878405391008 0.15235071256756783 0.3917161822319031 -0.07375918255475822 -0.06511010271563247 0.6393748819828033 1.892885148525238 -0.0003327118803058018 0.000223957600487782 0.15235071256756783 0.3917161822319031 -0.07375918255475822 -0.06511010271563247
1711617535.6583974 0.5003094524145126 1.0103351473808289 -0.9443637922795554 0 0 0.375 0.04050910621604853 0.37500000012133766 0.04050910565036042 0.15 -0.13032850164131182 0.15235071256756783 0.3917161822319031 -0.07375918255475822 -0.06511010271563247 0.6393748819828033 1.892885148525238 -0.0003327118803058018 0.000223957600487782 0.15235071256756783 0.3917161822319031 -0.07375918255475822 -0.06511010271563247
1711617535.7082942 0.5003094524145126 1.0103351473808289 -0.9443637922795554 0 0 0.375 0.04050910621604853 0.37500000012133766 0.04050910565036042 0.15 -0.12830736547158267 0.15235071256756783 0.3917161822319031 -0.07375918255475822 -0.06511010271563247 0.6393748819828033 1.892885148525238 -0.0003327118803058018 0.000223957600487782 0.15235071256756783 0.3917161822319031 -0.07375918255475822 -0.06511010271563247
1711617535.7582326 0.5003094524145126 1.0103351473808289 -0.9443637922795554 0 0 0.375 0.04050910621604853 0.37500000012133766 0.04050910565036042 0.15 -0.12628446186526954 0.15235071256756783 0.3917161822319031 -0.07375918255475822 -0.06511010271563247 0.6393748819828033 1.892885148525238 -0.0003327118803058018 0.000223957600487782 0.15235071256756783 0.3917161822319031 -0.07375918255475822 -0.06511010271563247
1711617535.8082986 0.5003094524145126 1.0103351473808289 -0.9443637922795554 0 0 0.375 0.04050910621604853 0.37500000012133766 0.04050910565036042 0.15 -0.12425639116293213 0.15235071256756783 0.3917161822319031 -0.07375918255475822 -0.06511010271563247 0.6393748819828033 1.892885148525238 -0.0003327118803058018 0.000223957600487782 0.15235071256756783 0.3917161822319031 -0.07375918255475822 -0.06511010271563247
1711617535.8583102 0.5003094524145126 1.0103351473808289 -0.9443637922795554 0 0 0.375 0.04050910621604853 0.37500000012133766 0.04050910565036042 0.15 -0.1222305611452258 0.15235071256756783 0.3917161822319031 -0.07375918255475822 -0.06511010271563247 0.6393748819828033 1.892885148525238 -0.0003327118803058018 0.000223957600487782 0.15235071256756783 0.3917161822319031 -0.07375918255475822 -0.06511010271563247
1711617535.9082687 0.5003094524145126 1.0103351473808289 -0.9443637922795554 0 0 0.375 0.04050910621604853 0.37500000012133766 0.04050910565036042 0.15 -0.12020682694029941 0.15235071256756783 0.3917161822319031 -0.07375918255475822 -0.06511010271563247 0.6393748819828033 1.892885148525238 -0.0003327118803058018 0.000223957600487782 0.15235071256756783 0.3917161822319031 -0.07375918255475822 -0.06511010271563247
1711617535.9582636 0.5003094524145126 1.0103351473808289 -0.9443637922795554 0 0 0.375 0.04050910621604853 0.37500000012133766 0.04050910565036042 0.15 -0.11818160538436791 0.15235071256756783 0.3917161822319031 -0.07375918255475822 -0.06511010271563247 0.6393748819828033 1.892885148525238 -0.0003327118803058018 0.000223957600487782 0.15235071256756783 0.3917161822319031 -0.07375918255475822 -0.06511010271563247
1711617536.0082548 0.5003094524145126 1.0103351473808289 -0.9443637922795554 0 0 0.375 0.04050910621604853 0.37500000012133766 0.04050910565036042 0.15 -0.11615663493964506 0.15235071256756783 0.3917161822319031 -0.07375918255475822 -0.06511010271563247 0.6393748819828033 1.892885148525238 -0.0003327118803058018 0.000223957600487782 0.15235071256756783 0.3917161822319031 -0.07375918255475822 -0.06511010271563247
1711617536.058355 0.5003094524145126 1.0103351473808289 -0.9443637922795554 0 0 0.375 0.04050910621604853 0.37500000012133766 0.04050910565036042 0.15 -0.1141271251769196 0.15235071256756783 0.3917161822319031 -0.07375918255475822 -0.06511010271563247 0.6393748819828033 1.892885148525238 -0.0003327118803058018 0.000223957600487782 0.15235071256756783 0.3917161822319031 -0.07375918255475822 -0.06511010271563247
1711617536.108224 0.5003094524145126 1.0103351473808289 -0.9443637922795554 0 0 0.375 0.04050910621604853 0.37500000012133766 0.04050910565036042 0.15 -0.11210709969138259 0.15235071256756783 0.3917161822319031 -0.07375918255475822 -0.06511010271563247 0.6393748819828033 1.892885148525238 -0.0003327118803058018 0.000223957600487782 0.15235071256756783 0.3917161822319031 -0.07375918255475822 -0.06511010271563247
1711617536.1583266 0.5003094524145126 1.0103351473808289 -0.9443637922795554 0 0 0.375 0.04050910621604853 0.37500000012133766 0.04050910565036042 0.15 -0.11007749334742302 0.15235071256756783 0.3917161822319031 -0.07375918255475822 -0.06511010271563247 0.6393748819828033 1.892885148525238 -0.0003327118803058018 0.000223957600487782 0.15235071256756783 0.3917161822319031 -0.07375918255475822 -0.06511010271563247
1711617536.2082741 0.5003094524145126 1.0103351473808289 -0.9443637922795554 0 0 0.375 0.04050910621604853 0.37500000012133766 0.04050910565036042 0.15 -0.10805423239054371 0.15235071256756783 0.3917161822319031 -0.07375918255475822 -0.06511010271563247 0.6393748819828033 1.892885148525238 -0.0003327118803058018 0.000223957600487782 0.15235071256756783 0.3917161822319031 -0.07375918255475822 -0.06511010271563247
1711617536.2583501 0.5003094524145126 1.0103351473808289 -0.9443637922795554 0 0 0.375 0.04050910621604853 0.37500000012133766 0.04050910565036042 0.15 -0.10602571741452946 0.15235071256756783 0.3917161822319031 -0.07375918255475822 -0.06511010271563247 0.6393748819828033 1.892885148525238 -0.0003327118803058018 0.000223957600487782 0.15235071256756783 0.3917161822319031 -0.07375918255475822 -0.06511010271563247
1711617536.3082447 0.5003094524145126 1.0103351473808289 -0.9443637922795554 0 0 0.375 0.04050910621604853 0.37500000012133766 0.04050910565036042 0.15 -0.10400463919354078 0.15235071256756783 0.3917161822319031 -0.07375918255475822 -0.06511010271563247 0.6393748819828033 1.892885148525238 -0.0003327118803058018 0.000223957600487782 0.15235071256756783 0.3917161822319031 -0.07375918255475822 -0.06511010271563247
1711617536.3584304 0.5003094524145126 1.0103351473808289 -0.9443637922795554 0 0 0.375 0.04050910621604853 0.37500000012133766 0.04050910565036042 0.15 -0.10197169113888141 0.15235071256756783 0.3917161822319031 -0.07375918255475822 -0.06511010271563247 0.6393748819828033 1.892885148525238 -0.0003327118803058018 0.000223957600487782 0.15235071256756783 0.3917161822319031 -0.07375918255475822 -0.06511010271563247
1711617536.4082294 0.5003094524145126 1.0103351473808289 -0.9443637922795554 0 0 0.375 0.04050910621604853 0.37500000012133766 0.04050910565036042 0.15 -0.09995446650913326 0.15235071256756783 0.3917161822319031 -0.07375918255475822 -0.06511010271563247 0.6393748819828033 1.892885148525238 -0.0003327118803058018 0.000223957600487782 0.15235071256756783 0.3917161822319031 -0.07375918255475822 -0.06511010271563247
1711617536.4582314 0.5003094524145126 1.0103351473808289 -0.9443637922795554 0 0 0.375 0.04050910621604853 0.37500000012133766 0.04050910565036042 0.15 -0.09792896486762287 0.15235071256756783 0.3917161822319031 -0.07375918255475822 -0.06511010271563247 0.6393748819828033 1.892885148525238 -0.0003327118803058018 0.000223957600487782 0.15235071256756783 0.3917161822319031 -0.07375918255475822 -0.06511010271563247
1711617536.5082624 0.5003094524145126 1.0103351473808289 -0.9443637922795554 0 0 0.375 0.04050910621604853 0.37500000012133766 0.04050910565036042 0.15 -0.09590228493505648 0.15235071256756783 0.3917161822319031 -0.07375918255475822 -0.06511010271563247 0.6393748819828033 1.892885148525238 -0.0003327118803058018 0.000223957600487782 0.15235071256756783 0.3917161822319031 -0.07375918255475822 -0.06511010271563247
1711617536.5583858 0.5003094524145126 1.0103351473808289 -0.9443637922795554 0 0 0.375 0.04050910621604853 0.37500000012133766 0.04050910565036042 0.15 -0.09387185765060707 0.15235071256756783 0.3917161822319031 -0.07375918255475822 -0.06511010271563247 0.6393748819828033 1.892885148525238 -0.0003327118803058018 0.000223957600487782 0.15235071256756783 0.3917161822319031 -0.07375918255475822 -0.06511010271563247
1711617536.6082804 0.5003094524145126 1.0103351473808289 -0.9443637922795554 0 0 0.375 0.04050910621604853 0.37500000012133766 0.04050910565036042 0.15 -0.09185073113900134 0.15235071256756783 0.3917161822319031 -0.07375918255475822 -0.06511010271563247 0.6393748819828033 1.892885148525238 -0.0003327118803058018 0.000223957600487782 0.15235071256756783 0.3917161822319031 -0.07375918255475822 -0.06511010271563247
1711617536.6582363 0.5003094524145126 1.0103351473808289 -0.9443637922795554 0 0 0.375 0.04050910621604853 0.37500000012133766 0.04050910565036042 0.15 -0.08982713214780269 0.15235071256756783 0.3917161822319031 -0.07375918255475822 -0.06511010271563247 0.6393748819828033 1.892885148525238 -0.0003327118803058018 0.000223957600487782 0.15235071256756783 0.3917161822319031 -0.07375918255475822 -0.06511010271563247
1711617536.7082953 0.5003094524145126 1.0103351473808289 -0.9443637922795554 0 0 0.375 0.04050910621604853 0.37500000012133766 0.04050910565036042 0.15 -0.08779929324042712 0.15235071256756783 0.3917161822319031 -0.07375918255475822 -0.06511010271563247 0.6393748819828033 1.892885148525238 -0.0003327118803058018 0.000223957600487782 0.15235071256756783 0.3917161822319031 -0.07375918255475822 -0.06511010271563247
1711617536.7583644 0.5003094524145126 1.0103351473808289 -0.9443637922795554 0 0 0.375 0.04050910621604853 0.37500000012133766 0.04050910565036042 0.15 -0.0857711066406088 0.15235071256756783 0.3917161822319031 -0.07375918255475822 -0.06511010271563247 0.6393748819828033 1.892885148525238 -0.0003327118803058018 0.000223957600487782 0.15235071256756783 0.3917161822319031 -0.07375918255475822 -0.06511010271563247
1711617536.8082607 0.5003094524145126 1.0103351473808289 -0.9443637922795554 0 0 0.375 0.04050910621604853 0.37500000012133766 0.04050910565036042 0.15 -0.08374995115463284 0.15235071256756783 0.3917161822319031 -0.07375918255475822 -0.06511010271563247 0.6393748819828033 1.892885148525238 -0.0003327118803058018 0.000223957600487782 0.15235071256756783 0.3917161822319031 -0.07375918255475822 -0.06511010271563247
1711617536.858345 0.5003094524145126 1.0103351473808289 -0.9443637922795554 0 0 0.375 0.04050910621604853 0.37500000012133766 0.04050910565036042 0.15 -0.08172109814429923 0.15235071256756783 0.3917161822319031 -0.07375918255475822 -0.06511010271563247 0.6393748819828033 1.892885148525238 -0.0003327118803058018 0.000223957600487782 0.15235071256756783 0.3917161822319031 -0.07375918255475822 -0.06511010271563247
1711617536.9082665 0.5003094524145126 1.0103351473808289 -0.9443637922795554 0 0 0.375 0.04050910621604853 0.37500000012133766 0.04050910565036042 0.15 -0.07969885129037796 0.15235071256756783 0.3917161822319031 -0.07375918255475822 -0.06511010271563247 0.6393748819828033 1.892885148525238 -0.0003327118803058018 0.000223957600487782 0.15235071256756783 0.3917161822319031 -0.07375918255475822 -0.06511010271563247
1711617536.9582512 0.5003094524145126 1.0103351473808289 -0.9443637922795554 0 0 0.375 0.04050910621604853 0.37500000012133766 0.04050910565036042 0.15 -0.0776740740081233 0.15235071256756783 0.3917161822319031 -0.07375918255475822 -0.06511010271563247 0.6393748819828033 1.892885148525238 -0.0003327118803058018 0.000223957600487782 0.15235071256756783 0.3917161822319031 -0.07375918255475822 -0.06511010271563247
1711617537.008311 0.5003094524145126 1.0103351473808289 -0.9443637922795554 0 0 0.375 0.04050910621604853 0.37500000012133766 0.04050910565036042 0.15 -0.07564622544262432 0.15235071256756783 0.3917161822319031 -0.07375918255475822 -0.06511010271563247 0.6393748819828033 1.892885148525238 -0.0003327118803058018 0.000223957600487782 0.15235071256756783 0.3917161822319031 -0.07375918255475822 -0.06511010271563247
1711617537.0582557 0.5003094524145126 1.0103351473808289 -0.9443637922795554 0 0 0.375 0.04050910621604853 0.37500000012133766 0.04050910565036042 0.15 -0.07362310935759617 0.15235071256756783 0.3917161822319031 -0.07375918255475822 -0.06511010271563247 0.6393748819828033 1.892885148525238 -0.0003327118803058018 0.000223957600487782 0.15235071256756783 0.3917161822319031 -0.07375918255475822 -0.06511010271563247
1711617537.1082747 0.5003094524145126 1.0103351473808289 -0.9443637922795554 0 0 0.375 0.04050910621604853 0.37500000012133766 0.04050910565036042 0.15 -0.07159697027994073 0.15235071256756783 0.3917161822319031 -0.07375918255475822 -0.06511010271563247 0.6393748819828033 1.892885148525238 -0.0003327118803058018 0.000223957600487782 0.15235071256756783 0.3917161822319031 -0.07375918255475822 -0.06511010271563247
1711617537.158375 0.5003094524145126 1.0103351473808289 -0.9443637922795554 0 0 0.375 0.04050910621604853 0.37500000012133766 0.04050910565036042 0.15 -0.06956748949158549 0.15235071256756783 0.3917161822319031 -0.07375918255475822 -0.06511010271563247 0.6393748819828033 1.892885148525238 -0.0003327118803058018 0.000223957600487782 0.15235071256756783 0.3917161822319031 -0.07375918255475822 -0.06511010271563247
1711617537.2083042 0.5003094524145126 1.0103351473808289 -0.9443637922795554 0 0 0.375 0.04050910621604853 0.37500000012133766 0.04050910565036042 0.15 -0.06754496255208534 0.15235071256756783 0.3917161822319031 -0.07375918255475822 -0.06511010271563247 0.6393748819828033 1.892885148525238 -0.0003327118803058018 0.000223957600487782 0.15235071256756783 0.3917161822319031 -0.07375918255475822 -0.06511010271563247
1711617537.258409 0.5003094524145126 1.0103351473808289 -0.9443637922795554 0 0 0.375 0.04050910621604853 0.37500000012133766 0.04050910565036042 0.15 -0.0655152982593853 0.15235071256756783 0.3917161822319031 -0.07375918255475822 -0.06511010271563247 0.6393748819828033 1.892885148525238 -0.0003327118803058018 0.000223957600487782 0.15235071256756783 0.3917161822319031 -0.07375918255475822 -0.06511010271563247
1711617537.3082466 0.5003094524145126 1.0103351473808289 -0.9443637922795554 0 0 0.375 0.04050910621604853 0.37500000012133766 0.04050910565036042 0.15 -0.0634965476461384 0.15235071256756783 0.3917161822319031 -0.07375918255475822 -0.06511010271563247 0.6393748819828033 1.892885148525238 -0.0003327118803058018 0.000223957600487782 0.15235071256756783 0.3917161822319031 -0.07375918255475822 -0.06511010271563247
1711617537.35824 0.5003094524145126 1.0103351473808289 -0.9443637922795554 0 0 0.375 0.04050910621604853 0.37500000012133766 0.04050910565036042 0.15 -0.06147137438082394 0.15235071256756783 0.3917161822319031 -0.07375918255475822 -0.06511010271563247 0.6393748819828033 1.892885148525238 -0.0003327118803058018 0.000223957600487782 0.15235071256756783 0.3917161822319031 -0.07375918255475822 -0.06511010271563247
1711617537.4082386 0.5003094524145126 1.0103351473808289 -0.9443637922795554 0 0 0.375 0.04050910621604853 0.37500000012133766 0.04050910565036042 0.15 -0.059446027269288104 0.15235071256756783 0.3917161822319031 -0.07375918255475822 -0.06511010271563247 0.6393748819828033 1.892885148525238 -0.0003327118803058018 0.000223957600487782 0.15235071256756783 0.3917161822319031 -0.07375918255475822 -0.06511010271563247
1711617537.4583316 0.5003094524145126 1.0103351473808289 -0.9443637922795554 0 0 0.375 0.04050910621604853 0.37500000012133766 0.04050910565036042 0.15 -0.05741685554088198 0.15235071256756783 0.3917161822319031 -0.07375918255475822 -0.06511010271563247 0.6393748819828033 1.892885148525238 -0.0003327118803058018 0.000223957600487782 0.15235071256756783 0.3917161822319031 -0.07375918255475822 -0.06511010271563247
1711617537.5082161 0.5003094524145126 1.0103351473808289 -0.9443637922795554 0 0 0.375 0.04050910621604853 0.37500000012133766 0.04050910565036042 0.15 -0.05539611535421264 0.15235071256756783 0.3917161822319031 -0.07375918255475822 -0.06511010271563247 0.6393748819828033 1.892885148525238 -0.0003327118803058018 0.000223957600487782 0.15235071256756783 0.3917161822319031 -0.07375918255475822 -0.06511010271563247
1711617537.5582387 0.5003094524145126 1.0103351473808289 -0.9443637922795554 0 0 0.375 0.04050910621604853 0.37500000012133766 0.04050910565036042 0.15 -0.05336975413971878 0.15235071256756783 0.3917161822319031 -0.07375918255475822 -0.06511010271563247 0.6393748819828033 1.892885148525238 -0.0003327118803058018 0.000223957600487782 0.15235071256756783 0.3917161822319031 -0.07375918255475822 -0.06511010271563247
1711617537.6082559 0.5003094524145126 1.0103351473808289 -0.9443637922795554 0 0 0.375 0.04050910621604853 0.37500000012133766 0.04050910565036042 0.15 -0.05134365369455698 0.15235071256756783 0.3917161822319031 -0.07375918255475822 -0.06511010271563247 0.6393748819828033 1.892885148525238 -0.0003327118803058018 0.000223957600487782 0.15235071256756783 0.3917161822319031 -0.07375918255475822 -0.06511010271563247
1711617537.6583154 0.5003094524145126 1.0103351473808289 -0.9443637922795554 0 0 0.375 0.04050910621604853 0.37500000012133766 0.04050910565036042 0.15 -0.04931581478718141 0.15235071256756783 0.3917161822319031 -0.07375918255475822 -0.06511010271563247 0.6393748819828033 1.892885148525238 -0.0003327118803058018 0.000223957600487782 0.15235071256756783 0.3917161822319031 -0.07375918255475822 -0.06511010271563247
1711617537.7082338 0.5003094524145126 1.0103351473808289 -0.9443637922795554 0 0 0.375 0.04050910621604853 0.37500000012133766 0.04050910565036042 0.15 -0.04729375143760492 0.15235071256756783 0.3917161822319031 -0.07375918255475822 -0.06511010271563247 0.6393748819828033 1.892885148525238 -0.0003327118803058018 0.000223957600487782 0.15235071256756783 0.3917161822319031 -0.07375918255475822 -0.06511010271563247
1711617537.7582805 0.5003094524145126 1.0103351473808289 -0.9443637922795554 0 0 0.375 0.04050910621604853 0.37500000012133766 0.04050910565036042 0.15 -0.045266414752646665 0.15235071256756783 0.3917161822319031 -0.07375918255475822 -0.06511010271563247 0.6393748819828033 1.892885148525238 -0.0003327118803058018 0.000223957600487782 0.15235071256756783 0.3917161822319031 -0.07375918255475822 -0.06511010271563247
1711617537.80823 0.5003094524145126 1.0103351473808289 -0.9443637922795554 0 0 0.375 0.04050910621604853 0.37500000012133766 0.04050910565036042 0.15 -0.04324310550515031 0.15235071256756783 0.3917161822319031 -0.07375918255475822 -0.06511010271563247 0.6393748819828033 1.892885148525238 -0.0003327118803058018 0.000223957600487782 0.15235071256756783 0.3917161822319031 -0.07375918255475822 -0.06511010271563247
1711617537.8582473 0.5003094524145126 1.0103351473808289 -0.9443637922795554 0 0 0.375 0.04050910621604853 0.37500000012133766 0.04050910565036042 0.15 -0.04121696642749487 0.15235071256756783 0.3917161822319031 -0.07375918255475822 -0.06511010271563247 0.6393748819828033 1.892885148525238 -0.0003327118803058018 0.000223957600487782 0.15235071256756783 0.3917161822319031 -0.07375918255475822 -0.06511010271563247
1711617537.9082491 0.5003094524145126 1.0103351473808289 -0.9443637922795554 0 0 0.375 0.04050910621604853 0.37500000012133766 0.04050910565036042 0.15 -0.03919151307660153 0.15235071256756783 0.3917161822319031 -0.07375918255475822 -0.06511010271563247 0.6393748819828033 1.892885148525238 -0.0003327118803058018 0.000223957600487782 0.15235071256756783 0.3917161822319031 -0.07375918255475822 -0.06511010271563247
1711617537.9583123 0.5003094524145126 1.0103351473808289 -0.9443637922795554 0 0 0.375 0.04050910621604853 0.37500000012133766 0.04050910565036042 0.15 -0.03716352929737481 0.15235071256756783 0.3917161822319031 -0.07375918255475822 -0.06511010271563247 0.6393748819828033 1.892885148525238 -0.0003327118803058018 0.000223957600487782 0.15235071256756783 0.3917161822319031 -0.07375918255475822 -0.06511010271563247
1711617538.0082705 0.5003094524145126 1.0103351473808289 -0.9443637922795554 0 0 0.375 0.04050910621604853 0.37500000012133766 0.04050910565036042 0.15 -0.035139795092448425 0.15235071256756783 0.3917161822319031 -0.07375918255475822 -0.06511010271563247 0.6393748819828033 1.892885148525238 -0.0003327118803058018 0.000223957600487782 0.15235071256756783 0.3917161822319031 -0.07375918255475822 -0.06511010271563247
1711617538.0582542 0.5003094524145126 1.0103351473808289 -0.9443637922795554 0 0 0.375 0.04050910621604853 0.37500000012133766 0.04050910565036042 0.15 -0.033115037126440594 0.15235071256756783 0.3917161822319031 -0.07375918255475822 -0.06511010271563247 0.6393748819828033 1.892885148525238 -0.0003327118803058018 0.000223957600487782 0.15235071256756783 0.3917161822319031 -0.07375918255475822 -0.06511010271563247
1711617538.1082466 0.5003094524145126 1.0103351473808289 -0.9443637922795554 0 0 0.375 0.04050910621604853 0.37500000012133766 0.04050910565036042 0.15 -0.03108996044236024 0.15235071256756783 0.3917161822319031 -0.07375918255475822 -0.06511010271563247 0.6393748819828033 1.892885148525238 -0.0003327118803058018 0.000223957600487782 0.15235071256756783 0.3917161822319031 -0.07375918255475822 -0.06511010271563247
1711617538.1582525 0.5003094524145126 1.0103351473808289 -0.9443637922795554 0 0 0.375 0.04050910621604853 0.37500000012133766 0.04050910565036042 0.15 -0.02906429461275188 0.15235071256756783 0.3917161822319031 -0.07375918255475822 -0.06511010271563247 0.6393748819828033 1.892885148525238 -0.0003327118803058018 0.000223957600487782 0.15235071256756783 0.3917161822319031 -0.07375918255475822 -0.06511010271563247
1711617538.2082071 0.5003094524145126 1.0103351473808289 -0.9443637922795554 0 0 0.375 0.04050910621604853 0.37500000012133766 0.04050910565036042 0.15 -0.02704073425404687 0.15235071256756783 0.3917161822319031 -0.07375918255475822 -0.06511010271563247 0.6393748819828033 1.892885148525238 -0.0003327118803058018 0.000223957600487782 0.15235071256756783 0.3917161822319031 -0.07375918255475822 -0.06511010271563247
1711617538.2582023 0.5003094524145126 1.0103351473808289 -0.9443637922795554 0 0 0.375 0.04050910621604853 0.37500000012133766 0.04050910565036042 0.15 -0.025015522356238776 0.15235071256756783 0.3917161822319031 -0.07375918255475822 -0.06511010271563247 0.6393748819828033 1.892885148525238 -0.0003327118803058018 0.000223957600487782 0.15235071256756783 0.3917161822319031 -0.07375918255475822 -0.06511010271563247
1711617538.3082585 0.5003094524145126 1.0103351473808289 -0.9443637922795554 0 0 0.375 0.04050910621604853 0.37500000012133766 0.04050910565036042 0.15 -0.022987780030097306 0.15235071256756783 0.3917161822319031 -0.07375918255475822 -0.06511010271563247 0.6393748819828033 1.892885148525238 -0.0003327118803058018 0.000223957600487782 0.15235071256756783 0.3917161822319031 -0.07375918255475822 -0.06511010271563247
1711617538.35841 0.5003094524145126 1.0103351473808289 -0.9443637922795554 0 0 0.375 0.04050910621604853 0.37500000012133766 0.04050910565036042 0.15 -0.020956280693949413 0.15235071256756783 0.3917161822319031 -0.07375918255475822 -0.06511010271563247 0.6393748819828033 1.892885148525238 -0.0003327118803058018 0.000223957600487782 0.15235071256756783 0.3917161822319031 -0.07375918255475822 -0.06511010271563247
1711617538.4082375 0.5003094524145126 1.0103351473808289 -0.9443637922795554 0 0 0.375 0.04050910621604853 0.37500000012133766 0.04050910565036042 0.15 -0.018937887431268664 0.15235071256756783 0.3917161822319031 -0.07375918255475822 -0.06511010271563247 0.6393748819828033 1.892885148525238 -0.0003327118803058018 0.000223957600487782 0.15235071256756783 0.3917161822319031 -0.07375918255475822 -0.06511010271563247
1711617538.458303 0.5003094524145126 1.0103351473808289 -0.9443637922795554 0 0 0.375 0.04050910621604853 0.37500000012133766 0.04050910565036042 0.15 -0.01690980707080785 0.15235071256756783 0.3917161822319031 -0.07375918255475822 -0.06511010271563247 0.6393748819828033 1.892885148525238 -0.0003327118803058018 0.000223957600487782 0.15235071256756783 0.3917161822319031 -0.07375918255475822 -0.06511010271563247
1711617538.5082586 0.5003094524145126 1.0103351473808289 -0.9443637922795554 0 0 0.375 0.04050910621604853 0.37500000012133766 0.04050910565036042 0.15 -0.01488623705397943 0.15235071256756783 0.3917161822319031 -0.07375918255475822 -0.06511010271563247 0.6393748819828033 1.892885148525238 -0.0003327118803058018 0.000223957600487782 0.15235071256756783 0.3917161822319031 -0.07375918255475822 -0.06511010271563247
1711617538.5582223 0.5003094524145126 1.0103351473808289 -0.9443637922795554 0 0 0.375 0.04050910621604853 0.37500000012133766 0.04050910565036042 0.15 -0.012862300028461435 0.15235071256756783 0.3917161822319031 -0.07375918255475822 -0.06511010271563247 0.6393748819828033 1.892885148525238 -0.0003327118803058018 0.000223957600487782 0.15235071256756783 0.3917161822319031 -0.07375918255475822 -0.06511010271563247
1711617538.608236 0.5003094524145126 1.0103351473808289 -0.9443637922795554 0 0 0.375 0.04050910621604853 0.37500000012133766 0.04050910565036042 0.15 -0.010836315480780555 0.15235071256756783 0.3917161822319031 -0.07375918255475822 -0.06511010271563247 0.6393748819828033 1.892885148525238 -0.0003327118803058018 0.000223957600487782 0.15235071256756783 0.3917161822319031 -0.07375918255475822 -0.06511010271563247
1711617538.658269 0.5003094524145126 1.0103351473808289 -0.9443637922795554 0 0 0.375 0.04050910621604853 0.37500000012133766 0.04050910565036042 0.15 -0.008809567941350299 0.15235071256756783 0.3917161822319031 -0.07375918255475822 -0.06511010271563247 0.6393748819828033 1.892885148525238 -0.0003327118803058018 0.000223957600487782 0.15235071256756783 0.3917161822319031 -0.07375918255475822 -0.06511010271563247
1711617538.7082517 0.5003094524145126 1.0103351473808289 -0.9443637922795554 0 0 0.375 0.04050910621604853 0.37500000012133766 0.04050910565036042 0.15 -0.006784800317219058 0.15235071256756783 0.3917161822319031 -0.07375918255475822 -0.06511010271563247 0.6393748819828033 1.892885148525238 -0.0003327118803058018 0.000223957600487782 0.15235071256756783 0.3917161822319031 -0.07375918255475822 -0.06511010271563247
1711617538.758211 0.5003094524145126 1.0103351473808289 -0.9443637922795554 0 0 0.375 0.04050910621604853 0.37500000012133766 0.04050910565036042 0.15 -0.004761133719156538 0.15235071256756783 0.3917161822319031 -0.07375918255475822 -0.06511010271563247 0.6393748819828033 1.892885148525238 -0.0003327118803058018 0.000223957600487782 0.15235071256756783 0.3917161822319031 -0.07375918255475822 -0.06511010271563247
1711617538.8082123 0.5003094524145126 1.0103351473808289 -0.9443637922795554 0 0 0.375 0.04050910621604853 0.37500000012133766 0.04050910565036042 0.15 -0.0027356417357695595 0.15235071256756783 0.3917161822319031 -0.07375918255475822 -0.06511010271563247 0.6393748819828033 1.892885148525238 -0.0003327118803058018 0.000223957600487782 0.15235071256756783 0.3917161822319031 -0.07375918255475822 -0.06511010271563247
1711617538.8581998 0.5003094524145126 1.0103351473808289 -0.9443637922795554 0 0 0.375 0.04050910621604853 0.37500000012133766 0.04050910565036042 0.15 -0.0007107292397871712 0.15235071256756783 0.3917161822319031 -0.07375918255475822 -0.06511010271563247 0.6393748819828033 1.892885148525238 -0.0003327118803058018 0.000223957600487782 0.15235071256756783 0.3917161822319031 -0.07375918255475822 -0.06511010271563247
1711617538.9083495 0.5003094524145126 1.0103351473808289 -0.9443637922795554 0 0 0.375 0.04050910621604853 0.37500000012133766 0.04050910565036042 0.15 0.0013208859938416422 0.15235071256756783 0.3917161822319031 -0.07375918255475822 -0.06511010271563247 0.6393748819828033 1.892885148525238 -0.0003327118803058018 0.000223957600487782 0.15235071256756783 0.3917161822319031 -0.07375918255475822 -0.06511010271563247
1711617538.9584694 0.5003094524145126 1.0103351473808289 -0.9443637922795554 0 0 0.375 0.04050910621604853 0.37500000012133766 0.04050910565036042 0.15 0.0033510235345887507 0.15235071256756783 0.3917161822319031 -0.07375918255475822 -0.06511010271563247 0.6393748819828033 1.892885148525238 -0.0003327118803058018 0.000223957600487782 0.15235071256756783 0.3917161822319031 -0.07375918255475822 -0.06511010271563247
1711617539.0083642 0.5003094524145126 1.0103351473808289 -0.9443637922795554 0 0 0.375 0.04050910621604853 0.37500000012133766 0.04050910565036042 0.15 0.005372005174343337 0.15235071256756783 0.3917161822319031 -0.07375918255475822 -0.06511010271563247 0.6393748819828033 1.892885148525238 -0.0003327118803058018 0.000223957600487782 0.15235071256756783 0.3917161822319031 -0.07375918255475822 -0.06511010271563247
1711617539.058313 0.5003094524145126 1.0103351473808289 -0.9443637922795554 0 0 0.375 0.04050910621604853 0.37500000012133766 0.04050910565036042 0.15 0.007395362712456742 0.15235071256756783 0.3917161822319031 -0.07375918255475822 -0.06511010271563247 0.6393748819828033 1.892885148525238 -0.0003327118803058018 0.000223957600487782 0.15235071256756783 0.3917161822319031 -0.07375918255475822 -0.06511010271563247
1711617539.108251 0.5003094524145126 1.0103351473808289 -0.9443637922795554 0 0 0.375 0.04050910621604853 0.37500000012133766 0.04050910565036042 0.15 0.009418314609386934 0.15235071256756783 0.3917161822319031 -0.07375918255475822 -0.06511010271563247 0.6393748819828033 1.892885148525238 -0.0003327118803058018 0.000223957600487782 0.15235071256756783 0.3917161822319031 -0.07375918255475822 -0.06511010271563247
1711617539.1582425 0.5003094524145126 1.0103351473808289 -0.9443637922795554 0 0 0.375 0.04050910621604853 0.37500000012133766 0.04050910565036042 0.15 0.01144329471223319 0.15235071256756783 0.3917161822319031 -0.07375918255475822 -0.06511010271563247 0.6393748819828033 1.892885148525238 -0.0003327118803058018 0.000223957600487782 0.15235071256756783 0.3917161822319031 -0.07375918255475822 -0.06511010271563247
