2.506279945373535 -0.016031138598918915 0.01363277487897608 0.0 -0.002117717871442437 1699100775.3869047 -0.00677710386795405 0 13.353090128953912 0.0 13.353090128953912 0.0 0.20505442323684692 0.0
2.506279945373535 -0.016031138598918915 0.01375424921907533 0.0 -0.0010132789611816406 1699100775.5351012 -0.00655405778737530 0 0.0132 0.011707300559067109 0.0132 0.011707300559067109 0.2070083002090454 0.0017329261340127038
2.506279945373535 -0.016031138598918915 0.01356577849541558 0.0 -0.00476114684715867 1699100775.598731 -0.00673855178303698 0 0.0132 -0.0003580352323455395 0.0132 -0.0003580352323455395 0.20784818296432495 0.0017101452539044066
2.506279945373535 -0.016031138598918915 0.013662457182950782 0.0 0.0027622494380921125 1699100775.6605663 -0.00668560560888840 0 0.0132 0.0016416043769950394 0.0132 0.0016416043769950394 0.20866578092575072 0.0018118249805785568
2.509063959121704 -0.01599121280014515 0.015246509649281795 0.0658077821135521 0.043947357684373856 1699100775.7241867 -0.0165945717030402 0 0.0132 -0.00019333820807536508 0.0132 -0.00019333820807536508 0.20950516328811644 0.0017995306865005373
2.5175163745880127 -0.015839485451579094 0.021247982460047513 0.13884718716144562 0.11561597883701324 1699100775.7892559 -0.0266616681139170 0 -0.5009454780246244 -0.0097696518057991 -0.5009454780246244 -0.0097696518057991 0.17694594781165815 0.0011645470161631708
2.5295350551605225 -0.01553066074848175 0.027820228728879688 0.18440642952919006 0.03475802391767502 1699100775.852811 -0.0294497730478218 0 -0.5780471925756975 -0.03919554174983336 -0.5780471925756975 -0.03919554174983336 0.14020622776790187 -0.001326656555703777
2.5359866619110107 -0.01534466352313757 0.029823541876105267 0.18983015418052673 0.05892094597220421 1699100775.9159625 -0.0383677174844800 0 -0.3696516025549424 -0.044858867004512595 -0.3696516025549424 -0.044858867004512595 0.11686275529458387 -0.0041594908241509975
2.5492937564849854 -0.014934132806956768 0.03278040786753827 0.18729907274246216 0.02881118282675743 1699100775.980251 -0.0391409507308554 0 -0.05176302161914163 -0.015027779124641752 -0.05176302161914163 -0.015027779124641752 0.11353504397170242 -0.005125588033830488
2.5668749809265137 -0.01435428112745285 0.034259794338641986 0.1637750267982483 0.030156444758176804 1699100776.0427792 -0.0376043447099506 0 0.010958945806953611 -0.02497279940000929 0.010958945806953611 -0.02497279940000929 0.11422044577875252 -0.006687453758634564
2.5668749809265137 -0.01435428112745285 0.034259794338641986 0.1637750267982483 0.030156444758176804 1699100776.107718 -0.0377341256364981 0 0.1747136818123032 -0.01346640986877341 0.1747136818123032 -0.01346640986877341 0.12556351549766376 -0.007561743765120906
2.575880765914917 -0.014059159904718399 0.03448784210966137 0.1287229210138321 0.09556157141923904 1699100776.1710017 -0.0293448645297938 0 -0.006453003215789795 -0.0018311945249645505 -0.006453003215789795 -0.0018311945249645505 0.12515504569152205 -0.0076776568752817305
2.5840513706207275 -0.013785670511424541 0.033072351342029925 0.11092036217451096 -0.0003260724770370871 1699100776.234078 -0.0297331364740569 0 0.2753270565387452 -0.005408335728875102 0.2753270565387452 -0.005408335728875102 0.1425392384100516 -0.00801914002546404
2.592046022415161 -0.013550044037401676 0.027927042165410074 0.11762025207281113 -0.01476091518998146 1699100776.2965877 -0.0321930380590073 0 0.14239047974017627 0.005343198109662844 0.14239047974017627 0.005343198109662844 0.15143361901050573 -0.007685378683429884
2.59981369972229 -0.013341072015464306 0.026055216677689022 0.1210167184472084 -0.023249536752700806 1699100776.3592913 -0.0338467512072439 0 -0.05434417642232798 0.029868776494805935 -0.05434417642232798 0.029868776494805935 0.1480263409985491 -0.005812662376094605
2.6082139015197754 -0.013120902702212334 0.025621653532032822 0.12655343115329742 -0.02937018871307373 1699100776.4224143 -0.0359660653461023 0 -0.028227905153733152 0.00926803558826839 -0.028227905153733152 0.00926803558826839 0.14624466607871298 -0.005227687101668945
2.617500066757202 -0.012889999896287918 0.024364113103576848 0.14029352366924286 -0.011406625621020794 1699100776.486096 -0.0394627399615744 0 -0.04515023754525502 7.425079114469304e-05 -0.04515023754525502 7.425079114469304e-05 0.14334890916621953 -0.005222924950827549
2.6271910667419434 -0.012654578313231468 0.02301216112320953 0.15111969411373138 -0.0563439205288887 1699100776.5499172 -0.0440506701015611 0 -0.11208524523407051 0.005316619639155089 -0.11208524523407051 0.005316619639155089 0.1362485803456459 -0.0048861299732808885
2.642247438430786 -0.012338721193373203 0.018318414068156486 0.15423700213432312 -0.0775270164012909 1699100776.613837 -0.0472792118342756 0 -0.08959470209720807 0.005926429712653744 -0.08959470209720807 0.005926429712653744 0.13051999757870122 -0.004507200836549319
2.6568496227264404 -0.012089185416698456 0.014549970475100956 0.12734438478946686 -0.003505498170852661 1699100776.7556798 -0.0442784278126976 0 -0.01629871959126884 0.011787884657634815 -0.01629871959126884 0.011787884657634815 0.1282084944877498 -0.0028354295253539092
2.6654796600341797 -0.011968639679253101 0.012241363400111541 0.13399775326251984 -0.06790021061897278 1699100776.8186338 -0.0463482561662723 0 0.21108605139121037 0.02160119254188687 0.21108605139121037 0.02160119254188687 0.1415235159317424 -0.0014728556365753297
2.67018723487854 -0.011916116811335087 0.010072231174841071 0.13450822234153748 -0.061975207179784775 1699100776.8829012 -0.0474336356897228 0 -0.054710391669482814 0.014070613678112496 -0.054710391669482814 0.014070613678112496 0.1380119999091139 -0.0005697514205170867
2.6792731285095215 -0.011811952106654644 0.011619091116005205 0.13499033451080322 -0.014489347115159035 1699100776.9451108 -0.0484269147184302 0 -0.007041335037637362 0.013880627050124782 -0.007041335037637362 0.013880627050124782 0.137573697660247 0.00029427649737530457
2.6881566047668457 -0.011712049134075642 0.01133990331844489 0.1352313756942749 0.009124619886279106 1699100777.0095823 -0.0499184938817104 0 -0.00673987202505406 -0.010170394590475187 -0.00673987202505406 -0.010170394590475187 0.13713940915061412 -0.0003610602052589335
2.697495937347412 -0.011623559519648552 0.008558631183594704 0.13771991431713104 -0.01310250349342823 1699100777.0734155 -0.0536826190934330 0 -0.004914522324280441 0.0012205691338084245 -0.004914522324280441 0.0012205691338084245 0.1368254836885777 -0.00028309378166876145
2.7070882320404053 -0.011540901847183704 0.007320999975366534 0.13957035541534424 -0.056689124554395676 1699100777.1354573 -0.0581133754744036 0 -0.02340079591095889 0.017749819060205754 -0.02340079591095889 0.017749819060205754 0.135375035195347 0.00081709094747271
2.716377019882202 -0.011483578942716122 0.00411522411329653 0.13306190073490143 -0.07180486619472504 1699100777.1970737 -0.0599001242587327 0 -0.01853224993969806 0.007972604971555353 -0.01853224993969806 0.007972604971555353 0.1342307053108459 0.001309383580906796
2.7257165908813477 -0.011449799872934818 0.0045677421942672035 0.13652430474758148 0.05053751543164253 1699100777.2578502 -0.0629817477319248 0 0.05085312390118924 0.021573526102568765 0.05085312390118924 0.021573526102568765 0.13731697764477677 0.002618679286812015
2.7257165908813477 -0.011449799872934818 0.0045677421942672035 0.13652430474758148 0.05053751543164253 1699100777.318216 -0.0665397490284776 0 -0.0318525530460533 -0.0024308016756475217 -0.0318525530460533 -0.0024308016756475217 0.1353935767748048 0.0024718965139865537
2.744243860244751 -0.011396246030926704 0.000571966189763485 0.13623104989528656 -0.07768939435482025 1699100777.3759093 -0.0735000147436399 0 -0.02972707467138079 0.009968504990619414 -0.02972707467138079 0.009968504990619414 0.13366410948295224 0.0030518460556258763
2.7489264011383057 -0.011387105099856853 0.002643346912192643 0.1323387324810028 -0.01968315616250038 1699100777.4393613 -0.0855369079339756 0 0.02340807868436418 0.01790338589633641 0.02340807868436418 0.01790338589633641 0.13513585412279086 0.004177492144875219
2.7535581588745117 -0.011373265646398067 0.002643346912192643 0.1323387324810028 -0.01968315616250038 1699100777.507623 -0.0811557121811813 0 0.025774681824132954 -0.011264510679118217 0.025774681824132954 -0.011264510679118217 0.13689867402142392 0.0034070731845557266
2.7629990577697754 -0.011375164613127708 0.00016248226130024732 0.13089241087436676 0.05726473778486252 1699100777.576377 -0.0798867216885163 0 -0.002680647897720337 0.000999294230429354 -0.002680647897720337 0.000999294230429354 0.13671461940270072 0.0034756852237311743
2.7769956588745117 -0.01139701809734106 -0.0014767647342683928 0.12799975275993347 0.04041876271367073 1699100777.6431427 -0.0809261423608614 0 0.008308769750261485 0.016102102408275573 0.008308769750261485 0.016102102408275573 0.13727015332529774 0.004552290350819523
2.786487102508545 -0.011428830213844776 -0.0049426554035948075 0.13667771220207214 -0.0417981818318367 1699100777.7129703 -0.0765197597836365 0 0.018592579118380026 0.010961530735745257 0.018592579118380026 0.010961530735745257 0.138565945319089 0.0053162437365568424
2.800407648086548 -0.011490215547382832 -0.0038268566855998343 0.1352313756942749 0.037969861179590225 1699100777.7811418 -0.0731778572927936 0 -0.0666549250849008 0.022244989001159517 -0.0666549250849008 0.022244989001159517 0.13400805782363082 0.006837364000000922
2.8051154613494873 -0.011512037366628647 -0.007038355012371753 0.1444198042154312 -0.046898335218429565 1699100777.854215 -0.0699528821557082 0 0.00686866811418255 -0.004075204476992643 0.00686866811418255 -0.004075204476992643 0.13450997630553393 0.006539574033950082
2.8146321773529053 -0.011572254821658134 -0.005800962813727671 0.1316155642271042 0.035354070365428925 1699100777.9253662 -0.0740926912631084 0 -0.06875224803699474 0.020383307677711425 -0.06875224803699474 0.020383307677711425 0.12962211789329117 0.007988700786114229
2.8242502212524414 -0.011636325158178806 -0.007391333830242026 0.13957035541534424 -0.019339153543114662 1699100777.996174 -0.0685303710488671 0 0.08553301528005969 -0.004766491119291373 0.08553301528005969 -0.004766491119291373 0.13583580217127025 0.00764243132709783
2.833462953567505 -0.011714348569512367 -0.01003742223492032 0.13378505408763885 -0.05245208740234375 1699100778.0687637 -0.0649042587839474 0 -0.05965544172831252 0.01140741759138247 -0.05965544172831252 0.01140741759138247 0.13160685934786914 0.00845109714800183
2.842447519302368 -0.011815674602985382 -0.011024475122984616 0.12799975275993347 0.028579575940966606 1699100778.1398623 -0.0591111265841396 0 0.03798589977822848 0.01773837085993981 0.03798589977822848 0.01773837085993981 0.1342973503443293 0.009707482474377397
2.8516600131988525 -0.011930512264370918 -0.01337289806422647 0.1369754821062088 -0.01924879476428032 1699100778.2099664 -0.0612097203162840 0 0.03907446818075078 0.008685202311718675 0.03907446818075078 0.008685202311718675 0.13703847621876075 0.010316760959530323
2.8604676723480225 -0.012037848122417927 -0.011557698222069063 0.13450822234153748 0.011781283654272556 1699100778.279744 -0.0576907155964239 0 -0.06758661719760813 0.01686373316500752 -0.06758661719760813 0.01686373316500752 0.13232485277228975 0.011492870836567094
2.8692750930786133 -0.012135831639170647 -0.010849237664862383 0.1287229210138321 0.0058378493413329124 1699100778.352341 -0.0538893485333724 0 0.014055205432905542 -0.006853121899882739 0.014055205432905542 -0.006853121899882739 0.1333450178368061 0.010995452596861794
2.8786394596099854 -0.01223814021795988 -0.011262416753445996 0.13016924262046814 -0.013232231140136719 1699100778.4210718 -0.0526702344045153 0 0.03980897498009064 -0.001053778569782139 0.03980897498009064 -0.001053778569782139 0.13608313390850868 0.010922972256954041
2.8925344944000244 -0.012381465174257755 -0.01067316575413273 0.13250888884067535 -0.03196562081575394 1699100778.4942858 -0.0524502428091228 0 -0.012282532048389515 0.005359867374999018 -0.012282532048389515 0.005359867374999018 0.1351825006737507 0.011315991764072044
2.897115468978882 -0.01242668554186821 -0.00906860837190329 0.13089241087436676 0.045844487845897675 1699100778.562405 -0.0475246632187817 0 -0.019898780510971298 -8.582638957676126e-05 -0.019898780510971298 -8.582638957676126e-05 0.13382894557290856 0.011310153680309352
2.9064295291900635 -0.012513448484241962 -0.009409189661573227 0.1287229210138321 -0.00035422187647782266 1699100778.6332731 -0.0458247980307827 0 0.008884958440861939 -0.006475689804284913 0.008884958440861939 -0.006475689804284913 0.13445931246882215 0.010850718725380027
2.9157941341400146 -0.012581025250256062 -0.006066799086623877 0.1421865075826645 0.02004118449985981 1699100778.7029521 -0.0445865774288755 0 0.01332994409330076 0.0048411064794271035 0.01332994409330076 0.0048411064794271035 0.13538759601249947 0.011187848382232852
2.9250576496124268 -0.012632684782147408 -0.004674434775848225 0.13920877873897552 0.03303850442171097 1699100778.769719 -0.0436008693453688 0 -0.10448240963285389 -0.017530154881752694 -0.10448240963285389 -0.017530154881752694 0.12839739741652398 0.010015026426151846
2.9342198371887207 -0.012667126953601837 -0.0032781364147736595 0.13250888884067535 0.007419025059789419 1699100778.8409045 -0.0403822683690496 0 0.01747237601630149 -0.005652701914339394 0.01747237601630149 -0.005652701914339394 0.12963749211254905 0.0096138282344667
2.9435341358184814 -0.012675395235419273 0.0029013158353545397 0.13089241087436676 0.05753040313720703 1699100778.910983 -0.0378241598554299 0 0.045093313607298645 -0.006014981426414583 0.045093313607298645 -0.006014981426414583 0.13279811721766802 0.00919223355041418
2.952848434448242 -0.012647498399019241 0.005219220945894948 0.1352313756942749 0.06622587144374847 1699100778.9792702 -0.0353953327456960 0 0.009325412728241899 -0.035071998944640956 0.009325412728241899 -0.035071998944640956 0.13343510524267255 0.006796581583928039
2.961782932281494 -0.01260234136134386 0.008164644665202675 0.13399775326251984 0.04807991161942482 1699100779.0511165 -0.0351831088134741 0 -0.0332114276368009 -0.012135004277195247 -0.0332114276368009 -0.012135004277195247 0.13104799904110337 0.005924365421378531
2.966338634490967 -0.012568867765367031 0.008164644665202675 0.13399775326251984 0.04807991161942482 1699100779.1203825 -0.0321275513356087 0 0.006025590749521541 -0.016934498719460848 0.006025590749521541 -0.016934498719460848 0.1314653508578134 0.004751427513804523
2.9838528633117676 -0.01239705365151167 0.012377976998087561 0.13038837909698486 0.008767301216721535 1699100779.1896524 -0.0290431739477279 0 -0.00287973039150238 0.0005799856165714729 -0.00287973039150238 0.0005799856165714729 0.13125872767011154 0.004793041991767757
2.9973413944244385 -0.01216108351945877 0.01854801077189366 0.12892630696296692 -0.05083158612251282 1699100779.2611418 -0.0256130835284974 0 0.023709723661652693 -0.02539343916352985 0.023709723661652693 -0.02539343916352985 0.1328946082930157 0.003040991412464715
3.001997470855713 -0.012062948197126389 0.023598790286002265 0.13306190073490143 0.1443079560995102 1699100779.3319051 -0.0218304428241279 0 0.008068407620908163 -0.03689358154712921 0.008068407620908163 -0.03689358154712921 0.13346506723246612 0.0004325122192017517
3.006577491760254 -0.011952846311032772 0.024472474831500605 0.13089241087436676 0.024962425231933594 1699100779.4019032 -0.0229927212722963 0 -0.03226792384660501 -0.030464811746740508 -0.03226792384660501 -0.030464811746740508 0.13120329126120633 -0.0017028770765362845
3.0197596549987793 -0.011603862047195435 0.02743065308839023 0.1323387324810028 -0.04085132107138634 1699100779.4744072 -0.0180953021814728 0 0.0124692434973512 -0.00661965844124291 0.0124692434973512 -0.00661965844124291 0.13210644618214704 -0.0021823429797745405
3.0333707332611084 -0.011198089458048344 0.031535744627907224 0.1317644566297531 -0.018624698743224144 1699100779.543435 -0.0206410500104429 0 -0.013161817837352185 -0.02085124978425165 -0.013161817837352185 -0.02085124978425165 0.13119833088440772 -0.0036209997929941757
3.042679786682129 -0.010889634490013123 0.036239982489557614 0.1352313756942749 0.11204992234706879 1699100779.6136384 -0.0161203732153467 0 0.0014764405452399676 -0.0278554413559021 0.0014764405452399676 -0.0278554413559021 0.1313020304667707 -0.005577460311811579
3.042679786682129 -0.010889634490013123 0.036239982489557614 0.1352313756942749 0.11204992234706879 1699100779.685419 -0.0122066748616593 0 -0.027185658552299312 -0.030548082810099776 -0.027185658552299312 -0.030548082810099776 0.1293513124118719 -0.007769450495369774
3.0605344772338867 -0.01017051562666893 0.043602229064076674 0.1294460892677307 -0.04738399013876915 1699100779.7526517 -0.0101462768441144 0 -0.003027765083312988 -0.002414097902077951 -0.003027765083312988 -0.002414097902077951 0.12914755368200606 -0.00793191142241136
3.06953501701355 -0.009744791314005852 0.05076205829461669 0.13575731217861176 0.1028703898191452 1699100779.822616 -0.00763162779875920 0 0.03904692338528805 -0.04992970678685204 0.03904692338528805 -0.04992970678685204 0.1318770746694682 -0.011422178279745652
3.06953501701355 -0.009744791314005852 0.05076205829461669 0.13575731217861176 0.1028703898191452 1699100779.8923059 -0.00597744770147903 0 -0.04831865926383429 -0.047752307667340205 -0.04831865926383429 -0.047752307667340205 0.12850580796992847 -0.014753929762874544
3.0871524810791016 -0.008824902586638927 0.05206441919704486 0.1258302628993988 -0.10002680867910385 1699100779.9623277 -0.00443787710038818 0 -0.0030908774614334103 -0.003993493548556106 -0.0030908774614334103 -0.003993493548556106 0.12828932737250323 -0.01503362828861433
3.0916006565093994 -0.008582266047596931 0.05692505779818212 0.12727659940719604 0.13887540996074677 1699100780.032969 -0.000686659537196215 0 0.06836891059760782 -0.017388247084151872 0.06836891059760782 -0.017388247084151872 0.1331186686676654 -0.0162618733924191
3.1006217002868652 -0.008063703775405884 0.055694224283086506 0.12510710954666138 -0.08052416890859604 1699100780.1031191 -0.00412368096868108 0 -0.01238741978677877 -0.034006910322353034 -0.01238741978677877 -0.034006910322353034 0.13225014134202176 -0.018646222303174483
3.1136081218719482 -0.007287175394594669 0.061426877293881244 0.1280422955751419 0.0034781063441187143 1699100780.1734757 0.00138862564993830 0 0.013605742363445578 -0.00095109528108815 0.013605742363445578 -0.00095109528108815 0.13320734655845104 -0.01871313473911953
3.118053674697876 -0.00700049614533782 0.0673712499223676 0.12727659940719604 0.16983917355537415 1699100780.2448044 0.00613129554344611 0 -0.022760884558496508 -0.04235625066161581 -0.022760884558496508 -0.04235625066161581 0.1315854770300021 -0.021731308839992785
3.1356523036956787 -0.005771192256361246 0.07172573034994872 0.1311553716659546 0.016255812719464302 1699100780.3172019 0.00654542056570574 0 0.003214044372991211 -0.040556167064441956 0.003214044372991211 -0.040556167064441956 0.13181820555956905 -0.02466797555346291
3.1356523036956787 -0.005771192256361246 0.07172573034994872 0.1311553716659546 0.016255812719464302 1699100780.3913834 0.00715470095060056 0 -0.028646257310982012 -0.03733355889800791 -0.028646257310982012 -0.03733355889800791 0.12969023795477932 -0.027441273406792383
3.1401712894439697 -0.005447826348245144 0.07114290773093139 0.1332533210515976 -0.017141595482826233 1699100780.4598575 0.00690621204206577 0 -0.018024143254632852 -0.005210432891199136 -0.018024143254632852 -0.005210432891199136 0.12844912026041488 -0.02780005664354365
3.153904438018799 -0.004454859532415867 0.07267820569248444 0.13016924262046814 0.022377286106348038 1699100780.5270965 0.00863733448994752 0 -0.0027903985261917112 -0.006508984127241444 -0.0027903985261917112 -0.006508984127241444 0.12826279449212757 -0.02823468684309917
3.1673080921173096 -0.0034704094287008047 0.07064890645788205 0.1352313756942749 -0.04779952019453049 1699100780.5975232 0.0121936457040483 0 0.019484769899578723 -0.021765425323345283 0.019484769899578723 -0.021765425323345283 0.12963445260265777 -0.02976689493833314
3.1720290184020996 -0.003132350044324994 0.07064890645788205 0.1352313756942749 -0.04779952019453049 1699100780.6679602 0.0132172792997526 0 -0.038907629419289304 -0.0035422101213982544 -0.038907629419289304 -0.0035422101213982544 0.1268897990016502 -0.03001677240222204
3.1849558353424072 -0.002219932619482279 0.06976544645889438 0.1342233419418335 -0.020334213972091675 1699100780.737994 0.0149626013426441 0 -0.003027765083312988 -0.006716853157241576 -0.003027765083312988 -0.006716853157241576 0.12667803395117933 -0.030486556123451938
3.1984148025512695 -0.0012937532737851143 0.06732332855247429 0.1323387324810028 -0.03145081549882889 1699100780.8071241 0.0179344580470209 0 0.0043786838273702396 -0.007483434798850273 0.0043786838273702396 -0.007483434798850273 0.12698095552564143 -0.031004267367520842
3.2024805545806885 -0.001020456780679524 0.06691002951801643 0.12348546832799911 -0.012524200603365898 1699100780.8783712 0.0195137340363760 0 0.010556249380423429 0.0013511770578593582 0.010556249380423429 0.0013511770578593582 0.1277324310049474 -0.030908080133723096
3.2068498134613037 -0.0007331770611926913 0.06439971680163949 0.12878672778606415 -0.07383262366056442 1699100780.9480925 0.0197800726325331 0 0.06184116659821338 -0.005948925502191282 0.06184116659821338 -0.005948925502191282 0.13204618110924893 -0.03132304931068395
3.2243614196777344 0.00026915143826045096 0.04634070308922128 0.12799975275993347 -0.20812579989433289 1699100781.0192373 0.0214766063122325 0 -0.03952809031406404 0.005966241196179592 -0.03952809031406404 0.005966241196179592 0.12923523453937816 -0.03089877419159337
3.2243614196777344 0.00026915143826045096 0.04634070308922128 0.12799975275993347 -0.20812579989433289 1699100781.0917556 0.0207545576246320 0 0.0032571832122313725 0.088650676391312 0.0032571832122313725 0.088650676391312 0.12947182759724618 -0.024459426680920257
3.2415549755096436 0.0010492047294974327 0.04561317106775727 0.12655343115329742 0.07009165734052658 1699100781.1620142 0.0299410581265287 0 -0.0021599703311920163 -0.00466397602339286 -0.0021599703311920163 -0.00466397602339286 0.12931993871904546 -0.0247873969663997
3.250608444213867 0.001425467082299292 0.038041710249243375 0.13089241087436676 -0.09274482727050781 1699100781.23297 0.0285883046918434 0 0.008230638876010518 -0.005464522828178863 0.008230638876010518 -0.005464522828178863 0.12990250169597775 -0.025174174801541625
3.2548320293426514 0.0015905211912468076 0.04007542085941682 0.12808741629123688 0.0616275891661644 1699100781.304328 0.0331205676222530 0 -0.03289182798181298 0.036112110399947134 -0.03289182798181298 0.036112110399947134 0.12755400404852982 -0.022595746920745535
3.2639381885528564 0.001911764731630683 0.031750440423906706 0.13623104989528656 -0.08623389899730682 1699100781.3754687 0.0329600348438925 0 0.01754767354910247 -0.01665265712764823 0.01754767354910247 -0.01665265712764823 0.12880212051844478 -0.023780203399873936
3.2772202491760254 0.0023120625410228968 0.025602818817712553 0.1280422955751419 0.014533014968037605 1699100781.4452593 0.0322601480779751 0 -0.06145998975506539 0.04225650837375074 -0.06145998975506539 0.04225650837375074 0.1245105049513629 -0.020829524594523693
3.2860512733459473 0.002518872730433941 0.01745295530931133 0.12799975275993347 -0.23285320401191711 1699100781.514938 0.0321993397062151 0 0.05521483912800857 0.028451717162743792 0.05521483912800857 0.028451717162743792 0.12845039189282073 -0.0187993357778604
3.2945547103881836 0.0026464767288416624 0.015097975668376121 0.12293761968612671 0.038552284240722656 1699100781.5866714 0.0395194440319066 0 -0.0018564019405829656 0.043886471365901264 -0.0018564019405829656 0.043886471365901264 0.12832031154329496 -0.015724157170292047
3.303412914276123 0.0027319511864334345 0.00744962674831686 0.12438394874334335 -0.014529909007251263 1699100781.6574283 0.0403584246320467 0 0.034258965416239434 0.010721765948955431 0.034258965416239434 0.010721765948955431 0.13074165021709788 -0.01496636935538731
3.312195301055908 0.002801597351208329 0.005046724916605549 0.12004496902227402 -0.1289435774087906 1699100781.727286 0.0415381076548632 0 -0.012077136453712686 0.04219779626038497 -0.012077136453712686 0.04219779626038497 0.1298978956168039 -0.012018271115922404
3.3210031986236572 0.002850162098184228 0.011580825126616432 0.1258302628993988 0.2533504068851471 1699100781.7936454 0.0394440956238376 0 0.03144405492524379 0.013183069967921703 0.03144405492524379 0.013183069967921703 0.13198728933739026 -0.011142282835323362
3.3297348022460938 0.0029583850409835577 0.012015700137725259 0.1317644566297531 -0.028473488986492157 1699100781.8638783 0.0523237806437237 0 -0.043136960117171434 -0.03904229809412252 -0.043136960117171434 -0.03904229809412252 0.12896139023210995 -0.01388095645882854
3.3385169506073 0.0030632908456027508 0.009276747176558537 0.12729786336421967 -0.11608179658651352 1699100781.9338746 0.0463566812815401 0 -0.04495416583762051 -0.004699058235757182 -0.04495416583762051 -0.004699058235757182 0.1258112790729043 -0.014210237527899744
3.3385169506073 0.0030632908456027508 0.009276747176558537 0.12729786336421967 -0.11608179658651352 1699100782.002255 0.0475493426614177 0 0.030555728084941926 0.014058634091227405 0.030555728084941926 0.014058634091227405 0.12790251189546728 -0.013248065166297066
3.347425937652588 0.0031578519847244024 0.012256861047056526 0.12655343115329742 0.05106925964355469 1699100782.0673885 0.0526509240269346 0 -0.0020757436037063598 -0.0012680390528116174 -0.0020757436037063598 -0.0012680390528116174 0.1277676181362018 -0.013330469637843446
3.3673198223114014 0.0033011632040143013 0.0014425515902127006 0.1243201345205307 -0.10532140731811523 1699100782.1373186 0.0565805234470788 0 0.003314878279669316 -0.01915283776985582 0.003314878279669316 -0.01915283776985582 0.12800036357724193 -0.014675235658742356
3.37174916267395 0.0033247920218855143 0.004954933922566137 0.1287229210138321 -0.12204987555742264 1699100782.2073715 0.0528420529812367 0 0.014285337436848407 0.06057218377653989 0.014285337436848407 0.06057218377653989 0.12899711086648072 -0.010448862970701741
3.384986400604248 0.003394349478185177 0.007213949907937355 0.12799975275993347 0.13466903567314148 1699100782.2788055 0.0552019600503157 0 -0.03303852042991796 -0.020865585397577116 -0.03303852042991796 -0.020865585397577116 0.12663509088612723 -0.011940604397664038
3.393819570541382 0.0034282286651432514 0.00029969215168758356 0.12729786336421967 -0.10425904393196106 1699100782.3479567 0.0585021248239056 0 0.0030637550759337173 -0.014394235514442707 0.0030637550759337173 -0.014394235514442707 0.1268471627539951 -0.012936967467302558
3.4024758338928223 0.0034562889486551285 0.002329707153790782 0.1312991827726364 -0.08964166045188904 1699100782.4183428 0.0623412330979907 0 0.0029130001348128464 0.038690058183498556 0.0029130001348128464 0.038690058183498556 0.12705208447492367 -0.010215225984685486
3.4111320972442627 0.003449153620749712 1.7166137694890962e-05 0.12293761968612671 0.08131436258554459 1699100782.4891922 0.0652172370901253 0 -0.030827871448465553 -0.01226795293194804 -0.030827871448465553 -0.01226795293194804 0.12487055693263116 -0.01108336497551175
3.4199907779693604 0.00340939499437809 -0.008090138021250737 0.1280422955751419 -0.09061659127473831 1699100782.5617242 0.0630045975003736 0 0.056101311368962736 0.01241494152678547 0.056101311368962736 0.01241494152678547 0.12893875750993347 -0.010183092396243931
3.4242429733276367 0.0033806231804192066 -0.0054426194824625075 0.12506456673145294 0.07786820828914642 1699100782.6313257 0.0690067653530519 0 -0.03758019142111442 0.04567272961240994 -0.03758019142111442 0.04567272961240994 0.12623038437751996 -0.0068914967686405735
3.437049627304077 0.003259984077885747 -0.007339358519366834 0.1258302628993988 0.12285368889570236 1699100782.7088714 0.0659884614216690 0 0.018014275157464458 -0.0137602314633859 0.018014275157464458 -0.0137602314633859 0.1275834659042483 -0.007925050149715611
3.4502103328704834 0.0031195348128676414 -0.007637977382817219 0.12727659940719604 0.15151841938495636 1699100782.7782202 0.0682972051926922 0 -0.007422391962982352 0.012089696524248038 -0.007422391962982352 0.012089696524248038 0.12706893180753503 -0.00708696976920414
3.4585623741149902 0.0030334172770380974 -0.0124834777641234 0.12655343115329742 -0.05872109532356262 1699100782.8494573 0.0732242789899480 0 -0.012203097515830718 0.0029647411119607444 -0.012203097515830718 0.0029647411119607444 0.12619775954961865 -0.006875318571195294
3.4670662879943848 0.002950394991785288 -0.011425733469448881 0.12655343115329742 -0.12126937508583069 1699100782.9205918 0.0736010004632563 0 0.0031037684962113674 0.02873500672397526 0.0031037684962113674 0.02873500672397526 0.12641823768010316 -0.004834109450832343
3.471444606781006 0.0028958257753401995 -0.01349949828409634 0.12510710954666138 -0.059250421822071075 1699100782.9914415 0.0755949193916924 0 -0.001986411738395691 -0.0046379783414120124 -0.001986411738395691 -0.0046379783414120124 0.12627754655501697 -0.005162602470867354
3.4798471927642822 0.0028074481524527073 -0.011904835997405015 0.12892630696296692 -0.11208280920982361 1699100783.0624788 0.0780152196778906 0 0.00836941876378879 0.0130493124850486 0.00836941876378879 0.0130493124850486 0.1268719557055864 -0.004235819982301626
3.488224506378174 0.002704931190237403 -0.009023547182498325 0.12892630696296692 0.1551397144794464 1699100783.1340237 0.102016685493142 0 -0.028935595761046828 -0.007479738730122627 -0.028935595761046828 -0.007479738730122627 0.12479970597855004 -0.004771488460317408
3.5012588500976562 0.0025608038995414972 -0.00744235503216789 0.1294460892677307 0.18767288327217102 1699100783.1972935 0.101390562733471 0 -0.00227115683555603 -0.016908117706134575 -0.00227115683555603 -0.016908117706134575 0.12465612663756705 -0.005840395882078738
3.5094590187072754 0.00248023122549057 -0.012061238696670556 0.12425246089696884 -0.0655289888381958 1699100783.2595701 0.113823658306733 0 -0.006504964914396203 -0.008663848220200738 -0.006504964914396203 -0.008663848220200738 0.12425085047933666 -0.006380176060508813
3.518216371536255 0.0024143930058926344 -0.00598073011803377 0.12580899894237518 -0.0010588589357212186 1699100783.3220353 0.123282382140640 0 0.039861567764882824 0.031080917611577902 0.039861567764882824 0.031080917611577902 0.12674082992631983 -0.004438685788408028
3.5226709842681885 0.0023823585361242294 -0.008401751065673261 0.12727659940719604 -0.06917203962802887 1699100783.3836923 0.127073993141325 0 -0.014530101053917395 -0.03867523937969464 -0.014530101053917395 -0.03867523937969464 0.12584568953312802 -0.006821309891066494
3.5266952514648438 0.0023582486901432276 -0.0035802126679211487 0.125762477517128 0.15067309141159058 1699100783.4431796 0.135264808099161 0 -0.014411856828920454 0.01709840959848957 -0.014411856828920454 0.01709840959848957 0.1249885932446569 -0.0058044399915393174
3.5350983142852783 0.0023276396095752716 -0.005698680636832917 0.12293761968612671 -0.0879560187458992 1699100783.5060966 0.131962865687109 0 0.01013600102185272 -0.030373862309206363 0.01013600102185272 -0.030373862309206363 0.12562659545474378 -0.007716297660098069
3.5434253215789795 0.002308995695784688 -0.002193450890039323 0.12293761968612671 -0.04580361396074295 1699100783.5677428 0.144550618531631 0 0.021362613129677206 0.014279889446920865 0.021362613129677206 0.014279889446920865 0.1269433314190332 -0.006836122379728629
3.5520057678222656 0.002279481617733836 -0.0009990930917194649 0.12438394874334335 0.12265614420175552 1699100783.6304276 0.149339950788365 0 -0.0015525143623352049 -0.022173018782748945 -0.0015525143623352049 -0.022173018782748945 0.1268455756315227 -0.008232271082232123
3.5602824687957764 0.002262502908706665 -0.003880977833418082 0.12438394874334335 -0.06551742553710938 1699100783.6936686 0.149203071458198 0 -0.013214664976254108 -0.0075346685507761985 -0.013214664976254108 -0.0075346685507761985 0.12601376110678375 -0.008706550736759246
3.5646865367889404 0.0022616246715188026 0.003482103155484827 0.1258302628993988 0.21037374436855316 1699100783.7573414 0.162180817800716 0 -0.0017260738492012023 0.018128689159137092 -0.0017260738492012023 0.018128689159137092 0.12590244687789848 -0.007537434446987453
3.5816195011138916 0.0023182372096925974 0.0058990718723733295 0.12892630696296692 0.049814581871032715 1699100783.8229084 0.163630396587563 0 -0.013068005949123808 -0.04607938371866865 -0.013068005949123808 -0.04607938371866865 0.1250562878346625 -0.010521094493676292
3.5860235691070557 0.002336589153856039 0.0024350879976036684 0.1258302628993988 -0.09897095710039139 1699100783.8884432 0.165011059489363 0 -0.025828927639031895 -0.015942941824219528 -0.025828927639031895 -0.015942941824219528 0.12335902414294349 -0.011568732888719253
3.59037709236145 0.0023532144259661436 0.005202650910836577 0.1280422955751419 0.08139890432357788 1699100783.9516711 0.174553991234478 0 0.022578506222946635 0.021277631303833824 0.022578506222946635 0.021277631303833824 0.12478691156661355 -0.01022311410224013
3.5988054275512695 0.0024020771961659193 0.0036276578708509537 0.12497151643037796 -0.10974332690238953 1699100784.0146608 0.171830535633798 0 -0.019727480349725133 -0.018477485889925444 -0.019727480349725133 -0.018477485889925444 0.12354454665588292 -0.011386758911471099
3.607436180114746 0.0024612376000732183 0.009186148363401307 0.12580899894237518 0.05469252169132233 1699100784.078177 0.180845472965482 0 0.022432479192723773 0.008969248082068058 0.022432479192723773 0.008969248082068058 0.12496608727611275 -0.010818379894063436
3.6117136478424072 0.002489493228495121 0.007687926155907469 0.12425246089696884 0.11099107563495636 1699100784.1419225 0.175786281562715 0 -0.008469081957322648 -0.03650019947034986 -0.008469081957322648 -0.03650019947034986 0.12442647180269863 -0.013144024222002988
3.6243178844451904 0.002589526819065213 0.007461786455701586 0.12506456673145294 -0.08356922119855881 1699100784.2069173 0.185938661718972 0 0.01026517216637156 0.007815917052196038 0.01026517216637156 0.007815917052196038 0.12509359110531806 -0.012636078612452107
3.6329736709594727 0.002684443723410368 0.011435508471534189 0.12221445888280869 -0.0702483281493187 1699100784.2688894 0.192560341625084 0 -0.008347855434524477 -0.00012115305493027955 -0.008347855434524477 -0.00012115305493027955 0.12457530129282367 -0.012643600591553858
3.6415281295776367 0.0027960820589214563 0.015434146781389229 0.12580899894237518 0.11760697513818741 1699100784.3342016 0.200945638808831 0 0.020389131730410917 -0.02684070385567622 0.020389131730410917 -0.02684070385567622 0.12590478147024567 -0.014393757694661488
3.6415281295776367 0.0027960820589214563 0.015434146781389229 0.12580899894237518 0.11760697513818741 1699100784.3976846 0.203683631608868 0 -0.0301749895171305 -0.027421463420117472 -0.0301749895171305 -0.027421463420117472 0.12398693800194029 -0.016136594240861165
3.654510736465454 0.003017196897417307 0.021905422059935772 0.12366078048944473 0.06286416947841644 1699100784.4583118 0.197253836939640 0 -0.001897079873085022 -0.0018540894629275294 -0.001897079873085022 -0.0018540894629275294 0.12387204724915706 -0.016248881412922498
3.6627602577209473 0.003187914378941059 0.019225597139839335 0.12259864062070847 -0.08374452590942383 1699100784.5240664 0.206290848440569 0 0.014684803380555568 -0.043977154690066855 0.014684803380555568 -0.043977154690066855 0.12483829259564817 -0.019142534121099907
3.6712114810943604 0.0033930514473468065 0.029160975320834465 0.12501944601535797 0.14239007234573364 1699100784.5889237 0.206058283962511 0 0.00665585619195382 0.013657736013352297 0.00665585619195382 0.013657736013352297 0.12527106168751684 -0.018254497204282863
3.6838109493255615 0.003754484234377742 0.03305315908180577 0.1258302628993988 0.1317160427570343 1699100784.6531768 0.214065239186432 0 -0.020700123821308796 -0.06676421269480273 -0.020700123821308796 -0.06676421269480273 0.12394521960168436 -0.0225307423022527
3.6838109493255615 0.003754484234377742 0.03305315908180577 0.1258302628993988 0.1317160427570343 1699100784.7169075 0.225760866767035 0 -0.008261689256712506 -0.03067525583697218 -0.008261689256712506 -0.03067525583697218 0.12341876122558447 -0.02448545699468202
3.7008607387542725 0.004326970782130957 0.0351431386498567 0.12195149064064026 -0.08835575729608536 1699100784.7802746 0.223693667628948 0 -0.0018996315479278562 -0.0037224784032107816 -0.0018996315479278562 -0.0037224784032107816 0.12329833313343998 -0.024721445374974376
3.705186128616333 0.004483489785343409 0.037199138804871565 0.12366078048944473 0.058742932975292206 1699100784.8455093 0.228757781343328 0 0.02829596326129946 -0.02071093842332366 0.02829596326129946 -0.02071093842332366 0.12514416348337035 -0.02607248185902282
3.709662437438965 0.004662665072828531 0.04281127422628261 0.12799975275993347 0.16034671664237976 1699100784.908184 0.241000469735753 0 -0.015288152046673954 -0.018462901524977534 -0.015288152046673954 -0.018462901524977534 0.12418687158548357 -0.02722856573282153
3.718311309814453 0.005021117627620697 0.04208433467600058 0.12293761968612671 0.048324041068553925 1699100784.9726648 0.243677694064657 0 -0.0357201899049162 -0.040757133899908156 -0.0357201899049162 -0.040757133899908156 0.1218777550859096 -0.02986329333685004
3.726731538772583 0.005392569582909346 0.04263389075658257 0.12271848320960999 -0.09662454575300217 1699100785.0333014 0.235973445761975 0 0.04027643751652861 -0.0025936580126040888 0.04027643751652861 -0.0025936580126040888 0.12431487910276255 -0.030020235376011933
3.7350494861602783 0.005781081970781088 0.051581860904122735 0.125762477517128 0.1623295247554779 1699100785.09926 0.250448887106168 0 0.00012422482643101155 -0.010660463106292904 0.00012422482643101155 -0.010660463106292904 0.12432312603824221 -0.030727953421966887
3.743594169616699 0.006204779259860516 0.0494732877065809 0.12293761968612671 0.025762829929590225 1699100785.1640797 0.245855966138620 0 -0.02550603786359126 -0.06401238836874834 -0.02550603786359126 -0.06401238836874834 0.12267921867824526 -0.03485366032059029
3.7519869804382324 0.006621029693633318 0.04777193262332181 0.1243201345205307 -0.08003851771354675 1699100785.2282724 0.250599297300684 0 0.020321804852514128 0.004509240439661014 0.020321804852514128 0.004509240439661014 0.12399140144868627 -0.034562497815308825
3.7603797912597656 0.007038405165076256 0.05193972571538605 0.12134240567684174 0.06997234374284744 1699100785.2933693 0.251810411657450 0 -0.012356882352184306 0.0021136940047832686 -0.012356882352184306 0.0021136940047832686 0.12318848621531973 -0.03442515596266781
3.764676809310913 0.007260158658027649 0.05199814019211418 0.12506456673145294 0.024073263630270958 1699100785.3595412 0.254919978410785 0 0.021240823057404292 -0.034099754147522435 0.021240823057404292 -0.034099754147522435 0.12458769111916061 -0.036671422178154674
3.777365207672119 0.00792919471859932 0.0529924649516004 0.12366078048944473 -0.027343204244971275 1699100785.4226556 0.262157002058077 0 -0.03129527256202035 -0.009506494897689517 -0.03129527256202035 -0.009506494897689517 0.12261251608353659 -0.037271416677675064
3.777365207672119 0.00792919471859932 0.0529924649516004 0.12366078048944473 -0.027343204244971275 1699100785.482945 0.264598297761108 0 0.009979479503209808 -0.01607280058895865 0.009979479503209808 -0.01607280058895865 0.12321537904650823 -0.03824237875873303
3.790079116821289 0.008592941798269749 0.050654291738274466 0.11985354125499725 -0.009554274380207062 1699100785.5451508 0.268362921390764 0 -0.0016392936587333678 -0.006180245336680847 -0.0016392936587333678 -0.006180245336680847 0.12311368141868319 -0.038625785530770944
3.798142910003662 0.009001094847917557 0.04999268198710687 0.12497151643037796 -0.020675361156463623 1699100785.6073682 0.274596439836625 0 0.02938779024499266 0.0027621129680375405 0.02938779024499266 0.0027621129680375405 0.12494367095782423 -0.038453787643372934
3.798142910003662 0.009001094847917557 0.04999268198710687 0.12497151643037796 -0.020675361156463623 1699100785.670502 0.276932917978493 0 -0.042371999986645884 -0.003220633774228456 -0.042371999986645884 -0.003220633774228456 0.12227137755122626 -0.03865690475851147
3.8151588439941406 0.009782254695892334 0.04163551347501802 0.1258302628993988 -0.0641380026936531 1699100785.733782 0.274618093617174 0 0.02218770822134112 0.010419538139469145 0.02218770822134112 0.010419538139469145 0.12368971154725743 -0.03799084294542444
3.8236560821533203 0.010127455927431583 0.037142157840460384 0.12366078048944473 -0.1346656233072281 1699100785.7969851 0.281473150532127 0 -0.032720997871056076 0.025940910210177238 -0.032720997871056076 0.025940910210177238 0.12163079408249353 -0.03635855186145199
3.8320791721343994 0.010426176711916924 0.03493404270350902 0.12506456673145294 0.0018652747385203838 1699100785.8604815 0.285852570115889 0 0.015493697653768046 0.02112581182901859 0.015493697653768046 0.02112581182901859 0.1226117466759986 -0.03502101318174656
3.8408327102661133 0.010693083517253399 0.02717757236760284 0.13102002441883087 -0.08230700343847275 1699100785.9254782 0.292998772830716 0 -0.012613942305801016 0.006902696742256721 -0.012613942305801016 0.006902696742256721 0.12179243516918985 -0.03457266335329195
3.8408327102661133 0.010693083517253399 0.02717757236760284 0.13102002441883087 -0.08230700343847275 1699100785.989752 0.306545909572699 0 -0.04890642152917601 0.04257555879338229 -0.04890642152917601 0.04257555879338229 0.1186527748631628 -0.031839427353378136
3.8408327102661133 0.010693083517253399 0.02717757236760284 0.13102002441883087 -0.08230700343847275 1699100786.053868 0.307494284529423 0 -0.0025224029302597043 -0.003905821726085468 -0.0025224029302597043 -0.003905821726085468 0.11849113206693153 -0.0320897235839333
3.8618109226226807 0.011087714694440365 0.0073834656304573795 0.12655343115329742 -0.20291173458099365 1699100786.1135838 0.306183144495987 0 0.078260402833368 0.0411644711643365 0.078260402833368 0.0411644711643365 0.12317300027184742 -0.029627090863694975
3.8659870624542236 0.011111726053059101 0.004115462531377755 0.119321808218956 -0.09337152540683746 1699100786.1754382 0.294464934588693 0 -0.04296763329278543 0.08037397939092901 -0.04296763329278543 0.08037397939092901 0.12051924973264087 -0.024663063878697704
3.8659870624542236 0.011111726053059101 0.004115462531377755 0.119321808218956 -0.09337152540683746 1699100786.2405267 0.296740933989499 0 0.05438745303583136 0.018256839601186257 0.05438745303583136 0.018256839601186257 0.12406219154565064 -0.023473765303641408
3.881856679916382 0.011072923429310322 -0.008732795560022943 0.11468904465436935 0.04711747169494629 1699100786.2992265 0.311930746284082 0 -0.001118616986274719 -0.0016461197540302494 -0.001118616986274719 -0.0016461197540302494 0.12399662891267603 -0.023570245105566413
3.881856679916382 0.011072923429310322 -0.008732795560022943 0.11468904465436935 0.04711747169494629 1699100786.3649004 0.297667848874769 0 0.03465551376859761 0.07804299095667276 0.03465551376859761 0.07804299095667276 0.12627600158757735 -0.0184371784818247
3.881856679916382 0.011072923429310322 -0.008732795560022943 0.11468904465436935 0.04711747169494629 1699100786.42794 0.298536866785326 0 -0.0005626853585243224 -0.0003569831970582452 -0.0005626853585243224 -0.0003569831970582452 0.12624052009911269 -0.018459688922156246
3.8986620903015137 0.010912706144154072 -0.00849092032880023 0.12283127009868622 0.021990608423948288 1699100786.4844368 0.318526369206753 0 -0.0005626853585243224 -0.0003569831970582452 -0.0005626853585243224 -0.0003569831970582452 0.12620874033973056 -0.01847985088289346
3.90301513671875 0.01086349319666624 -0.011794686878198214 0.12366078048944473 0.06638594716787338 1699100786.54542 0.320754563789575 0 -0.06837296327002297 -0.0007828614813601148 -0.06837296327002297 -0.0007828614813601148 0.1220438343439536 -0.018527538511477037
3.915719985961914 0.010703089646995068 -0.01607441897514903 0.12813535332679749 -0.15804171562194824 1699100786.6058838 0.333947259585174 0 -0.008483514796388184 0.02255807565485969 -0.008483514796388184 0.02255807565485969 0.12152973905595646 -0.017160534306405826
3.9243247509002686 0.0105728255584836 -0.01508641179708041 0.12438394874334335 -0.011018344201147556 1699100786.6687531 0.331804310960799 0 -0.03783624884045789 0.028442997536655454 -0.03783624884045789 0.028442997536655454 0.11915591655528202 -0.01537603849595055
3.937028646469116 0.010337958112359047 -0.01630389636123992 0.12366078048944473 0.08179119974374771 1699100786.7307203 0.339112678467984 0 0.028504967063348083 -0.005102644478627697 0.028504967063348083 -0.005102644478627697 0.1209245236039441 -0.01569263500250542
3.941077709197998 0.010262103751301765 -0.02116012562770811 0.12655343115329742 -0.151757150888443 1699100786.7932155 0.342143914974690 0 0.004143317067699137 0.009939148926236149 0.004143317067699137 0.009939148926236149 0.12118360341330253 -0.015071144354572866
3.9453794956207275 0.010168874636292458 -0.0214914089220966 0.12580899894237518 0.020177925005555153 1699100786.8575385 0.344464072004238 0 -0.024471782304391468 0.03169892765181368 -0.024471782304391468 0.03169892765181368 0.11960950622151534 -0.013032175865120788
3.9496560096740723 0.010075485333800316 -0.0214914089220966 0.12580899894237518 0.020177925005555153 1699100786.9170024 0.347936603362494 0 0.0043748904782397275 0.004659999541080922 0.0043748904782397275 0.004659999541080922 0.11986913829954093 -0.012755623715880257
3.9623587131500244 0.009784911759197712 -0.019672156432086623 0.12208683788776398 0.08031900972127914 1699100786.978071 0.345943324292642 0 -0.001897079873085022 0.0010296892863080182 -0.001897079873085022 0.0010296892863080182 0.11975310910995376 -0.012692645864967407
3.9745311737060547 0.009581898339092731 -0.006133675448353895 0.11943480372428894 -0.002205371856689453 1699100787.0419385 0.347270716121749 0 0.02768817178614218 -0.008491698815290463 0.02768817178614218 -0.008491698815290463 0.12152155134489659 -0.013235010270510774
3.982503890991211 0.009531740099191666 -0.006803870252792926 0.11859864741563797 -0.019148418679833412 1699100787.1043227 0.346440905270822 0 0.020145378270384064 -0.08573135309075627 0.020145378270384064 -0.08573135309075627 0.12277701119728626 -0.018577787678404834
3.986654758453369 0.009509200230240822 -0.006290555132646903 0.12022575736045837 -0.0698193907737732 1699100787.1680381 0.347677138837054 0 0.005510515311653124 0.004003124372508741 0.005510515311653124 0.004003124372508741 0.1231291514853966 -0.01832197469356551
3.9946022033691406 0.009462349116802216 -0.006853699794368416 0.11715231835842133 -0.016089847311377525 1699100787.2308996 0.348048924037780 0 -0.014209798124327315 -0.003400871960253045 -0.014209798124327315 -0.003400871960253045 0.12223870146551025 -0.018535088664513047
4.003005504608154 0.009438460692763329 -0.0024151800612806076 0.119321808218956 -0.03935268893837929 1699100787.2932284 0.356146261669295 0 -0.005631734693790494 -0.0342573516118989 -0.005631734693790494 -0.0342573516118989 0.12188676504200477 -0.0206758872746384
4.003005504608154 0.009438460692763329 -0.0024151800612806076 0.119321808218956 -0.03935268893837929 1699100787.3582857 0.358375299972252 0 0.010031380991904319 0.0077368304726753365 0.010031380991904319 0.0077368304726753365 0.12253737516325247 -0.020174095924478084
4.01996374130249 0.009399722330272198 -0.003972887787759953 0.12221445888280869 -0.0824008658528328 1699100787.421193 0.371857063399645 0 -0.02434156938914537 -0.011499455572444658 -0.02434156938914537 -0.011499455572444658 0.12099837868649244 -0.020901149358368124
4.028290748596191 0.009388871490955353 -0.0003246068925964682 0.12506456673145294 0.005048864055424929 1699100787.4841666 0.381364401476945 0 -0.0014657350659370422 0.02011857029702563 -0.0014657350659370422 0.02011857029702563 0.1209062093640242 -0.01963604010608927
4.036921977996826 0.009381435811519623 0.001800298722866456 0.12438394874334335 0.1220124140381813 1699100787.5504937 0.383697513700869 0 -0.023325014695320702 -0.022972443556279084 -0.023325014695320702 -0.022972443556279084 0.1193614312000915 -0.021157468051214448
4.040844917297363 0.009394334629178047 0.0004458427355346949 0.12076812982559204 -0.12370859086513519 1699100787.611859 0.391004919669126 0 0.0038303183831508913 -0.015046172936778016 0.0038303183831508913 -0.015046172936778016 0.11959602439318721 -0.022078991903810054
4.053246974945068 0.009427716955542564 0.0040622950542501925 0.12283127009868622 0.02613137662410736 1699100787.673957 0.387985659029982 0 0.02782296489150635 0.007464157425487399 0.02782296489150635 0.007464157425487399 0.12132369599594497 -0.021615503815002355
4.057448387145996 0.00943910051137209 0.0013563632955314745 0.12004496902227402 -0.07731233537197113 1699100787.7388792 0.381678847036200 0 -0.017411503663653575 -0.023863625596836052 -0.017411503663653575 -0.023863625596836052 0.12019205104216235 -0.023166498605991633
4.057448387145996 0.00943910051137209 0.0013563632955314745 0.12004496902227402 -0.07731233537197113 1699100787.8037114 0.383951198273627 0 0.02027383823453757 0.015425360146356605 0.02027383823453757 0.015425360146356605 0.1215070191628986 -0.022166004441606924
4.073824405670166 0.009522700682282448 0.006933569901644352 0.11836468428373337 0.08392684906721115 1699100787.860736 0.389239816572778 0 -0.001205396282672882 -0.001184386823663631 -0.001205396282672882 -0.001184386823663631 0.12143827315894136 -0.022233552236831534
4.077646255493164 0.009556702338159084 0.008434653039669763 0.11859864741563797 -0.06928443908691406 1699100787.9300098 0.391157201173435 0 0.011109763542623212 -0.0344528646422122 0.011109763542623212 -0.0344528646422122 0.12220879887781762 -0.02462305568521174
4.081797122955322 0.009596746414899826 0.008434653039669763 0.11859864741563797 -0.06928443908691406 1699100787.9921498 0.389975765346307 0 -0.002917896256313483 -0.012120860142922404 -0.002917896256313483 -0.012120860142922404 0.12202781824475342 -0.025374844216830124
4.094122886657715 0.009728040546178818 0.010506987775276791 0.12221445888280869 -0.07973398268222809 1699100788.0544727 0.403901311823393 0 -0.0010318376898765563 -0.0019097300507316653 -0.0010318376898765563 -0.0019097300507316653 0.12196357981061609 -0.025493737012942937
4.094122886657715 0.009728040546178818 0.010506987775276791 0.12221445888280869 -0.07973398268222809 1699100788.185108 0.406186677645192 0 -0.01530527661975186 -0.008923690738070842 -0.01530527661975186 -0.008923690738070842 0.11996420018901785 -0.0266594686657847
4.106827259063721 0.009923097677528858 0.02094972022451742 0.12438394874334335 0.05888257548213005 1699100788.243061 0.418392392939640 0 -0.0014657350659370422 -0.0021315500798064295 -0.0014657350659370422 -0.0021315500798064295 0.11987909866414095 -0.026783227840521385
4.1275248527526855 0.010431443341076374 0.029657602200256105 0.12283127009868622 0.13857027888298035 1699100788.3059297 0.426651708603439 0 -0.0190013968775229 -0.07110109331898594 -0.0190013968775229 -0.07110109331898594 0.11868597081946337 -0.03124777825082578
4.131800174713135 0.010560481809079647 0.030685068498590887 0.12221445888280869 0.02935613878071308 1699100788.3705409 0.422613716956054 0 0.010461674419403644 -0.061463030369054414 0.010461674419403644 -0.061463030369054414 0.11936270778944069 -0.03522365278773849
4.131800174713135 0.010560481809079647 0.030685068498590887 0.12221445888280869 0.02935613878071308 1699100788.4316442 0.424918677355925 0 0.0035785322841930083 -0.011901809021336151 0.0035785322841930083 -0.011901809021336151 0.11958149861633978 -0.03595132727285507
4.135873317718506 0.010683001950383186 0.034748793308975665 0.11715231835842133 0.15120847523212433 1699100788.489002 0.425738600691587 0 -0.0014657350659370422 -0.004241839869911195 -0.0014657350659370422 -0.004241839869911195 0.11949764990008414 -0.0361939856058101
4.148293495178223 0.01111431885510683 0.035280942855299924 0.1164291575551033 -0.048804283142089844 1699100788.5513692 0.414380684230482 0 0.03973749217789703 -0.03255892224911213 0.03973749217789703 -0.03255892224911213 0.12197520812356182 -0.038223973437068536
4.156387805938721 0.011399458162486553 0.03514981170937787 0.12221445888280869 -0.0017915453063324094 1699100788.614343 0.433556895836602 0 0.004958919394263465 -0.01024714293933001 0.004958919394263465 -0.01024714293933001 0.12228810815497809 -0.03887055207501787
4.1683783531188965 0.011807110160589218 0.03279042401052696 0.12283127009868622 -0.021682066842913628 1699100788.6791763 0.439850843302701 0 -0.0460998056996168 -0.005927306690109405 -0.0460998056996168 -0.005927306690109405 0.11930046594203923 -0.039254689739106834
4.180572032928467 0.012192567810416222 0.02952670964278388 0.11985354125499725 -0.06469208002090454 1699100788.7453518 0.436529597212215 0 -0.006182594492736496 0.006889667691625732 -0.006182594492736496 0.006889667691625732 0.11888978068073824 -0.03879703640610294
4.184797286987305 0.012315451167523861 0.02862536781983514 0.12076812982559204 -0.025752613320946693 1699100788.8091812 0.441331930583503 0 0.0222273696947343 0.013526024271358546 0.0222273696947343 0.013526024271358546 0.12030344280084874 -0.037936780405922924
4.184797286987305 0.012315451167523861 0.02862536781983514 0.12076812982559204 -0.025752613320946693 1699100788.8708098 0.443578125772515 0 -0.00871064816443237 0.000732158189504192 -0.00871064816443237 0.000732158189504192 0.11976649539274059 -0.03789164823725324
4.184797286987305 0.012315451167523861 0.02862536781983514 0.12076812982559204 -0.025752613320946693 1699100788.9293735 0.444395463074768 0 -0.0012921755790710448 -0.004230834845919256 -0.0012921755790710448 -0.004230834845919256 0.1196908417471655 -0.03813935302683764
4.184797286987305 0.012315451167523861 0.02862536781983514 0.12076812982559204 -0.025752613320946693 1699100788.9884372 0.445171675060700 0 -0.0012921755790710448 -0.004230834845919256 -0.0012921755790710448 -0.004230834845919256 0.11961440712217335 -0.03838961489534012
4.204711437225342 0.0127554377540946 0.013882278980831787 0.11715231835842133 -0.15969617664813995 1699100789.0472374 0.451881657224966 0 -0.012579184585597604 0.03642859484202398 -0.012579184585597604 0.03642859484202398 0.11886911896302352 -0.036231303265084544
4.216960906982422 0.012884131632745266 0.006362080637325072 0.119321808218956 -0.12672628462314606 1699100789.1109526 0.451583439689562 0 0.03816695249543913 0.049832867100649235 0.03816695249543913 0.049832867100649235 0.12128211651734316 -0.03308076127583425
4.233792304992676 0.012861260212957859 -0.009501218964127083 0.12366078048944473 -0.1548732966184616 1699100789.1756124 0.447565526304908 0 -0.017911080262276783 0.04361381760230316 -0.017911080262276783 0.04361381760230316 0.12012511214039259 -0.030263433838154958
4.241992473602295 0.012775065377354622 -0.013236522106204301 0.1164291575551033 -0.10205677896738052 1699100789.2387013 0.465860251463757 0 -0.035810498750155906 0.09962531349909995 -0.035810498750155906 0.09962531349909995 0.11785154934602247 -0.023938350020437208
4.250369071960449 0.012630371376872063 -0.017913102395900975 0.11715231835842133 0.03158024325966835 1699100789.3020313 0.481700240587149 0 0.05672419815108494 0.02427163060274821 0.05672419815108494 0.02427163060274821 0.12141884249380244 -0.022411946398053446
4.254392623901367 0.012556095607578754 -0.026037335557899385 0.11715231835842133 -0.20101751387119293 1699100789.3645825 0.463363105936084 0 -0.006638735527404623 0.031321029786958415 -0.006638735527404623 0.031321029786958415 0.12100357489060141 -0.020452746650492046
4.262641429901123 0.012358454056084156 -0.024709344196993235 0.11859864741563797 0.037942614406347275 1699100789.4288645 0.469807817252796 0 -0.000858278203010559 0.05296488916126445 -0.000858278203010559 0.05296488916126445 0.12094844627907529 -0.01705072526761928
4.2709150314331055 0.012134913355112076 -0.031038045122188888 0.12004496902227402 -0.14102458953857422 1699100789.4948626 0.474289213940495 0 -0.011991293523929518 -0.006243155159450099 -0.011991293523929518 -0.006243155159450099 0.12015719548524553 -0.017462682615344883
4.274962902069092 0.012009106576442719 -0.031103134757226692 0.11570599675178528 -0.0018596649169921875 1699100789.562591 0.465096284361194 0 -0.011870952670424827 0.04055618406678388 -0.011870952670424827 0.04055618406678388 0.1193523047362591 -0.01471283613917517
4.283311367034912 0.011742639355361462 -0.03598618646478802 0.12208683788776398 0.0033764278050512075 1699100789.627087 0.484565656467083 0 0.03298054132884079 0.0030475600012810715 0.03298054132884079 0.0030475600012810715 0.12147766557262107 -0.014516442617049385
4.291557788848877 0.01144864410161972 -0.034468053868311394 0.1205979734659195 0.04465088993310928 1699100789.691483 0.488943643452182 0 -0.05098802743950913 0.03550881368456063 -0.05098802743950913 0.03550881368456063 0.11819383210412794 -0.012229532597982965
4.303976535797119 0.010977732948958874 -0.03690755568417199 0.12221445888280869 0.09150845557451248 1699100789.7552655 0.489609904439169 0 0.0032878061800620537 0.01724425208484961 0.0032878061800620537 0.01724425208484961 0.11840361562032822 -0.011129236644242894
4.303976535797119 0.010977732948958874 -0.03690755568417199 0.12221445888280869 0.09150845557451248 1699100789.8221972 0.504008771060950 0 -0.00686209969052384 -0.0019454040703901455 -0.00686209969052384 -0.0019454040703901455 0.11794382445814118 -0.01125958735886211
4.316672325134277 0.010460570454597473 -0.041934728441175066 0.11715231835842133 -0.043954167515039444 1699100789.8865392 0.497568525570983 0 -0.0014657350659370422 0.002471067948360481 -0.0014657350659370422 0.002471067948360481 0.1178488762419055 -0.011099515119788001
4.324865818023682 0.01011306419968605 -0.045286774297260766 0.11715231835842133 -0.09577274322509766 1699100789.9569738 0.487943093336516 0 0.035147956110515424 0.03599206019058198 0.035147956110515424 0.03599206019058198 0.12031961355127181 -0.008569441232298875
4.3289875984191895 0.009932385757565498 -0.042329192056621896 0.12134240567684174 0.08698771893978119 1699100790.0207484 0.510623321300828 0 -0.000858278203010559 0.025823106675324496 -0.000858278203010559 0.025823106675324496 0.12026523879471182 -0.006933462205722058
4.33692741394043 0.009581116028130054 -0.04764437456303217 0.11425966769456863 -0.12063639611005783 1699100790.087708 0.484332681465263 0 -0.03262621022283549 -0.013327256393117574 -0.03262621022283549 -0.013327256393117574 0.11807898998194354 -0.007826507958443857
4.345094203948975 0.009208232164382935 -0.044651864631448455 0.11498283594846725 0.012288774363696575 1699100790.1545634 0.492962900603307 0 0.052476397488969026 0.03784683233051814 0.052476397488969026 0.03784683233051814 0.12158619611123286 -0.005297053790945387
4.353235721588135 0.008830495178699493 -0.042967917274152806 0.12004496902227402 0.07167883962392807 1699100790.2187061 0.522004975272819 0 -0.006222703876947496 -0.012600641724875279 -0.006222703876947496 -0.012600641724875279 0.12118617379503127 -0.006107077534335153
4.361454010009766 0.008468619547784328 -0.04459226046459269 0.11836468428373337 -0.04777487739920616 1699100790.2846363 0.508603187048724 0 -0.03968235591037352 -0.0030966549330317616 -0.03968235591037352 -0.0030966549330317616 0.11857581465745722 -0.0063107796915006795
