0 0 0 0 0 1699012560.9284475 -0.0185283802947211 0 15.070097069381895 0.0 15.070097069381895 0.0 0.20504821710586546 0.0
0 0 0 0 0 1699012561.0751603 -0.00135499633398745 0 0.0132 0.0 0.0132 0.0 0.20697976837158202 0.0
0 0 0 0 0 1699012561.1339672 -0.00135745786159913 0 0.0132 0.0 0.0132 0.0 0.20775702648162842 0.0
0 0 0 0 0 1699012561.1916413 -0.00135845089132580 0 0.0132 0.0 0.0132 0.0 0.20851765518188475 0.0
0 0 0 0 0 1699012561.2498424 -0.00135942407352627 0 0.0132 0.0 0.0132 0.0 0.20928657341003418 0.0
0 0 0 0 0 1699012561.3078043 -0.00136040927065423 0 0.0132 0.0 0.0132 0.0 0.21005067653656007 0.0
0 0 0 0 0 1699012561.3649535 -0.00136138970463079 0 0.0132 0.0 0.0132 0.0 0.21080499210357667 0.0
0 0 0 0 0 1699012561.4260845 -0.00136235895807432 0 0.0132 0.0 0.0132 0.0 0.21161194334030153 0.0
0 0 0 0 0 1699012561.4847748 -0.00136339736455948 0 0.0132 0.0 0.0132 0.0 0.21238666486740115 0.0
0 0 0 0 0 1699012561.5426898 -0.00136439577777836 0 0.0132 0.0 0.0132 0.0 0.21315114564895632 0.0
0 0 0 0 0 1699012561.6003911 -0.00136538241848844 0 0.0132 0.0 0.0132 0.0 0.21391279401779176 0.0
0 0 0 0 0 1699012561.658569 -0.00136636681453470 0 0.0132 0.0 0.0132 0.0 0.2146813503265381 0.0
0 0 0 0 0 1699012561.7170773 -0.00136736156933345 0 0.0132 0.0 0.0132 0.0 0.21545305061340334 0.0
0 0 0 0 0 1699012561.7728355 -0.00136836184242667 0 0.0132 0.0 0.0132 0.0 0.21618906564712526 0.0
0 0 0 0 0 1699012561.829543 -0.00136931721622671 0 0.0132 0.0 0.0132 0.0 0.21693760623931885 0.0
0 0 0 0 0 1699012561.887602 -0.00137029020915599 0 0.0132 0.0 0.0132 0.0 0.21770395011901855 0.0
0 0 0 0 0 1699012561.942955 -0.00137128776810422 0 0.0132 0.0 0.0132 0.0 0.21843463706970215 0.0
0 0 0 0 0 1699012561.9966433 -0.00137224025694485 0 0.0132 0.0 0.0132 0.0 0.21914330987930297 0.0
0 0 0 0 0 1699012562.0527012 -0.00137316530599507 0 0.0132 0.0 0.0132 0.0 0.21988353576660155 0.0
0 0 0 0 0 1699012562.110515 -0.00137413286629526 0 0.0132 0.0 0.0132 0.0 0.22064797248840332 0.0
0 0 0 0 0 1699012562.167527 -0.00137513349606988 0 0.0132 0.0 0.0132 0.0 0.2213994556427002 0.0
0 0 0 0 0 1699012562.2240055 -0.00137611858244030 0 0.0132 0.0 0.0132 0.0 0.22214449348449708 0.0
0 0 0 0 0 1699012562.281926 -0.00137709660538959 0 0.0132 0.0 0.0132 0.0 0.22290922918319703 0.0
0 0 0 0 0 1699012562.3381283 -0.00137810192380192 0 0.0132 0.0 0.0132 0.0 0.22365091533660889 0.0
0 0 0 0 0 1699012562.395849 -0.00137907833571127 0 0.0132 0.0 0.0132 0.0 0.22441319942474366 0.0
0 0 0 0 0 1699012562.4528897 -0.00138008329813114 0 0.0132 0.0 0.0132 0.0 0.22516611137390138 0.0
