0 0 0 0 0 1699096754.1752646 -0.0185283802947211 0 14.79796703198103 0.0 14.79796703198103 0.0 0.20504910459518433 0.0
0 0 0 0 0 1699096754.3170586 -0.00135499746294848 0 0.0132 0.0 0.0132 0.0 0.20691630659103394 0.0
0 0 0 0 0 1699096754.3721402 -0.00135737684612114 0 0.0132 0.0 0.0132 0.0 0.20764276065826417 0.0
0 0 0 0 0 1699096754.425188 -0.00135830481412491 0 0.0132 0.0 0.0132 0.0 0.20834369153976443 0.0
0 0 0 0 0 1699096754.4811275 -0.00135920137454748 0 0.0132 0.0 0.0132 0.0 0.20908201656341555 0.0
0 0 0 0 0 1699096754.5356643 -0.00136014703822968 0 0.0132 0.0 0.0132 0.0 0.2098012637138367 0.0
0 0 0 0 0 1699096754.5879593 -0.00136106952440795 0 0.0132 0.0 0.0132 0.0 0.21049764699935916 0.0
0 0 0 0 0 1699096754.6426835 -0.00136196387128157 0 0.0132 0.0 0.0132 0.0 0.2112139578819275 0.0
0 0 0 0 0 1699096754.6991546 -0.00136288502972837 0 0.0132 0.0 0.0132 0.0 0.21196003112792972 0.0
0 0 0 0 0 1699096754.757191 -0.00136384577892643 0 0.0132 0.0 0.0132 0.0 0.2127277849197388 0.0
0 0 0 0 0 1699096754.8134859 -0.00136483585303440 0 0.0132 0.0 0.0132 0.0 0.2134685458183289 0.0
0 0 0 0 0 1699096754.8684661 -0.00136579247252044 0 0.0132 0.0 0.0132 0.0 0.2141946851730347 0.0
0 0 0 0 0 1699096754.9235668 -0.00136673150375399 0 0.0132 0.0 0.0132 0.0 0.21492236976623538 0.0
0 0 0 0 0 1699096754.9776878 -0.00136767382115427 0 0.0132 0.0 0.0132 0.0 0.21563601503372196 0.0
0 0 0 0 0 1699096755.029497 -0.00136859921304597 0 0.0132 0.0 0.0132 0.0 0.21632025671005253 0.0
0 0 0 0 0 1699096755.0853012 -0.00136948764611886 0 0.0132 0.0 0.0132 0.0 0.21705649833679203 0.0
0 0 0 0 0 1699096755.140079 -0.00137044487789204 0 0.0132 0.0 0.0132 0.0 0.2177797549247742 0.0
0 0 0 0 0 1699096755.194314 -0.00137138652256547 0 0.0132 0.0 0.0132 0.0 0.2184961193084717 0.0
0 0 0 0 0 1699096755.246985 -0.00137232046224667 0 0.0132 0.0 0.0132 0.0 0.21919071817398075 0.0
0 0 0 0 0 1699096755.3017225 -0.00137322723350211 0 0.0132 0.0 0.0132 0.0 0.21991369781494144 0.0
0 0 0 0 0 1699096755.3541968 -0.00137417232028830 0 0.0132 0.0 0.0132 0.0 0.22060639896392825 0.0
0 0 0 0 0 1699096755.4733136 -0.00137507904006534 0 0.0132 0.0 0.0132 0.0 0.22217826213836672 0.0
0 0 0 0 0 1699096755.5285363 -0.00137714096676236 0 0.0132 0.0 0.0132 0.0 0.2229079860687256 0.0
0 0 0 0 0 1699096755.5806088 -0.00137810028842511 0 0.0132 0.0 0.0132 0.0 0.223594739151001 0.0
0 0 0 0 0 1699096755.633784 -0.00137900433299498 0 0.0132 0.0 0.0132 0.0 0.22429666137695314 0.0
0 0 0 0 0 1699096755.6875522 -0.00137992956515984 0 0.0132 0.0 0.0132 0.0 0.2250072539329529 0.0
0 0 0 0 0 1699096755.7429674 -0.00138086748366831 0 0.0132 0.0 0.0132 0.0 0.22573853254318238 0.0
0 0 0 0 0 1699096755.796602 -0.00138183402976341 0 0.0132 0.0 0.0132 0.0 0.22644606924057006 0.0
0 0 0 0 0 1699096755.8505752 -0.00138277047646360 0 0.0132 0.0 0.0132 0.0 0.2271587074279785 0.0
0 0 0 0 0 1699096755.9051373 -0.00138371495107339 0 0.0132 0.0 0.0132 0.0 0.22788164300918579 0.0
0 0 0 0 0 1699096755.9599714 -0.00138467438412856 0 0.0132 0.0 0.0132 0.0 0.22860358409881593 0.0
0 0 0 0 0 1699096756.0127335 -0.00138563381785720 0 0.0132 0.0 0.0132 0.0 0.22929913024902346 0.0
0 0 0 0 0 1699096756.0668216 -0.00138655942432847 0 0.0132 0.0 0.0132 0.0 0.23001337032318117 0.0
0 0 0 0 0 1699096756.1221192 -0.00138751118788505 0 0.0132 0.0 0.0132 0.0 0.23074282674789431 0.0
0 0 0 0 0 1699096756.1751256 -0.00138848456943494 0 0.0132 0.0 0.0132 0.0 0.23144217462539676 0.0
0 0 0 0 0 1699096756.2305555 -0.00138941904972500 0 0.0132 0.0 0.0132 0.0 0.23217488517761234 0.0
0 0 0 0 0 1699096756.2838557 -0.00139039945182443 0 0.0132 0.0 0.0132 0.0 0.2328799230575562 0.0
0 0 0 0 0 1699096756.336798 -0.00139134412571393 0 0.0132 0.0 0.0132 0.0 0.23357845268249516 0.0
0 0 0 0 0 1699096756.391708 -0.00139228133840733 0 0.0132 0.0 0.0132 0.0 0.23430108299255376 0.0
0 0 0 0 0 1699096756.4457796 -0.00139325220846620 0 0.0132 0.0 0.0132 0.0 0.2350188037872315 0.0
0 0 0 0 0 1699096756.5011046 -0.00139421781560647 0 0.0132 0.0 0.0132 0.0 0.23574585895538336 0.0
0 0 0 0 0 1699096756.5565488 -0.00139519733847426 0 0.0132 0.0 0.0132 0.0 0.23647698335647588 0.0
0 0 0 0 0 1699096756.6217651 -0.00139618372421244 0 0.0132 0.0 0.0132 0.0 0.23733901872634894 0.0
0 0 0 0 0 1699096756.6773243 -0.00139734850904780 0 0.0132 0.0 0.0132 0.0 0.23807143344879156 0.0
0 0 0 0 0 1699096756.7321675 -0.00139833966916961 0 0.0132 0.0 0.0132 0.0 0.23879612197875982 0.0
0 0 0 0 0 1699096756.7878015 -0.00139932175030025 0 0.0132 0.0 0.0132 0.0 0.23952983961105354 0.0
0 0 0 0 0 1699096756.8414578 -0.00140031746551308 0 0.0132 0.0 0.0132 0.0 0.24023778228759773 0.0
0 0 0 0 0 1699096756.8960593 -0.00140127953824298 0 0.0132 0.0 0.0132 0.0 0.24095904359817513 0.0
0 0 0 0 0 1699096756.950505 -0.00140226106305913 0 0.0132 0.0 0.0132 0.0 0.2416784638404847 0.0
0 0 0 0 0 1699096757.005573 -0.00140324144515205 0 0.0132 0.0 0.0132 0.0 0.2424046378135682 0.0
0 0 0 0 0 1699096757.0590892 -0.00140423241389456 0 0.0132 0.0 0.0132 0.0 0.24311154193878182 0.0
0 0 0 0 0 1699096757.11344 -0.00140519842367437 0 0.0132 0.0 0.0132 0.0 0.24382831230163582 0.0
0 0 0 0 0 1699096757.168408 -0.00140617926612430 0 0.0132 0.0 0.0132 0.0 0.24455470027923593 0.0
0 0 0 0 0 1699096757.223634 -0.00140717465935478 0 0.0132 0.0 0.0132 0.0 0.245283111858368 0.0
0 0 0 0 0 1699096757.2794707 -0.00140817423353287 0 0.0132 0.0 0.0132 0.0 0.2460199640274049 0.0
0 0 0 0 0 1699096757.3329332 -0.00140918682801033 0 0.0132 0.0 0.0132 0.0 0.2467254928588868 0.0
0 0 0 0 0 1699096757.385531 -0.00141015773527192 0 0.0132 0.0 0.0132 0.0 0.2474199595451356 0.0
0 0 0 0 0 1699096757.4401975 -0.00141111471943872 0 0.0132 0.0 0.0132 0.0 0.24814174013137827 0.0
0 0 0 0 0 1699096757.4953341 -0.00141211071214489 0 0.0132 0.0 0.0132 0.0 0.24887003526687632 0.0
0 0 0 0 0 1699096757.550827 -0.00141311711231747 0 0.0132 0.0 0.0132 0.0 0.24960183000564584 0.0
0 0 0 0 0 1699096757.6046371 -0.00141412978613320 0 0.0132 0.0 0.0132 0.0 0.2503117616653443 0.0
0 0 0 0 0 1699096757.6583006 -0.00141511358545966 0 0.0132 0.0 0.0132 0.0 0.25102036209106454 0.0
0 0 0 0 0 1699096757.712615 -0.00141609689824153 0 0.0132 0.0 0.0132 0.0 0.25173783111572273 0.0
0 0 0 0 0 1699096757.7688859 -0.00141709390326744 0 0.0132 0.0 0.0132 0.0 0.2524803418159486 0.0
0 0 0 0 0 1699096757.8224568 -0.00141812717757381 0 0.0132 0.0 0.0132 0.0 0.253186959552765 0.0
0 0 0 0 0 1699096757.8777661 -0.00141911189586783 0 0.0132 0.0 0.0132 0.0 0.2539224395751954 0.0
0 0 0 0 0 1699096757.9462035 -0.00142013828106176 0 0.0132 0.0 0.0132 0.0 0.2548209910392762 0.0
0 0 0 0 0 1699096758.0014327 -0.00142139424303542 0 0.0132 0.0 0.0132 0.0 0.25554945611953744 0.0
0 0 0 0 0 1699096758.0544462 -0.00142241408724508 0 0.0132 0.0 0.0132 0.0 0.25624955301284796 0.0
0 0 0 0 0 1699096758.1083746 -0.00142339558868083 0 0.0132 0.0 0.0132 0.0 0.2569638434410096 0.0
0 0 0 0 0 1699096758.1636996 -0.00142439837803572 0 0.0132 0.0 0.0132 0.0 0.25769181756973275 0.0
0 0 0 0 0 1699096758.2176764 -0.00142542182473766 0 0.0132 0.0 0.0132 0.0 0.2584045061111451 0.0
0 0 0 0 0 1699096758.2725646 -0.00142642519960359 0 0.0132 0.0 0.0132 0.0 0.25913192949295055 0.0
0 0 0 0 0 1699096758.3255048 -0.00142745076903218 0 0.0132 0.0 0.0132 0.0 0.259827796649933 0.0
0 0 0 0 0 1699096758.3784728 -0.00142843322200088 0 0.0132 0.0 0.0132 0.0 0.26052682352066053 0.0
0 0 0 0 0 1699096758.4346929 -0.00142942149111504 0 0.0132 0.0 0.0132 0.0 0.26127072525024425 0.0
0 0 0 0 0 1699096758.488202 -0.00143047469829062 0 0.0132 0.0 0.0132 0.0 0.2619749669075013 0.0
0 0 0 0 0 1699096758.541656 -0.00143147317860197 0 0.0132 0.0 0.0132 0.0 0.2626807317733766 0.0
0 0 0 0 0 1699096758.5941062 -0.00143247521040625 0 0.0132 0.0 0.0132 0.0 0.2633728821754457 0.0
0 0 0 0 0 1699096758.6478863 -0.00143345926879263 0 0.0132 0.0 0.0132 0.0 0.26408281383514415 0.0
0 0 0 0 0 1699096758.7009554 -0.00143447000556865 0 0.0132 0.0 0.0132 0.0 0.2647836723327638 0.0
0 0 0 0 0 1699096758.7542708 -0.00143546921645513 0 0.0132 0.0 0.0132 0.0 0.26548688173294077 0.0
0 0 0 0 0 1699096758.8092208 -0.00143647317161352 0 0.0132 0.0 0.0132 0.0 0.2662129738807679 0.0
0 0 0 0 0 1699096758.8637395 -0.00143751126278495 0 0.0132 0.0 0.0132 0.0 0.2669337001800538 0.0
0 0 0 0 0 1699096758.916822 -0.00143854315945037 0 0.0132 0.0 0.0132 0.0 0.26763255710601813 0.0
0 0 0 0 0 1699096758.9700344 -0.00143954515299466 0 0.0132 0.0 0.0132 0.0 0.26833600883483893 0.0
0 0 0 0 0 1699096759.0236843 -0.00144055513762006 0 0.0132 0.0 0.0132 0.0 0.2690434511184693 0.0
0 0 0 0 0 1699096759.0762746 -0.00144157227453233 0 0.0132 0.0 0.0132 0.0 0.2697377163887024 0.0
0 0 0 0 0 1699096759.1277792 -0.00144257185612646 0 0.0132 0.0 0.0132 0.0 0.2704261594772339 0.0
0 0 0 0 0 1699096759.19364 -0.00144356441777695 0 0.0132 0.0 0.0132 0.0 0.27128763780593873 0.0
0 0 0 0 0 1699096759.246965 -0.00144480836833703 0 0.0132 0.0 0.0132 0.0 0.2719904475212097 0.0
0 0 0 0 0 1699096759.3018486 -0.00144582478673275 0 0.0132 0.0 0.0132 0.0 0.27271559867858886 0.0
0 0 0 0 0 1699096759.3551779 -0.00144687500818491 0 0.0132 0.0 0.0132 0.0 0.27342187967300413 0.0
0 0 0 0 0 1699096759.409282 -0.00144789936057468 0 0.0132 0.0 0.0132 0.0 0.2741331866264343 0.0
0 0 0 0 0 1699096759.4603996 -0.00144893246185497 0 0.0132 0.0 0.0132 0.0 0.27480856914520263 0.0
0 0 0 0 0 1699096759.514099 -0.00144991474497402 0 0.0132 0.0 0.0132 0.0 0.27551732378005983 0.0
0 0 0 0 0 1699096759.5665722 -0.00145094699077238 0 0.0132 0.0 0.0132 0.0 0.2762117149353028 0.0
0 0 0 0 0 1699096759.6197577 -0.00145195973647276 0 0.0132 0.0 0.0132 0.0 0.27691204156875615 0.0
0 0 0 0 0 1699096759.6727533 -0.00145298256460102 0 0.0132 0.0 0.0132 0.0 0.2776108386993409 0.0
0 0 0 0 0 1699096759.7257006 -0.00145400458901566 0 0.0132 0.0 0.0132 0.0 0.27831019601821905 0.0
0 0 0 0 0 1699096759.780133 -0.00145502886604219 0 0.0132 0.0 0.0132 0.0 0.27902891445159916 0.0
0 0 0 0 0 1699096759.8341832 -0.00145608299647898 0 0.0132 0.0 0.0132 0.0 0.2797417162895203 0.0
0 0 0 0 0 1699096759.8884275 -0.00145712995130723 0 0.0132 0.0 0.0132 0.0 0.28045872898101815 0.0
0 0 0 0 0 1699096759.9414687 -0.00145818460348562 0 0.0132 0.0 0.0132 0.0 0.281160248374939 0.0
0 0 0 0 0 1699096759.9957924 -0.00145921793791581 0 0.0132 0.0 0.0132 0.0 0.2818755553245545 0.0
0 0 0 0 0 1699096760.0481546 -0.00146027308299801 0 0.0132 0.0 0.0132 0.0 0.2825664626121521 0.0
0 0 0 0 0 1699096760.1020865 -0.00146129367892320 0 0.0132 0.0 0.0132 0.0 0.2832786759376526 0.0
0 0 0 0 0 1699096760.1566484 -0.00146234723479167 0 0.0132 0.0 0.0132 0.0 0.28399873819351196 0.0
0 0 0 0 0 1699096760.209922 -0.00146341393932500 0 0.0132 0.0 0.0132 0.0 0.2847016580581665 0.0
0 0 0 0 0 1699096760.2634788 -0.00146445674387165 0 0.0132 0.0 0.0132 0.0 0.285409166431427 0.0
0 0 0 0 0 1699096760.3174849 -0.00146550785018680 0 0.0132 0.0 0.0132 0.0 0.286121760559082 0.0
0 0 0 0 0 1699096760.3703353 -0.00146656803103411 0 0.0132 0.0 0.0132 0.0 0.2868193082809448 0.0
0 0 0 0 0 1699096760.4255161 -0.00146760730577851 0 0.0132 0.0 0.0132 0.0 0.2875487804412842 0.0
0 0 0 0 0 1699096760.4888785 -0.00146869571390425 0 0.0132 0.0 0.0132 0.0 0.2883845656394958 0.0
0 0 0 0 0 1699096760.5425317 -0.00146994472292984 0 0.0132 0.0 0.0132 0.0 0.2890937577247619 0.0
0 0 0 0 0 1699096760.5943317 -0.00147100620881022 0 0.0132 0.0 0.0132 0.0 0.2897756673812866 0.0
0 0 0 0 0 1699096760.6470788 -0.00147202829949757 0 0.0132 0.0 0.0132 0.0 0.29047221746444696 0.0
0 0 0 0 0 1699096760.7008157 -0.00147307379475013 0 0.0132 0.0 0.0132 0.0 0.2911816267013549 0.0
0 0 0 0 0 1699096760.755893 -0.00147414011151914 0 0.0132 0.0 0.0132 0.0 0.2919104033470153 0.0
0 0 0 0 0 1699096760.8082588 -0.00147523714075572 0 0.0132 0.0 0.0132 0.0 0.2925995262145995 0.0
0 0 0 0 0 1699096760.8629217 -0.00147627597504732 0 0.0132 0.0 0.0132 0.0 0.2933214735984801 0.0
0 0 0 0 0 1699096760.9171598 -0.00147736585452929 0 0.0132 0.0 0.0132 0.0 0.2940370102882384 0.0
0 0 0 0 0 1699096760.9700735 -0.00147844763785231 0 0.0132 0.0 0.0132 0.0 0.29473564376831046 0.0
0 0 0 0 0 1699096761.0228043 -0.00147950538866709 0 0.0132 0.0 0.0132 0.0 0.29543203649520866 0.0
0 0 0 0 0 1699096761.074683 -0.00148056124732340 0 0.0132 0.0 0.0132 0.0 0.2961177730560302 0.0
0 0 0 0 0 1699096761.1279953 -0.00148160241620081 0 0.0132 0.0 0.0132 0.0 0.2968203467369079 0.0
0 0 0 0 0 1699096761.181509 -0.00148267066213856 0 0.0132 0.0 0.0132 0.0 0.2975267567634582 0.0
0 0 0 0 0 1699096761.2356458 -0.00148374628827662 0 0.0132 0.0 0.0132 0.0 0.2982428001403808 0.0
0 0 0 0 0 1699096761.2892618 -0.00148483816947068 0 0.0132 0.0 0.0132 0.0 0.29894902763366693 0.0
0 0 0 0 0 1699096761.3429835 -0.00148591665077355 0 0.0132 0.0 0.0132 0.0 0.2996583802223205 0.0
0 0 0 0 0 1699096761.3967166 -0.00148700147555775 0 0.0132 0.0 0.0132 0.0 0.30036945743560783 0.0
0 0 0 0 0 1699096761.450509 -0.00148809052166593 0 0.0132 0.0 0.0132 0.0 0.30107907123565664 0.0
0 0 0 0 0 1699096761.505436 -0.00148917891082784 0 0.0132 0.0 0.0132 0.0 0.30180260791778557 0.0
0 0 0 0 0 1699096761.558621 -0.00149029028778266 0 0.0132 0.0 0.0132 0.0 0.3025047504425048 0.0
0 0 0 0 0 1699096761.610351 -0.00149137038271183 0 0.0132 0.0 0.0132 0.0 0.30318848543167104 0.0
0 0 0 0 0 1699096761.6641407 -0.00149242366062714 0 0.0132 0.0 0.0132 0.0 0.30389869403839104 0.0
0 0 0 0 0 1699096761.719713 -0.00149351929005240 0 0.0132 0.0 0.0132 0.0 0.3046547845840453 0.0
0 0 0 0 0 1699096761.7840557 -0.00149468746249946 0 0.0132 0.0 0.0132 0.0 0.305480502128601 0.0
0 0 0 0 0 1699096761.8364592 -0.00149596529007946 0 0.0132 0.0 0.0132 0.0 0.3061749247550964 0.0
0 0 0 0 0 1699096761.8916276 -0.00149704161931054 0 0.0132 0.0 0.0132 0.0 0.3069001105308532 0.0
0 0 0 0 0 1699096761.9458315 -0.00149816727763795 0 0.0132 0.0 0.0132 0.0 0.30761578569412223 0.0
0 0 0 0 0 1699096761.9993901 -0.00149927982702344 0 0.0132 0.0 0.0132 0.0 0.3083245749473571 0.0
0 0 0 0 0 1699096762.0547545 -0.00150038329478162 0 0.0132 0.0 0.0132 0.0 0.309053345298767 0.0
0 0 0 0 0 1699096762.1073108 -0.00150151955750391 0 0.0132 0.0 0.0132 0.0 0.3097472360610961 0.0
0 0 0 0 0 1699096762.158484 -0.00150260303149487 0 0.0132 0.0 0.0132 0.0 0.3104233581542968 0.0
0 0 0 0 0 1699096762.213753 -0.00150366025943256 0 0.0132 0.0 0.0132 0.0 0.31115304117202747 0.0
0 0 0 0 0 1699096762.2674408 -0.00150480290209078 0 0.0132 0.0 0.0132 0.0 0.3118614150047301 0.0
0 0 0 0 0 1699096762.3210099 -0.00150591383129808 0 0.0132 0.0 0.0132 0.0 0.3125682624816893 0.0
0 0 0 0 0 1699096762.3733525 -0.00150702399613398 0 0.0132 0.0 0.0132 0.0 0.313259144592285 0.0
0 0 0 0 0 1699096762.4267704 -0.00150811066235025 0 0.0132 0.0 0.0132 0.0 0.3139649944305418 0.0
0 0 0 0 0 1699096762.4808228 -0.00150922248373311 0 0.0132 0.0 0.0132 0.0 0.314677912712097 0.0
0 0 0 0 0 1699096762.534761 -0.00151034709741624 0 0.0132 0.0 0.0132 0.0 0.31539169015884383 0.0
0 0 0 0 0 1699096762.5885925 -0.00151147473984684 0 0.0132 0.0 0.0132 0.0 0.3161002685546873 0.0
0 0 0 0 0 1699096762.6429293 -0.00151259582859582 0 0.0132 0.0 0.0132 0.0 0.31681718368530254 0.0
0 0 0 0 0 1699096762.7011807 -0.00151373179436193 0 0.0132 0.0 0.0132 0.0 0.3175879020690916 0.0
0 0 0 0 0 1699096762.7547398 -0.00151495490935596 0 0.0132 0.0 0.0132 0.0 0.3182945921897886 0.0
0 0 0 0 0 1699096762.8077567 -0.00151607814413326 0 0.0132 0.0 0.0132 0.0 0.318993024253845 0.0
0 0 0 0 0 1699096762.8612182 -0.00151718988446094 0 0.0132 0.0 0.0132 0.0 0.31969888038635236 0.0
0 0 0 0 0 1699096762.916464 -0.00151831509334881 0 0.0132 0.0 0.0132 0.0 0.32042828960418684 0.0
0 0 0 0 0 1699096762.9692926 -0.00151947959617138 0 0.0132 0.0 0.0132 0.0 0.32112517642974836 0.0
0 0 0 0 0 1699096763.0226867 -0.00152059384015675 0 0.0132 0.0 0.0132 0.0 0.3218299782752989 0.0
0 0 0 0 0 1699096763.0881848 -0.00152172239616935 0 0.0132 0.0 0.0132 0.0 0.322696964073181 0.0
0 0 0 0 0 1699096763.14396 -0.00152311293825817 0 0.0132 0.0 0.0132 0.0 0.323430930328369 0.0
0 0 0 0 0 1699096763.197782 -0.00152429211299741 0 0.0132 0.0 0.0132 0.0 0.32414123964309677 0.0
0 0 0 0 0 1699096763.2503169 -0.00152543501403096 0 0.0132 0.0 0.0132 0.0 0.3248346898078917 0.0
0 0 0 0 0 1699096763.3036826 -0.00152655243654062 0 0.0132 0.0 0.0132 0.0 0.32553946962356556 0.0
0 0 0 0 0 1699096763.3581197 -0.00152768978782426 0 0.0132 0.0 0.0132 0.0 0.32625850591659533 0.0
0 0 0 0 0 1699096763.4109294 -0.00152885188693150 0 0.0132 0.0 0.0132 0.0 0.3269553581237792 0.0
0 0 0 0 0 1699096763.4643087 -0.00152997981418304 0 0.0132 0.0 0.0132 0.0 0.3276597067832946 0.0
0 0 0 0 0 1699096763.5205765 -0.00153112156130292 0 0.0132 0.0 0.0132 0.0 0.3284039484024047 0.0
0 0 0 0 0 1699096763.5735521 -0.00153232982083373 0 0.0132 0.0 0.0132 0.0 0.32910139856338494 0.0
0 0 0 0 0 1699096763.6250248 -0.00153346384115598 0 0.0132 0.0 0.0132 0.0 0.3297812625885009 0.0
0 0 0 0 0 1699096763.680805 -0.00153457087794459 0 0.0132 0.0 0.0132 0.0 0.3305196851730346 0.0
0 0 0 0 0 1699096763.733843 -0.00153577507236999 0 0.0132 0.0 0.0132 0.0 0.33121723918914786 0.0
0 0 0 0 0 1699096763.7864497 -0.00153691435048031 0 0.0132 0.0 0.0132 0.0 0.3319126783370971 0.0
0 0 0 0 0 1699096763.8400116 -0.00153805185215576 0 0.0132 0.0 0.0132 0.0 0.33262184209823603 0.0
0 0 0 0 0 1699096763.8947053 -0.00153921353153542 0 0.0132 0.0 0.0132 0.0 0.3333406203269958 0.0
0 0 0 0 0 1699096763.94624 -0.00154039274586215 0 0.0132 0.0 0.0132 0.0 0.33402135925292964 0.0
0 0 0 0 0 1699096764.001473 -0.00154151121470615 0 0.0132 0.0 0.0132 0.0 0.33475150489807126 0.0
0 0 0 0 0 1699096764.0546045 -0.00154271266008757 0 0.0132 0.0 0.0132 0.0 0.33545174655914306 0.0
0 0 0 0 0 1699096764.1083775 -0.00154386665316344 0 0.0132 0.0 0.0132 0.0 0.33616356019973753 0.0
0 0 0 0 0 1699096764.1605709 -0.00154504148127789 0 0.0132 0.0 0.0132 0.0 0.3368508199691772 0.0
0 0 0 0 0 1699096764.2155058 -0.00154617747570548 0 0.0132 0.0 0.0132 0.0 0.3375754172325134 0.0
0 0 0 0 0 1699096764.2700434 -0.00154737699060606 0 0.0132 0.0 0.0132 0.0 0.3382955613136291 0.0
0 0 0 0 0 1699096764.3221197 -0.00154857097258024 0 0.0132 0.0 0.0132 0.0 0.3389824780464172 0.0
0 0 0 0 0 1699096764.3755589 -0.00154971157668371 0 0.0132 0.0 0.0132 0.0 0.33969038295745846 0.0
0 0 0 0 0 1699096764.4415264 -0.00155088878425642 0 0.0132 0.0 0.0132 0.0 0.3405606449127197 0.0
0 0 0 0 0 1699096764.4940612 -0.00155233842742879 0 0.0132 0.0 0.0132 0.0 0.34125249319076534 0.0
0 0 0 0 0 1699096764.5469565 -0.00155349280551335 0 0.0132 0.0 0.0132 0.0 0.3419503524780273 0.0
0 0 0 0 0 1699096764.6034396 -0.00155465894790266 0 0.0132 0.0 0.0132 0.0 0.34269625892639155 0.0
0 0 0 0 0 1699096764.6582572 -0.00155590730912350 0 0.0132 0.0 0.0132 0.0 0.343419506072998 0.0
0 0 0 0 0 1699096764.717882 -0.00155711965677995 0 0.0132 0.0 0.0132 0.0 0.34420703639984124 0.0
0 0 0 0 0 1699096764.7737393 -0.00155844190278041 0 0.0132 0.0 0.0132 0.0 0.3449453740119933 0.0
0 0 0 0 0 1699096764.825032 -0.00155968358969041 0 0.0132 0.0 0.0132 0.0 0.3456209201812743 0.0
0 0 0 0 0 1699096764.8778644 -0.00156082140702803 0 0.0132 0.0 0.0132 0.0 0.3463186409950256 0.0
0 0 0 0 0 1699096764.9316716 -0.00156199831126450 0 0.0132 0.0 0.0132 0.0 0.34702895030975334 0.0
0 0 0 0 0 1699096764.9880466 -0.00156319826815915 0 0.0132 0.0 0.0132 0.0 0.3479001501083373 0.0
0 0 0 0 0 1699096765.052833 -0.00156467253597101 0 0.0132 0.0 0.0132 0.0 0.3486285270690917 0.0
0 0 0 0 0 1699096765.107039 -0.00156590724423022 0 0.0132 0.0 0.0132 0.0 0.3493434248924254 0.0
0 0 0 0 0 1699096765.1616533 -0.00156712099359145 0 0.0132 0.0 0.0132 0.0 0.3500646641731261 0.0
0 0 0 0 0 1699096765.2151778 -0.00156834741151565 0 0.0132 0.0 0.0132 0.0 0.3507712535858153 0.0
0 0 0 0 0 1699096765.2691853 -0.00156955077533026 0 0.0132 0.0 0.0132 0.0 0.3514837375640868 0.0
0 0 0 0 0 1699096765.3204515 -0.00157076604328261 0 0.0132 0.0 0.0132 0.0 0.3521631767272948 0.0
0 0 0 0 0 1699096765.3745804 -0.00157192669622720 0 0.0132 0.0 0.0132 0.0 0.3528758463859557 0.0
0 0 0 0 0 1699096765.4285989 -0.00157314595400224 0 0.0132 0.0 0.0132 0.0 0.3535880408287047 0.0
0 0 0 0 0 1699096765.479547 -0.00157436628388977 0 0.0132 0.0 0.0132 0.0 0.35426145954132066 0.0
0 0 0 0 0 1699096765.5324295 -0.00157552190976498 0 0.0132 0.0 0.0132 0.0 0.35495969963073715 0.0
0 0 0 0 0 1699096765.5854254 -0.00157672191790854 0 0.0132 0.0 0.0132 0.0 0.35565831737518294 0.0
0 0 0 0 0 1699096765.636662 -0.00157792440038484 0 0.0132 0.0 0.0132 0.0 0.35633463459014875 0.0
0 0 0 0 0 1699096765.689901 -0.00157909024174649 0 0.0132 0.0 0.0132 0.0 0.3570391531944273 0.0
0 0 0 0 0 1699096765.7436867 -0.00158030652479732 0 0.0132 0.0 0.0132 0.0 0.3577472217559813 0.0
0 0 0 0 0 1699096765.795 -0.00158153082016702 0 0.0132 0.0 0.0132 0.0 0.3584245145797728 0.0
0 0 0 0 0 1699096765.849615 -0.00158270367346144 0 0.0132 0.0 0.0132 0.0 0.35914631090164173 0.0
0 0 0 0 0 1699096765.9037702 -0.00158395550312301 0 0.0132 0.0 0.0132 0.0 0.3598623165130614 0.0
0 0 0 0 0 1699096765.9585032 -0.00158519924208554 0 0.0132 0.0 0.0132 0.0 0.36058297672271716 0.0
0 0 0 0 0 1699096766.0103889 -0.00158645303441453 0 0.0132 0.0 0.0132 0.0 0.36126872272491445 0.0
0 0 0 0 0 1699096766.0633764 -0.00158764792118819 0 0.0132 0.0 0.0132 0.0 0.3619696567535399 0.0
0 0 0 0 0 1699096766.1162572 -0.00158887112878026 0 0.0132 0.0 0.0132 0.0 0.36266551132202135 0.0
0 0 0 0 0 1699096766.1699114 -0.00159008733265469 0 0.0132 0.0 0.0132 0.0 0.36337362709045395 0.0
0 0 0 0 0 1699096766.2241175 -0.00159132687391560 0 0.0132 0.0 0.0132 0.0 0.36408886480331404 0.0
0 0 0 0 0 1699096766.2779193 -0.00159258083980053 0 0.0132 0.0 0.0132 0.0 0.364799756336212 0.0
0 0 0 0 0 1699096766.3351424 -0.00159382914021750 0 0.0132 0.0 0.0132 0.0 0.36564558715820294 0.0
0 0 0 0 0 1699096766.3979795 -0.00159531693386895 0 0.0132 0.0 0.0132 0.0 0.36638383979797345 0.0
0 0 0 0 0 1699096766.4528866 -0.00159661776615488 0 0.0132 0.0 0.0132 0.0 0.3671100232124327 0.0
0 0 0 0 0 1699096766.5098248 -0.00159789939762597 0 0.0132 0.0 0.0132 0.0 0.36786121368408187 0.0
0 0 0 0 0 1699096766.563401 -0.00159922732471039 0 0.0132 0.0 0.0132 0.0 0.3685677936553953 0.0
0 0 0 0 0 1699096766.6177197 -0.00160047840153921 0 0.0132 0.0 0.0132 0.0 0.36928465843200664 0.0
0 0 0 0 0 1699096766.7385457 -0.00160174968535076 0 0.0132 0.0 0.0132 0.0 0.37088003063201885 0.0
0 0 0 0 0 1699096766.7914412 -0.00160458615130057 0 0.0132 0.0 0.0132 0.0 0.3715778647422789 0.0
0 0 0 0 0 1699096766.8440752 -0.00160583000636637 0 0.0132 0.0 0.0132 0.0 0.37227322206497176 0.0
0 0 0 0 0 1699096766.898168 -0.00160707136137381 0 0.0132 0.0 0.0132 0.0 0.3729863795280455 0.0
0 0 0 0 0 1699096766.951512 -0.00160834648325282 0 0.0132 0.0 0.0132 0.0 0.37369126949310283 0.0
0 0 0 0 0 1699096767.0054815 -0.00160960880779445 0 0.0132 0.0 0.0132 0.0 0.37440349540710427 0.0
0 0 0 0 0 1699096767.0591083 -0.00161088627866053 0 0.0132 0.0 0.0132 0.0 0.3751112964630125 0.0
0 0 0 0 0 1699096767.1137688 -0.00161215781837432 0 0.0132 0.0 0.0132 0.0 0.3758350534439085 0.0
0 0 0 0 0 1699096767.1670296 -0.00161346009459024 0 0.0132 0.0 0.0132 0.0 0.3765357892036436 0.0
0 0 0 0 0 1699096767.2211406 -0.00161472294928502 0 0.0132 0.0 0.0132 0.0 0.37725058002471906 0.0
0 0 0 0 0 1699096767.2748985 -0.00161601316715855 0 0.0132 0.0 0.0132 0.0 0.37795916471481306 0.0
0 0 0 0 0 1699096767.3280954 -0.00161729421452554 0 0.0132 0.0 0.0132 0.0 0.37866136703491193 0.0
0 0 0 0 0 1699096767.3827431 -0.00161856572363592 0 0.0132 0.0 0.0132 0.0 0.37938320112228374 0.0
0 0 0 0 0 1699096767.4381897 -0.00161987486149243 0 0.0132 0.0 0.0132 0.0 0.38011563787460306 0.0
0 0 0 0 0 1699096767.4914644 -0.00162120538988395 0 0.0132 0.0 0.0132 0.0 0.3808184003829954 0.0
0 0 0 0 0 1699096767.5443494 -0.00162248406417920 0 0.0132 0.0 0.0132 0.0 0.381516319465637 0.0
0 0 0 0 0 1699096767.5995476 -0.00162375591900496 0 0.0132 0.0 0.0132 0.0 0.3822536311149595 0.0
0 0 0 0 0 1699096767.6649923 -0.00162510172376440 0 0.0132 0.0 0.0132 0.0 0.3831087050437925 0.0
0 0 0 0 0 1699096767.7174885 -0.00162666526845213 0 0.0132 0.0 0.0132 0.0 0.38380262098312357 0.0
0 0 0 0 0 1699096767.7720468 -0.00162793633605174 0 0.0132 0.0 0.0132 0.0 0.38452191848754863 0.0
0 0 0 0 0 1699096767.8252118 -0.00162925598957135 0 0.0132 0.0 0.0132 0.0 0.38522478799819926 0.0
0 0 0 0 0 1699096767.879678 -0.00163054756739658 0 0.0132 0.0 0.0132 0.0 0.38594282665252666 0.0
0 0 0 0 0 1699096767.931731 -0.00163186913129894 0 0.0132 0.0 0.0132 0.0 0.38662962379455545 0.0
0 0 0 0 0 1699096767.9874413 -0.00163313519624685 0 0.0132 0.0 0.0132 0.0 0.3873650345802305 0.0
0 0 0 0 0 1699096768.0405426 -0.00163449305233483 0 0.0132 0.0 0.0132 0.0 0.38806567277908305 0.0
0 0 0 0 0 1699096768.0942817 -0.00163578880211029 0 0.0132 0.0 0.0132 0.0 0.38877557296752907 0.0
0 0 0 0 0 1699096768.1475184 -0.00163710377343573 0 0.0132 0.0 0.0132 0.0 0.3894784645080564 0.0
0 0 0 0 0 1699096768.2031796 -0.00163840784262799 0 0.0132 0.0 0.0132 0.0 0.39021348505020115 0.0
0 0 0 0 0 1699096768.25538 -0.00163977373990951 0 0.0132 0.0 0.0132 0.0 0.39090186519622777 0.0
0 0 0 0 0 1699096768.309403 -0.00164105502738640 0 0.0132 0.0 0.0132 0.0 0.39161536884307835 0.0
0 0 0 0 0 1699096768.364457 -0.00164238518812738 0 0.0132 0.0 0.0132 0.0 0.39234308490753145 0.0
0 0 0 0 0 1699096768.4168668 -0.00164374406312648 0 0.0132 0.0 0.0132 0.0 0.3930331770896909 0.0
0 0 0 0 0 1699096768.4717271 -0.00164503475719308 0 0.0132 0.0 0.0132 0.0 0.3937582747459409 0.0
0 0 0 0 0 1699096768.5255225 -0.00164639310399825 0 0.0132 0.0 0.0132 0.0 0.3944696540832517 0.0
0 0 0 0 0 1699096768.579612 -0.00164772792934668 0 0.0132 0.0 0.0132 0.0 0.3951818548202512 0.0
0 0 0 0 0 1699096768.6334922 -0.00164906646170425 0 0.0132 0.0 0.0132 0.0 0.39589261732101416 0.0
0 0 0 0 0 1699096768.6886125 -0.00165040445672342 0 0.0132 0.0 0.0132 0.0 0.39662043094634986 0.0
0 0 0 0 0 1699096768.7406554 -0.00165177679767375 0 0.0132 0.0 0.0132 0.0 0.397307168292999 0.0
0 0 0 0 0 1699096768.7944543 -0.00165307377696293 0 0.0132 0.0 0.0132 0.0 0.39801730451583833 0.0
0 0 0 0 0 1699096768.8474786 -0.00165441708743744 0 0.0132 0.0 0.0132 0.0 0.3987175807952878 0.0
0 0 0 0 0 1699096768.900656 -0.00165574388232406 0 0.0132 0.0 0.0132 0.0 0.3994237296104428 0.0
0 0 0 0 0 1699096768.9658725 -0.00165708395652578 0 0.0132 0.0 0.0132 0.0 0.40028057537078826 0.0
0 0 0 0 0 1699096769.019284 -0.00165871292222888 0 0.0132 0.0 0.0132 0.0 0.40098508138656586 0.0
0 0 0 0 0 1699096769.0720305 -0.00166005466881022 0 0.0132 0.0 0.0132 0.0 0.4016818832397458 0.0
0 0 0 0 0 1699096769.1273463 -0.00166138387584883 0 0.0132 0.0 0.0132 0.0 0.40241261110305754 0.0
0 0 0 0 0 1699096769.180625 -0.00166278008409437 0 0.0132 0.0 0.0132 0.0 0.4031149676322934 0.0
0 0 0 0 0 1699096769.2322195 -0.00166412429280424 0 0.0132 0.0 0.0132 0.0 0.40379641780853237 0.0
0 0 0 0 0 1699096769.285847 -0.00166543056517911 0 0.0132 0.0 0.0132 0.0 0.4045045933723446 0.0
0 0 0 0 0 1699096769.3382928 -0.00166679023858811 0 0.0132 0.0 0.0132 0.0 0.40519709625244105 0.0
0 0 0 0 0 1699096769.389816 -0.00166812196609711 0 0.0132 0.0 0.0132 0.0 0.405877488994598 0.0
0 0 0 0 0 1699096769.4454226 -0.00166943247583991 0 0.0132 0.0 0.0132 0.0 0.40661313896179163 0.0
0 0 0 0 0 1699096769.4998963 -0.00167085173196760 0 0.0132 0.0 0.0132 0.0 0.40732968273162806 0.0
0 0 0 0 0 1699096769.5520556 -0.00167223644557189 0 0.0132 0.0 0.0132 0.0 0.40801763486862147 0.0
0 0 0 0 0 1699096769.6062117 -0.00167356806409380 0 0.0132 0.0 0.0132 0.0 0.4087328159332272 0.0
0 0 0 0 0 1699096769.6601875 -0.00167495463438881 0 0.0132 0.0 0.0132 0.0 0.40944774837493864 0.0
0 0 0 0 0 1699096769.7122984 -0.00167634301745985 0 0.0132 0.0 0.0132 0.0 0.4101333590507504 0.0
0 0 0 0 0 1699096769.7650728 -0.00167767661881030 0 0.0132 0.0 0.0132 0.0 0.4108300885200497 0.0
0 0 0 0 0 1699096769.8177414 -0.00167903401996940 0 0.0132 0.0 0.0132 0.0 0.4115254395484921 0.0
0 0 0 0 0 1699096769.8705869 -0.00168039092418996 0 0.0132 0.0 0.0132 0.0 0.41222499198913537 0.0
0 0 0 0 0 1699096769.9238415 -0.00168175823872121 0 0.0132 0.0 0.0132 0.0 0.4129252084732052 0.0
0 0 0 0 0 1699096769.9755495 -0.00168312907813650 0 0.0132 0.0 0.0132 0.0 0.4136089340209957 0.0
0 0 0 0 0 1699096770.028032 -0.00168446978783611 0 0.0132 0.0 0.0132 0.0 0.4143005431175228 0.0
0 0 0 0 0 1699096770.0834558 -0.00168582812806076 0 0.0132 0.0 0.0132 0.0 0.41503318128585776 0.0
0 0 0 0 0 1699096770.1378999 -0.00168726943888768 0 0.0132 0.0 0.0132 0.0 0.4157521703720089 0.0
0 0 0 0 0 1699096770.190241 -0.00168868629293480 0 0.0132 0.0 0.0132 0.0 0.4164485127449032 0.0
0 0 0 0 0 1699096770.2583437 -0.00169006078611671 0 0.0132 0.0 0.0132 0.0 0.417341701507568 0.0
0 0 0 0 0 1699096770.3119733 -0.00169182710448616 0 0.0132 0.0 0.0132 0.0 0.4180485615730282 0.0
0 0 0 0 0 1699096770.3642206 -0.00169322756595998 0 0.0132 0.0 0.0132 0.0 0.41873919506072965 0.0
0 0 0 0 0 1699096770.4236507 -0.00169459811701275 0 0.0132 0.0 0.0132 0.0 0.4195232006072995 0.0
0 0 0 0 0 1699096770.4770658 -0.00169615665158854 0 0.0132 0.0 0.0132 0.0 0.420228131484985 0.0
0 0 0 0 0 1699096770.5296512 -0.00169756043939533 0 0.0132 0.0 0.0132 0.0 0.4209226422309872 0.0
0 0 0 0 0 1699096770.5854366 -0.00169894574828548 0 0.0132 0.0 0.0132 0.0 0.42165991611480674 0.0
0 0 0 0 0 1699096770.6383982 -0.00170041882826087 0 0.0132 0.0 0.0132 0.0 0.4223573599815365 0.0
0 0 0 0 0 1699096770.7022767 -0.00170181467799278 0 0.0132 0.0 0.0132 0.0 0.42320077381133997 0.0
0 0 0 0 0 1699096770.7572873 -0.00170350572996338 0 0.0132 0.0 0.0132 0.0 0.4239271397590634 0.0
0 0 0 0 0 1699096770.8155324 -0.00170496479281458 0 0.0132 0.0 0.0132 0.0 0.4246970808029171 0.0
0 0 0 0 0 1699096770.873909 -0.00170651411406084 0 0.0132 0.0 0.0132 0.0 0.42546654348373375 0.0
0 0 0 0 0 1699096770.9310443 -0.00170806528552554 0 0.0132 0.0 0.0132 0.0 0.42622101640701254 0.0
0 0 0 0 0 1699096770.9891453 -0.00170958897667171 0 0.0132 0.0 0.0132 0.0 0.42698844289779625 0.0
0 0 0 0 0 1699096771.0452065 -0.00171114161675746 0 0.0132 0.0 0.0132 0.0 0.42772730922698937 0.0
0 0 0 0 0 1699096771.1020164 -0.00171263913906233 0 0.0132 0.0 0.0132 0.0 0.42847763738632166 0.0
0 0 0 0 0 1699096771.156228 -0.00171416257434688 0 0.0132 0.0 0.0132 0.0 0.4291945808410641 0.0
0 0 0 0 0 1699096771.2140243 -0.00171562075861884 0 0.0132 0.0 0.0132 0.0 0.4299564620971676 0.0
0 0 0 0 0 1699096771.2781527 -0.00171717306047567 0 0.0132 0.0 0.0132 0.0 0.43080890817642176 0.0
0 0 0 0 0 1699096771.3362904 -0.00171891321472330 0 0.0132 0.0 0.0132 0.0 0.43157053766250575 0.0
0 0 0 0 0 1699096771.391561 -0.00172047096257483 0 0.0132 0.0 0.0132 0.0 0.43229966678619347 0.0
0 0 0 0 0 1699096771.445978 -0.00172196488336757 0 0.0132 0.0 0.0132 0.0 0.43301842298507653 0.0
0 0 0 0 0 1699096771.5019999 -0.00172344009043000 0 0.0132 0.0 0.0132 0.0 0.4337583026885983 0.0
0 0 0 0 0 1699096771.5584507 -0.00172496129274943 0 0.0132 0.0 0.0132 0.0 0.43450259151458703 0.0
0 0 0 0 0 1699096771.6127877 -0.00172649427011734 0 0.0132 0.0 0.0132 0.0 0.4352199598312374 0.0
0 0 0 0 0 1699096771.6663258 -0.00172797437958126 0 0.0132 0.0 0.0132 0.0 0.43592603940963703 0.0
0 0 0 0 0 1699096771.7221866 -0.00172943367611317 0 0.0132 0.0 0.0132 0.0 0.43666654539108235 0.0
0 0 0 0 0 1699096771.7770126 -0.00173096677227630 0 0.0132 0.0 0.0132 0.0 0.43738767137527423 0.0
0 0 0 0 0 1699096771.8301868 -0.00173246235821134 0 0.0132 0.0 0.0132 0.0 0.4380893229484554 0.0
0 0 0 0 0 1699096771.8866408 -0.00173392003621504 0 0.0132 0.0 0.0132 0.0 0.43883485803604083 0.0
0 0 0 0 0 1699096771.941351 -0.00173547157067527 0 0.0132 0.0 0.0132 0.0 0.43955637111663776 0.0
0 0 0 0 0 1699096771.9959447 -0.00173697575755058 0 0.0132 0.0 0.0132 0.0 0.44027745618820147 0.0
0 0 0 0 0 1699096772.0537736 -0.00173848165805972 0 0.0132 0.0 0.0132 0.0 0.4410407567977901 0.0
0 0 0 0 0 1699096772.1109066 -0.00174007856670261 0 0.0132 0.0 0.0132 0.0 0.44179623365402176 0.0
0 0 0 0 0 1699096772.1669815 -0.00174166199712431 0 0.0132 0.0 0.0132 0.0 0.4425348922729488 0.0
0 0 0 0 0 1699096772.2214184 -0.00174321296499032 0 0.0132 0.0 0.0132 0.0 0.4432545202255245 0.0
0 0 0 0 0 1699096772.276484 -0.00174472663155004 0 0.0132 0.0 0.0132 0.0 0.44398080120086625 0.0
0 0 0 0 0 1699096772.331087 -0.00174625695851476 0 0.0132 0.0 0.0132 0.0 0.4447008666038509 0.0
0 0 0 0 0 1699096772.3880587 -0.00174777684020361 0 0.0132 0.0 0.0132 0.0 0.44545441741943315 0.0
0 0 0 0 0 1699096772.4441519 -0.00174937023598522 0 0.0132 0.0 0.0132 0.0 0.4461935984611507 0.0
0 0 0 0 0 1699096772.497282 -0.00175093607085498 0 0.0132 0.0 0.0132 0.0 0.4468960084915157 0.0
0 0 0 0 0 1699096772.5548854 -0.00175242661104751 0 0.0132 0.0 0.0132 0.0 0.44765542869567826 0.0
0 0 0 0 0 1699096772.611612 -0.00175404098572113 0 0.0132 0.0 0.0132 0.0 0.44842830915451004 0.0
0 0 0 0 0 1699096772.6785715 -0.00175568703009549 0 0.0132 0.0 0.0132 0.0 0.44929277095794634 0.0
0 0 0 0 0 1699096772.7358294 -0.00175753178315363 0 0.0132 0.0 0.0132 0.0 0.45004349880218464 0.0
0 0 0 0 0 1699096772.7921252 -0.00175913697632731 0 0.0132 0.0 0.0132 0.0 0.4507870826721187 0.0
0 0 0 0 0 1699096772.848453 -0.00176072978676618 0 0.0132 0.0 0.0132 0.0 0.4515304871559139 0.0
0 0 0 0 0 1699096772.9045653 -0.00176232509838056 0 0.0132 0.0 0.0132 0.0 0.4522710025787349 0.0
0 0 0 0 0 1699096772.9574847 -0.00176391708635544 0 0.0132 0.0 0.0132 0.0 0.45296972732543905 0.0
0 0 0 0 0 1699096773.0135036 -0.00176542187036102 0 0.0132 0.0 0.0132 0.0 0.45371240482330283 0.0
0 0 0 0 0 1699096773.0693378 -0.00176702412865563 0 0.0132 0.0 0.0132 0.0 0.45444578886032067 0.0
0 0 0 0 0 1699096773.126116 -0.00176860919343820 0 0.0132 0.0 0.0132 0.0 0.4551955788612362 0.0
0 0 0 0 0 1699096773.1812923 -0.00177023265877996 0 0.0132 0.0 0.0132 0.0 0.45592714071273766 0.0
0 0 0 0 0 1699096773.2376306 -0.00177181953114722 0 0.0132 0.0 0.0132 0.0 0.45666726903915367 0.0
0 0 0 0 0 1699096773.2900205 -0.00177342788328351 0 0.0132 0.0 0.0132 0.0 0.4573588151931759 0.0
0 0 0 0 0 1699096773.3448188 -0.00177493330383391 0 0.0132 0.0 0.0132 0.0 0.4580838719367977 0.0
0 0 0 0 0 1699096773.399482 -0.00177651442040667 0 0.0132 0.0 0.0132 0.0 0.45880571861267055 0.0
0 0 0 0 0 1699096773.4541101 -0.00177809133772369 0 0.0132 0.0 0.0132 0.0 0.4595253591537472 0.0
0 0 0 0 0 1699096773.507375 -0.00177966622495469 0 0.0132 0.0 0.0132 0.0 0.4602281751632687 0.0
0 0 0 0 0 1699096773.561599 -0.00178120698811325 0 0.0132 0.0 0.0132 0.0 0.4609438975334164 0.0
0 0 0 0 0 1699096773.6154957 -0.00178277879006815 0 0.0132 0.0 0.0132 0.0 0.46165636262893645 0.0
0 0 0 0 0 1699096773.6705098 -0.00178434619665406 0 0.0132 0.0 0.0132 0.0 0.4623813092231747 0.0
0 0 0 0 0 1699096773.7391677 -0.00178594389421829 0 0.0132 0.0 0.0132 0.0 0.4632901958465573 0.0
0 0 0 0 0 1699096773.7949615 -0.00178795102163062 0 0.0132 0.0 0.0132 0.0 0.46402846736907927 0.0
0 0 0 0 0 1699096773.8501046 -0.00178958469786808 0 0.0132 0.0 0.0132 0.0 0.46475194110870327 0.0
0 0 0 0 0 1699096773.9084423 -0.00179118852858258 0 0.0132 0.0 0.0132 0.0 0.46552273817062345 0.0
0 0 0 0 0 1699096773.9631898 -0.00179290043469385 0 0.0132 0.0 0.0132 0.0 0.46624584684371917 0.0
0 0 0 0 0 1699096774.0175083 -0.00179450940542869 0 0.0132 0.0 0.0132 0.0 0.46696186189651456 0.0
0 0 0 0 0 1699096774.074038 -0.00179610544125833 0 0.0132 0.0 0.0132 0.0 0.4677087565422055 0.0
0 0 0 0 0 1699096774.1291394 -0.00179777333855419 0 0.0132 0.0 0.0132 0.0 0.46843571729660005 0.0
0 0 0 0 0 1699096774.1834998 -0.00179939969988398 0 0.0132 0.0 0.0132 0.0 0.4691531296730039 0.0
0 0 0 0 0 1699096774.2407498 -0.00180100758812664 0 0.0132 0.0 0.0132 0.0 0.46990900306701633 0.0
0 0 0 0 0 1699096774.2979486 -0.00180270478945642 0 0.0132 0.0 0.0132 0.0 0.4706661227226255 0.0
0 0 0 0 0 1699096774.3526802 -0.00180440800024012 0 0.0132 0.0 0.0132 0.0 0.47138615036010717 0.0
0 0 0 0 0 1699096774.409987 -0.00180603075898117 0 0.0132 0.0 0.0132 0.0 0.47214339275360084 0.0
0 0 0 0 0 1699096774.462247 -0.00180774054384827 0 0.0132 0.0 0.0132 0.0 0.47283219146728495 0.0
0 0 0 0 0 1699096774.5174088 -0.00180929860463844 0 0.0132 0.0 0.0132 0.0 0.47356066284179665 0.0
0 0 0 0 0 1699096774.5735555 -0.00181094933139178 0 0.0132 0.0 0.0132 0.0 0.474301813983917 0.0
0 0 0 0 0 1699096774.6278255 -0.00181263188655766 0 0.0132 0.0 0.0132 0.0 0.47501808080673197 0.0
0 0 0 0 0 1699096774.6845074 -0.00181426092485142 0 0.0132 0.0 0.0132 0.0 0.475766536426544 0.0
0 0 0 0 0 1699096774.739197 -0.00181596630493179 0 0.0132 0.0 0.0132 0.0 0.47648969860076884 0.0
0 0 0 0 0 1699096774.7945654 -0.00181761710323899 0 0.0132 0.0 0.0132 0.0 0.47721921796798683 0.0
0 0 0 0 0 1699096774.853009 -0.00181928545929699 0 0.0132 0.0 0.0132 0.0 0.4779905468940733 0.0
0 0 0 0 0 1699096774.9092796 -0.00182105276730640 0 0.0132 0.0 0.0132 0.0 0.47873348245620706 0.0
0 0 0 0 0 1699096774.9656246 -0.00182275827079541 0 0.0132 0.0 0.0132 0.0 0.47947679567337015 0.0
0 0 0 0 0 1699096775.019473 -0.00182446784368748 0 0.0132 0.0 0.0132 0.0 0.48018784456253033 0.0
0 0 0 0 0 1699096775.0741143 -0.00182610621680972 0 0.0132 0.0 0.0132 0.0 0.48090924119949324 0.0
0 0 0 0 0 1699096775.1303189 -0.00182777144509567 0 0.0132 0.0 0.0132 0.0 0.48179304208755475 0.0
0 0 0 0 0 1699096775.196648 -0.00182981570521351 0 0.0132 0.0 0.0132 0.0 0.4825264261245726 0.0
0 0 0 0 0 1699096775.2546344 -0.00183151552414786 0 0.0132 0.0 0.0132 0.0 0.4832919989585875 0.0
0 0 0 0 0 1699096775.30897 -0.00183329332483419 0 0.0132 0.0 0.0132 0.0 0.48400960016250594 0.0
0 0 0 0 0 1699096775.3634307 -0.00183496286604336 0 0.0132 0.0 0.0132 0.0 0.48472815179824813 0.0
0 0 0 0 0 1699096775.4196813 -0.00183663767104314 0 0.0132 0.0 0.0132 0.0 0.48547069082260114 0.0
0 0 0 0 0 1699096775.4734645 -0.00183837160422858 0 0.0132 0.0 0.0132 0.0 0.486180279445648 0.0
0 0 0 0 0 1699096775.5284085 -0.00184003165866384 0 0.0132 0.0 0.0132 0.0 0.48690634956359846 0.0
0 0 0 0 0 1699096775.5824523 -0.00184173338029806 0 0.0132 0.0 0.0132 0.0 0.4876193087577818 0.0
0 0 0 0 0 1699096775.635019 -0.00184340744218896 0 0.0132 0.0 0.0132 0.0 0.4883132561683653 0.0
0 0 0 0 0 1699096775.6891067 -0.00184503979192491 0 0.0132 0.0 0.0132 0.0 0.4890271941184996 0.0
0 0 0 0 0 1699096775.745371 -0.00184672218787346 0 0.0132 0.0 0.0132 0.0 0.48976969852447494 0.0
0 0 0 0 0 1699096775.7984915 -0.00184847516228348 0 0.0132 0.0 0.0132 0.0 0.4904708906173704 0.0
0 0 0 0 0 1699096775.8549507 -0.00185013366434751 0 0.0132 0.0 0.0132 0.0 0.49121651697158797 0.0
0 0 0 0 0 1699096775.911385 -0.00185190053698553 0 0.0132 0.0 0.0132 0.0 0.49196210241317734 0.0
0 0 0 0 0 1699096775.9651198 -0.00185367069443258 0 0.0132 0.0 0.0132 0.0 0.49267011117935167 0.0
0 0 0 0 0 1699096776.0203598 -0.00185535477716037 0 0.0132 0.0 0.0132 0.0 0.4934007446289061 0.0
0 0 0 0 0 1699096776.0747454 -0.00185709589070970 0 0.0132 0.0 0.0132 0.0 0.4941183080673216 0.0
0 0 0 0 0 1699096776.130121 -0.00185880904586823 0 0.0132 0.0 0.0132 0.0 0.49484812326431254 0.0
0 0 0 0 0 1699096776.183831 -0.00186055470110585 0 0.0132 0.0 0.0132 0.0 0.4955598424911497 0.0
0 0 0 0 0 1699096776.2394505 -0.00186226023732272 0 0.0132 0.0 0.0132 0.0 0.4962921313285826 0.0
0 0 0 0 0 1699096776.2942028 -0.00186401833704347 0 0.0132 0.0 0.0132 0.0 0.4970142769813536 0.0
0 0 0 0 0 1699096776.349209 -0.00186575534317802 0 0.0132 0.0 0.0132 0.0 0.4977400544166563 0.0
0 0 0 0 0 1699096776.4069095 -0.00186750435445572 0 0.0132 0.0 0.0132 0.0 0.498502105617523 0.0
0 0 0 0 0 1699096776.4607472 -0.00186934431757557 0 0.0132 0.0 0.0132 0.0 0.49922427959442117 0.0
0 0 0 0 0 1699096776.5273864 -0.00187109135175040 0 0.0132 0.0 0.0132 0.0 0.5000924801826475 0.0
0 0 0 0 0 1699096776.583651 -0.00187319597761075 0 0.0132 0.0 0.0132 0.0 0.5008347485542295 0.0
0 0 0 0 0 1699096776.6395993 -0.00187499909185261 0 0.0132 0.0 0.0132 0.0 0.5015738792419431 0.0
0 0 0 0 0 1699096776.6960218 -0.00187679804210167 0 0.0132 0.0 0.0132 0.0 0.5023180138587949 0.0
0 0 0 0 0 1699096776.7474048 -0.00187861266732565 0 0.0132 0.0 0.0132 0.0 0.5029966001510617 0.0
0 0 0 0 0 1699096776.8019166 -0.00188027051495268 0 0.0132 0.0 0.0132 0.0 0.503719535732269 0.0
0 0 0 0 0 1699096776.8570926 -0.00188203993939481 0 0.0132 0.0 0.0132 0.0 0.5044444571495054 0.0
0 0 0 0 0 1699096776.9116275 -0.00188381757700909 0 0.0132 0.0 0.0132 0.0 0.5051640221595761 0.0
0 0 0 0 0 1699096776.9661632 -0.00188558540945628 0 0.0132 0.0 0.0132 0.0 0.5058865139961239 0.0
0 0 0 0 0 1699096777.0221686 -0.00188736377973231 0 0.0132 0.0 0.0132 0.0 0.506625056171417 0.0
0 0 0 0 0 1699096777.0744727 -0.00188918513351516 0 0.0132 0.0 0.0132 0.0 0.5073135684967038 0.0
0 0 0 0 0 1699096777.1300461 -0.00189088628100287 0 0.0132 0.0 0.0132 0.0 0.5080475441932676 0.0
0 0 0 0 0 1699096777.1854815 -0.00189270314063072 0 0.0132 0.0 0.0132 0.0 0.508781104469299 0.0
0 0 0 0 0 1699096777.2392783 -0.00189452247022005 0 0.0132 0.0 0.0132 0.0 0.5094893083572385 0.0
0 0 0 0 0 1699096777.2931662 -0.00189628224013777 0 0.0132 0.0 0.0132 0.0 0.5102005901336667 0.0
0 0 0 0 0 1699096777.345172 -0.00189805295796577 0 0.0132 0.0 0.0132 0.0 0.5108871921539304 0.0
0 0 0 0 0 1699096777.3990793 -0.00189976538185059 0 0.0132 0.0 0.0132 0.0 0.5115986470222471 0.0
0 0 0 0 0 1699096777.4530513 -0.00190154305923293 0 0.0132 0.0 0.0132 0.0 0.5123107911109922 0.0
0 0 0 0 0 1699096777.5074394 -0.00190332580016077 0 0.0132 0.0 0.0132 0.0 0.5130290091514585 0.0
0 0 0 0 0 1699096777.5639832 -0.00190512714188139 0 0.0132 0.0 0.0132 0.0 0.5137786669731138 0.0
0 0 0 0 0 1699096777.6180065 -0.00190701098459364 0 0.0132 0.0 0.0132 0.0 0.5144881895065305 0.0
0 0 0 0 0 1699096777.6706672 -0.00190879741189884 0 0.0132 0.0 0.0132 0.0 0.5151834146499631 0.0
0 0 0 0 0 1699096777.7256236 -0.00191055109763003 0 0.0132 0.0 0.0132 0.0 0.5159090347290036 0.0
0 0 0 0 0 1699096777.7804222 -0.00191238490106328 0 0.0132 0.0 0.0132 0.0 0.5166402566909787 0.0
0 0 0 0 0 1699096777.8457994 -0.00191423643394334 0 0.0132 0.0 0.0132 0.0 0.517495683097839 0.0
0 0 0 0 0 1699096777.901156 -0.00191640703137630 0 0.0132 0.0 0.0132 0.0 0.5182257941246029 0.0
0 0 0 0 0 1699096777.9549 -0.00191826355400267 0 0.0132 0.0 0.0132 0.0 0.5189352128028866 0.0
0 0 0 0 0 1699096778.0074065 -0.00192007091673298 0 0.0132 0.0 0.0132 0.0 0.5196285528182979 0.0
0 0 0 0 0 1699096778.0611155 -0.00192184061770587 0 0.0132 0.0 0.0132 0.0 0.5203376630783076 0.0
0 0 0 0 0 1699096778.1149678 -0.00192365395638504 0 0.0132 0.0 0.0132 0.0 0.5210485042572017 0.0
0 0 0 0 0 1699096778.1697354 -0.00192547516706300 0 0.0132 0.0 0.0132 0.0 0.5217714618682857 0.0
0 0 0 0 0 1699096778.2262695 -0.00192733096948307 0 0.0132 0.0 0.0132 0.0 0.5225173179626461 0.0
0 0 0 0 0 1699096778.2823548 -0.00192924931307029 0 0.0132 0.0 0.0132 0.0 0.5232580033302303 0.0
0 0 0 0 0 1699096778.340636 -0.00193115814955309 0 0.0132 0.0 0.0132 0.0 0.5240296406745907 0.0
0 0 0 0 0 1699096778.3958986 -0.00193315078434082 0 0.0132 0.0 0.0132 0.0 0.5247563748359676 0.0
0 0 0 0 0 1699096778.4498482 -0.00193503123665983 0 0.0132 0.0 0.0132 0.0 0.5254689154624935 0.0
0 0 0 0 0 1699096778.5099642 -0.00193687852683136 0 0.0132 0.0 0.0132 0.0 0.5262638195037838 0.0
0 0 0 0 0 1699096778.5678766 -0.00193894352458332 0 0.0132 0.0 0.0132 0.0 0.52702689666748 0.0
0 0 0 0 0 1699096778.6250587 -0.00194092999973919 0 0.0132 0.0 0.0132 0.0 0.5277819518089291 0.0
0 0 0 0 0 1699096778.6824436 -0.00194289961244587 0 0.0132 0.0 0.0132 0.0 0.5285407425880428 0.0
0 0 0 0 0 1699096778.7389472 -0.00194488301163345 0 0.0132 0.0 0.0132 0.0 0.5292853272438046 0.0
0 0 0 0 0 1699096778.7994187 -0.00194683322836500 0 0.0132 0.0 0.0132 0.0 0.530083378410339 0.0
0 0 0 0 0 1699096778.8583367 -0.00194892784342796 0 0.0132 0.0 0.0132 0.0 0.5308635727882383 0.0
0 0 0 0 0 1699096778.916954 -0.00195097996393712 0 0.0132 0.0 0.0132 0.0 0.5316348608016965 0.0
0 0 0 0 0 1699096778.9724715 -0.00195301292224319 0 0.0132 0.0 0.0132 0.0 0.5323675115585325 0.0
0 0 0 0 0 1699096779.0291452 -0.00195494797910235 0 0.0132 0.0 0.0132 0.0 0.5331187366485594 0.0
0 0 0 0 0 1699096779.0835135 -0.00195693609078602 0 0.0132 0.0 0.0132 0.0 0.5338337918281553 0.0
0 0 0 0 0 1699096779.1368535 -0.00195883224968481 0 0.0132 0.0 0.0132 0.0 0.5345369917869566 0.0
0 0 0 0 0 1699096779.1927285 -0.00196070056866568 0 0.0132 0.0 0.0132 0.0 0.5352745457649228 0.0
0 0 0 0 0 1699096779.2597773 -0.00196266400653217 0 0.0132 0.0 0.0132 0.0 0.5361613962173459 0.0
0 0 0 0 0 1699096779.3195417 -0.00196503011405921 0 0.0132 0.0 0.0132 0.0 0.5369499273300168 0.0
0 0 0 0 0 1699096779.3766077 -0.00196713871729189 0 0.0132 0.0 0.0132 0.0 0.5377023200035093 0.0
0 0 0 0 0 1699096779.4317534 -0.00196915491903722 0 0.0132 0.0 0.0132 0.0 0.5384301210403439 0.0
0 0 0 0 0 1699096779.4851942 -0.00197110917044489 0 0.0132 0.0 0.0132 0.0 0.5391358198165891 0.0
0 0 0 0 0 1699096779.5435708 -0.00197300779298124 0 0.0132 0.0 0.0132 0.0 0.5399065413475034 0.0
0 0 0 0 0 1699096779.5980222 -0.00197508554965888 0 0.0132 0.0 0.0132 0.0 0.5406246932983395 0.0
0 0 0 0 0 1699096779.6539085 -0.00197702554088702 0 0.0132 0.0 0.0132 0.0 0.5413625494003292 0.0
0 0 0 0 0 1699096779.7091365 -0.00197902274607423 0 0.0132 0.0 0.0132 0.0 0.542092078208923 0.0
0 0 0 0 0 1699096779.7644656 -0.00198100139492439 0 0.0132 0.0 0.0132 0.0 0.5428242568969723 0.0
0 0 0 0 0 1699096779.820621 -0.00198299122575900 0 0.0132 0.0 0.0132 0.0 0.543563220787048 0.0
0 0 0 0 0 1699096779.876691 -0.00198500356702784 0 0.0132 0.0 0.0132 0.0 0.5443028487205502 0.0
0 0 0 0 0 1699096779.930842 -0.00198702182392194 0 0.0132 0.0 0.0132 0.0 0.5450182123184201 0.0
0 0 0 0 0 1699096779.9856274 -0.00198897779073193 0 0.0132 0.0 0.0132 0.0 0.5457439016342159 0.0
0 0 0 0 0 1699096780.040757 -0.00199096594203226 0 0.0132 0.0 0.0132 0.0 0.5464686625480648 0.0
0 0 0 0 0 1699096780.0941718 -0.00199295553416143 0 0.0132 0.0 0.0132 0.0 0.5471740812301632 0.0
0 0 0 0 0 1699096780.1482735 -0.00199489586393291 0 0.0132 0.0 0.0132 0.0 0.5478884314537045 0.0
0 0 0 0 0 1699096780.2026644 -0.00199686462811112 0 0.0132 0.0 0.0132 0.0 0.5486062120437618 0.0
0 0 0 0 0 1699096780.257953 -0.00199884677785886 0 0.0132 0.0 0.0132 0.0 0.5493356495857235 0.0
0 0 0 0 0 1699096780.312161 -0.00200086516786305 0 0.0132 0.0 0.0132 0.0 0.550051189422607 0.0
0 0 0 0 0 1699096780.3697443 -0.00200284908058973 0 0.0132 0.0 0.0132 0.0 0.5508122335433956 0.0
0 0 0 0 0 1699096780.4237356 -0.00200496349628902 0 0.0132 0.0 0.0132 0.0 0.5515241793632504 0.0
0 0 0 0 0 1699096780.4774442 -0.00200694556187904 0 0.0132 0.0 0.0132 0.0 0.5522353321075436 0.0
0 0 0 0 0 1699096780.533355 -0.00200892934986299 0 0.0132 0.0 0.0132 0.0 0.5529718727111813 0.0
0 0 0 0 0 1699096780.5991204 -0.00201098811187919 0 0.0132 0.0 0.0132 0.0 0.5538398561477658 0.0
0 0 0 0 0 1699096780.6518624 -0.00201341972290814 0 0.0132 0.0 0.0132 0.0 0.5545351033210751 0.0
0 0 0 0 0 1699096780.7075467 -0.00201537168351948 0 0.0132 0.0 0.0132 0.0 0.5552709515571591 0.0
0 0 0 0 0 1699096780.7623975 -0.00201744177720753 0 0.0132 0.0 0.0132 0.0 0.5559944221496579 0.0
0 0 0 0 0 1699096780.8158112 -0.00201948121578439 0 0.0132 0.0 0.0132 0.0 0.5566992491722104 0.0
0 0 0 0 0 1699096780.8701298 -0.00202147208313810 0 0.0132 0.0 0.0132 0.0 0.5574175301551816 0.0
0 0 0 0 0 1699096780.9240665 -0.00202350501080069 0 0.0132 0.0 0.0132 0.0 0.5581305743217465 0.0
0 0 0 0 0 1699096780.9779975 -0.00202552718086864 0 0.0132 0.0 0.0132 0.0 0.5588404745101926 0.0
0 0 0 0 0 1699096781.0361147 -0.00202754446937842 0 0.0132 0.0 0.0132 0.0 0.5596072684288022 0.0
0 0 0 0 0 1699096781.091405 -0.00202972796676554 0 0.0132 0.0 0.0132 0.0 0.5603377224922177 0.0
0 0 0 0 0 1699096781.145788 -0.00203181237968215 0 0.0132 0.0 0.0132 0.0 0.5610601230621335 0.0
0 0 0 0 0 1699096781.2016764 -0.00203387804301210 0 0.0132 0.0 0.0132 0.0 0.5617929059982297 0.0
0 0 0 0 0 1699096781.2565243 -0.00203597770701924 0 0.0132 0.0 0.0132 0.0 0.5625168832778928 0.0
0 0 0 0 0 1699096781.3140628 -0.00203805641892602 0 0.0132 0.0 0.0132 0.0 0.5632781193733213 0.0
0 0 0 0 0 1699096781.371354 -0.00204024671148935 0 0.0132 0.0 0.0132 0.0 0.5640329353332517 0.0
0 0 0 0 0 1699096781.4299574 -0.00204242320409954 0 0.0132 0.0 0.0132 0.0 0.5648062689781187 0.0
0 0 0 0 0 1699096781.4866247 -0.00204465793329837 0 0.0132 0.0 0.0132 0.0 0.5655571604728696 0.0
0 0 0 0 0 1699096781.5433712 -0.00204683251476169 0 0.0132 0.0 0.0132 0.0 0.5663032274246214 0.0
0 0 0 0 0 1699096781.6003077 -0.00204899772965950 0 0.0132 0.0 0.0132 0.0 0.5670548899650572 0.0
0 0 0 0 0 1699096781.657128 -0.00205118384121772 0 0.0132 0.0 0.0132 0.0 0.5678053628921507 0.0
0 0 0 0 0 1699096781.714075 -0.00205337117168970 0 0.0132 0.0 0.0132 0.0 0.5685563204765318 0.0
0 0 0 0 0 1699096781.7666688 -0.00205556460956119 0 0.0132 0.0 0.0132 0.0 0.569250664424896 0.0
0 0 0 0 0 1699096781.8234246 -0.00205759687911906 0 0.0132 0.0 0.0132 0.0 0.5700017982482908 0.0
0 0 0 0 0 1699096781.8784258 -0.00205979991621262 0 0.0132 0.0 0.0132 0.0 0.5707297094345091 0.0
0 0 0 0 0 1699096781.9454274 -0.00206193936816799 0 0.0132 0.0 0.0132 0.0 0.5716101932525632 0.0
0 0 0 0 0 1699096781.99928 -0.00206453322986552 0 0.0132 0.0 0.0132 0.0 0.5723308471679686 0.0
0 0 0 0 0 1699096782.060161 -0.00206666112410712 0 0.0132 0.0 0.0132 0.0 0.5731264656066892 0.0
0 0 0 0 0 1699096782.1191857 -0.00206901549168105 0 0.0132 0.0 0.0132 0.0 0.5739043783187864 0.0
0 0 0 0 0 1699096782.176305 -0.00207132268116189 0 0.0132 0.0 0.0132 0.0 0.5746582501411436 0.0
0 0 0 0 0 1699096782.2360175 -0.00207356350594907 0 0.0132 0.0 0.0132 0.0 0.5754475208282468 0.0
0 0 0 0 0 1699096782.2911959 -0.00207591477642456 0 0.0132 0.0 0.0132 0.0 0.5761746735572812 0.0
0 0 0 0 0 1699096782.3473809 -0.00207808574134564 0 0.0132 0.0 0.0132 0.0 0.5769164698600766 0.0
0 0 0 0 0 1699096782.4107504 -0.00208030513162689 0 0.0132 0.0 0.0132 0.0 0.577755037117004 0.0
0 0 0 0 0 1699096782.4673026 -0.00208281979494714 0 0.0132 0.0 0.0132 0.0 0.5784992315292354 0.0
0 0 0 0 0 1699096782.5229852 -0.00208505657818851 0 0.0132 0.0 0.0132 0.0 0.5792339436531063 0.0
0 0 0 0 0 1699096782.580703 -0.00208726960169174 0 0.0132 0.0 0.0132 0.0 0.5799958437919613 0.0
0 0 0 0 0 1699096782.637877 -0.00208956950943562 0 0.0132 0.0 0.0132 0.0 0.5807507038116452 0.0
