1699250035.1462991 2 0.1 0 0
1699250035.6114101 2.0 0.1 0.0 0
1699250035.958724 2.0 0.1 0.0 0
1699250036.1944458 2.0 0.1 0.0 0
1699250036.434117 2.0 0.1 0.0 0
1699250036.6751518 2.0 0.1 0.0 0
1699250036.910229 2.0 0.1 0.0 0
1699250037.150433 2.0 0.1 0.0 0
1699250037.3876367 2.0 0.1 0.0 0
1699250037.6287758 2.0 0.1 0.0 0
1699250037.864779 2.0 0.1 0.0 0
1699250038.1023736 2.0 0.1 0.0 0
1699250038.338479 2.0 0.1 0.0 0
1699250038.58022 2.0 0.1 0.0 0
1699250038.821317 2.0 0.1 0.0 0
1699250039.062368 2.0 0.1 0.0 0
1699250039.300782 2.0 0.1 0.0 0
1699250039.532477 2.0 0.1 0.0 0
1699250039.7663474 2.0 0.1 0.0 0
1699250040.002451 2.0 0.1 0.0 0
1699250040.2437341 2.0 0.1 0.0 0
1699250040.480953 2.0 0.1 0.0 0
1699250040.7198544 2.0 0.1 0.0 0
1699250040.959819 2.0 0.1 0.0 0
1699250041.1925504 2.0 0.1 0.0 0
1699250041.4300346 2.0 0.1 0.0 0
1699250041.669163 2.0 0.1 0.0 0
1699250041.9057043 2.0 0.1 0.0 0
1699250042.147843 2.0 0.1 0.0 0
1699250042.3850899 2.0 0.1 0.0 0
1699250042.6215312 2.0 0.1 0.0 0
1699250042.8667426 2.0 0.1 0.0 0
1699250043.0999756 2.0 0.1 0.0 0
1699250043.3434873 2.0 0.1 0.0 0
1699250043.5764093 2.0 0.1 0.0 0
1699250043.8112428 2.0 0.1 0.0 0
1699250044.0513456 2.0 0.1 0.0 0
1699250044.2876124 2.0 0.1 0.0 0
1699250044.5277572 2.0 0.1 0.0 0
1699250044.7659063 2.0 0.1 0.0 0
1699250045.0099876 2.0 0.1 0.0 0
1699250045.249726 2.0 0.1 0.0 0
1699250045.4873018 2.0 0.1 0.0 0
1699250045.724325 2.0 0.1 0.0 0
1699250045.9614532 2.0 0.1 0.0 0
1699250046.2027662 2.0 0.1 0.0 0
1699250046.4377363 2.0 0.1 0.0 0
1699250046.677241 2.0 0.1 0.0 0
1699250046.9306798 2.0 0.1 0.0 0
1699250047.1820188 2.0 0.1 0.0 0
1699250047.4377172 2.0 0.1 0.0 0
1699250047.6865666 2.0 0.1 0.0 0
1699250047.9312944 2.0 0.1 0.0 0
1699250048.2023277 2.0 0.1 0.0 0
1699250048.4522877 2.0 0.1 0.0 0
1699250048.7033274 2.0 0.1 0.0 0
1699250048.952548 2.0 0.1 0.0 0
1699250049.2009554 2.0 0.1 0.0 0
1699250049.4557803 2.0 0.1 0.0 0
1699250049.7085268 2.0 0.1 0.0 0
1699250049.9564497 2.0 0.1 0.0 0
1699250050.2015038 2.0 0.1 0.0 0
1699250050.451383 2.0 0.1 0.0 0
1699250050.700344 2.0 0.1 0.0 0
1699250050.9598796 2.0 0.1 0.0 0
1699250051.2057266 2.0 0.1 0.0 0
1699250051.4508257 2.0 0.1 0.0 0
1699250051.709008 2.0 0.1 0.0 0
1699250051.9533978 2.0 0.1 0.0 0
1699250052.1997218 2.0 0.1 0.0 0
1699250052.4459164 2.0 0.1 0.0 0
1699250052.6957927 2.0 0.1 0.0 0
1699250052.9502027 2.0 0.1 0.0 0
1699250053.19424 2.0 0.1 0.0 0
1699250053.44549 2.0 0.1 0.0 0
1699250053.694542 2.0 0.1 0.0 0
1699250053.9456294 2.0 0.1 0.0 0
1699250054.2013793 2.0 0.1 0.0 0
1699250054.4490788 2.0 0.1 0.0 0
1699250054.6944697 2.0 0.1 0.0 0
1699250054.9462194 2.0 0.1 0.0 0
1699250055.2306402 2.0 0.1 0.0 0
1699250055.4818044 2.0 0.1 0.0 0
1699250055.736074 2.0 0.1 0.0 0
1699250055.9698725 2.0 0.1 0.0 0
1699250056.2102437 2.0 0.1 0.0 0
1699250056.4500742 2.0 0.1 0.0 0
1699250056.7133033 2.0 0.1 0.0 0
1699250056.9642403 2.0 0.1 0.0 0
1699250057.2082653 2.0 0.1 0.0 0
1699250057.4769661 2.0 0.1 0.0 0
1699250057.7218678 2.0 0.1 0.0 0
1699250057.960735 2.0 0.1 0.0 0
1699250058.2052865 2.0 0.1 0.0 0
1699250058.4608257 2.0 0.1 0.0 0
1699250058.700853 2.0 0.1 0.0 0
1699250058.956064 2.0 0.1 0.0 0
1699250059.193017 2.0 0.1 0.0 0
1699250059.4423084 2.0 0.1 0.0 0
1699250059.6860597 2.0 0.1 0.0 0
1699250059.9549458 2.0 0.1 0.0 0
1699250060.1997252 2.0 0.1 0.0 0
1699250060.4348156 2.0 0.1 0.0 0
1699250060.6778245 2.0 0.1 0.0 0
1699250060.9158368 2.0 0.1 0.0 0
1699250061.1525414 2.0 0.1 0.0 0
1699250061.39585 2.0 0.1 0.0 0
1699250061.6348274 2.0 0.1 0.0 0
1699250061.8723228 2.0 0.1 0.0 0
1699250062.1108217 2.0 0.1 0.0 0
1699250062.3549209 2.0 0.1 0.0 0
1699250062.5969114 2.0 0.1 0.0 0
1699250062.8367555 2.0 0.1 0.0 0
1699250063.0759416 2.0 0.1 0.0 0
1699250063.316639 2.0 0.1 0.0 0
1699250063.562088 2.0 0.1 0.0 0
1699250063.800808 2.0 0.1 0.0 0
1699250064.0384092 2.0 0.1 0.0 0
1699250064.2857244 2.0 0.1 0.0 0
1699250064.522558 2.0 0.1 0.0 0
1699250064.7663352 2.0 0.1 0.0 0
1699250065.0054662 2.0 0.1 0.0 0
1699250065.242327 2.0 0.1 0.0 0
1699250065.4819715 2.0 0.1 0.0 0
1699250065.7273235 2.0 0.1 0.0 0
1699250065.964915 2.0 0.1 0.0 0
1699250066.7171862 2.0 0.1 0.0 0
