1697188594.3373332 2 0.1 0 0
1697188594.7991426 2.0 0.1 0.0 0
1697188595.1790266 2.0 0.1 0.0 0
1697188595.2449322 2.0 0.1 0.0 0
1697188595.3579338 2.0 0.1 0.0 0
1697188595.489389 2.0 0.1 0.0 0
1697188595.5767379 2.0 0.1 0.0 0
1697188595.6462913 2.0 0.1 0.0 0
1697188595.7056181 2.0 0.1 0.0 0
1697188595.7740448 2.0 0.1 0.0 0
1697188595.8350263 2.0 0.1 0.0 0
1697188595.905285 2.0 0.1 0.0 0
1697188595.9654229 2.0 0.1 0.0 0
1697188596.0377584 2.0 0.1 0.0 0
1697188596.1114862 2.0 0.1 0.0 0
1697188596.2058456 2.0 0.1 0.0 0
1697188596.2950854 2.0 0.1 0.0 0
1697188596.384475 2.0 0.1 0.0 0
1697188596.4473064 2.0 0.1 0.0 0
1697188596.5614185 2.0 0.1 0.0 0
1697188596.6242888 2.0 0.1 0.0 0
1697188596.6830478 2.0 0.1 0.0 0
1697188596.741995 2.0 0.1 0.0 0
1697188596.8044434 2.0 0.1 0.0 0
1697188596.8696914 2.0 0.1 0.0 0
1697188596.9318776 2.0 0.1 0.0 0
1697188597.0030699 2.0 0.1 0.0 0
1697188597.0689733 2.0 0.1 0.0 0
1697188597.1347802 2.0 0.1 0.0 0
1697188597.2013047 2.0 0.1 0.0 0
1697188597.2644413 2.0 0.1 0.0 0
1697188597.3336535 2.0 0.1 0.0 0
1697188597.395289 2.0 0.1 0.0 0
1697188597.4806366 2.0 0.1 0.0 0
1697188597.5529048 2.0 0.1 0.0 0
1697188597.6223073 2.0 0.1 0.0 0
1697188597.6795986 2.0 0.1 0.0 0
1697188597.7462602 2.0 0.1 0.0 0
1697188597.8220332 2.0 0.1 0.0 0
1697188597.888352 2.0 0.1 0.0 0
1697188597.9534297 2.0 0.1 0.0 0
1697188598.0209255 2.0 0.1 0.0 0
1697188598.0846963 2.0 0.1 0.0 0
1697188598.1529021 2.0 0.1 0.0 0
1697188598.2169225 2.0 0.1 0.0 0
1697188598.2831943 2.0 0.1 0.0 0
1697188598.359379 2.0 0.1 0.0 0
1697188598.4237251 2.0 0.1 0.0 0
1697188598.483259 2.0 0.1 0.0 0
1697188598.5570762 2.0 0.1 0.0 0
1697188598.6219177 2.0 0.1 0.0 0
1697188598.6946135 2.0 0.1 0.0 0
1697188598.7606943 2.0 0.1 0.0 0
1697188598.8255496 2.0 0.1 0.0 0
1697188598.886543 2.0 0.1 0.0 0
1697188598.9476838 2.0 0.1 0.0 0
1697188599.0105677 2.0 0.1 0.0 0
1697188599.0816824 2.0 0.1 0.0 0
1697188599.1442263 2.0 0.1 0.0 0
1697188599.2070062 2.0 0.1 0.0 0
1697188599.2792528 2.0 0.1 0.0 0
1697188599.339721 2.0 0.1 0.0 0
1697188599.4166036 2.0 0.1 0.0 0
1697188599.4836974 2.0 0.1 0.0 0
1697188599.5574589 2.0 0.1 0.0 0
1697188599.625037 2.0 0.1 0.0 0
1697188599.6907136 2.0 0.1 0.0 0
1697188599.7506435 2.0 0.1 0.0 0
1697188599.8144302 2.0 0.1 0.0 0
1697188599.8774173 2.0 0.1 0.0 0
1697188599.9464593 2.0 0.1 0.0 0
1697188600.009764 2.0 0.1 0.0 0
1697188600.0705354 2.0 0.1 0.0 0
1697188600.1349669 2.0 0.1 0.0 0
1697188600.212779 2.0 0.1 0.0 0
1697188600.280342 2.0 0.1 0.0 0
1697188600.3431668 2.0 0.1 0.0 0
1697188600.4122367 2.0 0.1 0.0 0
1697188600.4845908 2.0 0.1 0.0 0
1697188600.5481222 2.0 0.1 0.0 0
1697188600.6134694 2.0 0.1 0.0 0
1697188600.6801968 2.0 0.1 0.0 0
1697188600.7448459 2.0 0.1 0.0 0
1697188600.812758 2.0 0.1 0.0 0
1697188600.8792021 2.0 0.1 0.0 0
1697188600.9512439 2.0 0.1 0.0 0
1697188601.0138793 2.0 0.1 0.0 0
1697188601.0762405 2.0 0.1 0.0 0
1697188601.133403 2.0 0.1 0.0 0
1697188601.2032197 2.0 0.1 0.0 0
1697188601.2660139 2.0 0.1 0.0 0
1697188601.332084 2.0 0.1 0.0 0
1697188601.3920925 2.0 0.1 0.0 0
1697188601.4579241 2.0 0.1 0.0 0
1697188601.5227928 2.0 0.1 0.0 0
1697188601.5927808 2.0 0.1 0.0 0
1697188601.7158828 2.0 0.1 0.0 0
1697188601.7879698 2.0 0.1 0.0 0
1697188601.8594532 2.0 0.1 0.0 0
1697188601.9384139 2.0 0.1 0.0 0
1697188602.0475154 2.0 0.1 0.0 0
1697188602.1782002 2.0 0.1 0.0 0
1697188602.2629678 2.0 0.1 0.0 0
1697188602.3966675 2.0 0.1 0.0 0
1697188602.490035 2.0 0.1 0.0 0
1697188602.5853806 2.0 0.1 0.0 0
1697188602.6949775 2.0 0.1 0.0 0
1697188602.7610114 2.0 0.1 0.0 0
1697188602.831031 2.0 0.1 0.0 0
1697188602.89284 2.0 0.1 0.0 0
1697188602.9581683 2.0 0.1 0.0 0
1697188603.020038 2.0 0.1 0.0 0
1697188603.0836895 2.0 0.1 0.0 0
1697188603.1514845 2.0 0.1 0.0 0
1697188603.221552 2.0 0.1 0.0 0
1697188603.2841053 2.0 0.1 0.0 0
1697188603.3490798 2.0 0.1 0.0 0
1697188603.4661338 2.0 0.1 0.0 0
1697188603.5609975 2.0 0.1 0.0 0
1697188603.6865644 2.0 0.1 0.0 0
1697188603.7780626 2.0 0.1 0.0 0
1697188603.86703 2.0 0.1 0.0 0
1697188603.9282064 2.0 0.1 0.0 0
1697188603.9960914 2.0 0.1 0.0 0
1697188604.062662 2.0 0.1 0.0 0
1697188604.1368434 2.0 0.1 0.0 0
1697188604.2515113 2.0 0.1 0.0 0
1697188604.363779 2.0 0.1 0.0 0
1697188604.4277334 2.0 0.1 0.0 0
1697188604.4891536 2.0 0.1 0.0 0
1697188604.555557 2.0 0.1 0.0 0
1697188604.6234894 2.0 0.1 0.0 0
1697188604.7433114 2.0 0.1 0.0 0
1697188604.8031244 2.0 0.1 0.0 0
1697188604.8658106 2.0 0.1 0.0 0
1697188604.9837205 2.0 0.1 0.0 0
1697188605.0791147 2.0 0.1 0.0 0
1697188605.1498935 2.0 0.1 0.0 0
1697188605.2156825 2.0 0.1 0.0 0
1697188605.2795095 2.0 0.1 0.0 0
1697188605.3462129 2.0 0.1 0.0 0
1697188605.4153192 2.0 0.1 0.0 0
1697188605.475848 2.0 0.1 0.0 0
1697188605.540482 2.0 0.1 0.0 0
1697188605.601567 2.0 0.1 0.0 0
1697188605.6679392 2.0 0.1 0.0 0
1697188605.7341292 2.0 0.1 0.0 0
1697188605.799975 2.0 0.1 0.0 0
1697188605.8622863 2.0 0.1 0.0 0
1697188605.9283354 2.0 0.1 0.0 0
1697188605.9873717 2.0 0.1 0.0 0
1697188606.052939 2.0 0.1 0.0 0
1697188606.1159546 2.0 0.1 0.0 0
1697188606.1819162 2.0 0.1 0.0 0
1697188606.2539005 2.0 0.1 0.0 0
1697188606.3232648 2.0 0.1 0.0 0
1697188606.3903682 2.0 0.1 0.0 0
1697188606.4588075 2.0 0.1 0.0 0
1697188606.527181 2.0 0.1 0.0 0
1697188606.604825 2.0 0.1 0.0 0
1697188606.7292182 2.0 0.1 0.0 0
1697188606.8512402 2.0 0.1 0.0 0
1697188606.9807384 2.0 0.1 0.0 0
1697188607.0970402 2.0 0.1 0.0 0
1697188607.2137282 2.0 0.1 0.0 0
1697188607.2817247 2.0 0.1 0.0 0
1697188607.3445442 2.0 0.1 0.0 0
1697188607.410998 2.0 0.1 0.0 0
1697188607.4755156 2.0 0.1 0.0 0
1697188607.5395653 2.0 0.1 0.0 0
1697188607.5992298 2.0 0.1 0.0 0
1697188607.674745 2.0 0.1 0.0 0
1697188607.7915595 2.0 0.1 0.0 0
1697188607.887534 2.0 0.1 0.0 0
1697188607.9617958 2.0 0.1 0.0 0
1697188608.0241923 2.0 0.1 0.0 0
1697188608.0858707 2.0 0.1 0.0 0
1697188608.1470394 2.0 0.1 0.0 0
1697188608.2144563 2.0 0.1 0.0 0
1697188608.2746263 2.0 0.1 0.0 0
1697188608.3337824 2.0 0.1 0.0 0
1697188608.4189582 2.0 0.1 0.0 0
1697188608.486447 2.0 0.1 0.0 0
1697188608.5510638 2.0 0.1 0.0 0
1697188608.6190019 2.0 0.1 0.0 0
1697188608.7230163 2.0 0.1 0.0 0
1697188608.7865171 2.0 0.1 0.0 0
1697188608.8506746 2.0 0.1 0.0 0
1697188608.917041 2.0 0.1 0.0 0
1697188608.9773836 2.0 0.1 0.0 0
1697188609.0658865 2.0 0.1 0.0 0
1697188609.14069 2.0 0.1 0.0 0
1697188609.2044158 2.0 0.1 0.0 0
1697188609.2712517 2.0 0.1 0.0 0
1697188609.3372667 2.0 0.1 0.0 0
1697188609.4121287 2.0 0.1 0.0 0
1697188609.4761848 2.0 0.1 0.0 0
1697188609.5432322 2.0 0.1 0.0 0
1697188609.6094453 2.0 0.1 0.0 0
1697188609.6804566 2.0 0.1 0.0 0
1697188609.7866385 2.0 0.1 0.0 0
1697188609.8565059 2.0 0.1 0.0 0
1697188609.9229932 2.0 0.1 0.0 0
1697188610.0372648 2.0 0.1 0.0 0
1697188610.1022868 2.0 0.1 0.0 0
1697188610.1640215 2.0 0.1 0.0 0
1697188610.2284706 2.0 0.1 0.0 0
1697188610.3041685 2.0 0.1 0.0 0
1697188610.3676488 2.0 0.1 0.0 0
1697188610.431891 2.0 0.1 0.0 0
1697188610.5019348 2.0 0.1 0.0 0
1697188610.5639656 2.0 0.1 0.0 0
1697188610.6340168 2.0 0.1 0.0 0
1697188610.7040892 2.0 0.1 0.0 0
1697188610.7819216 2.0 0.1 0.0 0
1697188610.9056954 2.0 0.1 0.0 0
1697188611.0210772 2.0 0.1 0.0 0
1697188611.1271276 2.0 0.1 0.0 0
1697188611.1897528 2.0 0.1 0.0 0
1697188611.2510402 2.0 0.1 0.0 0
1697188611.318938 2.0 0.1 0.0 0
1697188611.3790493 2.0 0.1 0.0 0
1697188611.4446514 2.0 0.1 0.0 0
1697188611.5060754 2.0 0.1 0.0 0
1697188611.568213 2.0 0.1 0.0 0
1697188611.6367264 2.0 0.1 0.0 0
1697188611.701377 2.0 0.1 0.0 0
1697188611.7650788 2.0 0.1 0.0 0
1697188611.8465178 2.0 0.1 0.0 0
1697188611.9262602 2.0 0.1 0.0 0
1697188612.0382552 2.0 0.1 0.0 0
1697188612.1729407 2.0 0.1 0.0 0
1697188612.2784402 2.0 0.1 0.0 0
1697188612.3472776 2.0 0.1 0.0 0
1697188612.4129078 2.0 0.1 0.0 0
1697188612.4837346 2.0 0.1 0.0 0
1697188612.5444164 2.0 0.1 0.0 0
1697188612.6049297 2.0 0.1 0.0 0
1697188612.667935 2.0 0.1 0.0 0
1697188612.7328324 2.0 0.1 0.0 0
1697188612.7998147 2.0 0.1 0.0 0
1697188612.8632908 2.0 0.1 0.0 0
1697188612.921936 2.0 0.1 0.0 0
1697188612.9822571 2.0 0.1 0.0 0
1697188613.0451384 2.0 0.1 0.0 0
1697188613.1056957 2.0 0.1 0.0 0
1697188613.1714025 2.0 0.1 0.0 0
1697188613.2362194 2.0 0.1 0.0 0
1697188613.2995057 2.0 0.1 0.0 0
1697188613.3594093 2.0 0.1 0.0 0
1697188613.4225895 2.0 0.1 0.0 0
1697188613.5111578 2.0 0.1 0.0 0
1697188613.5862014 2.0 0.1 0.0 0
1697188613.6478808 2.0 0.1 0.0 0
1697188613.7203994 2.0 0.1 0.0 0
1697188613.7843566 2.0 0.1 0.0 0
1697188613.8528225 2.0 0.1 0.0 0
1697188613.913418 2.0 0.1 0.0 0
1697188613.9816566 2.0 0.1 0.0 0
1697188614.0499551 2.0 0.1 0.0 0
1697188614.1322436 2.0 0.1 0.0 0
1697188614.2616525 2.0 0.1 0.0 0
1697188614.3918514 2.0 0.1 0.0 0
1697188614.507995 2.0 0.1 0.0 0
1697188614.5753882 2.0 0.1 0.0 0
1697188614.6375988 2.0 0.1 0.0 0
1697188614.7149951 2.0 0.1 0.0 0
1697188614.7724085 2.0 0.1 0.0 0
1697188614.842941 2.0 0.1 0.0 0
1697188614.909111 2.0 0.1 0.0 0
1697188614.974669 2.0 0.1 0.0 0
1697188615.0929515 2.0 0.1 0.0 0
1697188615.189585 2.0 0.1 0.0 0
1697188615.255015 2.0 0.1 0.0 0
1697188615.3150883 2.0 0.1 0.0 0
1697188615.3905795 2.0 0.1 0.0 0
1697188615.458838 2.0 0.1 0.0 0
1697188615.5258884 2.0 0.1 0.0 0
1697188615.645568 2.0 0.1 0.0 0
1697188615.7325249 2.0 0.1 0.0 0
1697188615.8008192 2.0 0.1 0.0 0
1697188615.8675666 2.0 0.1 0.0 0
1697188615.9320722 2.0 0.1 0.0 0
1697188615.9930193 2.0 0.1 0.0 0
1697188616.062711 2.0 0.1 0.0 0
1697188616.1300557 2.0 0.1 0.0 0
1697188616.1960478 2.0 0.1 0.0 0
1697188616.2626507 2.0 0.1 0.0 0
1697188616.3880794 2.0 0.1 0.0 0
1697188616.475468 2.0 0.1 0.0 0
1697188616.5512815 2.0 0.1 0.0 0
1697188616.6133885 2.0 0.1 0.0 0
1697188616.6784241 2.0 0.1 0.0 0
1697188616.7369134 2.0 0.1 0.0 0
1697188616.8022926 2.0 0.1 0.0 0
1697188616.9142358 2.0 0.1 0.0 0
1697188617.034139 2.0 0.1 0.0 0
1697188617.154912 2.0 0.1 0.0 0
1697188617.2834663 2.0 0.1 0.0 0
1697188617.362999 2.0 0.1 0.0 0
1697188617.4341931 2.0 0.1 0.0 0
1697188617.553765 2.0 0.1 0.0 0
1697188617.6638556 2.0 0.1 0.0 0
1697188617.7290418 2.0 0.1 0.0 0
1697188617.8035297 2.0 0.1 0.0 0
1697188617.8791692 2.0 0.1 0.0 0
1697188617.974633 2.0 0.1 0.0 0
1697188618.0651662 2.0 0.1 0.0 0
1697188618.137497 2.0 0.1 0.0 0
1697188618.201987 2.0 0.1 0.0 0
1697188618.268966 2.0 0.1 0.0 0
1697188618.330427 2.0 0.1 0.0 0
1697188618.399443 2.0 0.1 0.0 0
1697188618.4951038 2.0 0.1 0.0 0
1697188618.561878 2.0 0.1 0.0 0
1697188618.622212 2.0 0.1 0.0 0
1697188618.6874585 2.0 0.1 0.0 0
1697188618.7505617 2.0 0.1 0.0 0
1697188618.8102007 2.0 0.1 0.0 0
1697188618.9033825 2.0 0.1 0.0 0
1697188618.9670668 2.0 0.1 0.0 0
1697188619.0267503 2.0 0.1 0.0 0
1697188619.094799 2.0 0.1 0.0 0
1697188619.1583867 2.0 0.1 0.0 0
1697188619.2246268 2.0 0.1 0.0 0
1697188619.3528445 2.0 0.1 0.0 0
1697188619.470677 2.0 0.1 0.0 0
1697188619.5749836 2.0 0.1 0.0 0
1697188619.6435611 2.0 0.1 0.0 0
1697188619.7186434 2.0 0.1 0.0 0
1697188619.7793198 2.0 0.1 0.0 0
1697188619.8476498 2.0 0.1 0.0 0
1697188619.9447293 2.0 0.1 0.0 0
1697188620.0214763 2.0 0.1 0.0 0
1697188620.09439 2.0 0.1 0.0 0
1697188620.164123 2.0 0.1 0.0 0
1697188620.2236497 2.0 0.1 0.0 0
1697188620.296719 2.0 0.1 0.0 0
1697188620.3683803 2.0 0.1 0.0 0
1697188620.4328504 2.0 0.1 0.0 0
1697188620.5357385 2.0 0.1 0.0 0
1697188620.603971 2.0 0.1 0.0 0
1697188620.6711383 2.0 0.1 0.0 0
1697188620.7484896 2.0 0.1 0.0 0
1697188620.8261542 2.0 0.1 0.0 0
1697188620.8896143 2.0 0.1 0.0 0
1697188621.0111387 2.0 0.1 0.0 0
1697188621.0810258 2.0 0.1 0.0 0
1697188621.154711 2.0 0.1 0.0 0
1697188621.2643065 2.0 0.1 0.0 0
1697188621.3523283 2.0 0.1 0.0 0
1697188621.4077177 2.0 0.1 0.0 0
1697188621.4711883 2.0 0.1 0.0 0
1697188621.5290508 2.0 0.1 0.0 0
1697188621.5914617 2.0 0.1 0.0 0
1697188621.647581 2.0 0.1 0.0 0
1697188621.7103121 2.0 0.1 0.0 0
1697188621.7748075 2.0 0.1 0.0 0
1697188621.8430395 2.0 0.1 0.0 0
1697188621.9081652 2.0 0.1 0.0 0
1697188621.9649482 2.0 0.1 0.0 0
1697188622.0383182 2.0 0.1 0.0 0
1697188622.1046913 2.0 0.1 0.0 0
1697188622.1300962 2.0 0.1 0.0 0
1697188622.1586719 2.0 0.1 0.0 0
1697188622.2088914 2.0 0.1 0.0 0
1697188622.2588015 2.0 0.1 0.0 0
1697188622.3183694 2.0 0.1 0.0 0
1697188622.422568 2.0 0.1 0.0 0
1697188622.5017998 2.0 0.1 0.0 0
1697188622.561099 2.0 0.1 0.0 0
1697188622.6242447 2.0 0.1 0.0 0
1697188622.6874077 2.0 0.1 0.0 0
1697188622.7434225 2.0 0.1 0.0 0
1697188622.8111267 2.0 0.1 0.0 0
1697188622.8754568 2.0 0.1 0.0 0
1697188622.940679 2.0 0.1 0.0 0
1697188623.0279589 2.0 0.1 0.0 0
1697188623.0593164 2.0 0.1 0.0 0
1697188623.1210363 2.0 0.1 0.0 0
1697188623.182289 2.0 0.1 0.0 0
1697188623.2740178 2.0 0.1 0.0 0
1697188623.3493938 2.0 0.1 0.0 0
1697188623.4143527 2.0 0.1 0.0 0
1697188623.492653 2.0 0.1 0.0 0
1697188623.5727534 2.0 0.1 0.0 0
1697188623.6392064 2.0 0.1 0.0 0
1697188623.7064712 2.0 0.1 0.0 0
1697188623.783658 2.0 0.1 0.0 0
1697188623.8596811 2.0 0.1 0.0 0
1697188623.9236858 2.0 0.1 0.0 0
1697188623.9878151 2.0 0.1 0.0 0
1697188624.0517275 2.0 0.1 0.0 0
1697188624.1150792 2.0 0.1 0.0 0
1697188624.1808527 2.0 0.1 0.0 0
1697188624.2458615 2.0 0.1 0.0 0
1697188624.306391 2.0 0.1 0.0 0
1697188624.4264247 2.0 0.1 0.0 0
1697188624.5478687 2.0 0.1 0.0 0
1697188624.6215582 2.0 0.1 0.0 0
1697188624.68595 2.0 0.1 0.0 0
1697188624.7490122 2.0 0.1 0.0 0
1697188624.8234239 2.0 0.1 0.0 0
1697188624.9132469 2.0 0.1 0.0 0
1697188624.980884 2.0 0.1 0.0 0
1697188625.0542552 2.0 0.1 0.0 0
1697188625.1332064 2.0 0.1 0.0 0
1697188625.2217572 2.0 0.1 0.0 0
1697188625.2835705 2.0 0.1 0.0 0
1697188625.348936 2.0 0.1 0.0 0
1697188625.4176464 2.0 0.1 0.0 0
1697188625.4877775 2.0 0.1 0.0 0
1697188625.601242 2.0 0.1 0.0 0
1697188625.6820762 2.0 0.1 0.0 0
1697188625.7404344 2.0 0.1 0.0 0
1697188625.8039358 2.0 0.1 0.0 0
1697188625.86815 2.0 0.1 0.0 0
1697188625.9265852 2.0 0.1 0.0 0
1697188626.0007184 2.0 0.1 0.0 0
1697188626.0760212 2.0 0.1 0.0 0
1697188626.1365278 2.0 0.1 0.0 0
1697188626.2318215 2.0 0.1 0.0 0
1697188626.2970538 2.0 0.1 0.0 0
1697188626.3661778 2.0 0.1 0.0 0
1697188626.4318497 2.0 0.1 0.0 0
1697188626.5022361 2.0 0.1 0.0 0
1697188626.5703907 2.0 0.1 0.0 0
1697188626.6298215 2.0 0.1 0.0 0
1697188626.693164 2.0 0.1 0.0 0
1697188626.7543273 2.0 0.1 0.0 0
1697188626.834696 2.0 0.1 0.0 0
1697188626.915588 2.0 0.1 0.0 0
1697188626.9792387 2.0 0.1 0.0 0
1697188627.0378397 2.0 0.1 0.0 0
1697188627.0998256 2.0 0.1 0.0 0
1697188627.1616614 2.0 0.1 0.0 0
1697188627.2295604 2.0 0.1 0.0 0
1697188627.2979074 2.0 0.1 0.0 0
1697188627.3579652 2.0 0.1 0.0 0
1697188627.4295945 2.0 0.1 0.0 0
1697188627.4976923 2.0 0.1 0.0 0
1697188627.566157 2.0 0.1 0.0 0
1697188627.628486 2.0 0.1 0.0 0
1697188627.7094877 2.0 0.1 0.0 0
1697188627.76977 2.0 0.1 0.0 0
1697188627.8375695 2.0 0.1 0.0 0
1697188627.8991857 2.0 0.1 0.0 0
1697188627.956228 2.0 0.1 0.0 0
1697188628.0181289 2.0 0.1 0.0 0
1697188628.0838077 2.0 0.1 0.0 0
1697188628.1462505 2.0 0.1 0.0 0
1697188628.2109456 2.0 0.1 0.0 0
1697188628.2664907 2.0 0.1 0.0 0
1697188628.327922 2.0 0.1 0.0 0
1697188628.391542 2.0 0.1 0.0 0
1697188628.4950001 2.0 0.1 0.0 0
1697188628.5543888 2.0 0.1 0.0 0
1697188628.619333 2.0 0.1 0.0 0
1697188628.6824644 2.0 0.1 0.0 0
1697188628.7516365 2.0 0.1 0.0 0
1697188628.81145 2.0 0.1 0.0 0
1697188628.882148 2.0 0.1 0.0 0
1697188628.9504406 2.0 0.1 0.0 0
1697188629.030031 2.0 0.1 0.0 0
1697188629.1035364 2.0 0.1 0.0 0
1697188629.1724179 2.0 0.1 0.0 0
1697188629.238042 2.0 0.1 0.0 0
1697188629.3109202 2.0 0.1 0.0 0
1697188629.3928382 2.0 0.1 0.0 0
1697188629.4561417 2.0 0.1 0.0 0
1697188629.515689 2.0 0.1 0.0 0
1697188629.5832772 2.0 0.1 0.0 0
1697188629.6429086 2.0 0.1 0.0 0
1697188629.710704 2.0 0.1 0.0 0
1697188629.773658 2.0 0.1 0.0 0
1697188629.8346405 2.0 0.1 0.0 0
1697188629.8963306 2.0 0.1 0.0 0
1697188629.9583585 2.0 0.1 0.0 0
1697188630.0341015 2.0 0.1 0.0 0
1697188630.0984237 2.0 0.1 0.0 0
1697188630.1763852 2.0 0.1 0.0 0
1697188630.2579823 2.0 0.1 0.0 0
1697188630.3188279 2.0 0.1 0.0 0
1697188630.3810842 2.0 0.1 0.0 0
1697188630.4489787 2.0 0.1 0.0 0
1697188630.5171568 2.0 0.1 0.0 0
1697188630.58163 2.0 0.1 0.0 0
1697188630.641272 2.0 0.1 0.0 0
1697188630.7143152 2.0 0.1 0.0 0
1697188630.7821767 2.0 0.1 0.0 0
1697188630.874645 2.0 0.1 0.0 0
1697188630.9518156 2.0 0.1 0.0 0
1697188631.015752 2.0 0.1 0.0 0
1697188631.0833662 2.0 0.1 0.0 0
1697188631.1457186 2.0 0.1 0.0 0
1697188631.2087646 2.0 0.1 0.0 0
1697188631.2719986 2.0 0.1 0.0 0
1697188631.3396597 2.0 0.1 0.0 0
1697188631.421126 2.0 0.1 0.0 0
1697188631.4975538 2.0 0.1 0.0 0
1697188631.5839272 2.0 0.1 0.0 0
1697188631.6649015 2.0 0.1 0.0 0
1697188631.7302883 2.0 0.1 0.0 0
1697188631.7987313 2.0 0.1 0.0 0
1697188631.8587894 2.0 0.1 0.0 0
1697188631.9234784 2.0 0.1 0.0 0
1697188631.9878597 2.0 0.1 0.0 0
1697188632.0683653 2.0 0.1 0.0 0
1697188632.1456158 2.0 0.1 0.0 0
1697188632.2100432 2.0 0.1 0.0 0
1697188632.2713318 2.0 0.1 0.0 0
1697188632.368535 2.0 0.1 0.0 0
1697188632.438978 2.0 0.1 0.0 0
1697188632.5067346 2.0 0.1 0.0 0
1697188632.5963044 2.0 0.1 0.0 0
1697188632.7201726 2.0 0.1 0.0 0
1697188632.8418803 2.0 0.1 0.0 0
1697188632.9046087 2.0 0.1 0.0 0
1697188632.970239 2.0 0.1 0.0 0
1697188633.0346754 2.0 0.1 0.0 0
1697188633.0945244 2.0 0.1 0.0 0
1697188633.1577322 2.0 0.1 0.0 0
1697188633.2172956 2.0 0.1 0.0 0
1697188633.2993252 2.0 0.1 0.0 0
1697188633.362762 2.0 0.1 0.0 0
1697188633.420702 2.0 0.1 0.0 0
1697188633.4864066 2.0 0.1 0.0 0
1697188633.5487454 2.0 0.1 0.0 0
1697188633.6072474 2.0 0.1 0.0 0
1697188633.6912599 2.0 0.1 0.0 0
1697188633.7581072 2.0 0.1 0.0 0
1697188633.8160064 2.0 0.1 0.0 0
1697188633.8771224 2.0 0.1 0.0 0
1697188633.9438732 2.0 0.1 0.0 0
1697188634.0028312 2.0 0.1 0.0 0
1697188634.0853739 2.0 0.1 0.0 0
1697188634.1504638 2.0 0.1 0.0 0
1697188634.22241 2.0 0.1 0.0 0
1697188634.2853072 2.0 0.1 0.0 0
1697188634.3464954 2.0 0.1 0.0 0
1697188634.4093487 2.0 0.1 0.0 0
1697188634.4863784 2.0 0.1 0.0 0
1697188634.5476983 2.0 0.1 0.0 0
1697188634.6118398 2.0 0.1 0.0 0
1697188634.6843438 2.0 0.1 0.0 0
1697188634.758339 2.0 0.1 0.0 0
1697188634.828924 2.0 0.1 0.0 0
1697188634.8992467 2.0 0.1 0.0 0
1697188634.9554238 2.0 0.1 0.0 0
1697188635.0134318 2.0 0.1 0.0 0
1697188635.0692692 2.0 0.1 0.0 0
1697188635.135703 2.0 0.1 0.0 0
1697188635.1902814 2.0 0.1 0.0 0
1697188635.263243 2.0 0.1 0.0 0
1697188635.3126903 2.0 0.1 0.0 0
1697188635.3496754 2.0 0.1 0.0 0
1697188635.390432 2.0 0.1 0.0 0
1697188635.4406376 2.0 0.1 0.0 0
1697188635.4919984 2.0 0.1 0.0 0
1697188635.553656 2.0 0.1 0.0 0
1697188635.6180978 2.0 0.1 0.0 0
1697188635.6732535 2.0 0.1 0.0 0
1697188635.7223322 2.0 0.1 0.0 0
1697188635.775533 2.0 0.1 0.0 0
1697188635.8226662 2.0 0.1 0.0 0
1697188635.8704715 2.0 0.1 0.0 0
1697188635.9230492 2.0 0.1 0.0 0
1697188635.954942 2.0 0.1 0.0 0
1697188636.0007236 2.0 0.1 0.0 0
1697188636.050753 2.0 0.1 0.0 0
1697188636.1010914 2.0 0.1 0.0 0
1697188636.1578107 2.0 0.1 0.0 0
1697188636.2017472 2.0 0.1 0.0 0
1697188636.2523828 2.0 0.1 0.0 0
1697188636.3021228 2.0 0.1 0.0 0
1697188636.3523893 2.0 0.1 0.0 0
1697188636.4024086 2.0 0.1 0.0 0
1697188636.4526992 2.0 0.1 0.0 0
1697188636.5046887 2.0 0.1 0.0 0
1697188636.5565195 2.0 0.1 0.0 0
1697188636.6059823 2.0 0.1 0.0 0
1697188636.6567519 2.0 0.1 0.0 0
1697188636.7067487 2.0 0.1 0.0 0
1697188636.756701 2.0 0.1 0.0 0
1697188636.8070536 2.0 0.1 0.0 0
1697188636.8652189 2.0 0.1 0.0 0
1697188636.9173813 2.0 0.1 0.0 0
1697188636.9660945 2.0 0.1 0.0 0
1697188637.0097241 2.0 0.1 0.0 0
1697188637.059583 2.0 0.1 0.0 0
1697188637.1126149 2.0 0.1 0.0 0
1697188637.1685405 2.0 0.1 0.0 0
1697188637.2230043 2.0 0.1 0.0 0
1697188637.2723382 2.0 0.1 0.0 0
1697188637.3252988 2.0 0.1 0.0 0
1697188637.379444 2.0 0.1 0.0 0
1697188637.4308517 2.0 0.1 0.0 0
1697188637.4943547 2.0 0.1 0.0 0
1697188637.5465991 2.0 0.1 0.0 0
1697188637.6017098 2.0 0.1 0.0 0
1697188637.6516287 2.0 0.1 0.0 0
1697188637.7037106 2.0 0.1 0.0 0
1697188637.7543948 2.0 0.1 0.0 0
1697188637.8073041 2.0 0.1 0.0 0
1697188637.864058 2.0 0.1 0.0 0
1697188637.9164295 2.0 0.1 0.0 0
1697188637.979802 2.0 0.1 0.0 0
1697188638.0194328 2.0 0.1 0.0 0
1697188638.0677571 2.0 0.1 0.0 0
1697188638.171043 2.0 0.1 0.0 0
1697188638.2323804 2.0 0.1 0.0 0
1697188638.3098376 2.0 0.1 0.0 0
1697188638.3905835 2.0 0.1 0.0 0
1697188638.4509106 2.0 0.1 0.0 0
1697188638.5170393 2.0 0.1 0.0 0
1697188638.5561318 2.0 0.1 0.0 0
1697188638.6090455 2.0 0.1 0.0 0
1697188638.6590493 2.0 0.1 0.0 0
1697188638.7233791 2.0 0.1 0.0 0
1697188638.7792976 2.0 0.1 0.0 0
1697188638.9250028 2.0 0.1 0.0 0
1697188638.9908826 2.0 0.1 0.0 0
1697188639.0582867 2.0 0.1 0.0 0
1697188639.114207 2.0 0.1 0.0 0
1697188639.167506 2.0 0.1 0.0 0
1697188639.2248962 2.0 0.1 0.0 0
1697188639.285466 2.0 0.1 0.0 0
1697188639.3607411 2.0 0.1 0.0 0
1697188639.4198234 2.0 0.1 0.0 0
1697188639.4832227 2.0 0.1 0.0 0
1697188639.5521877 2.0 0.1 0.0 0
1697188639.6284943 2.0 0.1 0.0 0
1697188639.681861 2.0 0.1 0.0 0
1697188639.741941 2.0 0.1 0.0 0
1697188639.7938797 2.0 0.1 0.0 0
1697188639.844888 2.0 0.1 0.0 0
1697188639.8992844 2.0 0.1 0.0 0
1697188639.9520755 2.0 0.1 0.0 0
1697188640.0178254 2.0 0.1 0.0 0
1697188640.0694346 2.0 0.1 0.0 0
1697188640.1238089 2.0 0.1 0.0 0
1697188640.1806116 2.0 0.1 0.0 0
1697188640.2414749 2.0 0.1 0.0 0
1697188640.3024716 2.0 0.1 0.0 0
1697188640.3544362 2.0 0.1 0.0 0
1697188640.4041033 2.0 0.1 0.0 0
1697188640.4535027 2.0 0.1 0.0 0
1697188640.5126874 2.0 0.1 0.0 0
1697188640.5670245 2.0 0.1 0.0 0
1697188640.6240525 2.0 0.1 0.0 0
1697188640.6903007 2.0 0.1 0.0 0
1697188640.7407172 2.0 0.1 0.0 0
1697188640.8068533 2.0 0.1 0.0 0
1697188640.8643672 2.0 0.1 0.0 0
1697188640.9211266 2.0 0.1 0.0 0
1697188640.9759495 2.0 0.1 0.0 0
1697188641.0361683 2.0 0.1 0.0 0
1697188641.1009302 2.0 0.1 0.0 0
1697188641.1654801 2.0 0.1 0.0 0
1697188641.2225811 2.0 0.1 0.0 0
1697188641.2766287 2.0 0.1 0.0 0
1697188641.3389964 2.0 0.1 0.0 0
1697188641.3920958 2.0 0.1 0.0 0
1697188641.4477952 2.0 0.1 0.0 0
1697188641.5217748 2.0 0.1 0.0 0
1697188641.5857031 2.0 0.1 0.0 0
1697188641.648841 2.0 0.1 0.0 0
1697188641.7081308 2.0 0.1 0.0 0
1697188641.765211 2.0 0.1 0.0 0
1697188641.8240786 2.0 0.1 0.0 0
1697188641.883708 2.0 0.1 0.0 0
1697188641.9448664 2.0 0.1 0.0 0
1697188642.0105274 2.0 0.1 0.0 0
1697188642.0655236 2.0 0.1 0.0 0
1697188642.1281226 2.0 0.1 0.0 0
1697188642.2251039 2.0 0.1 0.0 0
1697188642.290069 2.0 0.1 0.0 0
1697188642.3461788 2.0 0.1 0.0 0
1697188642.4265265 2.0 0.1 0.0 0
1697188642.489798 2.0 0.1 0.0 0
1697188642.5487514 2.0 0.1 0.0 0
1697188642.6181688 2.0 0.1 0.0 0
1697188642.6840963 2.0 0.1 0.0 0
1697188642.742466 2.0 0.1 0.0 0
1697188642.8081899 2.0 0.1 0.0 0
1697188642.918067 2.0 0.1 0.0 0
1697188642.998645 2.0 0.1 0.0 0
1697188643.0758479 2.0 0.1 0.0 0
1697188643.1845706 2.0 0.1 0.0 0
1697188643.2858894 2.0 0.1 0.0 0
1697188643.3571873 2.0 0.1 0.0 0
1697188643.4237597 2.0 0.1 0.0 0
1697188643.531043 2.0 0.1 0.0 0
1697188643.646533 2.0 0.1 0.0 0
1697188643.7245781 2.0 0.1 0.0 0
1697188643.7975311 2.0 0.1 0.0 0
1697188643.8596578 2.0 0.1 0.0 0
1697188643.9257293 2.0 0.1 0.0 0
1697188643.9904385 2.0 0.1 0.0 0
1697188644.0593016 2.0 0.1 0.0 0
1697188644.1215875 2.0 0.1 0.0 0
1697188644.1848567 2.0 0.1 0.0 0
1697188644.2471561 2.0 0.1 0.0 0
1697188644.3078887 2.0 0.1 0.0 0
1697188644.3722248 2.0 0.1 0.0 0
1697188644.4394083 2.0 0.1 0.0 0
1697188644.5098476 2.0 0.1 0.0 0
1697188644.5733736 2.0 0.1 0.0 0
1697188644.6418371 2.0 0.1 0.0 0
1697188644.7083848 2.0 0.1 0.0 0
1697188644.767326 2.0 0.1 0.0 0
1697188644.8363786 2.0 0.1 0.0 0
1697188644.901854 2.0 0.1 0.0 0
1697188644.9616416 2.0 0.1 0.0 0
1697188645.0450082 2.0 0.1 0.0 0
1697188645.1062286 2.0 0.1 0.0 0
1697188645.186782 2.0 0.1 0.0 0
1697188645.2584887 2.0 0.1 0.0 0
1697188645.3203044 2.0 0.1 0.0 0
1697188645.3848133 2.0 0.1 0.0 0
1697188645.449724 2.0 0.1 0.0 0
1697188645.5198498 2.0 0.1 0.0 0
1697188645.5924556 2.0 0.1 0.0 0
1697188645.6568694 2.0 0.1 0.0 0
1697188645.7225485 2.0 0.1 0.0 0
1697188645.8063066 2.0 0.1 0.0 0
1697188645.8826535 2.0 0.1 0.0 0
1697188645.9444375 2.0 0.1 0.0 0
1697188646.0048735 2.0 0.1 0.0 0
1697188646.0722785 2.0 0.1 0.0 0
1697188646.1316383 2.0 0.1 0.0 0
1697188646.197699 2.0 0.1 0.0 0
1697188646.260382 2.0 0.1 0.0 0
1697188646.3191566 2.0 0.1 0.0 0
1697188646.406482 2.0 0.1 0.0 0
1697188646.4725869 2.0 0.1 0.0 0
1697188646.5339713 2.0 0.1 0.0 0
1697188646.5988753 2.0 0.1 0.0 0
1697188646.6674285 2.0 0.1 0.0 0
1697188646.736203 2.0 0.1 0.0 0
1697188646.7962856 2.0 0.1 0.0 0
1697188646.8524632 2.0 0.1 0.0 0
1697188646.9559793 2.0 0.1 0.0 0
1697188647.0228305 2.0 0.1 0.0 0
1697188647.0809255 2.0 0.1 0.0 0
1697188647.1415405 2.0 0.1 0.0 0
1697188647.2062504 2.0 0.1 0.0 0
1697188647.2683177 2.0 0.1 0.0 0
1697188647.3331509 2.0 0.1 0.0 0
1697188647.394556 2.0 0.1 0.0 0
1697188647.457625 2.0 0.1 0.0 0
1697188647.513705 2.0 0.1 0.0 0
1697188647.5771015 2.0 0.1 0.0 0
1697188647.637767 2.0 0.1 0.0 0
1697188647.711422 2.0 0.1 0.0 0
1697188647.7745025 2.0 0.1 0.0 0
1697188647.8401752 2.0 0.1 0.0 0
1697188647.898825 2.0 0.1 0.0 0
1697188647.9747412 2.0 0.1 0.0 0
1697188648.0398526 2.0 0.1 0.0 0
1697188648.1048503 2.0 0.1 0.0 0
1697188648.177439 2.0 0.1 0.0 0
1697188648.247073 2.0 0.1 0.0 0
1697188648.3126616 2.0 0.1 0.0 0
1697188648.3751497 2.0 0.1 0.0 0
1697188648.4370728 2.0 0.1 0.0 0
1697188648.5052068 2.0 0.1 0.0 0
1697188648.5712104 2.0 0.1 0.0 0
1697188648.6330576 2.0 0.1 0.0 0
1697188648.6986651 2.0 0.1 0.0 0
1697188648.7799265 2.0 0.1 0.0 0
1697188648.8492155 2.0 0.1 0.0 0
1697188648.9134026 2.0 0.1 0.0 0
1697188648.9825444 2.0 0.1 0.0 0
1697188649.0527034 2.0 0.1 0.0 0
1697188649.1104474 2.0 0.1 0.0 0
1697188649.172891 2.0 0.1 0.0 0
1697188649.2373629 2.0 0.1 0.0 0
1697188649.307922 2.0 0.1 0.0 0
1697188649.3715405 2.0 0.1 0.0 0
1697188649.4344385 2.0 0.1 0.0 0
1697188649.4973931 2.0 0.1 0.0 0
1697188649.5674493 2.0 0.1 0.0 0
1697188649.6311498 2.0 0.1 0.0 0
1697188649.6897876 2.0 0.1 0.0 0
1697188649.7476013 2.0 0.1 0.0 0
1697188649.817048 2.0 0.1 0.0 0
1697188649.8769805 2.0 0.1 0.0 0
1697188649.990134 2.0 0.1 0.0 0
1697188650.0710657 2.0 0.1 0.0 0
1697188650.133943 2.0 0.1 0.0 0
1697188650.2107797 2.0 0.1 0.0 0
1697188650.2909067 2.0 0.1 0.0 0
