1697176606.3244386 2 0.1 0 0
1697176606.6241612 2.0 0.1 0.0 0
1697176606.7577488 2.0 0.1 0.0 0
1697176606.7967088 2.0 0.1 0.0 0
1697176606.8348246 2.0 0.1 0.0 0
1697176606.8767838 2.0 0.1 0.0 0
1697176606.917824 2.0 0.1 0.0 0
1697176606.949111 2.0 0.1 0.0 0
1697176606.9807808 2.0 0.1 0.0 0
1697176607.0306847 2.0 0.1 0.0 0
1697176607.0811024 2.0 0.1 0.0 0
1697176607.132316 2.0 0.1 0.0 0
1697176607.182317 2.0 0.1 0.0 0
1697176607.2331276 2.0 0.1 0.0 0
1697176607.2834606 2.0 0.1 0.0 0
1697176607.3346894 2.0 0.1 0.0 0
1697176607.3851027 2.0 0.1 0.0 0
1697176607.4351954 2.0 0.1 0.0 0
1697176607.4854178 2.0 0.1 0.0 0
1697176607.5356333 2.0 0.1 0.0 0
1697176607.5859363 2.0 0.1 0.0 0
1697176607.63604 2.0 0.1 0.0 0
1697176607.6863327 2.0 0.1 0.0 0
1697176607.7370408 2.0 0.1 0.0 0
1697176607.7884378 2.0 0.1 0.0 0
1697176607.8400168 2.0 0.1 0.0 0
1697176607.8893938 2.0 0.1 0.0 0
1697176607.9380562 2.0 0.1 0.0 0
1697176607.9881408 2.0 0.1 0.0 0
1697176608.0407937 2.0 0.1 0.0 0
1697176608.0939121 2.0 0.1 0.0 0
1697176608.1417344 2.0 0.1 0.0 0
1697176608.1923811 2.0 0.1 0.0 0
1697176608.2405903 2.0 0.1 0.0 0
1697176608.2901895 2.0 0.1 0.0 0
1697176608.339825 2.0 0.1 0.0 0
1697176608.3928277 2.0 0.1 0.0 0
1697176608.4429142 2.0 0.1 0.0 0
1697176608.492643 2.0 0.1 0.0 0
1697176608.542418 2.0 0.1 0.0 0
1697176608.5929608 2.0 0.1 0.0 0
1697176608.642387 2.0 0.1 0.0 0
1697176608.6955245 2.0 0.1 0.0 0
1697176608.7460256 2.0 0.1 0.0 0
1697176608.796524 2.0 0.1 0.0 0
1697176608.8460789 2.0 0.1 0.0 0
1697176608.8968484 2.0 0.1 0.0 0
1697176608.9496799 2.0 0.1 0.0 0
1697176608.9970555 2.0 0.1 0.0 0
1697176609.047249 2.0 0.1 0.0 0
1697176609.099651 2.0 0.1 0.0 0
1697176609.1531239 2.0 0.1 0.0 0
1697176609.215252 2.0 0.1 0.0 0
1697176609.253993 2.0 0.1 0.0 0
1697176609.3028748 2.0 0.1 0.0 0
1697176609.3544242 2.0 0.1 0.0 0
1697176609.4049869 2.0 0.1 0.0 0
1697176609.4543083 2.0 0.1 0.0 0
1697176609.5046437 2.0 0.1 0.0 0
1697176609.5539563 2.0 0.1 0.0 0
1697176609.604052 2.0 0.1 0.0 0
1697176609.6543946 2.0 0.1 0.0 0
1697176609.7057762 2.0 0.1 0.0 0
1697176609.7566147 2.0 0.1 0.0 0
1697176609.808368 2.0 0.1 0.0 0
1697176609.8574755 2.0 0.1 0.0 0
1697176609.9102 2.0 0.1 0.0 0
1697176609.9604714 2.0 0.1 0.0 0
1697176610.0097175 2.0 0.1 0.0 0
1697176610.0630891 2.0 0.1 0.0 0
1697176610.112767 2.0 0.1 0.0 0
1697176610.162614 2.0 0.1 0.0 0
1697176610.212819 2.0 0.1 0.0 0
1697176610.2634616 2.0 0.1 0.0 0
1697176610.3166409 2.0 0.1 0.0 0
1697176610.3630443 2.0 0.1 0.0 0
1697176610.413098 2.0 0.1 0.0 0
1697176610.4670227 2.0 0.1 0.0 0
1697176610.5200822 2.0 0.1 0.0 0
1697176610.5690675 2.0 0.1 0.0 0
1697176610.6185608 2.0 0.1 0.0 0
1697176610.6686366 2.0 0.1 0.0 0
1697176610.7211444 2.0 0.1 0.0 0
1697176610.769763 2.0 0.1 0.0 0
1697176610.8208854 2.0 0.1 0.0 0
1697176610.8707833 2.0 0.1 0.0 0
1697176610.9213192 2.0 0.1 0.0 0
1697176610.9714031 2.0 0.1 0.0 0
1697176611.021066 2.0 0.1 0.0 0
1697176611.0714207 2.0 0.1 0.0 0
1697176611.1217341 2.0 0.1 0.0 0
1697176611.171801 2.0 0.1 0.0 0
1697176611.2250159 2.0 0.1 0.0 0
1697176611.2778785 2.0 0.1 0.0 0
1697176611.33365 2.0 0.1 0.0 0
1697176611.3807535 2.0 0.1 0.0 0
1697176611.4294753 2.0 0.1 0.0 0
1697176611.4784045 2.0 0.1 0.0 0
1697176611.5281837 2.0 0.1 0.0 0
1697176611.5785446 2.0 0.1 0.0 0
1697176611.6290221 2.0 0.1 0.0 0
1697176611.6795602 2.0 0.1 0.0 0
1697176611.7300494 2.0 0.1 0.0 0
1697176611.779965 2.0 0.1 0.0 0
1697176611.8296616 2.0 0.1 0.0 0
1697176611.87979 2.0 0.1 0.0 0
1697176611.930908 2.0 0.1 0.0 0
1697176611.9816937 2.0 0.1 0.0 0
1697176612.0321262 2.0 0.1 0.0 0
1697176612.0848527 2.0 0.1 0.0 0
1697176612.137235 2.0 0.1 0.0 0
