1697192530.759336 2 0.1 0 0
1697192530.952015 2.0 0.1 0.0 0
1697192531.0635614 2.0 0.1 0.0 0
1697192531.083195 2.0 0.1 0.0 0
1697192531.1095676 2.0 0.1 0.0 0
1697192531.1512876 2.0 0.1 0.0 0
1697192531.2014477 2.0 0.1 0.0 0
1697192531.251638 2.0 0.1 0.0 0
1697192531.3014843 2.0 0.1 0.0 0
1697192531.3518806 2.0 0.1 0.0 0
1697192531.4020462 2.0 0.1 0.0 0
1697192531.4519176 2.0 0.1 0.0 0
1697192531.5019796 2.0 0.1 0.0 0
1697192531.5522788 2.0 0.1 0.0 0
1697192531.6022713 2.0 0.1 0.0 0
1697192531.6524858 2.0 0.1 0.0 0
1697192531.7025435 2.0 0.1 0.0 0
1697192531.7527454 2.0 0.1 0.0 0
1697192531.8027627 2.0 0.1 0.0 0
1697192531.853059 2.0 0.1 0.0 0
1697192531.9034858 2.0 0.1 0.0 0
1697192531.95315 2.0 0.1 0.0 0
1697192532.0037458 2.0 0.1 0.0 0
1697192532.0537071 2.0 0.1 0.0 0
1697192532.1039293 2.0 0.1 0.0 0
1697192532.1541936 2.0 0.1 0.0 0
1697192532.2040355 2.0 0.1 0.0 0
1697192532.254253 2.0 0.1 0.0 0
1697192532.304805 2.0 0.1 0.0 0
1697192532.3553028 2.0 0.1 0.0 0
1697192532.404915 2.0 0.1 0.0 0
1697192532.4550405 2.0 0.1 0.0 0
1697192532.5050652 2.0 0.1 0.0 0
1697192532.555256 2.0 0.1 0.0 0
1697192532.605117 2.0 0.1 0.0 0
1697192532.6556332 2.0 0.1 0.0 0
1697192532.7058167 2.0 0.1 0.0 0
1697192532.7559004 2.0 0.1 0.0 0
1697192532.8062131 2.0 0.1 0.0 0
1697192532.8559923 2.0 0.1 0.0 0
1697192532.9061768 2.0 0.1 0.0 0
1697192532.9561512 2.0 0.1 0.0 0
1697192533.0061924 2.0 0.1 0.0 0
1697192533.0564384 2.0 0.1 0.0 0
1697192533.10659 2.0 0.1 0.0 0
1697192533.1569383 2.0 0.1 0.0 0
1697192533.2070298 2.0 0.1 0.0 0
1697192533.257126 2.0 0.1 0.0 0
1697192533.3073194 2.0 0.1 0.0 0
1697192533.3570457 2.0 0.1 0.0 0
1697192533.4075074 2.0 0.1 0.0 0
1697192533.457657 2.0 0.1 0.0 0
1697192533.5080774 2.0 0.1 0.0 0
1697192533.558047 2.0 0.1 0.0 0
1697192533.6082983 2.0 0.1 0.0 0
1697192533.6582322 2.0 0.1 0.0 0
1697192533.708352 2.0 0.1 0.0 0
1697192533.758629 2.0 0.1 0.0 0
1697192533.8088062 2.0 0.1 0.0 0
1697192533.8594177 2.0 0.1 0.0 0
1697192533.9092429 2.0 0.1 0.0 0
1697192533.9591548 2.0 0.1 0.0 0
1697192534.009069 2.0 0.1 0.0 0
1697192534.059076 2.0 0.1 0.0 0
1697192534.1092584 2.0 0.1 0.0 0
1697192534.1600037 2.0 0.1 0.0 0
1697192534.209946 2.0 0.1 0.0 0
1697192534.260158 2.0 0.1 0.0 0
1697192534.3101678 2.0 0.1 0.0 0
1697192534.3602312 2.0 0.1 0.0 0
1697192534.410635 2.0 0.1 0.0 0
1697192534.460847 2.0 0.1 0.0 0
1697192534.5111027 2.0 0.1 0.0 0
1697192534.561086 2.0 0.1 0.0 0
1697192534.6115215 2.0 0.1 0.0 0
1697192534.6614723 2.0 0.1 0.0 0
1697192534.7115786 2.0 0.1 0.0 0
1697192534.7616758 2.0 0.1 0.0 0
1697192534.8116796 2.0 0.1 0.0 0
1697192534.8618362 2.0 0.1 0.0 0
1697192534.9122622 2.0 0.1 0.0 0
1697192534.9624155 2.0 0.1 0.0 0
1697192535.0130155 2.0 0.1 0.0 0
1697192535.062686 2.0 0.1 0.0 0
1697192535.1129143 2.0 0.1 0.0 0
1697192535.1629128 2.0 0.1 0.0 0
1697192535.2129881 2.0 0.1 0.0 0
1697192535.2633293 2.0 0.1 0.0 0
1697192535.3133895 2.0 0.1 0.0 0
1697192535.3639352 2.0 0.1 0.0 0
1697192535.4139712 2.0 0.1 0.0 0
1697192535.464036 2.0 0.1 0.0 0
1697192535.514119 2.0 0.1 0.0 0
1697192535.5643704 2.0 0.1 0.0 0
1697192535.614117 2.0 0.1 0.0 0
1697192535.6644683 2.0 0.1 0.0 0
1697192535.7146492 2.0 0.1 0.0 0
1697192535.7647953 2.0 0.1 0.0 0
1697192535.814873 2.0 0.1 0.0 0
1697192535.8650644 2.0 0.1 0.0 0
1697192535.9150765 2.0 0.1 0.0 0
1697192535.965146 2.0 0.1 0.0 0
1697192536.0156503 2.0 0.1 0.0 0
1697192536.0656552 2.0 0.1 0.0 0
1697192536.116081 2.0 0.1 0.0 0
1697192536.1660976 2.0 0.1 0.0 0
1697192536.2159567 2.0 0.1 0.0 0
1697192536.2663634 2.0 0.1 0.0 0
1697192536.3160996 2.0 0.1 0.0 0
1697192536.3675375 2.0 0.1 0.0 0
1697192536.4163787 2.0 0.1 0.0 0
1697192536.466656 2.0 0.1 0.0 0
1697192536.517032 2.0 0.1 0.0 0
1697192536.5668485 2.0 0.1 0.0 0
1697192536.617041 2.0 0.1 0.0 0
1697192536.6677678 2.0 0.1 0.0 0
1697192536.7171898 2.0 0.1 0.0 0
