1697193996.505574 2 0.1 0 0
1697193996.698573 2.0 0.1 0.0 0
1697193996.8075922 2.0 0.1 0.0 0
1697193996.8328326 2.0 0.1 0.0 0
1697193996.858178 2.0 0.1 0.0 0
1697193996.8983717 2.0 0.1 0.0 0
1697193996.949035 2.0 0.1 0.0 0
1697193996.9989324 2.0 0.1 0.0 0
1697193997.0488408 2.0 0.1 0.0 0
1697193997.0990489 2.0 0.1 0.0 0
1697193997.1495488 2.0 0.1 0.0 0
1697193997.1995764 2.0 0.1 0.0 0
1697193997.2500129 2.0 0.1 0.0 0
1697193997.2998848 2.0 0.1 0.0 0
1697193997.3502054 2.0 0.1 0.0 0
1697193997.400038 2.0 0.1 0.0 0
1697193997.450215 2.0 0.1 0.0 0
