1697192494.85705 2 0.1 0 0
1697192495.0238135 2.0 0.1 0.0 0
1697192495.1293285 2.0 0.1 0.0 0
1697192495.1639528 2.0 0.1 0.0 0
1697192495.1822457 2.0 0.1 0.0 0
1697192495.223538 2.0 0.1 0.0 0
1697192495.2739267 2.0 0.1 0.0 0
1697192495.3237963 2.0 0.1 0.0 0
1697192495.374589 2.0 0.1 0.0 0
1697192495.4245431 2.0 0.1 0.0 0
1697192495.4741123 2.0 0.1 0.0 0
1697192495.5240126 2.0 0.1 0.0 0
1697192495.5740738 2.0 0.1 0.0 0
1697192495.6240764 2.0 0.1 0.0 0
1697192495.6751473 2.0 0.1 0.0 0
1697192495.7255032 2.0 0.1 0.0 0
1697192495.7760623 2.0 0.1 0.0 0
1697192495.8272753 2.0 0.1 0.0 0
1697192495.8777401 2.0 0.1 0.0 0
1697192495.9275687 2.0 0.1 0.0 0
1697192495.977946 2.0 0.1 0.0 0
1697192496.0280995 2.0 0.1 0.0 0
1697192496.0787003 2.0 0.1 0.0 0
1697192496.1287496 2.0 0.1 0.0 0
1697192496.1789243 2.0 0.1 0.0 0
1697192496.2295418 2.0 0.1 0.0 0
1697192496.279345 2.0 0.1 0.0 0
1697192496.3293674 2.0 0.1 0.0 0
1697192496.3795767 2.0 0.1 0.0 0
1697192496.4294882 2.0 0.1 0.0 0
1697192496.4805312 2.0 0.1 0.0 0
1697192496.5307708 2.0 0.1 0.0 0
1697192496.5811632 2.0 0.1 0.0 0
1697192496.631313 2.0 0.1 0.0 0
1697192496.6820874 2.0 0.1 0.0 0
1697192496.731579 2.0 0.1 0.0 0
1697192496.7828586 2.0 0.1 0.0 0
1697192496.832715 2.0 0.1 0.0 0
1697192496.8825674 2.0 0.1 0.0 0
1697192496.932167 2.0 0.1 0.0 0
1697192496.9825046 2.0 0.1 0.0 0
1697192497.0330367 2.0 0.1 0.0 0
1697192497.082877 2.0 0.1 0.0 0
1697192497.1327662 2.0 0.1 0.0 0
1697192497.1835341 2.0 0.1 0.0 0
1697192497.2332973 2.0 0.1 0.0 0
1697192497.2834082 2.0 0.1 0.0 0
1697192497.3336332 2.0 0.1 0.0 0
1697192497.3847234 2.0 0.1 0.0 0
1697192497.4351678 2.0 0.1 0.0 0
1697192497.4847202 2.0 0.1 0.0 0
1697192497.5376132 2.0 0.1 0.0 0
1697192497.587832 2.0 0.1 0.0 0
1697192497.6372738 2.0 0.1 0.0 0
1697192497.686956 2.0 0.1 0.0 0
1697192497.7370634 2.0 0.1 0.0 0
1697192497.787196 2.0 0.1 0.0 0
1697192497.8372972 2.0 0.1 0.0 0
1697192497.8880804 2.0 0.1 0.0 0
1697192497.938856 2.0 0.1 0.0 0
1697192497.9888072 2.0 0.1 0.0 0
1697192498.0382056 2.0 0.1 0.0 0
1697192498.088549 2.0 0.1 0.0 0
1697192498.1382775 2.0 0.1 0.0 0
1697192498.188047 2.0 0.1 0.0 0
1697192498.238198 2.0 0.1 0.0 0
1697192498.2910256 2.0 0.1 0.0 0
1697192498.3407655 2.0 0.1 0.0 0
1697192498.3905993 2.0 0.1 0.0 0
1697192498.4405742 2.0 0.1 0.0 0
1697192498.491063 2.0 0.1 0.0 0
1697192498.5406911 2.0 0.1 0.0 0
1697192498.5908785 2.0 0.1 0.0 0
1697192498.642166 2.0 0.1 0.0 0
1697192498.6918206 2.0 0.1 0.0 0
1697192498.7417257 2.0 0.1 0.0 0
1697192498.792708 2.0 0.1 0.0 0
1697192498.8423593 2.0 0.1 0.0 0
1697192498.8924913 2.0 0.1 0.0 0
1697192498.943258 2.0 0.1 0.0 0
1697192498.9936342 2.0 0.1 0.0 0
1697192499.0440023 2.0 0.1 0.0 0
1697192499.0937977 2.0 0.1 0.0 0
1697192499.1437166 2.0 0.1 0.0 0
1697192499.1940494 2.0 0.1 0.0 0
1697192499.2440398 2.0 0.1 0.0 0
1697192499.2944236 2.0 0.1 0.0 0
1697192499.3446028 2.0 0.1 0.0 0
1697192499.3948152 2.0 0.1 0.0 0
1697192499.4453137 2.0 0.1 0.0 0
1697192499.4959686 2.0 0.1 0.0 0
1697192499.546422 2.0 0.1 0.0 0
1697192499.596219 2.0 0.1 0.0 0
1697192499.6467724 2.0 0.1 0.0 0
1697192499.6971555 2.0 0.1 0.0 0
1697192499.7473793 2.0 0.1 0.0 0
1697192499.7984607 2.0 0.1 0.0 0
1697192499.8480444 2.0 0.1 0.0 0
