1697469320.2753592 2 0.1 0 0
1697469320.700343 2.0 0.1 0.0 0
1697469320.942726 2.0 0.1 0.0 0
1697469321.007496 2.0 0.1 0.0 0
1697469321.0719266 2.0 0.1 0.0 0
1697469321.1350741 2.0 0.1 0.0 0
1697469321.2054996 2.0 0.1 0.0 0
1697469321.2742646 2.0 0.1 0.0 0
1697469321.3350697 2.0 0.1 0.0 0
1697469321.3996825 2.0 0.1 0.0 0
1697469321.468366 2.0 0.1 0.0 0
1697469321.5393462 2.0 0.1 0.0 0
1697469321.628266 2.0 0.1 0.0 0
1697469321.7672408 2.0 0.1 0.0 0
1697469321.8602407 2.0 0.1 0.0 0
1697469321.9353514 2.0 0.1 0.0 0
1697469322.0699565 2.0 0.1 0.0 0
1697469322.1614444 2.0 0.1 0.0 0
1697469322.2729425 2.0 0.1 0.0 0
1697469322.3651922 2.0 0.1 0.0 0
1697469322.488227 2.0 0.1 0.0 0
1697469322.5572267 2.0 0.1 0.0 0
1697469322.6207745 2.0 0.1 0.0 0
1697469322.685239 2.0 0.1 0.0 0
1697469322.7510517 2.0 0.1 0.0 0
1697469322.8181093 2.0 0.1 0.0 0
1697469322.9129066 2.0 0.1 0.0 0
1697469323.025268 2.0 0.1 0.0 0
1697469323.1672916 2.0 0.1 0.0 0
1697469323.3059785 2.0 0.1 0.0 0
1697469323.4448671 2.0 0.1 0.0 0
1697469323.5210705 2.0 0.1 0.0 0
1697469323.6604018 2.0 0.1 0.0 0
1697469323.7609339 2.0 0.1 0.0 0
1697469323.822482 2.0 0.1 0.0 0
1697469323.8876762 2.0 0.1 0.0 0
1697469323.9542341 2.0 0.1 0.0 0
1697469324.0217342 2.0 0.1 0.0 0
1697469324.082091 2.0 0.1 0.0 0
1697469324.1489806 2.0 0.1 0.0 0
1697469324.223723 2.0 0.1 0.0 0
1697469324.2887492 2.0 0.1 0.0 0
1697469324.3561993 2.0 0.1 0.0 0
1697469324.418459 2.0 0.1 0.0 0
1697469324.4838634 2.0 0.1 0.0 0
1697469324.5563376 2.0 0.1 0.0 0
1697469324.6246717 2.0 0.1 0.0 0
1697469324.6847575 2.0 0.1 0.0 0
1697469324.7512076 2.0 0.1 0.0 0
1697469324.82345 2.0 0.1 0.0 0
1697469324.8903892 2.0 0.1 0.0 0
1697469324.9621148 2.0 0.1 0.0 0
1697469325.0339212 2.0 0.1 0.0 0
1697469325.1074302 2.0 0.1 0.0 0
1697469325.191636 2.0 0.1 0.0 0
1697469325.257632 2.0 0.1 0.0 0
1697469325.3271558 2.0 0.1 0.0 0
1697469325.3974593 2.0 0.1 0.0 0
1697469325.4654424 2.0 0.1 0.0 0
1697469325.5344276 2.0 0.1 0.0 0
1697469325.6008246 2.0 0.1 0.0 0
1697469325.671002 2.0 0.1 0.0 0
1697469325.7448914 2.0 0.1 0.0 0
1697469325.8210652 2.0 0.1 0.0 0
1697469325.8893566 2.0 0.1 0.0 0
1697469325.9534912 2.0 0.1 0.0 0
1697469326.0182257 2.0 0.1 0.0 0
1697469326.0838144 2.0 0.1 0.0 0
1697469326.1489222 2.0 0.1 0.0 0
1697469326.211129 2.0 0.1 0.0 0
1697469326.2748315 2.0 0.1 0.0 0
1697469326.3410761 2.0 0.1 0.0 0
1697469326.4035635 2.0 0.1 0.0 0
1697469326.4755788 2.0 0.1 0.0 0
1697469326.545578 2.0 0.1 0.0 0
1697469326.6135478 2.0 0.1 0.0 0
1697469326.6812985 2.0 0.1 0.0 0
1697469326.7437227 2.0 0.1 0.0 0
1697469326.810986 2.0 0.1 0.0 0
1697469326.8750515 2.0 0.1 0.0 0
1697469326.941797 2.0 0.1 0.0 0
1697469327.0086474 2.0 0.1 0.0 0
1697469327.0776095 2.0 0.1 0.0 0
1697469327.144334 2.0 0.1 0.0 0
1697469327.2135115 2.0 0.1 0.0 0
1697469327.2784746 2.0 0.1 0.0 0
1697469327.344641 2.0 0.1 0.0 0
1697469327.4110727 2.0 0.1 0.0 0
1697469327.481949 2.0 0.1 0.0 0
1697469327.5513086 2.0 0.1 0.0 0
1697469327.6292722 2.0 0.1 0.0 0
1697469327.7296128 2.0 0.1 0.0 0
1697469327.8654127 2.0 0.1 0.0 0
1697469327.9503045 2.0 0.1 0.0 0
1697469328.0154576 2.0 0.1 0.0 0
1697469328.0778556 2.0 0.1 0.0 0
1697469328.1496537 2.0 0.1 0.0 0
1697469328.2797012 2.0 0.1 0.0 0
1697469328.3461666 2.0 0.1 0.0 0
1697469328.4116447 2.0 0.1 0.0 0
1697469328.4783976 2.0 0.1 0.0 0
1697469328.5457165 2.0 0.1 0.0 0
1697469328.6159856 2.0 0.1 0.0 0
1697469328.6827607 2.0 0.1 0.0 0
1697469328.7519412 2.0 0.1 0.0 0
1697469328.842607 2.0 0.1 0.0 0
1697469328.9820697 2.0 0.1 0.0 0
1697469329.1274214 2.0 0.1 0.0 0
1697469329.2570267 2.0 0.1 0.0 0
1697469329.380976 2.0 0.1 0.0 0
1697469329.4508665 2.0 0.1 0.0 0
1697469329.5188103 2.0 0.1 0.0 0
1697469329.587465 2.0 0.1 0.0 0
1697469329.6503828 2.0 0.1 0.0 0
