1697194562.7745256 2 0.1 0 0
1697194562.9415107 2.0 0.1 0.0 0
1697194563.0514896 2.0 0.1 0.0 0
1697194563.0758872 2.0 0.1 0.0 0
1697194563.0912933 2.0 0.1 0.0 0
1697194563.1412303 2.0 0.1 0.0 0
1697194563.191513 2.0 0.1 0.0 0
1697194563.2418535 2.0 0.1 0.0 0
1697194563.2919805 2.0 0.1 0.0 0
1697194563.3421128 2.0 0.1 0.0 0
1697194563.3923166 2.0 0.1 0.0 0
1697194563.4425337 2.0 0.1 0.0 0
1697194563.4926758 2.0 0.1 0.0 0
1697194563.5428233 2.0 0.1 0.0 0
1697194563.5930774 2.0 0.1 0.0 0
1697194563.6431162 2.0 0.1 0.0 0
1697194563.6931386 2.0 0.1 0.0 0
1697194563.7435226 2.0 0.1 0.0 0
1697194563.7935193 2.0 0.1 0.0 0
1697194563.844059 2.0 0.1 0.0 0
1697194563.894092 2.0 0.1 0.0 0
1697194563.9442694 2.0 0.1 0.0 0
1697194563.994088 2.0 0.1 0.0 0
1697194564.0442908 2.0 0.1 0.0 0
1697194564.0951445 2.0 0.1 0.0 0
1697194564.144969 2.0 0.1 0.0 0
1697194564.1952038 2.0 0.1 0.0 0
1697194564.245228 2.0 0.1 0.0 0
1697194564.2952049 2.0 0.1 0.0 0
1697194564.3454726 2.0 0.1 0.0 0
1697194564.395908 2.0 0.1 0.0 0
1697194564.4458716 2.0 0.1 0.0 0
1697194564.4956536 2.0 0.1 0.0 0
1697194564.5457902 2.0 0.1 0.0 0
1697194564.596683 2.0 0.1 0.0 0
1697194564.647052 2.0 0.1 0.0 0
1697194564.6970978 2.0 0.1 0.0 0
1697194564.7471056 2.0 0.1 0.0 0
1697194564.7971325 2.0 0.1 0.0 0
1697194564.8469653 2.0 0.1 0.0 0
1697194564.8970053 2.0 0.1 0.0 0
1697194564.9477897 2.0 0.1 0.0 0
1697194564.99756 2.0 0.1 0.0 0
1697194565.0483794 2.0 0.1 0.0 0
1697194565.0981607 2.0 0.1 0.0 0
1697194565.1482422 2.0 0.1 0.0 0
1697194565.1983268 2.0 0.1 0.0 0
1697194565.2482936 2.0 0.1 0.0 0
1697194565.2983854 2.0 0.1 0.0 0
1697194565.3487067 2.0 0.1 0.0 0
1697194565.3991518 2.0 0.1 0.0 0
1697194565.449033 2.0 0.1 0.0 0
1697194565.4992146 2.0 0.1 0.0 0
1697194565.549377 2.0 0.1 0.0 0
1697194565.5998137 2.0 0.1 0.0 0
1697194565.6496847 2.0 0.1 0.0 0
1697194565.7000809 2.0 0.1 0.0 0
1697194565.750237 2.0 0.1 0.0 0
1697194565.8004751 2.0 0.1 0.0 0
1697194565.8502011 2.0 0.1 0.0 0
1697194565.9003878 2.0 0.1 0.0 0
1697194565.9506025 2.0 0.1 0.0 0
1697194566.0008745 2.0 0.1 0.0 0
1697194566.0512452 2.0 0.1 0.0 0
1697194566.1010845 2.0 0.1 0.0 0
1697194566.1511097 2.0 0.1 0.0 0
1697194566.2012007 2.0 0.1 0.0 0
1697194566.2515771 2.0 0.1 0.0 0
1697194566.3017929 2.0 0.1 0.0 0
1697194566.3520327 2.0 0.1 0.0 0
1697194566.4020467 2.0 0.1 0.0 0
1697194566.4525383 2.0 0.1 0.0 0
1697194566.5022955 2.0 0.1 0.0 0
1697194566.552732 2.0 0.1 0.0 0
1697194566.6025796 2.0 0.1 0.0 0
1697194566.6529183 2.0 0.1 0.0 0
1697194566.7029579 2.0 0.1 0.0 0
1697194566.7528725 2.0 0.1 0.0 0
1697194566.8038933 2.0 0.1 0.0 0
1697194566.853512 2.0 0.1 0.0 0
1697194566.903632 2.0 0.1 0.0 0
1697194566.9538631 2.0 0.1 0.0 0
