1699252600.9661462 3.5 0.1 -0.04 0
1699252601.254216 3.4917999999999982 0.1 0.0 0
1699252601.4113123 3.4917999999999982 0.1 0.0 0
1699252601.4607983 3.4917999999999982 0.1 0.0 0
1699252601.5118227 3.4917999999999982 0.1 0.0 0
1699252601.5621355 3.4917999999999982 0.1 0.0 0
1699252601.6121461 3.4917999999999982 0.1 0.0 0
1699252601.662223 3.4917999999999982 0.1 0.0 0
1699252601.712154 3.4917999999999982 0.1 0.0 0
1699252601.7621906 3.4917999999999982 0.1 0.0 0
1699252601.812771 3.4917999999999982 0.1 0.0 0
1699252601.8631136 3.4917999999999982 0.1 0.0 0
1699252601.9131255 3.4917999999999982 0.1 0.0 0
1699252601.9652753 3.4917999999999982 0.1 0.0 0
1699252602.0130005 3.4917999999999982 0.1 0.0 0
1699252602.063353 3.4917999999999982 0.1 0.0 0
1699252602.1135077 3.4917999999999982 0.1 0.0 0
1699252602.164035 3.4917999999999982 0.1 0.0 0
1699252602.2139065 3.4917999999999982 0.1 0.0 0
1699252602.2643797 3.4917999999999982 0.1 0.0 0
1699252602.314227 3.4917999999999982 0.1 0.0 0
1699252602.3644946 3.4917999999999982 0.1 0.0 0
1699252602.4150004 3.4917999999999982 0.1 0.0 0
1699252602.4656484 3.4917999999999982 0.1 0.0 0
1699252602.5160553 3.4917999999999982 0.1 0.0 0
1699252602.566042 3.4917999999999982 0.1 0.0 0
1699252602.6167972 3.4917999999999982 0.1 0.0 0
1699252602.6665409 3.4917999999999982 0.1 0.0 0
1699252602.7163596 3.4917999999999982 0.1 0.0 0
1699252602.766374 3.4917999999999982 0.1 0.0 0
1699252602.816362 3.4917999999999982 0.1 0.0 0
1699252602.8675082 3.4917999999999982 0.1 0.0 0
1699252602.917238 3.4917999999999982 0.1 0.0 0
1699252602.9678223 3.4917999999999982 0.1 0.0 0
1699252603.0176492 3.4917999999999982 0.1 0.0 0
1699252603.067849 3.4917999999999982 0.1 0.0 0
1699252603.117922 3.4917999999999982 0.1 0.0 0
1699252603.16795 3.4917999999999982 0.1 0.0 0
1699252603.218258 3.4917999999999982 0.1 0.0 0
1699252603.268376 3.4917999999999982 0.1 0.0 0
1699252603.3190155 3.4917999999999982 0.1 0.0 0
1699252603.3691347 3.4917999999999982 0.1 0.0 0
1699252603.419848 3.4917999999999982 0.1 0.0 0
1699252603.4697688 3.4917999999999982 0.1 0.0 0
1699252603.5197513 3.4917999999999982 0.1 0.0 0
1699252603.5707479 3.4917999999999982 0.1 0.0 0
1699252603.620555 3.4917999999999982 0.1 0.0 0
1699252603.6713893 3.4917999999999982 0.1 0.0 0
1699252603.7209592 3.4917999999999982 0.1 0.0 0
1699252603.771118 3.4917999999999982 0.1 0.0 0
1699252603.821268 3.4917999999999982 0.1 0.0 0
1699252603.8717074 3.4917999999999982 0.1 0.0 0
1699252603.9218175 3.4917999999999982 0.1 0.0 0
1699252603.9721262 3.4917999999999982 0.1 0.0 0
1699252604.021965 3.4917999999999982 0.1 0.0 0
1699252604.0722358 3.4917999999999982 0.1 0.0 0
1699252604.1219857 3.4917999999999982 0.1 0.0 0
1699252604.1720722 3.4917999999999982 0.1 0.0 0
1699252604.2222126 3.4917999999999982 0.1 0.0 0
1699252604.2725842 3.4917999999999982 0.1 0.0 0
1699252604.3227186 3.4917999999999982 0.1 0.0 0
1699252604.372885 3.4917999999999982 0.1 0.0 0
1699252604.4231524 3.4917999999999982 0.1 0.0 0
1699252604.4736087 3.4917999999999982 0.1 0.0 0
1699252604.5234735 3.4917999999999982 0.1 0.0 0
1699252604.5736237 3.4917999999999982 0.1 0.0 0
1699252604.6233933 3.4917999999999982 0.1 0.0 0
1699252604.6750534 3.4917999999999982 0.1 0.0 0
1699252604.7240756 3.4917999999999982 0.1 0.0 0
1699252604.773855 3.4917999999999982 0.1 0.0 0
1699252604.8240952 3.4917999999999982 0.1 0.0 0
1699252604.8742678 3.4917999999999982 0.1 0.0 0
1699252604.9244635 3.4917999999999982 0.1 0.0 0
1699252604.9747336 3.4917999999999982 0.1 0.0 0
1699252605.024689 3.4917999999999982 0.1 0.0 0
1699252605.0747783 3.4917999999999982 0.1 0.0 0
1699252605.12494 3.4917999999999982 0.1 0.0 0
1699252605.174907 3.4917999999999982 0.1 0.0 0
1699252605.224881 3.4917999999999982 0.1 0.0 0
1699252605.2754521 3.4917999999999982 0.1 0.0 0
1699252605.3255665 3.4917999999999982 0.1 0.0 0
1699252605.3754108 3.4917999999999982 0.1 0.0 0
1699252605.428329 3.4917999999999982 0.1 0.0 0
1699252605.4783895 3.4917999999999982 0.1 0.0 0
1699252605.5286703 3.4917999999999982 0.1 0.0 0
1699252605.57854 3.4917999999999982 0.1 0.0 0
1699252605.6286774 3.4917999999999982 0.1 0.0 0
1699252605.6788507 3.4917999999999982 0.1 0.0 0
1699252605.729007 3.4917999999999982 0.1 0.0 0
1699252605.779212 3.4917999999999982 0.1 0.0 0
1699252605.8291972 3.4917999999999982 0.1 0.0 0
1699252605.8794665 3.4917999999999982 0.1 0.0 0
1699252605.9296372 3.4917999999999982 0.1 0.0 0
1699252605.9797301 3.4917999999999982 0.1 0.0 0
1699252606.030227 3.4917999999999982 0.1 0.0 0
1699252606.0809462 3.4917999999999982 0.1 0.0 0
1699252606.1309948 3.4917999999999982 0.1 0.0 0
1699252606.1807911 3.4917999999999982 0.1 0.0 0
1699252606.231076 3.4917999999999982 0.1 0.0 0
1699252606.281378 3.4917999999999982 0.1 0.0 0
1699252606.3313706 3.4917999999999982 0.1 0.0 0
1699252606.3811722 3.4917999999999982 0.1 0.0 0
1699252606.4313323 3.4917999999999982 0.1 0.0 0
1699252606.4814193 3.4917999999999982 0.1 0.0 0
1699252606.5321789 3.4917999999999982 0.1 0.0 0
1699252606.5823662 3.4917999999999982 0.1 0.0 0
1699252606.6325705 3.4917999999999982 0.1 0.0 0
1699252606.6836436 3.4917999999999982 0.1 0.0 0
1699252606.7339735 3.4917999999999982 0.1 0.0 0
1699252606.783785 3.4917999999999982 0.1 0.0 0
1699252606.8338528 3.4917999999999982 0.1 0.0 0
1699252606.884223 3.4917999999999982 0.1 0.0 0
1699252606.9345243 3.4917999999999982 0.1 0.0 0
1699252606.9845614 3.4917999999999982 0.1 0.0 0
1699252607.0351458 3.4917999999999982 0.1 0.0 0
1699252607.0847971 3.4917999999999982 0.1 0.0 0
1699252607.13477 3.4917999999999982 0.1 0.0 0
1699252607.1847599 3.4917999999999982 0.1 0.0 0
1699252607.2351282 3.4917999999999982 0.1 0.0 0
1699252607.285282 3.4917999999999982 0.1 0.0 0
1699252607.3358545 3.4917999999999982 0.1 0.0 0
1699252607.3865037 3.4917999999999982 0.1 0.0 0
1699252607.4359882 3.4917999999999982 0.1 0.0 0
1699252607.485948 3.4917999999999982 0.1 0.0 0
1699252607.5358522 3.4917999999999982 0.1 0.0 0
1699252607.5860367 3.4917999999999982 0.1 0.0 0
1699252607.6360648 3.4917999999999982 0.1 0.0 0
1699252607.6865065 3.4917999999999982 0.1 0.0 0
1699252607.7365606 3.4917999999999982 0.1 0.0 0
1699252607.7867646 3.4917999999999982 0.1 0.0 0
1699252607.8369954 3.4917999999999982 0.1 0.0 0
1699252607.8873248 3.4917999999999982 0.1 0.0 0
1699252607.9375575 3.4917999999999982 0.1 0.0 0
1699252607.9876091 3.4917999999999982 0.1 0.0 0
1699252608.0379095 3.4917999999999982 0.1 0.0 0
1699252608.088024 3.4917999999999982 0.1 0.0 0
1699252608.1381474 3.4917999999999982 0.1 0.0 0
1699252608.188093 3.4917999999999982 0.1 0.0 0
1699252608.238336 3.4917999999999982 0.1 0.0 0
1699252608.288629 3.4917999999999982 0.1 0.0 0
1699252608.3388824 3.4917999999999982 0.1 0.0 0
1699252608.3889923 3.4917999999999982 0.1 0.0 0
1699252608.4391599 3.4917999999999982 0.1 0.0 0
1699252608.4892387 3.4917999999999982 0.1 0.0 0
1699252608.5400245 3.4917999999999982 0.1 0.0 0
1699252608.5896852 3.4917999999999982 0.1 0.0 0
1699252608.6397662 3.4917999999999982 0.1 0.0 0
1699252608.6899493 3.4917999999999982 0.1 0.0 0
1699252608.7400422 3.4917999999999982 0.1 0.0 0
1699252608.7899547 3.4917999999999982 0.1 0.0 0
1699252608.8406196 3.4917999999999982 0.1 0.0 0
1699252608.8904269 3.4917999999999982 0.1 0.0 0
1699252608.9409611 3.4917999999999982 0.1 0.0 0
1699252608.990727 3.4917999999999982 0.1 0.0 0
1699252609.0417058 3.4917999999999982 0.1 0.0 0
1699252609.0916314 3.4917999999999982 0.1 0.0 0
1699252609.1417902 3.4917999999999982 0.1 0.0 0
1699252609.191423 3.4917999999999982 0.1 0.0 0
1699252609.2417104 3.4917999999999982 0.1 0.0 0
1699252609.2919068 3.4917999999999982 0.1 0.0 0
1699252609.3417563 3.4917999999999982 0.1 0.0 0
1699252609.391896 3.4917999999999982 0.1 0.0 0
1699252609.4422722 3.4917999999999982 0.1 0.0 0
1699252609.492273 3.4917999999999982 0.1 0.0 0
1699252609.5430334 3.4917999999999982 0.1 0.0 0
1699252609.5932596 3.4917999999999982 0.1 0.0 0
1699252609.6431413 3.4917999999999982 0.1 0.0 0
1699252609.6934872 3.4917999999999982 0.1 0.0 0
1699252609.876089 3.4917999999999982 0.1 0.0 0
1699252609.9246042 3.4917999999999982 0.1 0.0 0
1699252609.976526 3.4917999999999982 0.1 0.0 0
1699252610.0261722 3.4917999999999982 0.1 0.0 0
1699252610.0772004 3.4917999999999982 0.1 0.0 0
1699252610.1268518 3.4917999999999982 0.1 0.0 0
1699252610.1766882 3.4917999999999982 0.1 0.0 0
1699252610.2272155 3.4917999999999982 0.1 0.0 0
1699252610.2771418 3.4917999999999982 0.1 0.0 0
1699252610.3276594 3.4917999999999982 0.1 0.0 0
1699252610.3783164 3.4917999999999982 0.1 0.0 0
1699252610.4282022 3.4917999999999982 0.1 0.0 0
1699252610.4794157 3.4917999999999982 0.1 0.0 0
1699252610.529813 3.4917999999999982 0.1 0.0 0
1699252610.5799847 3.4917999999999982 0.1 0.0 0
1699252610.630773 3.4917999999999982 0.1 0.0 0
1699252610.681078 3.4917999999999982 0.1 0.0 0
1699252610.730974 3.4917999999999982 0.1 0.0 0
1699252610.7809262 3.4917999999999982 0.1 0.0 0
1699252610.831209 3.4917999999999982 0.1 0.0 0
1699252610.8815553 3.4917999999999982 0.1 0.0 0
1699252610.9320095 3.4917999999999982 0.1 0.0 0
1699252610.9820585 3.4917999999999982 0.1 0.0 0
1699252611.0324204 3.4917999999999982 0.1 0.0 0
1699252611.0820024 3.4917999999999982 0.1 0.0 0
1699252611.1321628 3.4917999999999982 0.1 0.0 0
1699252611.1824057 3.4917999999999982 0.1 0.0 0
1699252611.2323458 3.4917999999999982 0.1 0.0 0
1699252611.2827933 3.4917999999999982 0.1 0.0 0
1699252611.3328996 3.4917999999999982 0.1 0.0 0
1699252611.3834352 3.4917999999999982 0.1 0.0 0
1699252611.4332006 3.4917999999999982 0.1 0.0 0
1699252611.483452 3.4917999999999982 0.1 0.0 0
1699252611.5334477 3.4917999999999982 0.1 0.0 0
1699252611.5835724 3.4917999999999982 0.1 0.0 0
1699252611.6352966 3.4917999999999982 0.1 0.0 0
1699252611.684094 3.4917999999999982 0.1 0.0 0
1699252611.7340496 3.4917999999999982 0.1 0.0 0
1699252611.784116 3.4917999999999982 0.1 0.0 0
1699252611.8348894 3.4917999999999982 0.1 0.0 0
1699252611.8863974 3.4917999999999982 0.1 0.0 0
1699252611.9362836 3.4917999999999982 0.1 0.0 0
1699252611.985851 3.4917999999999982 0.1 0.0 0
1699252612.0360148 3.4917999999999982 0.1 0.0 0
1699252612.0863175 3.4917999999999982 0.1 0.0 0
1699252612.137415 3.4917999999999982 0.1 0.0 0
1699252612.1871347 3.4917999999999982 0.1 0.0 0
1699252612.236456 3.4917999999999982 0.1 0.0 0
1699252612.2865932 3.4917999999999982 0.1 0.0 0
1699252612.3368855 3.4917999999999982 0.1 0.0 0
1699252612.3874838 3.4917999999999982 0.1 0.0 0
1699252612.4372396 3.4917999999999982 0.1 0.0 0
1699252612.487547 3.4917999999999982 0.1 0.0 0
1699252612.5382705 3.4917999999999982 0.1 0.0 0
1699252612.5887542 3.4917999999999982 0.1 0.0 0
1699252612.6389887 3.4917999999999982 0.1 0.0 0
1699252612.6892076 3.4917999999999982 0.1 0.0 0
1699252612.739362 3.4917999999999982 0.1 0.0 0
1699252612.7897453 3.4917999999999982 0.1 0.0 0
1699252612.8401225 3.4917999999999982 0.1 0.0 0
1699252612.889646 3.4917999999999982 0.1 0.0 0
1699252612.9400659 3.4917999999999982 0.1 0.0 0
1699252612.989986 3.4917999999999982 0.1 0.0 0
1699252613.0400755 3.4917999999999982 0.1 0.0 0
1699252613.090175 3.4917999999999982 0.1 0.0 0
1699252613.1406832 3.4917999999999982 0.1 0.0 0
1699252613.1906033 3.4917999999999982 0.1 0.0 0
1699252613.2411263 3.4917999999999982 0.1 0.0 0
1699252613.291024 3.4917999999999982 0.1 0.0 0
1699252613.341583 3.4917999999999982 0.1 0.0 0
1699252613.3913631 3.4917999999999982 0.1 0.0 0
1699252613.4417946 3.4917999999999982 0.1 0.0 0
1699252613.491937 3.4917999999999982 0.1 0.0 0
1699252613.5419972 3.4917999999999982 0.1 0.0 0
1699252613.5919044 3.4917999999999982 0.1 0.0 0
1699252613.642337 3.4917999999999982 0.1 0.0 0
1699252613.6925168 3.4917999999999982 0.1 0.0 0
1699252613.742441 3.4917999999999982 0.1 0.0 0
1699252613.792688 3.4917999999999982 0.1 0.0 0
1699252613.8438993 3.4917999999999982 0.1 0.0 0
1699252613.8934526 3.4917999999999982 0.1 0.0 0
1699252613.9437842 3.4917999999999982 0.1 0.0 0
1699252613.9938798 3.4917999999999982 0.1 0.0 0
1699252614.04405 3.4917999999999982 0.1 0.0 0
1699252614.0939898 3.4917999999999982 0.1 0.0 0
1699252614.1441953 3.4917999999999982 0.1 0.0 0
1699252614.194228 3.4917999999999982 0.1 0.0 0
1699252614.2445097 3.4917999999999982 0.1 0.0 0
1699252614.294501 3.4917999999999982 0.1 0.0 0
1699252614.3448834 3.4917999999999982 0.1 0.0 0
1699252614.3948638 3.4917999999999982 0.1 0.0 0
1699252614.4451904 3.4917999999999982 0.1 0.0 0
1699252614.4950871 3.4917999999999982 0.1 0.0 0
1699252614.5451438 3.4917999999999982 0.1 0.0 0
1699252614.5972607 3.4917999999999982 0.1 0.0 0
1699252614.6469355 3.4917999999999982 0.1 0.0 0
1699252614.6991322 3.4917999999999982 0.1 0.0 0
1699252614.748926 3.4917999999999982 0.1 0.0 0
1699252614.7987442 3.4917999999999982 0.1 0.0 0
1699252614.8487382 3.4917999999999982 0.1 0.0 0
1699252614.8993266 3.4917999999999982 0.1 0.0 0
1699252614.949228 3.4917999999999982 0.1 0.0 0
1699252614.9997592 3.4917999999999982 0.1 0.0 0
1699252615.0496812 3.4917999999999982 0.1 0.0 0
1699252615.0997455 3.4917999999999982 0.1 0.0 0
1699252615.2689457 3.4917999999999982 0.1 0.0 0
1699252615.3179893 3.4917999999999982 0.1 0.0 0
1699252615.468365 3.4917999999999982 0.1 0.0 0
1699252615.500161 3.4917999999999982 0.1 0.0 0
1699252615.5321445 3.4917999999999982 0.1 0.0 0
1699252615.6801348 3.4917999999999982 0.1 0.0 0
1699252615.7315195 3.4917999999999982 0.1 0.0 0
1699252615.7805245 3.4917999999999982 0.1 0.0 0
1699252615.9952173 3.4917999999999982 0.1 0.0 0
1699252616.2081928 3.4917999999999982 0.1 0.0 0
1699252616.2574131 3.4917999999999982 0.1 0.0 0
1699252616.45408 3.4917999999999982 0.1 0.0 0
1699252616.503106 3.4917999999999982 0.1 0.0 0
1699252616.5532527 3.4917999999999982 0.1 0.0 0
1699252616.7907734 3.4917999999999982 0.1 0.0 0
1699252616.840325 3.4917999999999982 0.1 0.0 0
1699252616.8907456 3.4917999999999982 0.1 0.0 0
1699252617.1055152 3.4917999999999982 0.1 0.0 0
1699252617.1550205 3.4917999999999982 0.1 0.0 0
1699252617.2055113 3.4917999999999982 0.1 0.0 0
1699252617.405226 3.4917999999999982 0.1 0.0 0
1699252617.454994 3.4917999999999982 0.1 0.0 0
1699252617.5055163 3.4917999999999982 0.1 0.0 0
1699252617.704658 3.4917999999999982 0.1 0.0 0
1699252617.7538388 3.4917999999999982 0.1 0.0 0
1699252617.804158 3.4917999999999982 0.1 0.0 0
1699252617.9977767 3.4917999999999982 0.1 0.0 0
1699252618.0475516 3.4917999999999982 0.1 0.0 0
1699252618.0982535 3.4917999999999982 0.1 0.0 0
1699252618.1482072 3.4917999999999982 0.1 0.0 0
1699252618.347709 3.4917999999999982 0.1 0.0 0
1699252618.3967924 3.4917999999999982 0.1 0.0 0
1699252618.446856 3.4917999999999982 0.1 0.0 0
1699252618.4980087 3.4917999999999982 0.1 0.0 0
1699252618.691685 3.4917999999999982 0.1 0.0 0
1699252618.741022 3.4917999999999982 0.1 0.0 0
1699252618.7918437 3.4917999999999982 0.1 0.0 0
1699252618.8422143 3.4917999999999982 0.1 0.0 0
1699252619.0545697 3.4917999999999982 0.1 0.0 0
1699252619.1052759 3.4917999999999982 0.1 0.0 0
1699252619.1546826 3.4917999999999982 0.1 0.0 0
1699252619.3543231 3.4917999999999982 0.1 0.0 0
1699252619.4039085 3.4917999999999982 0.1 0.0 0
1699252619.4544244 3.4917999999999982 0.1 0.0 0
1699252619.5050218 3.4917999999999982 0.1 0.0 0
1699252619.7314074 3.4917999999999982 0.1 0.0 0
1699252619.935708 3.4917999999999982 0.1 0.0 0
1699252619.9850683 3.4917999999999982 0.1 0.0 0
1699252620.1880996 3.4917999999999982 0.1 0.0 0
1699252620.237923 3.4917999999999982 0.1 0.0 0
1699252620.288813 3.4917999999999982 0.1 0.0 0
1699252620.4930027 3.4917999999999982 0.1 0.0 0
1699252620.5426414 3.4917999999999982 0.1 0.0 0
1699252620.5928087 3.4917999999999982 0.1 0.0 0
1699252620.643141 3.4917999999999982 0.1 0.0 0
1699252620.9192238 3.4917999999999982 0.1 0.0 0
1699252621.1124122 3.4917999999999982 0.1 0.0 0
1699252621.1617856 3.4917999999999982 0.1 0.0 0
1699252621.3625438 3.4917999999999982 0.1 0.0 0
1699252621.411533 3.4917999999999982 0.1 0.0 0
1699252621.4614644 3.4917999999999982 0.1 0.0 0
1699252621.6537254 3.4917999999999982 0.1 0.0 0
1699252621.7022736 3.4917999999999982 0.1 0.0 0
1699252621.7524316 3.4917999999999982 0.1 0.0 0
1699252621.8026593 3.4917999999999982 0.1 0.0 0
1699252621.9965158 3.4917999999999982 0.1 0.0 0
1699252622.2032027 3.4917999999999982 0.1 0.0 0
1699252622.2528594 3.4917999999999982 0.1 0.0 0
1699252622.4553084 3.4917999999999982 0.1 0.0 0
1699252622.5045311 3.4917999999999982 0.1 0.0 0
1699252622.5543518 3.4917999999999982 0.1 0.0 0
1699252622.7489543 3.4917999999999982 0.1 0.0 0
1699252622.7990348 3.4917999999999982 0.1 0.0 0
1699252622.8492198 3.4917999999999982 0.1 0.0 0
1699252623.0593174 3.4917999999999982 0.1 0.0 0
1699252623.1081734 3.4917999999999982 0.1 0.0 0
1699252623.1580825 3.4917999999999982 0.1 0.0 0
1699252623.2092197 3.4917999999999982 0.1 0.0 0
1699252623.4238095 3.4917999999999982 0.1 0.0 0
1699252623.6290545 3.4917999999999982 0.1 0.0 0
1699252623.6782594 3.4917999999999982 0.1 0.0 0
1699252623.882442 3.4917999999999982 0.1 0.0 0
1699252623.9310634 3.4917999999999982 0.1 0.0 0
1699252623.9810221 3.4917999999999982 0.1 0.0 0
1699252624.0320966 3.4917999999999982 0.1 0.0 0
1699252624.2408984 3.4917999999999982 0.1 0.0 0
1699252624.290524 3.4917999999999982 0.1 0.0 0
1699252624.3410614 3.4917999999999982 0.1 0.0 0
1699252624.3908484 3.4917999999999982 0.1 0.0 0
1699252624.597692 3.4917999999999982 0.1 0.0 0
1699252624.8155227 3.4917999999999982 0.1 0.0 0
1699252624.8649623 3.4917999999999982 0.1 0.0 0
1699252625.0730686 3.4917999999999982 0.1 0.0 0
1699252625.1224902 3.4917999999999982 0.1 0.0 0
1699252625.172722 3.4917999999999982 0.1 0.0 0
1699252625.2228215 3.4917999999999982 0.1 0.0 0
1699252625.4294894 3.4917999999999982 0.1 0.0 0
1699252625.4797332 3.4917999999999982 0.1 0.0 0
1699252625.5298686 3.4917999999999982 0.1 0.0 0
1699252625.580632 3.4917999999999982 0.1 0.0 0
1699252625.7751787 3.4917999999999982 0.1 0.0 0
1699252625.969522 3.4917999999999982 0.1 0.0 0
1699252626.0184526 3.4917999999999982 0.1 0.0 0
1699252626.2298565 3.4917999999999982 0.1 0.0 0
1699252626.279517 3.4917999999999982 0.1 0.0 0
1699252626.329456 3.4917999999999982 0.1 0.0 0
1699252626.5288627 3.4917999999999982 0.1 0.0 0
1699252626.5782175 3.4917999999999982 0.1 0.0 0
1699252626.6285117 3.4917999999999982 0.1 0.0 0
1699252626.6786501 3.4917999999999982 0.1 0.0 0
1699252626.877282 3.4917999999999982 0.1 0.0 0
1699252626.9268937 3.4917999999999982 0.1 0.0 0
1699252626.9768114 3.4917999999999982 0.1 0.0 0
1699252627.0274 3.4917999999999982 0.1 0.0 0
1699252627.232702 3.4917999999999982 0.1 0.0 0
1699252627.2830658 3.4917999999999982 0.1 0.0 0
1699252627.333111 3.4917999999999982 0.1 0.0 0
1699252627.3836055 3.4917999999999982 0.1 0.0 0
1699252627.5819283 3.4917999999999982 0.1 0.0 0
1699252627.6313248 3.4917999999999982 0.1 0.0 0
1699252627.681111 3.4917999999999982 0.1 0.0 0
1699252627.7316465 3.4917999999999982 0.1 0.0 0
1699252627.9392474 3.4917999999999982 0.1 0.0 0
1699252628.140987 3.4917999999999982 0.1 0.0 0
1699252628.1908314 3.4917999999999982 0.1 0.0 0
1699252628.3849657 3.4917999999999982 0.1 0.0 0
1699252628.434913 3.4917999999999982 0.1 0.0 0
1699252628.484784 3.4917999999999982 0.1 0.0 0
1699252628.6904507 3.4917999999999982 0.1 0.0 0
1699252628.7401016 3.4917999999999982 0.1 0.0 0
1699252628.789885 3.4917999999999982 0.1 0.0 0
1699252628.8402839 3.4917999999999982 0.1 0.0 0
1699252629.0354955 3.4917999999999982 0.1 0.0 0
1699252629.085618 3.4917999999999982 0.1 0.0 0
1699252629.1357808 3.4917999999999982 0.1 0.0 0
1699252629.346304 3.4917999999999982 0.1 0.0 0
1699252629.3959088 3.4917999999999982 0.1 0.0 0
1699252629.446081 3.4917999999999982 0.1 0.0 0
1699252629.648022 3.4917999999999982 0.1 0.0 0
1699252629.6977258 3.4917999999999982 0.1 0.0 0
1699252629.748013 3.4917999999999982 0.1 0.0 0
1699252629.7982852 3.4917999999999982 0.1 0.0 0
1699252629.9966524 3.4917999999999982 0.1 0.0 0
1699252630.2015696 3.4917999999999982 0.1 0.0 0
1699252630.250367 3.4917999999999982 0.1 0.0 0
1699252630.4459498 3.4917999999999982 0.1 0.0 0
1699252630.4954078 3.4917999999999982 0.1 0.0 0
1699252630.5464916 3.4917999999999982 0.1 0.0 0
1699252630.742483 3.4917999999999982 0.1 0.0 0
1699252630.7930522 3.4917999999999982 0.1 0.0 0
1699252630.842537 3.4917999999999982 0.1 0.0 0
1699252631.034982 3.4917999999999982 0.1 0.0 0
1699252631.0848784 3.4917999999999982 0.1 0.0 0
1699252631.135376 3.4917999999999982 0.1 0.0 0
1699252631.3355763 3.4917999999999982 0.1 0.0 0
1699252631.3849308 3.4917999999999982 0.1 0.0 0
1699252631.4353008 3.4917999999999982 0.1 0.0 0
1699252631.6330953 3.4917999999999982 0.1 0.0 0
1699252631.6837826 3.4917999999999982 0.1 0.0 0
1699252631.732662 3.4917999999999982 0.1 0.0 0
1699252631.9321957 3.4917999999999982 0.1 0.0 0
1699252631.9822385 3.4917999999999982 0.1 0.0 0
1699252632.0321476 3.4917999999999982 0.1 0.0 0
1699252632.084797 3.4917999999999982 0.1 0.0 0
1699252632.2885456 3.4917999999999982 0.1 0.0 0
1699252632.4940138 3.4917999999999982 0.1 0.0 0
1699252632.5441043 3.4917999999999982 0.1 0.0 0
1699252632.7347383 3.4917999999999982 0.1 0.0 0
1699252632.7844236 3.4917999999999982 0.1 0.0 0
1699252632.834136 3.4917999999999982 0.1 0.0 0
1699252633.0500283 3.4917999999999982 0.1 0.0 0
1699252633.098875 3.4917999999999982 0.1 0.0 0
1699252633.1490383 3.4917999999999982 0.1 0.0 0
1699252633.1993363 3.4917999999999982 0.1 0.0 0
1699252633.4154742 3.4917999999999982 0.1 0.0 0
1699252633.614087 3.4917999999999982 0.1 0.0 0
1699252633.663461 3.4917999999999982 0.1 0.0 0
1699252633.8623824 3.4917999999999982 0.1 0.0 0
1699252633.9124196 3.4917999999999982 0.1 0.0 0
1699252633.9629757 3.4917999999999982 0.1 0.0 0
1699252634.0124176 3.4917999999999982 0.1 0.0 0
1699252634.2169197 3.4917999999999982 0.1 0.0 0
1699252634.267728 3.4917999999999982 0.1 0.0 0
1699252634.3171937 3.4917999999999982 0.1 0.0 0
1699252634.528546 3.4917999999999982 0.1 0.0 0
1699252634.577833 3.4917999999999982 0.1 0.0 0
1699252634.6280677 3.4917999999999982 0.1 0.0 0
1699252634.8307498 3.4917999999999982 0.1 0.0 0
1699252634.8807065 3.4917999999999982 0.1 0.0 0
1699252634.9312942 3.4917999999999982 0.1 0.0 0
1699252635.1366744 3.4917999999999982 0.1 0.0 0
1699252635.1858096 3.4917999999999982 0.1 0.0 0
1699252635.2365143 3.4917999999999982 0.1 0.0 0
1699252635.2862375 3.4917999999999982 0.1 0.0 0
1699252635.5052128 3.4917999999999982 0.1 0.0 0
1699252635.5553439 3.4917999999999982 0.1 0.0 0
1699252635.6055462 3.4917999999999982 0.1 0.0 0
1699252635.8196495 3.4917999999999982 0.1 0.0 0
1699252635.869812 3.4917999999999982 0.1 0.0 0
1699252635.9197047 3.4917999999999982 0.1 0.0 0
1699252635.9696677 3.4917999999999982 0.1 0.0 0
1699252636.1702492 3.4917999999999982 0.1 0.0 0
1699252636.2198977 3.4917999999999982 0.1 0.0 0
1699252636.2704504 3.4917999999999982 0.1 0.0 0
1699252636.480328 3.4917999999999982 0.1 0.0 0
1699252636.5296187 3.4917999999999982 0.1 0.0 0
1699252636.5801451 3.4917999999999982 0.1 0.0 0
1699252636.6302466 3.4917999999999982 0.1 0.0 0
1699252636.8292325 3.4917999999999982 0.1 0.0 0
1699252637.027567 3.4917999999999982 0.1 0.0 0
1699252637.077193 3.4917999999999982 0.1 0.0 0
1699252637.278341 3.4917999999999982 0.1 0.0 0
1699252637.3280425 3.4917999999999982 0.1 0.0 0
1699252637.38078 3.4917999999999982 0.1 0.0 0
1699252637.4285347 3.4917999999999982 0.1 0.0 0
1699252637.6318464 3.4917999999999982 0.1 0.0 0
1699252637.6814525 3.4917999999999982 0.1 0.0 0
1699252637.7322366 3.4917999999999982 0.1 0.0 0
1699252637.9426003 3.4917999999999982 0.1 0.0 0
1699252637.9926667 3.4917999999999982 0.1 0.0 0
1699252638.0431614 3.4917999999999982 0.1 0.0 0
1699252638.0937798 3.4917999999999982 0.1 0.0 0
1699252638.3100355 3.4917999999999982 0.1 0.0 0
1699252638.3609018 3.4917999999999982 0.1 0.0 0
1699252638.412363 3.4917999999999982 0.1 0.0 0
1699252638.459927 3.4917999999999982 0.1 0.0 0
1699252638.6916566 3.4917999999999982 0.1 0.0 0
1699252638.9097533 3.4917999999999982 0.1 0.0 0
1699252638.9596336 3.4917999999999982 0.1 0.0 0
1699252639.1656137 3.4917999999999982 0.1 0.0 0
1699252639.2145731 3.4917999999999982 0.1 0.0 0
1699252639.2647045 3.4917999999999982 0.1 0.0 0
1699252639.315707 3.4917999999999982 0.1 0.0 0
1699252639.530209 3.4917999999999982 0.1 0.0 0
1699252639.5800328 3.4917999999999982 0.1 0.0 0
1699252639.63006 3.4917999999999982 0.1 0.0 0
1699252639.6799064 3.4917999999999982 0.1 0.0 0
1699252639.8977132 3.4917999999999982 0.1 0.0 0
1699252639.9467776 3.4917999999999982 0.1 0.0 0
1699252639.996738 3.4917999999999982 0.1 0.0 0
1699252640.2108111 3.4917999999999982 0.1 0.0 0
1699252640.2606235 3.4917999999999982 0.1 0.0 0
1699252640.3107274 3.4917999999999982 0.1 0.0 0
1699252640.5224288 3.4917999999999982 0.1 0.0 0
1699252640.570862 3.4917999999999982 0.1 0.0 0
1699252640.6212628 3.4917999999999982 0.1 0.0 0
1699252640.8428497 3.4917999999999982 0.1 0.0 0
1699252640.892548 3.4917999999999982 0.1 0.0 0
1699252640.9425845 3.4917999999999982 0.1 0.0 0
1699252641.1493537 3.4917999999999982 0.1 0.0 0
1699252641.1988623 3.4917999999999982 0.1 0.0 0
1699252641.249836 3.4917999999999982 0.1 0.0 0
1699252641.473977 3.4917999999999982 0.1 0.0 0
1699252641.522971 3.4917999999999982 0.1 0.0 0
1699252641.573261 3.4917999999999982 0.1 0.0 0
1699252641.6237044 3.4917999999999982 0.1 0.0 0
1699252641.845411 3.4917999999999982 0.1 0.0 0
1699252642.0602179 3.4917999999999982 0.1 0.0 0
1699252642.1098425 3.4917999999999982 0.1 0.0 0
1699252642.3189445 3.4917999999999982 0.1 0.0 0
1699252642.3701227 3.4917999999999982 0.1 0.0 0
1699252642.4193094 3.4917999999999982 0.1 0.0 0
1699252642.640616 3.4917999999999982 0.1 0.0 0
1699252642.69076 3.4917999999999982 0.1 0.0 0
1699252642.7410002 3.4917999999999982 0.1 0.0 0
1699252642.9625106 3.4917999999999982 0.1 0.0 0
1699252643.0127754 3.4917999999999982 0.1 0.0 0
1699252643.0630376 3.4917999999999982 0.1 0.0 0
1699252643.2690847 3.4917999999999982 0.1 0.0 0
1699252643.3182325 3.4917999999999982 0.1 0.0 0
1699252643.3701227 3.4917999999999982 0.1 0.0 0
1699252643.5977106 3.4917999999999982 0.1 0.0 0
1699252643.645765 3.4917999999999982 0.1 0.0 0
1699252643.6961813 3.4917999999999982 0.1 0.0 0
1699252643.7480104 3.4917999999999982 0.1 0.0 0
1699252643.9685464 3.4917999999999982 0.1 0.0 0
1699252644.1891685 3.4917999999999982 0.1 0.0 0
1699252644.2387097 3.4917999999999982 0.1 0.0 0
1699252644.44531 3.4917999999999982 0.1 0.0 0
1699252644.4953446 3.4917999999999982 0.1 0.0 0
1699252644.5454402 3.4917999999999982 0.1 0.0 0
1699252644.7635903 3.4917999999999982 0.1 0.0 0
1699252644.813231 3.4917999999999982 0.1 0.0 0
1699252644.8634615 3.4917999999999982 0.1 0.0 0
1699252645.0882852 3.4917999999999982 0.1 0.0 0
1699252645.1373127 3.4917999999999982 0.1 0.0 0
1699252645.1875536 3.4917999999999982 0.1 0.0 0
1699252645.4019768 3.4917999999999982 0.1 0.0 0
1699252645.4513526 3.4917999999999982 0.1 0.0 0
1699252645.50131 3.4917999999999982 0.1 0.0 0
1699252645.5521998 3.4917999999999982 0.1 0.0 0
1699252645.7729015 3.4917999999999982 0.1 0.0 0
1699252645.9732893 3.4917999999999982 0.1 0.0 0
1699252646.023622 3.4917999999999982 0.1 0.0 0
1699252646.2298238 3.4917999999999982 0.1 0.0 0
1699252646.2791169 3.4917999999999982 0.1 0.0 0
1699252646.329042 3.4917999999999982 0.1 0.0 0
1699252646.3788853 3.4917999999999982 0.1 0.0 0
1699252646.6108658 3.4917999999999982 0.1 0.0 0
1699252646.6614747 3.4917999999999982 0.1 0.0 0
1699252646.7117574 3.4917999999999982 0.1 0.0 0
1699252646.9266381 3.4917999999999982 0.1 0.0 0
1699252646.9762356 3.4917999999999982 0.1 0.0 0
1699252647.0262752 3.4917999999999982 0.1 0.0 0
1699252647.0763156 3.4917999999999982 0.1 0.0 0
1699252647.2989123 3.4917999999999982 0.1 0.0 0
1699252647.5099108 3.4917999999999982 0.1 0.0 0
1699252647.5596623 3.4917999999999982 0.1 0.0 0
1699252647.7743142 3.4917999999999982 0.1 0.0 0
1699252647.8232949 3.4917999999999982 0.1 0.0 0
1699252647.8733678 3.4917999999999982 0.1 0.0 0
1699252647.9234316 3.4917999999999982 0.1 0.0 0
1699252648.1224074 3.4917999999999982 0.1 0.0 0
1699252648.1714182 3.4917999999999982 0.1 0.0 0
1699252648.2217631 3.4917999999999982 0.1 0.0 0
1699252648.271233 3.4917999999999982 0.1 0.0 0
1699252648.4760728 3.4917999999999982 0.1 0.0 0
1699252648.5260375 3.4917999999999982 0.1 0.0 0
1699252648.5758722 3.4917999999999982 0.1 0.0 0
1699252648.7885785 3.4917999999999982 0.1 0.0 0
1699252648.837249 3.4917999999999982 0.1 0.0 0
1699252648.8875816 3.4917999999999982 0.1 0.0 0
1699252649.09063 3.4917999999999982 0.1 0.0 0
1699252649.1404307 3.4917999999999982 0.1 0.0 0
1699252649.1907222 3.4917999999999982 0.1 0.0 0
1699252649.240764 3.4917999999999982 0.1 0.0 0
1699252649.446151 3.4917999999999982 0.1 0.0 0
1699252649.6494627 3.4917999999999982 0.1 0.0 0
1699252649.7002392 3.4917999999999982 0.1 0.0 0
1699252649.898266 3.4917999999999982 0.1 0.0 0
1699252649.947316 3.4917999999999982 0.1 0.0 0
1699252649.9976327 3.4917999999999982 0.1 0.0 0
1699252650.2039058 3.4917999999999982 0.1 0.0 0
1699252650.2521467 3.4917999999999982 0.1 0.0 0
1699252650.3025467 3.4917999999999982 0.1 0.0 0
1699252650.3527243 3.4917999999999982 0.1 0.0 0
1699252650.5616887 3.4917999999999982 0.1 0.0 0
1699252650.7611306 3.4917999999999982 0.1 0.0 0
1699252650.8102453 3.4917999999999982 0.1 0.0 0
1699252651.0260842 3.4917999999999982 0.1 0.0 0
1699252651.075612 3.4917999999999982 0.1 0.0 0
1699252651.125277 3.4917999999999982 0.1 0.0 0
1699252651.3348255 3.4917999999999982 0.1 0.0 0
1699252651.38455 3.4917999999999982 0.1 0.0 0
1699252651.4370074 3.4917999999999982 0.1 0.0 0
1699252651.6580467 3.4917999999999982 0.1 0.0 0
1699252651.707453 3.4917999999999982 0.1 0.0 0
1699252651.7575262 3.4917999999999982 0.1 0.0 0
1699252651.8075051 3.4917999999999982 0.1 0.0 0
1699252652.0303197 3.4917999999999982 0.1 0.0 0
1699252652.2170706 3.4917999999999982 0.1 0.0 0
1699252652.2659569 3.4917999999999982 0.1 0.0 0
1699252652.4742675 3.4917999999999982 0.1 0.0 0
1699252652.5235605 3.4917999999999982 0.1 0.0 0
1699252652.5737576 3.4917999999999982 0.1 0.0 0
1699252652.7672288 3.4917999999999982 0.1 0.0 0
1699252652.8170545 3.4917999999999982 0.1 0.0 0
1699252652.867647 3.4917999999999982 0.1 0.0 0
1699252653.1025066 3.4917999999999982 0.1 0.0 0
1699252653.152217 3.4917999999999982 0.1 0.0 0
1699252653.2024393 3.4917999999999982 0.1 0.0 0
1699252653.2527523 3.4917999999999982 0.1 0.0 0
1699252653.4765122 3.4917999999999982 0.1 0.0 0
1699252653.6789987 3.4917999999999982 0.1 0.0 0
1699252653.7294364 3.4917999999999982 0.1 0.0 0
1699252653.945876 3.4917999999999982 0.1 0.0 0
1699252653.9951203 3.4917999999999982 0.1 0.0 0
1699252654.0453274 3.4917999999999982 0.1 0.0 0
1699252654.0952067 3.4917999999999982 0.1 0.0 0
1699252654.2927969 3.4917999999999982 0.1 0.0 0
1699252654.3425636 3.4917999999999982 0.1 0.0 0
1699252654.3930008 3.4917999999999982 0.1 0.0 0
1699252654.443991 3.4917999999999982 0.1 0.0 0
1699252654.6610572 3.4917999999999982 0.1 0.0 0
1699252654.7100997 3.4917999999999982 0.1 0.0 0
1699252654.7612312 3.4917999999999982 0.1 0.0 0
1699252654.8114169 3.4917999999999982 0.1 0.0 0
1699252655.0277627 3.4917999999999982 0.1 0.0 0
1699252655.2389662 3.4917999999999982 0.1 0.0 0
1699252655.289421 3.4917999999999982 0.1 0.0 0
1699252655.498746 3.4917999999999982 0.1 0.0 0
1699252655.5474062 3.4917999999999982 0.1 0.0 0
1699252655.5977895 3.4917999999999982 0.1 0.0 0
1699252655.6478508 3.4917999999999982 0.1 0.0 0
1699252655.8620117 3.4917999999999982 0.1 0.0 0
1699252656.0764072 3.4917999999999982 0.1 0.0 0
1699252656.1256604 3.4917999999999982 0.1 0.0 0
1699252656.3250155 3.4917999999999982 0.1 0.0 0
1699252656.3743021 3.4917999999999982 0.1 0.0 0
1699252656.4248257 3.4917999999999982 0.1 0.0 0
