1697469597.676352 2 0.1 0 0
1697469598.2438538 2.0 0.1 0.0 0
1697469598.5238824 2.0 0.1 0.0 0
1697469598.590105 2.0 0.1 0.0 0
1697469598.6655915 2.0 0.1 0.0 0
1697469598.7316868 2.0 0.1 0.0 0
1697469598.802539 2.0 0.1 0.0 0
1697469598.8672793 2.0 0.1 0.0 0
1697469598.9379494 2.0 0.1 0.0 0
1697469599.0038886 2.0 0.1 0.0 0
1697469599.0716138 2.0 0.1 0.0 0
1697469599.136915 2.0 0.1 0.0 0
1697469599.2032938 2.0 0.1 0.0 0
1697469599.2743933 2.0 0.1 0.0 0
1697469599.342215 2.0 0.1 0.0 0
1697469599.4123223 2.0 0.1 0.0 0
1697469599.483869 2.0 0.1 0.0 0
1697469599.5525875 2.0 0.1 0.0 0
1697469599.6218472 2.0 0.1 0.0 0
1697469599.6870978 2.0 0.1 0.0 0
1697469599.7556117 2.0 0.1 0.0 0
1697469599.822325 2.0 0.1 0.0 0
1697469599.8866274 2.0 0.1 0.0 0
1697469600.0171752 2.0 0.1 0.0 0
1697469600.1460755 2.0 0.1 0.0 0
1697469600.2794325 2.0 0.1 0.0 0
1697469600.383439 2.0 0.1 0.0 0
1697469600.4492116 2.0 0.1 0.0 0
1697469600.5172358 2.0 0.1 0.0 0
1697469600.582061 2.0 0.1 0.0 0
1697469600.6493587 2.0 0.1 0.0 0
1697469600.716941 2.0 0.1 0.0 0
1697469600.7817447 2.0 0.1 0.0 0
1697469600.8434372 2.0 0.1 0.0 0
1697469600.9157708 2.0 0.1 0.0 0
1697469600.9836051 2.0 0.1 0.0 0
1697469601.0531418 2.0 0.1 0.0 0
1697469601.1255245 2.0 0.1 0.0 0
1697469601.1934738 2.0 0.1 0.0 0
1697469601.263547 2.0 0.1 0.0 0
1697469601.3296564 2.0 0.1 0.0 0
1697469601.398878 2.0 0.1 0.0 0
1697469601.4709592 2.0 0.1 0.0 0
1697469601.5432746 2.0 0.1 0.0 0
1697469601.6136978 2.0 0.1 0.0 0
1697469601.6860445 2.0 0.1 0.0 0
1697469601.758529 2.0 0.1 0.0 0
1697469601.8232112 2.0 0.1 0.0 0
1697469601.887516 2.0 0.1 0.0 0
1697469601.952096 2.0 0.1 0.0 0
1697469602.0178857 2.0 0.1 0.0 0
1697469602.0902622 2.0 0.1 0.0 0
1697469602.1627798 2.0 0.1 0.0 0
1697469602.2330298 2.0 0.1 0.0 0
1697469602.2966506 2.0 0.1 0.0 0
1697469602.3655574 2.0 0.1 0.0 0
1697469602.4307318 2.0 0.1 0.0 0
1697469602.5091567 2.0 0.1 0.0 0
1697469602.5782626 2.0 0.1 0.0 0
1697469602.6428435 2.0 0.1 0.0 0
1697469602.7152193 2.0 0.1 0.0 0
1697469602.781188 2.0 0.1 0.0 0
1697469602.848248 2.0 0.1 0.0 0
1697469602.9278924 2.0 0.1 0.0 0
1697469603.0520213 2.0 0.1 0.0 0
1697469603.1217039 2.0 0.1 0.0 0
1697469603.1856627 2.0 0.1 0.0 0
1697469603.255232 2.0 0.1 0.0 0
1697469603.3222556 2.0 0.1 0.0 0
1697469603.4143384 2.0 0.1 0.0 0
1697469603.4780462 2.0 0.1 0.0 0
1697469603.5405107 2.0 0.1 0.0 0
1697469603.6048222 2.0 0.1 0.0 0
1697469603.6672554 2.0 0.1 0.0 0
1697469603.7382007 2.0 0.1 0.0 0
1697469603.8010051 2.0 0.1 0.0 0
1697469603.873792 2.0 0.1 0.0 0
1697469603.9441006 2.0 0.1 0.0 0
1697469604.009771 2.0 0.1 0.0 0
1697469604.0748847 2.0 0.1 0.0 0
1697469604.1398883 2.0 0.1 0.0 0
1697469604.2073386 2.0 0.1 0.0 0
1697469604.274565 2.0 0.1 0.0 0
1697469604.3406317 2.0 0.1 0.0 0
1697469604.4105508 2.0 0.1 0.0 0
1697469604.4771376 2.0 0.1 0.0 0
1697469604.5487273 2.0 0.1 0.0 0
1697469604.615267 2.0 0.1 0.0 0
1697469604.683546 2.0 0.1 0.0 0
1697469604.7526472 2.0 0.1 0.0 0
1697469604.8187265 2.0 0.1 0.0 0
1697469604.8912473 2.0 0.1 0.0 0
1697469604.957021 2.0 0.1 0.0 0
1697469605.0299957 2.0 0.1 0.0 0
1697469605.09446 2.0 0.1 0.0 0
1697469605.1679597 2.0 0.1 0.0 0
1697469605.234988 2.0 0.1 0.0 0
1697469605.3027883 2.0 0.1 0.0 0
1697469605.364188 2.0 0.1 0.0 0
1697469605.424993 2.0 0.1 0.0 0
1697469605.4879134 2.0 0.1 0.0 0
1697469605.5500402 2.0 0.1 0.0 0
1697469605.6135833 2.0 0.1 0.0 0
1697469605.6872718 2.0 0.1 0.0 0
1697469605.7588427 2.0 0.1 0.0 0
1697469605.8292944 2.0 0.1 0.0 0
1697469605.8935125 2.0 0.1 0.0 0
1697469605.9576778 2.0 0.1 0.0 0
1697469606.022931 2.0 0.1 0.0 0
1697469606.085386 2.0 0.1 0.0 0
1697469606.1462784 2.0 0.1 0.0 0
1697469606.2163947 2.0 0.1 0.0 0
1697469606.2841642 2.0 0.1 0.0 0
1697469606.3553681 2.0 0.1 0.0 0
1697469606.4230797 2.0 0.1 0.0 0
1697469606.4921165 2.0 0.1 0.0 0
1697469606.5646498 2.0 0.1 0.0 0
1697469606.6345031 2.0 0.1 0.0 0
1697469606.7033627 2.0 0.1 0.0 0
1697469606.7656174 2.0 0.1 0.0 0
1697469606.8344085 2.0 0.1 0.0 0
1697469606.904888 2.0 0.1 0.0 0
1697469606.9732099 2.0 0.1 0.0 0
1697469607.0401516 2.0 0.1 0.0 0
1697469607.1065311 2.0 0.1 0.0 0
1697469607.1703825 2.0 0.1 0.0 0
1697469607.2357175 2.0 0.1 0.0 0
1697469607.3122194 2.0 0.1 0.0 0
1697469607.3835208 2.0 0.1 0.0 0
1697469607.4832299 2.0 0.1 0.0 0
1697469607.5502374 2.0 0.1 0.0 0
1697469607.6188533 2.0 0.1 0.0 0
1697469607.6946716 2.0 0.1 0.0 0
1697469607.7703846 2.0 0.1 0.0 0
1697469607.8451514 2.0 0.1 0.0 0
1697469607.9129653 2.0 0.1 0.0 0
1697469607.9820163 2.0 0.1 0.0 0
1697469608.056941 2.0 0.1 0.0 0
1697469608.1189315 2.0 0.1 0.0 0
1697469608.1847348 2.0 0.1 0.0 0
1697469608.251199 2.0 0.1 0.0 0
1697469608.3139372 2.0 0.1 0.0 0
1697469608.3814125 2.0 0.1 0.0 0
1697469608.4536855 2.0 0.1 0.0 0
1697469608.5221438 2.0 0.1 0.0 0
1697469608.5933013 2.0 0.1 0.0 0
1697469608.6615639 2.0 0.1 0.0 0
1697469608.7293527 2.0 0.1 0.0 0
1697469608.793634 2.0 0.1 0.0 0
1697469608.8624454 2.0 0.1 0.0 0
1697469608.9383492 2.0 0.1 0.0 0
1697469609.0038972 2.0 0.1 0.0 0
1697469609.0726943 2.0 0.1 0.0 0
1697469609.1398308 2.0 0.1 0.0 0
1697469609.2109678 2.0 0.1 0.0 0
1697469609.2782664 2.0 0.1 0.0 0
1697469609.365022 2.0 0.1 0.0 0
1697469609.4369445 2.0 0.1 0.0 0
1697469609.4998348 2.0 0.1 0.0 0
1697469609.5635827 2.0 0.1 0.0 0
1697469609.6356015 2.0 0.1 0.0 0
1697469609.7045507 2.0 0.1 0.0 0
1697469609.7718267 2.0 0.1 0.0 0
1697469609.8387764 2.0 0.1 0.0 0
1697469609.9031382 2.0 0.1 0.0 0
1697469609.9651392 2.0 0.1 0.0 0
1697469610.0335646 2.0 0.1 0.0 0
1697469610.1114488 2.0 0.1 0.0 0
1697469610.1777616 2.0 0.1 0.0 0
1697469610.2902765 2.0 0.1 0.0 0
1697469610.4242206 2.0 0.1 0.0 0
1697469610.510339 2.0 0.1 0.0 0
1697469610.6416805 2.0 0.1 0.0 0
1697469610.7786174 2.0 0.1 0.0 0
1697469610.8567984 2.0 0.1 0.0 0
1697469610.9267309 2.0 0.1 0.0 0
1697469610.996366 2.0 0.1 0.0 0
1697469611.0576413 2.0 0.1 0.0 0
1697469611.1250231 2.0 0.1 0.0 0
1697469611.1916847 2.0 0.1 0.0 0
1697469611.258814 2.0 0.1 0.0 0
1697469611.32909 2.0 0.1 0.0 0
1697469611.4048274 2.0 0.1 0.0 0
1697469611.4689941 2.0 0.1 0.0 0
1697469611.547164 2.0 0.1 0.0 0
1697469611.6122298 2.0 0.1 0.0 0
1697469611.6809618 2.0 0.1 0.0 0
