1697471039.594967 2 0.1 0 0
1697471040.0578914 2.0 0.1 0.0 0
1697471040.3390663 2.0 0.1 0.0 0
1697471040.4119 2.0 0.1 0.0 0
1697471040.4846919 2.0 0.1 0.0 0
1697471040.5588365 2.0 0.1 0.0 0
1697471040.6312113 2.0 0.1 0.0 0
1697471040.6992748 2.0 0.1 0.0 0
1697471040.7747073 2.0 0.1 0.0 0
1697471040.8425584 2.0 0.1 0.0 0
1697471040.9108207 2.0 0.1 0.0 0
1697471040.985358 2.0 0.1 0.0 0
1697471041.056799 2.0 0.1 0.0 0
1697471041.1321716 2.0 0.1 0.0 0
1697471041.199834 2.0 0.1 0.0 0
1697471041.2709303 2.0 0.1 0.0 0
