1697470282.098833 2 0.1 0 0
1697470282.4225488 2.0 0.1 0.0 0
1697470282.6575127 2.0 0.1 0.0 0
1697470282.7148046 2.0 0.1 0.0 0
1697470282.791665 2.0 0.1 0.0 0
1697470282.8558614 2.0 0.1 0.0 0
1697470282.9087522 2.0 0.1 0.0 0
1697470282.9632049 2.0 0.1 0.0 0
1697470283.0211556 2.0 0.1 0.0 0
1697470283.0863326 2.0 0.1 0.0 0
1697470283.1419408 2.0 0.1 0.0 0
1697470283.1976423 2.0 0.1 0.0 0
1697470283.2533355 2.0 0.1 0.0 0
1697470283.315472 2.0 0.1 0.0 0
1697470283.366122 2.0 0.1 0.0 0
1697470283.4197 2.0 0.1 0.0 0
1697470283.4739807 2.0 0.1 0.0 0
1697470283.5362496 2.0 0.1 0.0 0
