1697469575.8315856 2 0.1 0 0
1697469576.3216212 2.0 0.1 0.0 0
1697469576.5932882 2.0 0.1 0.0 0
1697469576.6634421 2.0 0.1 0.0 0
1697469576.7322338 2.0 0.1 0.0 0
1697469576.8100133 2.0 0.1 0.0 0
1697469576.8839095 2.0 0.1 0.0 0
1697469576.9556444 2.0 0.1 0.0 0
1697469577.0260704 2.0 0.1 0.0 0
1697469577.0930285 2.0 0.1 0.0 0
1697469577.1604075 2.0 0.1 0.0 0
1697469577.22987 2.0 0.1 0.0 0
1697469577.2966468 2.0 0.1 0.0 0
1697469577.3701 2.0 0.1 0.0 0
1697469577.4395308 2.0 0.1 0.0 0
1697469577.5130281 2.0 0.1 0.0 0
1697469577.579242 2.0 0.1 0.0 0
1697469577.649194 2.0 0.1 0.0 0
1697469577.7175326 2.0 0.1 0.0 0
1697469577.786046 2.0 0.1 0.0 0
1697469577.868661 2.0 0.1 0.0 0
1697469577.93903 2.0 0.1 0.0 0
1697469578.0110672 2.0 0.1 0.0 0
1697469578.0785646 2.0 0.1 0.0 0
1697469578.1488514 2.0 0.1 0.0 0
1697469578.2182283 2.0 0.1 0.0 0
1697469578.2934773 2.0 0.1 0.0 0
1697469578.3634443 2.0 0.1 0.0 0
1697469578.4344797 2.0 0.1 0.0 0
1697469578.5045538 2.0 0.1 0.0 0
1697469578.5763783 2.0 0.1 0.0 0
1697469578.6431046 2.0 0.1 0.0 0
1697469578.7187603 2.0 0.1 0.0 0
1697469578.7901392 2.0 0.1 0.0 0
1697469578.9109492 2.0 0.1 0.0 0
1697469579.0269554 2.0 0.1 0.0 0
1697469579.0978491 2.0 0.1 0.0 0
1697469579.1657634 2.0 0.1 0.0 0
1697469579.235913 2.0 0.1 0.0 0
1697469579.305538 2.0 0.1 0.0 0
1697469579.371971 2.0 0.1 0.0 0
1697469579.4440372 2.0 0.1 0.0 0
1697469579.5149755 2.0 0.1 0.0 0
1697469579.5873551 2.0 0.1 0.0 0
1697469579.6545131 2.0 0.1 0.0 0
1697469579.7211163 2.0 0.1 0.0 0
1697469579.7937977 2.0 0.1 0.0 0
1697469579.8659391 2.0 0.1 0.0 0
1697469579.9370162 2.0 0.1 0.0 0
1697469580.0052538 2.0 0.1 0.0 0
1697469580.071003 2.0 0.1 0.0 0
1697469580.143902 2.0 0.1 0.0 0
1697469580.2167888 2.0 0.1 0.0 0
1697469580.286901 2.0 0.1 0.0 0
1697469580.3556752 2.0 0.1 0.0 0
1697469580.4240315 2.0 0.1 0.0 0
1697469580.4944034 2.0 0.1 0.0 0
1697469580.5622382 2.0 0.1 0.0 0
1697469580.6346433 2.0 0.1 0.0 0
1697469580.7089458 2.0 0.1 0.0 0
1697469580.789237 2.0 0.1 0.0 0
1697469580.8603992 2.0 0.1 0.0 0
1697469580.939189 2.0 0.1 0.0 0
1697469581.0129912 2.0 0.1 0.0 0
1697469581.0813768 2.0 0.1 0.0 0
1697469581.1584778 2.0 0.1 0.0 0
1697469581.225308 2.0 0.1 0.0 0
1697469581.291946 2.0 0.1 0.0 0
1697469581.368525 2.0 0.1 0.0 0
1697469581.446991 2.0 0.1 0.0 0
1697469581.5170605 2.0 0.1 0.0 0
1697469581.6012478 2.0 0.1 0.0 0
1697469581.6667695 2.0 0.1 0.0 0
1697469581.7381258 2.0 0.1 0.0 0
1697469581.8389053 2.0 0.1 0.0 0
1697469581.9644804 2.0 0.1 0.0 0
1697469582.0371137 2.0 0.1 0.0 0
1697469582.107005 2.0 0.1 0.0 0
1697469582.1714065 2.0 0.1 0.0 0
1697469582.2420034 2.0 0.1 0.0 0
1697469582.3093433 2.0 0.1 0.0 0
