1697472072.4978673 2 0.1 0 0
1697472072.7490776 2.0 0.1 0.0 0
1697472072.8959093 2.0 0.1 0.0 0
1697472072.9360914 2.0 0.1 0.0 0
1697472072.973408 2.0 0.1 0.0 0
1697472073.0098865 2.0 0.1 0.0 0
1697472073.047794 2.0 0.1 0.0 0
1697472073.0841227 2.0 0.1 0.0 0
1697472073.1259446 2.0 0.1 0.0 0
1697472073.1725605 2.0 0.1 0.0 0
1697472073.2160542 2.0 0.1 0.0 0
1697472073.260393 2.0 0.1 0.0 0
1697472073.304276 2.0 0.1 0.0 0
1697472073.3504407 2.0 0.1 0.0 0
1697472073.4005537 2.0 0.1 0.0 0
1697472073.450793 2.0 0.1 0.0 0
1697472073.5011232 2.0 0.1 0.0 0
1697472073.5508797 2.0 0.1 0.0 0
1697472073.6015575 2.0 0.1 0.0 0
1697472073.6514642 2.0 0.1 0.0 0
1697472073.7016172 2.0 0.1 0.0 0
1697472073.7515953 2.0 0.1 0.0 0
1697472073.801696 2.0 0.1 0.0 0
1697472073.8517115 2.0 0.1 0.0 0
1697472073.901955 2.0 0.1 0.0 0
1697472073.9520595 2.0 0.1 0.0 0
1697472074.002329 2.0 0.1 0.0 0
1697472074.052895 2.0 0.1 0.0 0
1697472074.1027014 2.0 0.1 0.0 0
1697472074.1528833 2.0 0.1 0.0 0
1697472074.2028642 2.0 0.1 0.0 0
1697472074.253344 2.0 0.1 0.0 0
1697472074.3035684 2.0 0.1 0.0 0
1697472074.353655 2.0 0.1 0.0 0
1697472074.4040627 2.0 0.1 0.0 0
1697472074.4544268 2.0 0.1 0.0 0
1697472074.5043747 2.0 0.1 0.0 0
1697472074.5544527 2.0 0.1 0.0 0
1697472074.6044202 2.0 0.1 0.0 0
1697472074.654615 2.0 0.1 0.0 0
1697472074.705066 2.0 0.1 0.0 0
1697472074.7548378 2.0 0.1 0.0 0
1697472074.804942 2.0 0.1 0.0 0
1697472074.8550422 2.0 0.1 0.0 0
1697472074.905329 2.0 0.1 0.0 0
1697472074.956013 2.0 0.1 0.0 0
1697472075.0062149 2.0 0.1 0.0 0
1697472075.0561724 2.0 0.1 0.0 0
1697472075.1065679 2.0 0.1 0.0 0
1697472075.1576383 2.0 0.1 0.0 0
1697472075.2067528 2.0 0.1 0.0 0
1697472075.2567544 2.0 0.1 0.0 0
1697472075.3068497 2.0 0.1 0.0 0
1697472075.3574052 2.0 0.1 0.0 0
1697472075.407503 2.0 0.1 0.0 0
