1697524784.004101 2 0.1 0 0
1697524784.2978156 2.0 0.1 0.0 0
1697524784.4450605 2.0 0.1 0.0 0
1697524784.4884667 2.0 0.1 0.0 0
1697524784.5273442 2.0 0.1 0.0 0
1697524784.566335 2.0 0.1 0.0 0
1697524784.6053338 2.0 0.1 0.0 0
1697524784.6459904 2.0 0.1 0.0 0
1697524784.689248 2.0 0.1 0.0 0
1697524784.731775 2.0 0.1 0.0 0
1697524784.7817364 2.0 0.1 0.0 0
1697524784.8284202 2.0 0.1 0.0 0
1697524784.8801196 2.0 0.1 0.0 0
1697524784.926144 2.0 0.1 0.0 0
1697524784.976565 2.0 0.1 0.0 0
1697524785.020396 2.0 0.1 0.0 0
1697524785.0656242 2.0 0.1 0.0 0
1697524785.1098373 2.0 0.1 0.0 0
1697524785.1513875 2.0 0.1 0.0 0
1697524785.2014568 2.0 0.1 0.0 0
1697524785.252945 2.0 0.1 0.0 0
1697524785.3031006 2.0 0.1 0.0 0
1697524785.3528903 2.0 0.1 0.0 0
1697524785.4030507 2.0 0.1 0.0 0
1697524785.455985 2.0 0.1 0.0 0
1697524785.5043442 2.0 0.1 0.0 0
1697524785.553269 2.0 0.1 0.0 0
1697524785.6034465 2.0 0.1 0.0 0
1697524785.653439 2.0 0.1 0.0 0
1697524785.7037158 2.0 0.1 0.0 0
1697524785.7540045 2.0 0.1 0.0 0
1697524785.8039641 2.0 0.1 0.0 0
1697524785.8542914 2.0 0.1 0.0 0
1697524785.9051816 2.0 0.1 0.0 0
1697524785.9591599 2.0 0.1 0.0 0
1697524786.0048301 2.0 0.1 0.0 0
1697524786.054427 2.0 0.1 0.0 0
1697524786.104538 2.0 0.1 0.0 0
1697524786.1545053 2.0 0.1 0.0 0
1697524786.2045612 2.0 0.1 0.0 0
1697524786.2555046 2.0 0.1 0.0 0
1697524786.3057446 2.0 0.1 0.0 0
1697524786.355947 2.0 0.1 0.0 0
1697524786.4061778 2.0 0.1 0.0 0
1697524786.4585636 2.0 0.1 0.0 0
1697524786.5105014 2.0 0.1 0.0 0
1697524786.561524 2.0 0.1 0.0 0
1697524786.612331 2.0 0.1 0.0 0
1697524786.6617887 2.0 0.1 0.0 0
1697524786.710869 2.0 0.1 0.0 0
1697524786.76053 2.0 0.1 0.0 0
1697524786.8103886 2.0 0.1 0.0 0
1697524786.8603318 2.0 0.1 0.0 0
1697524786.910669 2.0 0.1 0.0 0
1697524786.9605446 2.0 0.1 0.0 0
1697524787.0142694 2.0 0.1 0.0 0
1697524787.0667517 2.0 0.1 0.0 0
1697524787.1213005 2.0 0.1 0.0 0
1697524787.1631422 2.0 0.1 0.0 0
1697524787.2133813 2.0 0.1 0.0 0
1697524787.2640953 2.0 0.1 0.0 0
1697524787.3131433 2.0 0.1 0.0 0
1697524787.3630235 2.0 0.1 0.0 0
1697524787.4172459 2.0 0.1 0.0 0
1697524787.472558 2.0 0.1 0.0 0
1697524787.517748 2.0 0.1 0.0 0
1697524787.5790272 2.0 0.1 0.0 0
1697524787.6342883 2.0 0.1 0.0 0
1697524787.6852386 2.0 0.1 0.0 0
1697524787.7310684 2.0 0.1 0.0 0
1697524787.776035 2.0 0.1 0.0 0
1697524787.825796 2.0 0.1 0.0 0
1697524787.8716176 2.0 0.1 0.0 0
1697524787.9218528 2.0 0.1 0.0 0
1697524787.9714935 2.0 0.1 0.0 0
1697524788.0308335 2.0 0.1 0.0 0
1697524788.0745857 2.0 0.1 0.0 0
1697524788.1227725 2.0 0.1 0.0 0
1697524788.1779258 2.0 0.1 0.0 0
1697524788.2247703 2.0 0.1 0.0 0
1697524788.274802 2.0 0.1 0.0 0
1697524788.329645 2.0 0.1 0.0 0
1697524788.37568 2.0 0.1 0.0 0
1697524788.4247816 2.0 0.1 0.0 0
1697524788.475045 2.0 0.1 0.0 0
1697524788.529941 2.0 0.1 0.0 0
1697524788.5751696 2.0 0.1 0.0 0
1697524788.6258137 2.0 0.1 0.0 0
1697524788.677425 2.0 0.1 0.0 0
1697524788.728631 2.0 0.1 0.0 0
1697524788.7790515 2.0 0.1 0.0 0
1697524788.8313968 2.0 0.1 0.0 0
1697524788.8887203 2.0 0.1 0.0 0
1697524788.928812 2.0 0.1 0.0 0
1697524788.9780035 2.0 0.1 0.0 0
1697524789.028162 2.0 0.1 0.0 0
1697524789.0784793 2.0 0.1 0.0 0
1697524789.1283011 2.0 0.1 0.0 0
1697524789.1782978 2.0 0.1 0.0 0
1697524789.228612 2.0 0.1 0.0 0
1697524789.2790008 2.0 0.1 0.0 0
1697524789.3290873 2.0 0.1 0.0 0
1697524789.3793712 2.0 0.1 0.0 0
1697524789.4292479 2.0 0.1 0.0 0
1697524789.4793158 2.0 0.1 0.0 0
1697524789.52936 2.0 0.1 0.0 0
1697524789.5794964 2.0 0.1 0.0 0
1697524789.630419 2.0 0.1 0.0 0
1697524789.6811008 2.0 0.1 0.0 0
1697524789.7306414 2.0 0.1 0.0 0
1697524789.7802136 2.0 0.1 0.0 0
1697524789.8303268 2.0 0.1 0.0 0
1697524789.8803246 2.0 0.1 0.0 0
1697524789.9306056 2.0 0.1 0.0 0
1697524789.98073 2.0 0.1 0.0 0
1697524790.0313954 2.0 0.1 0.0 0
1697524790.081166 2.0 0.1 0.0 0
1697524790.1311743 2.0 0.1 0.0 0
1697524790.181218 2.0 0.1 0.0 0
1697524790.2312722 2.0 0.1 0.0 0
1697524790.281379 2.0 0.1 0.0 0
1697524790.3318222 2.0 0.1 0.0 0
1697524790.3831885 2.0 0.1 0.0 0
1697524790.43264 2.0 0.1 0.0 0
1697524790.4826086 2.0 0.1 0.0 0
1697524790.5324223 2.0 0.1 0.0 0
1697524790.5822296 2.0 0.1 0.0 0
1697524790.6323385 2.0 0.1 0.0 0
1697524790.6828616 2.0 0.1 0.0 0
1697524790.7328246 2.0 0.1 0.0 0
1697524790.7833972 2.0 0.1 0.0 0
1697524790.833281 2.0 0.1 0.0 0
1697524790.8832614 2.0 0.1 0.0 0
1697524790.9332695 2.0 0.1 0.0 0
1697524790.9835691 2.0 0.1 0.0 0
1697524791.0338616 2.0 0.1 0.0 0
1697524791.0840845 2.0 0.1 0.0 0
1697524791.1344368 2.0 0.1 0.0 0
1697524791.1847243 2.0 0.1 0.0 0
1697524791.2343686 2.0 0.1 0.0 0
1697524791.28442 2.0 0.1 0.0 0
1697524791.3347125 2.0 0.1 0.0 0
1697524791.3849807 2.0 0.1 0.0 0
1697524791.4350414 2.0 0.1 0.0 0
1697524791.4851294 2.0 0.1 0.0 0
1697524791.5353305 2.0 0.1 0.0 0
1697524791.5852969 2.0 0.1 0.0 0
1697524791.6360471 2.0 0.1 0.0 0
1697524791.6853755 2.0 0.1 0.0 0
1697524791.7355723 2.0 0.1 0.0 0
1697524791.785645 2.0 0.1 0.0 0
1697524791.8360596 2.0 0.1 0.0 0
1697524791.8861227 2.0 0.1 0.0 0
1697524791.9364557 2.0 0.1 0.0 0
1697524791.9866338 2.0 0.1 0.0 0
1697524792.0365386 2.0 0.1 0.0 0
1697524792.0864573 2.0 0.1 0.0 0
1697524792.136839 2.0 0.1 0.0 0
1697524792.187426 2.0 0.1 0.0 0
1697524792.2381094 2.0 0.1 0.0 0
1697524792.2876875 2.0 0.1 0.0 0
1697524792.3395514 2.0 0.1 0.0 0
1697524792.3878815 2.0 0.1 0.0 0
1697524792.4379067 2.0 0.1 0.0 0
1697524792.4889672 2.0 0.1 0.0 0
1697524792.537853 2.0 0.1 0.0 0
1697524792.58804 2.0 0.1 0.0 0
1697524792.638979 2.0 0.1 0.0 0
1697524792.689499 2.0 0.1 0.0 0
1697524792.739307 2.0 0.1 0.0 0
1697524792.7895145 2.0 0.1 0.0 0
1697524792.839659 2.0 0.1 0.0 0
1697524792.8899894 2.0 0.1 0.0 0
1697524792.940018 2.0 0.1 0.0 0
1697524792.990596 2.0 0.1 0.0 0
1697524793.0402093 2.0 0.1 0.0 0
1697524793.1027288 2.0 0.1 0.0 0
1697524793.1513178 2.0 0.1 0.0 0
1697524793.1901803 2.0 0.1 0.0 0
1697524793.2404191 2.0 0.1 0.0 0
1697524793.2905884 2.0 0.1 0.0 0
1697524793.340276 2.0 0.1 0.0 0
1697524793.390779 2.0 0.1 0.0 0
1697524793.4407368 2.0 0.1 0.0 0
1697524793.491132 2.0 0.1 0.0 0
1697524793.5410423 2.0 0.1 0.0 0
1697524793.5911744 2.0 0.1 0.0 0
1697524793.6412268 2.0 0.1 0.0 0
1697524793.6914136 2.0 0.1 0.0 0
1697524793.7420912 2.0 0.1 0.0 0
1697524793.7919993 2.0 0.1 0.0 0
1697524793.8420656 2.0 0.1 0.0 0
1697524793.8920963 2.0 0.1 0.0 0
1697524793.9421499 2.0 0.1 0.0 0
1697524793.9924953 2.0 0.1 0.0 0
1697524794.0423265 2.0 0.1 0.0 0
1697524794.0925272 2.0 0.1 0.0 0
1697524794.1431286 2.0 0.1 0.0 0
1697524794.1926973 2.0 0.1 0.0 0
1697524794.2429812 2.0 0.1 0.0 0
1697524794.2930746 2.0 0.1 0.0 0
1697524794.3431127 2.0 0.1 0.0 0
1697524794.3934276 2.0 0.1 0.0 0
1697524794.443275 2.0 0.1 0.0 0
1697524794.493486 2.0 0.1 0.0 0
1697524794.5434628 2.0 0.1 0.0 0
1697524794.5939808 2.0 0.1 0.0 0
1697524794.6438522 2.0 0.1 0.0 0
1697524794.6938756 2.0 0.1 0.0 0
1697524794.744164 2.0 0.1 0.0 0
1697524794.7941577 2.0 0.1 0.0 0
1697524794.8444667 2.0 0.1 0.0 0
1697524794.8959947 2.0 0.1 0.0 0
1697524794.946163 2.0 0.1 0.0 0
1697524794.9963763 2.0 0.1 0.0 0
1697524795.0461416 2.0 0.1 0.0 0
1697524795.0963473 2.0 0.1 0.0 0
1697524795.1461608 2.0 0.1 0.0 0
1697524795.1962552 2.0 0.1 0.0 0
1697524795.246786 2.0 0.1 0.0 0
1697524795.2970839 2.0 0.1 0.0 0
1697524795.3472624 2.0 0.1 0.0 0
1697524795.3973079 2.0 0.1 0.0 0
1697524795.4474885 2.0 0.1 0.0 0
1697524795.497281 2.0 0.1 0.0 0
1697524795.5472643 2.0 0.1 0.0 0
1697524795.597572 2.0 0.1 0.0 0
1697524795.6481037 2.0 0.1 0.0 0
1697524795.6982946 2.0 0.1 0.0 0
1697524795.748315 2.0 0.1 0.0 0
1697524795.7983143 2.0 0.1 0.0 0
1697524795.848507 2.0 0.1 0.0 0
1697524795.8985374 2.0 0.1 0.0 0
1697524795.9488 2.0 0.1 0.0 0
1697524795.999033 2.0 0.1 0.0 0
1697524796.049009 2.0 0.1 0.0 0
1697524796.099261 2.0 0.1 0.0 0
1697524796.1492317 2.0 0.1 0.0 0
1697524796.1993175 2.0 0.1 0.0 0
1697524796.249522 2.0 0.1 0.0 0
1697524796.2998948 2.0 0.1 0.0 0
1697524796.3496978 2.0 0.1 0.0 0
1697524796.3999493 2.0 0.1 0.0 0
1697524796.4501498 2.0 0.1 0.0 0
1697524796.5002577 2.0 0.1 0.0 0
1697524796.550378 2.0 0.1 0.0 0
1697524796.6005347 2.0 0.1 0.0 0
1697524796.650876 2.0 0.1 0.0 0
1697524796.701034 2.0 0.1 0.0 0
1697524796.7510638 2.0 0.1 0.0 0
1697524796.8012035 2.0 0.1 0.0 0
1697524796.851545 2.0 0.1 0.0 0
1697524796.9013298 2.0 0.1 0.0 0
1697524796.9513745 2.0 0.1 0.0 0
1697524797.001419 2.0 0.1 0.0 0
1697524797.051685 2.0 0.1 0.0 0
1697524797.1019301 2.0 0.1 0.0 0
1697524797.1521366 2.0 0.1 0.0 0
1697524797.2026243 2.0 0.1 0.0 0
1697524797.2520328 2.0 0.1 0.0 0
1697524797.3022528 2.0 0.1 0.0 0
1697524797.3523114 2.0 0.1 0.0 0
1697524797.402504 2.0 0.1 0.0 0
1697524797.4538193 2.0 0.1 0.0 0
1697524797.5034292 2.0 0.1 0.0 0
1697524797.5537758 2.0 0.1 0.0 0
1697524797.604047 2.0 0.1 0.0 0
1697524797.6538591 2.0 0.1 0.0 0
1697524797.704494 2.0 0.1 0.0 0
1697524797.754182 2.0 0.1 0.0 0
1697524797.8042152 2.0 0.1 0.0 0
1697524797.8544302 2.0 0.1 0.0 0
1697524797.9043527 2.0 0.1 0.0 0
1697524797.9547226 2.0 0.1 0.0 0
1697524798.0048716 2.0 0.1 0.0 0
1697524798.0552814 2.0 0.1 0.0 0
1697524798.105165 2.0 0.1 0.0 0
1697524798.1551929 2.0 0.1 0.0 0
1697524798.204972 2.0 0.1 0.0 0
1697524798.2553663 2.0 0.1 0.0 0
1697524798.3056219 2.0 0.1 0.0 0
1697524798.3557813 2.0 0.1 0.0 0
1697524798.406243 2.0 0.1 0.0 0
1697524798.45615 2.0 0.1 0.0 0
1697524798.5060382 2.0 0.1 0.0 0
1697524798.5561554 2.0 0.1 0.0 0
1697524798.6062331 2.0 0.1 0.0 0
1697524798.6564012 2.0 0.1 0.0 0
1697524798.7067862 2.0 0.1 0.0 0
1697524798.757234 2.0 0.1 0.0 0
1697524798.8069048 2.0 0.1 0.0 0
1697524798.8572621 2.0 0.1 0.0 0
1697524798.90698 2.0 0.1 0.0 0
1697524798.9571428 2.0 0.1 0.0 0
1697524799.0073183 2.0 0.1 0.0 0
1697524799.0573905 2.0 0.1 0.0 0
1697524799.1073756 2.0 0.1 0.0 0
1697524799.160067 2.0 0.1 0.0 0
1697524799.210217 2.0 0.1 0.0 0
1697524799.2600775 2.0 0.1 0.0 0
1697524799.3107948 2.0 0.1 0.0 0
1697524799.3603373 2.0 0.1 0.0 0
1697524799.4103966 2.0 0.1 0.0 0
1697524799.4608088 2.0 0.1 0.0 0
1697524799.5110142 2.0 0.1 0.0 0
1697524799.5612922 2.0 0.1 0.0 0
1697524799.6112301 2.0 0.1 0.0 0
1697524799.661273 2.0 0.1 0.0 0
1697524799.7116284 2.0 0.1 0.0 0
1697524799.761877 2.0 0.1 0.0 0
1697524799.811785 2.0 0.1 0.0 0
1697524799.8619678 2.0 0.1 0.0 0
1697524799.912293 2.0 0.1 0.0 0
1697524799.9624734 2.0 0.1 0.0 0
1697524800.012722 2.0 0.1 0.0 0
1697524800.0629017 2.0 0.1 0.0 0
1697524800.1129026 2.0 0.1 0.0 0
1697524800.1631453 2.0 0.1 0.0 0
1697524800.213244 2.0 0.1 0.0 0
1697524800.2632995 2.0 0.1 0.0 0
1697524800.313338 2.0 0.1 0.0 0
1697524800.363286 2.0 0.1 0.0 0
1697524800.4134946 2.0 0.1 0.0 0
1697524800.4636939 2.0 0.1 0.0 0
1697524800.5139472 2.0 0.1 0.0 0
1697524800.5641692 2.0 0.1 0.0 0
1697524800.6143408 2.0 0.1 0.0 0
1697524800.6645339 2.0 0.1 0.0 0
1697524800.7144308 2.0 0.1 0.0 0
1697524800.7762907 2.0 0.1 0.0 0
1697524800.8155665 2.0 0.1 0.0 0
1697524800.8646975 2.0 0.1 0.0 0
1697524800.9149623 2.0 0.1 0.0 0
1697524800.9650078 2.0 0.1 0.0 0
1697524801.015387 2.0 0.1 0.0 0
1697524801.065301 2.0 0.1 0.0 0
1697524801.1155605 2.0 0.1 0.0 0
1697524801.1656973 2.0 0.1 0.0 0
1697524801.2159922 2.0 0.1 0.0 0
1697524801.2661057 2.0 0.1 0.0 0
1697524801.316115 2.0 0.1 0.0 0
1697524801.3662355 2.0 0.1 0.0 0
1697524801.4161975 2.0 0.1 0.0 0
1697524801.4664025 2.0 0.1 0.0 0
1697524801.5162005 2.0 0.1 0.0 0
1697524801.5667312 2.0 0.1 0.0 0
1697524801.6168346 2.0 0.1 0.0 0
1697524801.6669629 2.0 0.1 0.0 0
1697524801.7172399 2.0 0.1 0.0 0
1697524801.7673695 2.0 0.1 0.0 0
1697524801.817519 2.0 0.1 0.0 0
1697524801.867382 2.0 0.1 0.0 0
1697524801.917404 2.0 0.1 0.0 0
1697524801.9679291 2.0 0.1 0.0 0
1697524802.0189962 2.0 0.1 0.0 0
1697524802.0690637 2.0 0.1 0.0 0
1697524802.1190903 2.0 0.1 0.0 0
1697524802.169116 2.0 0.1 0.0 0
1697524802.2191541 2.0 0.1 0.0 0
1697524802.2694614 2.0 0.1 0.0 0
1697524802.3195357 2.0 0.1 0.0 0
1697524802.370282 2.0 0.1 0.0 0
1697524802.4201488 2.0 0.1 0.0 0
1697524802.4701529 2.0 0.1 0.0 0
1697524802.5202103 2.0 0.1 0.0 0
1697524802.570253 2.0 0.1 0.0 0
1697524802.6204216 2.0 0.1 0.0 0
1697524802.670708 2.0 0.1 0.0 0
1697524802.7203965 2.0 0.1 0.0 0
1697524802.770887 2.0 0.1 0.0 0
1697524802.820998 2.0 0.1 0.0 0
1697524802.8711991 2.0 0.1 0.0 0
1697524802.921264 2.0 0.1 0.0 0
1697524802.9712534 2.0 0.1 0.0 0
1697524803.0211985 2.0 0.1 0.0 0
1697524803.0714216 2.0 0.1 0.0 0
1697524803.1217017 2.0 0.1 0.0 0
1697524803.1716413 2.0 0.1 0.0 0
1697524803.2215998 2.0 0.1 0.0 0
1697524803.271875 2.0 0.1 0.0 0
1697524803.3220568 2.0 0.1 0.0 0
1697524803.3723433 2.0 0.1 0.0 0
1697524803.422598 2.0 0.1 0.0 0
1697524803.4724824 2.0 0.1 0.0 0
1697524803.5228226 2.0 0.1 0.0 0
1697524803.5729318 2.0 0.1 0.0 0
1697524803.6233487 2.0 0.1 0.0 0
1697524803.67317 2.0 0.1 0.0 0
1697524803.7231536 2.0 0.1 0.0 0
1697524803.7739913 2.0 0.1 0.0 0
1697524803.8241122 2.0 0.1 0.0 0
1697524803.8746157 2.0 0.1 0.0 0
1697524803.924522 2.0 0.1 0.0 0
1697524803.9744434 2.0 0.1 0.0 0
1697524804.025193 2.0 0.1 0.0 0
1697524804.0749118 2.0 0.1 0.0 0
1697524804.1251035 2.0 0.1 0.0 0
1697524804.1751602 2.0 0.1 0.0 0
1697524804.225067 2.0 0.1 0.0 0
1697524804.2751904 2.0 0.1 0.0 0
1697524804.3251805 2.0 0.1 0.0 0
1697524804.3753746 2.0 0.1 0.0 0
1697524804.4255 2.0 0.1 0.0 0
1697524804.476064 2.0 0.1 0.0 0
1697524804.5274234 2.0 0.1 0.0 0
1697524804.576239 2.0 0.1 0.0 0
1697524804.6263783 2.0 0.1 0.0 0
1697524804.6762936 2.0 0.1 0.0 0
1697524804.726535 2.0 0.1 0.0 0
1697524804.7768128 2.0 0.1 0.0 0
1697524804.826899 2.0 0.1 0.0 0
1697524804.8784873 2.0 0.1 0.0 0
1697524804.9270298 2.0 0.1 0.0 0
1697524804.9774876 2.0 0.1 0.0 0
1697524805.0275273 2.0 0.1 0.0 0
1697524805.0774221 2.0 0.1 0.0 0
1697524805.127546 2.0 0.1 0.0 0
1697524805.1776955 2.0 0.1 0.0 0
1697524805.2280219 2.0 0.1 0.0 0
1697524805.2784622 2.0 0.1 0.0 0
1697524805.328464 2.0 0.1 0.0 0
1697524805.379234 2.0 0.1 0.0 0
1697524805.4290385 2.0 0.1 0.0 0
1697524805.480725 2.0 0.1 0.0 0
1697524805.5305102 2.0 0.1 0.0 0
1697524805.5793128 2.0 0.1 0.0 0
1697524805.6297693 2.0 0.1 0.0 0
1697524805.679516 2.0 0.1 0.0 0
1697524805.7300115 2.0 0.1 0.0 0
1697524805.7799344 2.0 0.1 0.0 0
1697524805.8300388 2.0 0.1 0.0 0
1697524805.8802214 2.0 0.1 0.0 0
1697524805.9304533 2.0 0.1 0.0 0
1697524805.9803514 2.0 0.1 0.0 0
1697524806.031479 2.0 0.1 0.0 0
1697524806.0818317 2.0 0.1 0.0 0
1697524806.1320121 2.0 0.1 0.0 0
