1697471242.5871341 2 0.1 0 0
1697471243.3679743 2.0 0.1 0.0 0
1697471243.747851 2.0 0.1 0.0 0
1697471243.8798292 2.0 0.1 0.0 0
1697471244.0144444 2.0 0.1 0.0 0
1697471244.1597292 2.0 0.1 0.0 0
1697471244.2933989 2.0 0.1 0.0 0
1697471244.4161606 2.0 0.1 0.0 0
1697471244.5407016 2.0 0.1 0.0 0
1697471244.6673727 2.0 0.1 0.0 0
1697471244.7901754 2.0 0.1 0.0 0
1697471244.908436 2.0 0.1 0.0 0
1697471245.0262878 2.0 0.1 0.0 0
1697471245.1422648 2.0 0.1 0.0 0
1697471245.2598424 2.0 0.1 0.0 0
1697471245.3833961 2.0 0.1 0.0 0
1697471245.4953802 2.0 0.1 0.0 0
1697471245.6073005 2.0 0.1 0.0 0
1697471245.7216241 2.0 0.1 0.0 0
1697471245.838506 2.0 0.1 0.0 0
1697471245.9703786 2.0 0.1 0.0 0
1697471246.1234686 2.0 0.1 0.0 0
1697471246.330363 2.0 0.1 0.0 0
1697471246.474228 2.0 0.1 0.0 0
1697471246.5817416 2.0 0.1 0.0 0
1697471246.718714 2.0 0.1 0.0 0
1697471246.8175766 2.0 0.1 0.0 0
1697471246.9149907 2.0 0.1 0.0 0
1697471247.0142565 2.0 0.1 0.0 0
1697471247.1173878 2.0 0.1 0.0 0
1697471247.219713 2.0 0.1 0.0 0
1697471247.3156517 2.0 0.1 0.0 0
1697471247.4165957 2.0 0.1 0.0 0
1697471247.5105302 2.0 0.1 0.0 0
1697471247.6089602 2.0 0.1 0.0 0
1697471247.7108848 2.0 0.1 0.0 0
1697471247.8033366 2.0 0.1 0.0 0
1697471247.9159677 2.0 0.1 0.0 0
1697471248.0335379 2.0 0.1 0.0 0
1697471248.2216775 2.0 0.1 0.0 0
1697471248.4356825 2.0 0.1 0.0 0
1697471248.6308002 2.0 0.1 0.0 0
1697471248.8400195 2.0 0.1 0.0 0
1697471249.0121794 2.0 0.1 0.0 0
1697471249.1174874 2.0 0.1 0.0 0
1697471249.218062 2.0 0.1 0.0 0
1697471249.3151793 2.0 0.1 0.0 0
1697471249.4178913 2.0 0.1 0.0 0
1697471249.5113387 2.0 0.1 0.0 0
1697471249.6144297 2.0 0.1 0.0 0
1697471249.7143066 2.0 0.1 0.0 0
1697471249.8114204 2.0 0.1 0.0 0
1697471249.9165814 2.0 0.1 0.0 0
1697471250.01372 2.0 0.1 0.0 0
1697471250.1164427 2.0 0.1 0.0 0
1697471250.2209716 2.0 0.1 0.0 0
1697471250.3226678 2.0 0.1 0.0 0
1697471250.427665 2.0 0.1 0.0 0
1697471250.531939 2.0 0.1 0.0 0
1697471250.6335502 2.0 0.1 0.0 0
1697471250.730488 2.0 0.1 0.0 0
1697471250.8284066 2.0 0.1 0.0 0
1697471250.9257507 2.0 0.1 0.0 0
1697471251.0898108 2.0 0.1 0.0 0
1697471251.3069665 2.0 0.1 0.0 0
1697471251.4762826 2.0 0.1 0.0 0
1697471251.5815566 2.0 0.1 0.0 0
1697471251.6755223 2.0 0.1 0.0 0
1697471251.7997377 2.0 0.1 0.0 0
1697471251.9889958 2.0 0.1 0.0 0
1697471252.1546178 2.0 0.1 0.0 0
1697471252.2590451 2.0 0.1 0.0 0
1697471252.3612356 2.0 0.1 0.0 0
1697471252.4605687 2.0 0.1 0.0 0
1697471252.5552769 2.0 0.1 0.0 0
