1697475576.2822547 2 0.1 0 0
1697475576.5413258 2.0 0.1 0.0 0
1697475576.67306 2.0 0.1 0.0 0
1697475576.7142465 2.0 0.1 0.0 0
1697475576.7531722 2.0 0.1 0.0 0
1697475576.7964404 2.0 0.1 0.0 0
1697475576.8491974 2.0 0.1 0.0 0
1697475576.8925946 2.0 0.1 0.0 0
1697475576.9328737 2.0 0.1 0.0 0
1697475576.9754837 2.0 0.1 0.0 0
1697475577.0292027 2.0 0.1 0.0 0
1697475577.0782897 2.0 0.1 0.0 0
1697475577.1279323 2.0 0.1 0.0 0
1697475577.1817276 2.0 0.1 0.0 0
1697475577.2336493 2.0 0.1 0.0 0
1697475577.2892642 2.0 0.1 0.0 0
1697475577.3493302 2.0 0.1 0.0 0
1697475577.4003098 2.0 0.1 0.0 0
1697475577.451854 2.0 0.1 0.0 0
1697475577.500875 2.0 0.1 0.0 0
1697475577.5532856 2.0 0.1 0.0 0
1697475577.6055503 2.0 0.1 0.0 0
1697475577.655894 2.0 0.1 0.0 0
1697475577.7116845 2.0 0.1 0.0 0
1697475577.761611 2.0 0.1 0.0 0
1697475577.8191195 2.0 0.1 0.0 0
1697475577.868878 2.0 0.1 0.0 0
1697475577.9159193 2.0 0.1 0.0 0
1697475577.9611866 2.0 0.1 0.0 0
1697475578.003846 2.0 0.1 0.0 0
1697475578.0463514 2.0 0.1 0.0 0
1697475578.0910428 2.0 0.1 0.0 0
1697475578.13 2.0 0.1 0.0 0
1697475578.172292 2.0 0.1 0.0 0
1697475578.216196 2.0 0.1 0.0 0
1697475578.260368 2.0 0.1 0.0 0
1697475578.306689 2.0 0.1 0.0 0
1697475578.3637776 2.0 0.1 0.0 0
1697475578.4147763 2.0 0.1 0.0 0
1697475578.4674337 2.0 0.1 0.0 0
1697475578.512216 2.0 0.1 0.0 0
1697475578.5592868 2.0 0.1 0.0 0
1697475578.6087637 2.0 0.1 0.0 0
1697475578.658976 2.0 0.1 0.0 0
1697475578.7098072 2.0 0.1 0.0 0
1697475578.7597513 2.0 0.1 0.0 0
1697475578.8096778 2.0 0.1 0.0 0
1697475578.8595822 2.0 0.1 0.0 0
1697475578.910361 2.0 0.1 0.0 0
1697475578.9618442 2.0 0.1 0.0 0
1697475579.0108426 2.0 0.1 0.0 0
1697475579.0608408 2.0 0.1 0.0 0
1697475579.1111357 2.0 0.1 0.0 0
1697475579.1609118 2.0 0.1 0.0 0
1697475579.2111483 2.0 0.1 0.0 0
1697475579.2626185 2.0 0.1 0.0 0
1697475579.3121219 2.0 0.1 0.0 0
1697475579.3626692 2.0 0.1 0.0 0
1697475579.4301019 2.0 0.1 0.0 0
1697475579.4857357 2.0 0.1 0.0 0
1697475579.5339904 2.0 0.1 0.0 0
1697475579.5820775 2.0 0.1 0.0 0
1697475579.6235926 2.0 0.1 0.0 0
1697475579.6656005 2.0 0.1 0.0 0
1697475579.715216 2.0 0.1 0.0 0
1697475579.7648954 2.0 0.1 0.0 0
1697475579.8158374 2.0 0.1 0.0 0
1697475579.867147 2.0 0.1 0.0 0
1697475579.9228725 2.0 0.1 0.0 0
1697475579.9710596 2.0 0.1 0.0 0
1697475580.0270698 2.0 0.1 0.0 0
1697475580.0771334 2.0 0.1 0.0 0
1697475580.124252 2.0 0.1 0.0 0
1697475580.1678293 2.0 0.1 0.0 0
1697475580.2181292 2.0 0.1 0.0 0
1697475580.2681653 2.0 0.1 0.0 0
1697475580.3182201 2.0 0.1 0.0 0
1697475580.3688433 2.0 0.1 0.0 0
1697475580.4189959 2.0 0.1 0.0 0
1697475580.4689443 2.0 0.1 0.0 0
1697475580.5188882 2.0 0.1 0.0 0
1697475580.5698133 2.0 0.1 0.0 0
1697475580.6195824 2.0 0.1 0.0 0
1697475580.6704726 2.0 0.1 0.0 0
1697475580.7211404 2.0 0.1 0.0 0
1697475580.7723973 2.0 0.1 0.0 0
1697475580.8218083 2.0 0.1 0.0 0
1697475580.8714435 2.0 0.1 0.0 0
1697475580.9225721 2.0 0.1 0.0 0
1697475580.9730477 2.0 0.1 0.0 0
1697475581.0227604 2.0 0.1 0.0 0
1697475581.073748 2.0 0.1 0.0 0
1697475581.1235414 2.0 0.1 0.0 0
1697475581.1741483 2.0 0.1 0.0 0
1697475581.2241282 2.0 0.1 0.0 0
1697475581.2741845 2.0 0.1 0.0 0
1697475581.3246279 2.0 0.1 0.0 0
1697475581.3748617 2.0 0.1 0.0 0
1697475581.4258578 2.0 0.1 0.0 0
1697475581.4783313 2.0 0.1 0.0 0
1697475581.534789 2.0 0.1 0.0 0
1697475581.5774846 2.0 0.1 0.0 0
1697475581.6269262 2.0 0.1 0.0 0
1697475581.676527 2.0 0.1 0.0 0
1697475581.726632 2.0 0.1 0.0 0
1697475581.7768784 2.0 0.1 0.0 0
1697475581.8268635 2.0 0.1 0.0 0
1697475581.8778727 2.0 0.1 0.0 0
1697475581.9285233 2.0 0.1 0.0 0
1697475581.9788284 2.0 0.1 0.0 0
1697475582.028961 2.0 0.1 0.0 0
1697475582.0800347 2.0 0.1 0.0 0
1697475582.1307325 2.0 0.1 0.0 0
1697475582.1811187 2.0 0.1 0.0 0
1697475582.2310083 2.0 0.1 0.0 0
1697475582.2825804 2.0 0.1 0.0 0
1697475582.3320308 2.0 0.1 0.0 0
1697475582.3815687 2.0 0.1 0.0 0
1697475582.4315336 2.0 0.1 0.0 0
1697475582.4821205 2.0 0.1 0.0 0
1697475582.5315657 2.0 0.1 0.0 0
1697475582.5821273 2.0 0.1 0.0 0
1697475582.6318097 2.0 0.1 0.0 0
1697475582.6817966 2.0 0.1 0.0 0
1697475582.7320817 2.0 0.1 0.0 0
1697475582.7821712 2.0 0.1 0.0 0
1697475582.8324003 2.0 0.1 0.0 0
1697475582.8839183 2.0 0.1 0.0 0
1697475582.934662 2.0 0.1 0.0 0
1697475582.9834447 2.0 0.1 0.0 0
1697475583.0335343 2.0 0.1 0.0 0
1697475583.0837479 2.0 0.1 0.0 0
1697475583.1356754 2.0 0.1 0.0 0
1697475583.2164805 2.0 0.1 0.0 0
1697475583.2642882 2.0 0.1 0.0 0
1697475583.3119905 2.0 0.1 0.0 0
1697475583.3537636 2.0 0.1 0.0 0
1697475583.3951337 2.0 0.1 0.0 0
1697475583.4369085 2.0 0.1 0.0 0
1697475583.4865568 2.0 0.1 0.0 0
1697475583.537438 2.0 0.1 0.0 0
1697475583.5872524 2.0 0.1 0.0 0
1697475583.6375768 2.0 0.1 0.0 0
1697475583.6872342 2.0 0.1 0.0 0
1697475583.7382257 2.0 0.1 0.0 0
1697475583.7880256 2.0 0.1 0.0 0
1697475583.8380616 2.0 0.1 0.0 0
1697475583.8891697 2.0 0.1 0.0 0
1697475583.947183 2.0 0.1 0.0 0
1697475583.9982653 2.0 0.1 0.0 0
1697475584.047481 2.0 0.1 0.0 0
1697475584.0945137 2.0 0.1 0.0 0
1697475584.141241 2.0 0.1 0.0 0
1697475584.1907814 2.0 0.1 0.0 0
1697475584.242038 2.0 0.1 0.0 0
1697475584.291387 2.0 0.1 0.0 0
1697475584.3463817 2.0 0.1 0.0 0
1697475584.393238 2.0 0.1 0.0 0
1697475584.4477005 2.0 0.1 0.0 0
1697475584.4941096 2.0 0.1 0.0 0
1697475584.542423 2.0 0.1 0.0 0
1697475584.6042838 2.0 0.1 0.0 0
1697475584.664244 2.0 0.1 0.0 0
1697475584.7151468 2.0 0.1 0.0 0
1697475584.7673395 2.0 0.1 0.0 0
1697475584.829843 2.0 0.1 0.0 0
1697475584.871976 2.0 0.1 0.0 0
1697475584.9192557 2.0 0.1 0.0 0
1697475584.9584289 2.0 0.1 0.0 0
1697475584.999059 2.0 0.1 0.0 0
1697475585.045512 2.0 0.1 0.0 0
1697475585.0959773 2.0 0.1 0.0 0
1697475585.146334 2.0 0.1 0.0 0
1697475585.1966803 2.0 0.1 0.0 0
1697475585.2467382 2.0 0.1 0.0 0
1697475585.296773 2.0 0.1 0.0 0
1697475585.3466952 2.0 0.1 0.0 0
1697475585.3971863 2.0 0.1 0.0 0
1697475585.4475994 2.0 0.1 0.0 0
1697475585.4975734 2.0 0.1 0.0 0
1697475585.5479057 2.0 0.1 0.0 0
1697475585.5979836 2.0 0.1 0.0 0
1697475585.6484327 2.0 0.1 0.0 0
1697475585.6983452 2.0 0.1 0.0 0
1697475585.7487504 2.0 0.1 0.0 0
1697475585.7984784 2.0 0.1 0.0 0
1697475585.8494117 2.0 0.1 0.0 0
1697475585.8991764 2.0 0.1 0.0 0
1697475585.949881 2.0 0.1 0.0 0
1697475586.0001874 2.0 0.1 0.0 0
1697475586.0509946 2.0 0.1 0.0 0
1697475586.1006203 2.0 0.1 0.0 0
1697475586.1535137 2.0 0.1 0.0 0
1697475586.2007537 2.0 0.1 0.0 0
1697475586.251269 2.0 0.1 0.0 0
1697475586.3009398 2.0 0.1 0.0 0
1697475586.3514311 2.0 0.1 0.0 0
1697475586.4019399 2.0 0.1 0.0 0
1697475586.4518015 2.0 0.1 0.0 0
1697475586.501783 2.0 0.1 0.0 0
1697475586.5519652 2.0 0.1 0.0 0
1697475586.6029983 2.0 0.1 0.0 0
1697475586.6531823 2.0 0.1 0.0 0
1697475586.7030444 2.0 0.1 0.0 0
1697475586.7542698 2.0 0.1 0.0 0
1697475586.8038874 2.0 0.1 0.0 0
1697475586.853466 2.0 0.1 0.0 0
1697475586.9029648 2.0 0.1 0.0 0
1697475586.9531949 2.0 0.1 0.0 0
1697475587.0033398 2.0 0.1 0.0 0
1697475587.0528274 2.0 0.1 0.0 0
1697475587.103351 2.0 0.1 0.0 0
1697475587.1543586 2.0 0.1 0.0 0
1697475587.2047422 2.0 0.1 0.0 0
1697475587.2548504 2.0 0.1 0.0 0
1697475587.305468 2.0 0.1 0.0 0
1697475587.3557723 2.0 0.1 0.0 0
1697475587.4063606 2.0 0.1 0.0 0
1697475587.4566476 2.0 0.1 0.0 0
1697475587.5064442 2.0 0.1 0.0 0
1697475587.556821 2.0 0.1 0.0 0
1697475587.6081116 2.0 0.1 0.0 0
1697475587.656649 2.0 0.1 0.0 0
1697475587.7066174 2.0 0.1 0.0 0
1697475587.7570765 2.0 0.1 0.0 0
1697475587.8068295 2.0 0.1 0.0 0
1697475587.8586757 2.0 0.1 0.0 0
1697475587.9083827 2.0 0.1 0.0 0
1697475587.9588594 2.0 0.1 0.0 0
1697475588.0080903 2.0 0.1 0.0 0
1697475588.0588536 2.0 0.1 0.0 0
1697475588.1097355 2.0 0.1 0.0 0
1697475588.1588259 2.0 0.1 0.0 0
1697475588.2088022 2.0 0.1 0.0 0
1697475588.2595778 2.0 0.1 0.0 0
1697475588.3098416 2.0 0.1 0.0 0
1697475588.3596077 2.0 0.1 0.0 0
1697475588.4100432 2.0 0.1 0.0 0
1697475588.4603364 2.0 0.1 0.0 0
1697475588.5098407 2.0 0.1 0.0 0
1697475588.5601418 2.0 0.1 0.0 0
1697475588.6109416 2.0 0.1 0.0 0
1697475588.6614456 2.0 0.1 0.0 0
1697475588.711309 2.0 0.1 0.0 0
1697475588.761148 2.0 0.1 0.0 0
1697475588.811285 2.0 0.1 0.0 0
1697475588.8619351 2.0 0.1 0.0 0
1697475588.9118018 2.0 0.1 0.0 0
1697475588.9619703 2.0 0.1 0.0 0
1697475589.0121777 2.0 0.1 0.0 0
1697475589.0626373 2.0 0.1 0.0 0
1697475589.1135592 2.0 0.1 0.0 0
1697475589.1631598 2.0 0.1 0.0 0
1697475589.2137353 2.0 0.1 0.0 0
1697475589.2634978 2.0 0.1 0.0 0
1697475589.313921 2.0 0.1 0.0 0
1697475589.3636496 2.0 0.1 0.0 0
1697475589.4139585 2.0 0.1 0.0 0
1697475589.465577 2.0 0.1 0.0 0
1697475589.516165 2.0 0.1 0.0 0
1697475589.566192 2.0 0.1 0.0 0
1697475589.6169508 2.0 0.1 0.0 0
1697475589.6675627 2.0 0.1 0.0 0
1697475589.7175584 2.0 0.1 0.0 0
1697475589.7680328 2.0 0.1 0.0 0
1697475589.8173707 2.0 0.1 0.0 0
1697475589.868595 2.0 0.1 0.0 0
1697475589.917385 2.0 0.1 0.0 0
1697475589.9691646 2.0 0.1 0.0 0
1697475590.018791 2.0 0.1 0.0 0
1697475590.06906 2.0 0.1 0.0 0
1697475590.119414 2.0 0.1 0.0 0
1697475590.1690428 2.0 0.1 0.0 0
1697475590.2245197 2.0 0.1 0.0 0
1697475590.2810614 2.0 0.1 0.0 0
1697475590.3299417 2.0 0.1 0.0 0
1697475590.381947 2.0 0.1 0.0 0
1697475590.4418087 2.0 0.1 0.0 0
1697475590.4873776 2.0 0.1 0.0 0
1697475590.5307615 2.0 0.1 0.0 0
1697475590.5809631 2.0 0.1 0.0 0
1697475590.624422 2.0 0.1 0.0 0
1697475590.6753469 2.0 0.1 0.0 0
1697475590.7338305 2.0 0.1 0.0 0
1697475590.8521469 2.0 0.1 0.0 0
1697475590.9597902 2.0 0.1 0.0 0
1697475591.047687 2.0 0.1 0.0 0
1697475591.0988603 2.0 0.1 0.0 0
1697475591.1457617 2.0 0.1 0.0 0
1697475591.1922815 2.0 0.1 0.0 0
1697475591.262418 2.0 0.1 0.0 0
1697475591.3380985 2.0 0.1 0.0 0
1697475591.3878813 2.0 0.1 0.0 0
1697475591.4316258 2.0 0.1 0.0 0
1697475591.4721587 2.0 0.1 0.0 0
1697475591.5154986 2.0 0.1 0.0 0
1697475591.5649593 2.0 0.1 0.0 0
1697475591.6039221 2.0 0.1 0.0 0
1697475591.640673 2.0 0.1 0.0 0
1697475591.6820807 2.0 0.1 0.0 0
1697475591.726589 2.0 0.1 0.0 0
1697475591.7647493 2.0 0.1 0.0 0
1697475591.8149202 2.0 0.1 0.0 0
1697475591.8649247 2.0 0.1 0.0 0
1697475591.9150405 2.0 0.1 0.0 0
1697475591.9649382 2.0 0.1 0.0 0
1697475592.0150812 2.0 0.1 0.0 0
1697475592.0650148 2.0 0.1 0.0 0
1697475592.115282 2.0 0.1 0.0 0
1697475592.1657536 2.0 0.1 0.0 0
1697475592.2155461 2.0 0.1 0.0 0
1697475592.265824 2.0 0.1 0.0 0
1697475592.316573 2.0 0.1 0.0 0
1697475592.3662822 2.0 0.1 0.0 0
1697475592.4162982 2.0 0.1 0.0 0
1697475592.4666877 2.0 0.1 0.0 0
1697475592.5172935 2.0 0.1 0.0 0
1697475592.5667424 2.0 0.1 0.0 0
1697475592.617233 2.0 0.1 0.0 0
1697475592.6671972 2.0 0.1 0.0 0
1697475592.7173975 2.0 0.1 0.0 0
1697475592.7673142 2.0 0.1 0.0 0
1697475592.8180423 2.0 0.1 0.0 0
1697475592.8676612 2.0 0.1 0.0 0
1697475592.9178288 2.0 0.1 0.0 0
1697475592.96772 2.0 0.1 0.0 0
1697475593.01781 2.0 0.1 0.0 0
1697475593.0751178 2.0 0.1 0.0 0
1697475593.12999 2.0 0.1 0.0 0
1697475593.1820345 2.0 0.1 0.0 0
1697475593.230736 2.0 0.1 0.0 0
1697475593.2733245 2.0 0.1 0.0 0
1697475593.3215961 2.0 0.1 0.0 0
1697475593.3760278 2.0 0.1 0.0 0
1697475593.4219384 2.0 0.1 0.0 0
1697475593.4722757 2.0 0.1 0.0 0
1697475593.522314 2.0 0.1 0.0 0
1697475593.5729487 2.0 0.1 0.0 0
1697475593.623007 2.0 0.1 0.0 0
1697475593.6730368 2.0 0.1 0.0 0
1697475593.7230356 2.0 0.1 0.0 0
1697475593.7737253 2.0 0.1 0.0 0
1697475593.823755 2.0 0.1 0.0 0
1697475593.873991 2.0 0.1 0.0 0
1697475593.9237578 2.0 0.1 0.0 0
1697475593.974417 2.0 0.1 0.0 0
1697475594.024423 2.0 0.1 0.0 0
1697475594.0744815 2.0 0.1 0.0 0
1697475594.1250048 2.0 0.1 0.0 0
1697475594.1745753 2.0 0.1 0.0 0
1697475594.225382 2.0 0.1 0.0 0
1697475594.2752602 2.0 0.1 0.0 0
1697475594.32597 2.0 0.1 0.0 0
1697475594.3759193 2.0 0.1 0.0 0
1697475594.4260595 2.0 0.1 0.0 0
1697475594.4765928 2.0 0.1 0.0 0
1697475594.5267825 2.0 0.1 0.0 0
1697475594.577378 2.0 0.1 0.0 0
1697475594.6271582 2.0 0.1 0.0 0
1697475594.678351 2.0 0.1 0.0 0
1697475594.734533 2.0 0.1 0.0 0
1697475594.7947738 2.0 0.1 0.0 0
1697475594.8803 2.0 0.1 0.0 0
1697475594.935742 2.0 0.1 0.0 0
1697475594.9787295 2.0 0.1 0.0 0
1697475595.0197358 2.0 0.1 0.0 0
1697475595.0573466 2.0 0.1 0.0 0
1697475595.08955 2.0 0.1 0.0 0
1697475595.132945 2.0 0.1 0.0 0
1697475595.1809084 2.0 0.1 0.0 0
1697475595.2314694 2.0 0.1 0.0 0
1697475595.2813208 2.0 0.1 0.0 0
1697475595.3316746 2.0 0.1 0.0 0
1697475595.3820126 2.0 0.1 0.0 0
1697475595.431846 2.0 0.1 0.0 0
1697475595.4818614 2.0 0.1 0.0 0
1697475595.53203 2.0 0.1 0.0 0
1697475595.5825582 2.0 0.1 0.0 0
1697475595.6325715 2.0 0.1 0.0 0
