1699248252.690561 2 0.1 0 0
1699248253.6620753 2.0 0.1 0.0 0
1699248253.964856 2.0 0.1 0.0 0
1699248254.0556445 2.0 0.1 0.0 0
1699248254.1508794 2.0 0.1 0.0 0
1699248254.2341726 2.0 0.1 0.0 0
1699248254.3243556 2.0 0.1 0.0 0
1699248254.403089 2.0 0.1 0.0 0
1699248254.4822798 2.0 0.1 0.0 0
1699248254.5765402 2.0 0.1 0.0 0
1699248254.667081 2.0 0.1 0.0 0
1699248254.7431443 2.0 0.1 0.0 0
1699248254.8252974 2.0 0.1 0.0 0
1699248254.899011 2.0 0.1 0.0 0
1699248254.9826245 2.0 0.1 0.0 0
1699248255.0677063 2.0 0.1 0.0 0
1699248255.1554096 2.0 0.1 0.0 0
1699248255.2386007 2.0 0.1 0.0 0
1699248255.329906 2.0 0.1 0.0 0
1699248255.408557 2.0 0.1 0.0 0
1699248255.4953842 2.0 0.1 0.0 0
1699248255.5811107 2.0 0.1 0.0 0
1699248255.6853125 2.0 0.1 0.0 0
1699248255.8634493 2.0 0.1 0.0 0
1699248255.9946663 2.0 0.1 0.0 0
1699248256.0821455 2.0 0.1 0.0 0
1699248256.174722 2.0 0.1 0.0 0
1699248256.266466 2.0 0.1 0.0 0
1699248256.3271773 2.0 0.1 0.0 0
1699248256.40154 2.0 0.1 0.0 0
1699248256.4772654 2.0 0.1 0.0 0
1699248256.5592172 2.0 0.1 0.0 0
1699248256.6407135 2.0 0.1 0.0 0
1699248256.719285 2.0 0.1 0.0 0
1699248256.8058982 2.0 0.1 0.0 0
1699248256.8833232 2.0 0.1 0.0 0
1699248256.968792 2.0 0.1 0.0 0
1699248257.0530677 2.0 0.1 0.0 0
1699248257.1364615 2.0 0.1 0.0 0
1699248257.222369 2.0 0.1 0.0 0
1699248257.307336 2.0 0.1 0.0 0
1699248257.3827963 2.0 0.1 0.0 0
1699248257.465302 2.0 0.1 0.0 0
1699248257.5604944 2.0 0.1 0.0 0
1699248257.647723 2.0 0.1 0.0 0
1699248257.7259474 2.0 0.1 0.0 0
1699248257.841189 2.0 0.1 0.0 0
1699248257.9630423 2.0 0.1 0.0 0
1699248258.048257 2.0 0.1 0.0 0
1699248258.1298754 2.0 0.1 0.0 0
1699248258.2088745 2.0 0.1 0.0 0
1699248258.2912781 2.0 0.1 0.0 0
1699248258.3652806 2.0 0.1 0.0 0
1699248258.428606 2.0 0.1 0.0 0
1699248258.4838285 2.0 0.1 0.0 0
1699248258.5445533 2.0 0.1 0.0 0
1699248258.60854 2.0 0.1 0.0 0
1699248258.6645663 2.0 0.1 0.0 0
1699248258.7220557 2.0 0.1 0.0 0
1699248258.774546 2.0 0.1 0.0 0
1699248258.8331528 2.0 0.1 0.0 0
1699248258.8799746 2.0 0.1 0.0 0
1699248258.9291265 2.0 0.1 0.0 0
1699248259.0055974 2.0 0.1 0.0 0
1699248259.0596497 2.0 0.1 0.0 0
1699248259.1205654 2.0 0.1 0.0 0
1699248259.17246 2.0 0.1 0.0 0
1699248259.2324 2.0 0.1 0.0 0
1699248259.2900414 2.0 0.1 0.0 0
1699248259.345502 2.0 0.1 0.0 0
1699248259.4090364 2.0 0.1 0.0 0
1699248259.4590502 2.0 0.1 0.0 0
1699248259.5197363 2.0 0.1 0.0 0
1699248259.575556 2.0 0.1 0.0 0
1699248259.628766 2.0 0.1 0.0 0
1699248259.6804323 2.0 0.1 0.0 0
1699248259.73641 2.0 0.1 0.0 0
1699248259.8032634 2.0 0.1 0.0 0
1699248259.8646812 2.0 0.1 0.0 0
1699248259.9230416 2.0 0.1 0.0 0
1699248259.9924576 2.0 0.1 0.0 0
1699248260.0598824 2.0 0.1 0.0 0
1699248260.1159685 2.0 0.1 0.0 0
1699248260.1794279 2.0 0.1 0.0 0
1699248260.249906 2.0 0.1 0.0 0
1699248260.3014827 2.0 0.1 0.0 0
1699248260.3519475 2.0 0.1 0.0 0
1699248260.4017453 2.0 0.1 0.0 0
1699248260.45428 2.0 0.1 0.0 0
1699248260.5062838 2.0 0.1 0.0 0
1699248260.5601203 2.0 0.1 0.0 0
1699248260.6284842 2.0 0.1 0.0 0
1699248260.6942446 2.0 0.1 0.0 0
1699248260.7642534 2.0 0.1 0.0 0
1699248260.8167224 2.0 0.1 0.0 0
1699248260.8702145 2.0 0.1 0.0 0
1699248260.9233587 2.0 0.1 0.0 0
1699248260.981919 2.0 0.1 0.0 0
1699248261.0383444 2.0 0.1 0.0 0
1699248261.1063323 2.0 0.1 0.0 0
1699248261.166818 2.0 0.1 0.0 0
1699248261.2250786 2.0 0.1 0.0 0
1699248261.2828636 2.0 0.1 0.0 0
1699248261.3384905 2.0 0.1 0.0 0
1699248261.4079921 2.0 0.1 0.0 0
1699248261.472373 2.0 0.1 0.0 0
1699248261.5343258 2.0 0.1 0.0 0
1699248261.5999491 2.0 0.1 0.0 0
1699248261.6577206 2.0 0.1 0.0 0
1699248261.7150617 2.0 0.1 0.0 0
1699248261.7778256 2.0 0.1 0.0 0
1699248261.8424666 2.0 0.1 0.0 0
1699248261.905084 2.0 0.1 0.0 0
1699248261.9561112 2.0 0.1 0.0 0
1699248262.0069325 2.0 0.1 0.0 0
1699248262.059126 2.0 0.1 0.0 0
1699248262.113612 2.0 0.1 0.0 0
1699248262.1631677 2.0 0.1 0.0 0
1699248262.2230844 2.0 0.1 0.0 0
1699248262.2886147 2.0 0.1 0.0 0
1699248262.3545864 2.0 0.1 0.0 0
1699248262.4304097 2.0 0.1 0.0 0
1699248262.4948852 2.0 0.1 0.0 0
1699248262.5554378 2.0 0.1 0.0 0
1699248262.6128502 2.0 0.1 0.0 0
1699248262.6818078 2.0 0.1 0.0 0
1699248262.739135 2.0 0.1 0.0 0
1699248262.8113303 2.0 0.1 0.0 0
1699248262.8945787 2.0 0.1 0.0 0
1699248262.9617844 2.0 0.1 0.0 0
1699248263.0272932 2.0 0.1 0.0 0
1699248263.0940402 2.0 0.1 0.0 0
1699248263.170379 2.0 0.1 0.0 0
1699248263.2374556 2.0 0.1 0.0 0
1699248263.3024375 2.0 0.1 0.0 0
1699248263.3553977 2.0 0.1 0.0 0
1699248263.4142315 2.0 0.1 0.0 0
1699248263.4837005 2.0 0.1 0.0 0
1699248263.7867663 2.0 0.1 0.0 0
1699248263.8428795 2.0 0.1 0.0 0
1699248263.9047577 2.0 0.1 0.0 0
1699248263.963984 2.0 0.1 0.0 0
1699248264.021985 2.0 0.1 0.0 0
1699248264.0817146 2.0 0.1 0.0 0
1699248264.1313653 2.0 0.1 0.0 0
1699248264.1885142 2.0 0.1 0.0 0
1699248264.260058 2.0 0.1 0.0 0
1699248264.3339055 2.0 0.1 0.0 0
1699248264.407428 2.0 0.1 0.0 0
1699248264.48863 2.0 0.1 0.0 0
1699248264.561683 2.0 0.1 0.0 0
1699248264.62236 2.0 0.1 0.0 0
1699248264.6790638 2.0 0.1 0.0 0
1699248264.7303383 2.0 0.1 0.0 0
1699248264.786447 2.0 0.1 0.0 0
1699248264.8408563 2.0 0.1 0.0 0
1699248264.8971105 2.0 0.1 0.0 0
1699248264.9660416 2.0 0.1 0.0 0
1699248265.0428042 2.0 0.1 0.0 0
1699248265.1112003 2.0 0.1 0.0 0
1699248265.1633341 2.0 0.1 0.0 0
1699248265.2174275 2.0 0.1 0.0 0
1699248265.2737124 2.0 0.1 0.0 0
1699248265.3291998 2.0 0.1 0.0 0
1699248265.3856692 2.0 0.1 0.0 0
1699248265.4427023 2.0 0.1 0.0 0
1699248265.5058901 2.0 0.1 0.0 0
1699248265.5589693 2.0 0.1 0.0 0
1699248265.6190982 2.0 0.1 0.0 0
1699248265.676393 2.0 0.1 0.0 0
1699248265.751332 2.0 0.1 0.0 0
1699248265.8432324 2.0 0.1 0.0 0
1699248265.939629 2.0 0.1 0.0 0
1699248266.023677 2.0 0.1 0.0 0
1699248266.1070302 2.0 0.1 0.0 0
1699248266.186507 2.0 0.1 0.0 0
1699248266.2654407 2.0 0.1 0.0 0
1699248266.350351 2.0 0.1 0.0 0
1699248266.4305758 2.0 0.1 0.0 0
1699248266.50455 2.0 0.1 0.0 0
1699248266.585972 2.0 0.1 0.0 0
1699248266.6589015 2.0 0.1 0.0 0
1699248266.753889 2.0 0.1 0.0 0
1699248266.8379438 2.0 0.1 0.0 0
1699248266.918543 2.0 0.1 0.0 0
1699248266.9878192 2.0 0.1 0.0 0
1699248267.075626 2.0 0.1 0.0 0
1699248267.1720357 2.0 0.1 0.0 0
1699248267.2716756 2.0 0.1 0.0 0
1699248267.4102912 2.0 0.1 0.0 0
1699248267.5090861 2.0 0.1 0.0 0
1699248267.6088197 2.0 0.1 0.0 0
1699248267.6984904 2.0 0.1 0.0 0
1699248267.7704844 2.0 0.1 0.0 0
1699248267.842539 2.0 0.1 0.0 0
1699248267.9363008 2.0 0.1 0.0 0
1699248268.0185733 2.0 0.1 0.0 0
1699248268.098764 2.0 0.1 0.0 0
1699248268.1965175 2.0 0.1 0.0 0
1699248268.273407 2.0 0.1 0.0 0
1699248268.3695486 2.0 0.1 0.0 0
1699248268.47326 2.0 0.1 0.0 0
1699248268.574284 2.0 0.1 0.0 0
1699248268.6720471 2.0 0.1 0.0 0
1699248268.7713366 2.0 0.1 0.0 0
1699248268.8577583 2.0 0.1 0.0 0
1699248268.9431381 2.0 0.1 0.0 0
1699248269.01355 2.0 0.1 0.0 0
1699248269.0936534 2.0 0.1 0.0 0
1699248269.175254 2.0 0.1 0.0 0
1699248269.2564166 2.0 0.1 0.0 0
1699248269.3304682 2.0 0.1 0.0 0
1699248269.4108977 2.0 0.1 0.0 0
1699248269.500643 2.0 0.1 0.0 0
1699248269.600825 2.0 0.1 0.0 0
1699248269.6825538 2.0 0.1 0.0 0
1699248269.7702842 2.0 0.1 0.0 0
1699248269.843441 2.0 0.1 0.0 0
1699248269.9291065 2.0 0.1 0.0 0
1699248270.0127048 2.0 0.1 0.0 0
1699248270.096077 2.0 0.1 0.0 0
1699248270.1749434 2.0 0.1 0.0 0
1699248270.4638855 2.0 0.1 0.0 0
1699248270.5195217 2.0 0.1 0.0 0
1699248270.769967 2.0 0.1 0.0 0
1699248270.827665 2.0 0.1 0.0 0
1699248270.9102266 2.0 0.1 0.0 0
1699248271.2073998 2.0 0.1 0.0 0
1699248271.2722247 2.0 0.1 0.0 0
1699248271.3241913 2.0 0.1 0.0 0
1699248271.7003012 2.0 0.1 0.0 0
1699248272.0607066 2.0 0.1 0.0 0
1699248272.1109345 2.0 0.1 0.0 0
1699248272.46703 2.0 0.1 0.0 0
1699248272.5156465 2.0 0.1 0.0 0
1699248272.5723948 2.0 0.1 0.0 0
1699248272.95083 2.0 0.1 0.0 0
1699248273.0108175 2.0 0.1 0.0 0
1699248273.0717049 2.0 0.1 0.0 0
1699248273.420676 2.0 0.1 0.0 0
1699248273.4769497 2.0 0.1 0.0 0
1699248273.543201 2.0 0.1 0.0 0
1699248273.9114828 2.0 0.1 0.0 0
1699248273.978415 2.0 0.1 0.0 0
1699248274.045438 2.0 0.1 0.0 0
1699248274.3703754 2.0 0.1 0.0 0
1699248274.4374554 2.0 0.1 0.0 0
1699248274.5091014 2.0 0.1 0.0 0
1699248274.8396251 2.0 0.1 0.0 0
1699248274.8986526 2.0 0.1 0.0 0
1699248274.9555175 2.0 0.1 0.0 0
1699248275.0093653 2.0 0.1 0.0 0
1699248275.359437 2.0 0.1 0.0 0
1699248275.418316 2.0 0.1 0.0 0
1699248275.47304 2.0 0.1 0.0 0
1699248275.5406444 2.0 0.1 0.0 0
1699248275.872716 2.0 0.1 0.0 0
1699248275.9248626 2.0 0.1 0.0 0
1699248275.9959114 2.0 0.1 0.0 0
1699248276.0402324 2.0 0.1 0.0 0
1699248276.4363754 2.0 0.1 0.0 0
1699248276.4946716 2.0 0.1 0.0 0
1699248276.5546093 2.0 0.1 0.0 0
1699248276.8898928 2.0 0.1 0.0 0
1699248276.953123 2.0 0.1 0.0 0
1699248277.0125763 2.0 0.1 0.0 0
1699248277.159608 2.0 0.1 0.0 0
1699248277.523184 2.0 0.1 0.0 0
1699248277.882038 2.0 0.1 0.0 0
1699248277.9405885 2.0 0.1 0.0 0
1699248278.2909844 2.0 0.1 0.0 0
1699248278.3491051 2.0 0.1 0.0 0
1699248278.4131284 2.0 0.1 0.0 0
1699248278.7978547 2.0 0.1 0.0 0
1699248278.8673036 2.0 0.1 0.0 0
1699248278.9464467 2.0 0.1 0.0 0
1699248279.0067623 2.0 0.1 0.0 0
1699248279.3465006 2.0 0.1 0.0 0
1699248279.6930165 2.0 0.1 0.0 0
1699248279.7514343 2.0 0.1 0.0 0
1699248280.1130085 2.0 0.1 0.0 0
1699248280.183911 2.0 0.1 0.0 0
1699248280.2638001 2.0 0.1 0.0 0
1699248280.690302 2.0 0.1 0.0 0
1699248280.745574 2.0 0.1 0.0 0
1699248280.8181124 2.0 0.1 0.0 0
1699248280.8926072 2.0 0.1 0.0 0
1699248281.2055883 2.0 0.1 0.0 0
1699248281.5643978 2.0 0.1 0.0 0
1699248281.628785 2.0 0.1 0.0 0
1699248281.9743192 2.0 0.1 0.0 0
1699248282.0347013 2.0 0.1 0.0 0
1699248282.1097212 2.0 0.1 0.0 0
1699248282.481445 2.0 0.1 0.0 0
1699248282.5382566 2.0 0.1 0.0 0
1699248282.5967264 2.0 0.1 0.0 0
1699248282.9363656 2.0 0.1 0.0 0
1699248282.9921224 2.0 0.1 0.0 0
1699248283.0422513 2.0 0.1 0.0 0
1699248283.0989685 2.0 0.1 0.0 0
1699248283.4387066 2.0 0.1 0.0 0
1699248283.771768 2.0 0.1 0.0 0
1699248283.8262568 2.0 0.1 0.0 0
1699248284.152561 2.0 0.1 0.0 0
1699248284.2166812 2.0 0.1 0.0 0
1699248284.283124 2.0 0.1 0.0 0
1699248284.3365436 2.0 0.1 0.0 0
1699248284.7210653 2.0 0.1 0.0 0
1699248284.7840204 2.0 0.1 0.0 0
1699248284.8482897 2.0 0.1 0.0 0
1699248284.9139073 2.0 0.1 0.0 0
1699248285.2680933 2.0 0.1 0.0 0
1699248285.5830443 2.0 0.1 0.0 0
1699248285.6326902 2.0 0.1 0.0 0
1699248285.9786673 2.0 0.1 0.0 0
1699248286.0284977 2.0 0.1 0.0 0
1699248286.0924966 2.0 0.1 0.0 0
1699248286.1452682 2.0 0.1 0.0 0
1699248286.4742937 2.0 0.1 0.0 0
1699248286.544813 2.0 0.1 0.0 0
1699248286.6205378 2.0 0.1 0.0 0
1699248286.68926 2.0 0.1 0.0 0
1699248287.0448928 2.0 0.1 0.0 0
1699248287.3889952 2.0 0.1 0.0 0
1699248287.4417076 2.0 0.1 0.0 0
1699248287.7614021 2.0 0.1 0.0 0
1699248287.8237352 2.0 0.1 0.0 0
1699248287.8764133 2.0 0.1 0.0 0
1699248288.2130513 2.0 0.1 0.0 0
1699248288.2642055 2.0 0.1 0.0 0
1699248288.3198135 2.0 0.1 0.0 0
1699248288.3753893 2.0 0.1 0.0 0
1699248288.7079709 2.0 0.1 0.0 0
1699248288.7667015 2.0 0.1 0.0 0
1699248288.8244784 2.0 0.1 0.0 0
1699248288.8975496 2.0 0.1 0.0 0
1699248289.1958613 2.0 0.1 0.0 0
1699248289.251225 2.0 0.1 0.0 0
1699248289.3153584 2.0 0.1 0.0 0
1699248289.3586257 2.0 0.1 0.0 0
1699248289.6978617 2.0 0.1 0.0 0
1699248289.7776985 2.0 0.1 0.0 0
1699248289.8412938 2.0 0.1 0.0 0
1699248289.906166 2.0 0.1 0.0 0
1699248290.2654731 2.0 0.1 0.0 0
1699248290.5809522 2.0 0.1 0.0 0
1699248290.6388648 2.0 0.1 0.0 0
1699248291.0027158 2.0 0.1 0.0 0
1699248291.0582502 2.0 0.1 0.0 0
1699248291.113824 2.0 0.1 0.0 0
1699248291.4598768 2.0 0.1 0.0 0
1699248291.5170248 2.0 0.1 0.0 0
1699248291.5824761 2.0 0.1 0.0 0
1699248291.634701 2.0 0.1 0.0 0
1699248291.9755428 2.0 0.1 0.0 0
1699248292.030315 2.0 0.1 0.0 0
1699248292.0819361 2.0 0.1 0.0 0
1699248292.4576545 2.0 0.1 0.0 0
1699248292.525069 2.0 0.1 0.0 0
1699248292.5943966 2.0 0.1 0.0 0
1699248292.9224133 2.0 0.1 0.0 0
1699248292.985336 2.0 0.1 0.0 0
1699248293.0542288 2.0 0.1 0.0 0
1699248293.1217797 2.0 0.1 0.0 0
1699248293.509624 2.0 0.1 0.0 0
1699248293.8760524 2.0 0.1 0.0 0
1699248293.941181 2.0 0.1 0.0 0
1699248294.34159 2.0 0.1 0.0 0
1699248294.4091485 2.0 0.1 0.0 0
1699248294.4659982 2.0 0.1 0.0 0
1699248294.8377519 2.0 0.1 0.0 0
1699248294.8899012 2.0 0.1 0.0 0
1699248294.963961 2.0 0.1 0.0 0
1699248295.3039036 2.0 0.1 0.0 0
1699248295.373277 2.0 0.1 0.0 0
1699248295.451067 2.0 0.1 0.0 0
1699248295.8420184 2.0 0.1 0.0 0
1699248295.9197836 2.0 0.1 0.0 0
1699248295.9994802 2.0 0.1 0.0 0
1699248296.368366 2.0 0.1 0.0 0
1699248296.4242878 2.0 0.1 0.0 0
1699248296.4794204 2.0 0.1 0.0 0
1699248296.8677588 2.0 0.1 0.0 0
1699248296.9334023 2.0 0.1 0.0 0
1699248297.000051 2.0 0.1 0.0 0
1699248297.0606687 2.0 0.1 0.0 0
1699248297.3620524 2.0 0.1 0.0 0
1699248297.6762273 2.0 0.1 0.0 0
1699248297.732559 2.0 0.1 0.0 0
1699248298.0583367 2.0 0.1 0.0 0
1699248298.1079865 2.0 0.1 0.0 0
1699248298.1755798 2.0 0.1 0.0 0
1699248298.540489 2.0 0.1 0.0 0
1699248298.6100953 2.0 0.1 0.0 0
1699248298.6750963 2.0 0.1 0.0 0
1699248298.7359807 2.0 0.1 0.0 0
1699248299.065681 2.0 0.1 0.0 0
1699248299.4097104 2.0 0.1 0.0 0
1699248299.4727554 2.0 0.1 0.0 0
1699248299.8062212 2.0 0.1 0.0 0
1699248299.865831 2.0 0.1 0.0 0
1699248299.9230595 2.0 0.1 0.0 0
1699248299.9755073 2.0 0.1 0.0 0
1699248300.32171 2.0 0.1 0.0 0
1699248300.3738708 2.0 0.1 0.0 0
1699248300.4235659 2.0 0.1 0.0 0
1699248300.7937837 2.0 0.1 0.0 0
1699248300.847881 2.0 0.1 0.0 0
1699248300.9296684 2.0 0.1 0.0 0
1699248301.2799106 2.0 0.1 0.0 0
1699248301.3300085 2.0 0.1 0.0 0
1699248301.4127784 2.0 0.1 0.0 0
1699248301.7596006 2.0 0.1 0.0 0
1699248301.8256235 2.0 0.1 0.0 0
1699248301.8927312 2.0 0.1 0.0 0
1699248301.9558783 2.0 0.1 0.0 0
1699248302.2847347 2.0 0.1 0.0 0
1699248302.342301 2.0 0.1 0.0 0
1699248302.400506 2.0 0.1 0.0 0
1699248302.721277 2.0 0.1 0.0 0
1699248302.7724411 2.0 0.1 0.0 0
1699248302.826639 2.0 0.1 0.0 0
1699248302.8873246 2.0 0.1 0.0 0
1699248303.206864 2.0 0.1 0.0 0
1699248303.2594743 2.0 0.1 0.0 0
1699248303.3111084 2.0 0.1 0.0 0
1699248303.6736572 2.0 0.1 0.0 0
1699248303.7305164 2.0 0.1 0.0 0
1699248303.7937078 2.0 0.1 0.0 0
1699248303.8453963 2.0 0.1 0.0 0
1699248304.1504052 2.0 0.1 0.0 0
1699248304.498419 2.0 0.1 0.0 0
1699248304.5544508 2.0 0.1 0.0 0
1699248304.8876667 2.0 0.1 0.0 0
1699248304.941188 2.0 0.1 0.0 0
1699248305.0206537 2.0 0.1 0.0 0
1699248305.0889337 2.0 0.1 0.0 0
1699248305.4582667 2.0 0.1 0.0 0
1699248305.5264757 2.0 0.1 0.0 0
1699248305.5934973 2.0 0.1 0.0 0
1699248305.9361632 2.0 0.1 0.0 0
1699248305.9953883 2.0 0.1 0.0 0
1699248306.0426686 2.0 0.1 0.0 0
1699248306.1043367 2.0 0.1 0.0 0
1699248306.4333138 2.0 0.1 0.0 0
1699248306.4853847 2.0 0.1 0.0 0
1699248306.5384226 2.0 0.1 0.0 0
1699248306.6005554 2.0 0.1 0.0 0
1699248306.9944494 2.0 0.1 0.0 0
1699248307.3674932 2.0 0.1 0.0 0
1699248307.4328802 2.0 0.1 0.0 0
1699248307.7477798 2.0 0.1 0.0 0
1699248307.800576 2.0 0.1 0.0 0
1699248307.87405 2.0 0.1 0.0 0
1699248307.937655 2.0 0.1 0.0 0
1699248308.2844 2.0 0.1 0.0 0
1699248308.3540483 2.0 0.1 0.0 0
1699248308.4213772 2.0 0.1 0.0 0
1699248308.4804554 2.0 0.1 0.0 0
1699248308.8964846 2.0 0.1 0.0 0
1699248308.956407 2.0 0.1 0.0 0
1699248309.0229034 2.0 0.1 0.0 0
1699248309.4159682 2.0 0.1 0.0 0
1699248309.4785151 2.0 0.1 0.0 0
1699248309.5469198 2.0 0.1 0.0 0
1699248309.879146 2.0 0.1 0.0 0
1699248309.9381588 2.0 0.1 0.0 0
1699248310.040745 2.0 0.1 0.0 0
1699248310.4400797 2.0 0.1 0.0 0
1699248310.4927971 2.0 0.1 0.0 0
1699248310.553712 2.0 0.1 0.0 0
1699248310.9300942 2.0 0.1 0.0 0
1699248310.9861064 2.0 0.1 0.0 0
1699248311.0513368 2.0 0.1 0.0 0
1699248311.4103365 2.0 0.1 0.0 0
1699248311.4770277 2.0 0.1 0.0 0
1699248311.539248 2.0 0.1 0.0 0
1699248311.6020389 2.0 0.1 0.0 0
1699248311.9530063 2.0 0.1 0.0 0
1699248312.2928069 2.0 0.1 0.0 0
1699248312.35971 2.0 0.1 0.0 0
1699248312.6733563 2.0 0.1 0.0 0
1699248312.7481623 2.0 0.1 0.0 0
1699248312.8245146 2.0 0.1 0.0 0
1699248313.1643693 2.0 0.1 0.0 0
1699248313.2182367 2.0 0.1 0.0 0
1699248313.2766786 2.0 0.1 0.0 0
1699248313.6158352 2.0 0.1 0.0 0
1699248313.6672938 2.0 0.1 0.0 0
1699248313.7322361 2.0 0.1 0.0 0
1699248314.0974026 2.0 0.1 0.0 0
1699248314.1513464 2.0 0.1 0.0 0
1699248314.205452 2.0 0.1 0.0 0
1699248314.538334 2.0 0.1 0.0 0
1699248314.6052659 2.0 0.1 0.0 0
1699248314.668652 2.0 0.1 0.0 0
1699248314.7420065 2.0 0.1 0.0 0
1699248315.105797 2.0 0.1 0.0 0
1699248315.4693868 2.0 0.1 0.0 0
1699248315.5354838 2.0 0.1 0.0 0
1699248315.9694011 2.0 0.1 0.0 0
1699248316.0524049 2.0 0.1 0.0 0
1699248316.1403751 2.0 0.1 0.0 0
1699248316.5406785 2.0 0.1 0.0 0
1699248316.6090689 2.0 0.1 0.0 0
1699248316.6863086 2.0 0.1 0.0 0
1699248317.105248 2.0 0.1 0.0 0
1699248317.1824992 2.0 0.1 0.0 0
1699248317.2604852 2.0 0.1 0.0 0
1699248317.6277966 2.0 0.1 0.0 0
1699248317.6912308 2.0 0.1 0.0 0
1699248317.7483227 2.0 0.1 0.0 0
1699248317.8082817 2.0 0.1 0.0 0
1699248318.136139 2.0 0.1 0.0 0
1699248318.443756 2.0 0.1 0.0 0
1699248318.494059 2.0 0.1 0.0 0
1699248318.792293 2.0 0.1 0.0 0
1699248318.8438437 2.0 0.1 0.0 0
1699248318.912307 2.0 0.1 0.0 0
1699248318.9611816 2.0 0.1 0.0 0
1699248319.274529 2.0 0.1 0.0 0
1699248319.3247368 2.0 0.1 0.0 0
1699248319.379297 2.0 0.1 0.0 0
1699248319.6901796 2.0 0.1 0.0 0
1699248319.7399004 2.0 0.1 0.0 0
1699248319.7932837 2.0 0.1 0.0 0
1699248319.8555868 2.0 0.1 0.0 0
1699248320.1919434 2.0 0.1 0.0 0
1699248320.5026133 2.0 0.1 0.0 0
1699248320.5527954 2.0 0.1 0.0 0
1699248320.8740993 2.0 0.1 0.0 0
1699248320.9275696 2.0 0.1 0.0 0
1699248320.9803176 2.0 0.1 0.0 0
1699248321.0405834 2.0 0.1 0.0 0
1699248321.3740394 2.0 0.1 0.0 0
1699248321.4238462 2.0 0.1 0.0 0
1699248321.4768872 2.0 0.1 0.0 0
1699248321.5373778 2.0 0.1 0.0 0
1699248321.8633454 2.0 0.1 0.0 0
1699248321.929014 2.0 0.1 0.0 0
1699248322.0031567 2.0 0.1 0.0 0
1699248322.4089608 2.0 0.1 0.0 0
1699248322.4661076 2.0 0.1 0.0 0
1699248322.5294516 2.0 0.1 0.0 0
1699248322.8815768 2.0 0.1 0.0 0
1699248322.9381268 2.0 0.1 0.0 0
1699248322.9979827 2.0 0.1 0.0 0
1699248323.0584412 2.0 0.1 0.0 0
1699248323.406882 2.0 0.1 0.0 0
1699248323.7724206 2.0 0.1 0.0 0
1699248323.8250637 2.0 0.1 0.0 0
1699248324.1757824 2.0 0.1 0.0 0
1699248324.232617 2.0 0.1 0.0 0
1699248324.305195 2.0 0.1 0.0 0
1699248324.6619387 2.0 0.1 0.0 0
1699248324.7254093 2.0 0.1 0.0 0
1699248324.800791 2.0 0.1 0.0 0
1699248324.8639767 2.0 0.1 0.0 0
1699248325.2170162 2.0 0.1 0.0 0
1699248325.569627 2.0 0.1 0.0 0
1699248325.632877 2.0 0.1 0.0 0
