1699248594.5528011 2 0.1 0 0
1699248594.9789777 2.0 0.1 0.0 0
1699248595.2008862 2.0 0.1 0.0 0
1699248595.2587402 2.0 0.1 0.0 0
1699248595.3167918 2.0 0.1 0.0 0
1699248595.377418 2.0 0.1 0.0 0
1699248595.4289725 2.0 0.1 0.0 0
1699248595.4841208 2.0 0.1 0.0 0
1699248595.5383933 2.0 0.1 0.0 0
1699248595.6028426 2.0 0.1 0.0 0
1699248595.669807 2.0 0.1 0.0 0
1699248595.7371292 2.0 0.1 0.0 0
1699248595.7964113 2.0 0.1 0.0 0
1699248595.8535273 2.0 0.1 0.0 0
1699248595.9055374 2.0 0.1 0.0 0
1699248595.970559 2.0 0.1 0.0 0
1699248596.0710473 2.0 0.1 0.0 0
1699248596.146556 2.0 0.1 0.0 0
1699248596.2131257 2.0 0.1 0.0 0
1699248596.275138 2.0 0.1 0.0 0
1699248596.336501 2.0 0.1 0.0 0
1699248596.4027026 2.0 0.1 0.0 0
1699248596.4671743 2.0 0.1 0.0 0
1699248596.529782 2.0 0.1 0.0 0
1699248596.5859883 2.0 0.1 0.0 0
1699248596.6414237 2.0 0.1 0.0 0
1699248596.6943371 2.0 0.1 0.0 0
1699248596.757004 2.0 0.1 0.0 0
1699248596.8174562 2.0 0.1 0.0 0
1699248596.8696735 2.0 0.1 0.0 0
1699248596.9276483 2.0 0.1 0.0 0
1699248596.983037 2.0 0.1 0.0 0
1699248597.0358295 2.0 0.1 0.0 0
1699248597.0922403 2.0 0.1 0.0 0
1699248597.1477063 2.0 0.1 0.0 0
1699248597.222485 2.0 0.1 0.0 0
1699248597.2821386 2.0 0.1 0.0 0
1699248597.3318434 2.0 0.1 0.0 0
1699248597.3823624 2.0 0.1 0.0 0
1699248597.4377177 2.0 0.1 0.0 0
1699248597.4960291 2.0 0.1 0.0 0
1699248597.5679002 2.0 0.1 0.0 0
1699248597.6329358 2.0 0.1 0.0 0
1699248597.6977293 2.0 0.1 0.0 0
1699248597.7633877 2.0 0.1 0.0 0
1699248597.8246903 2.0 0.1 0.0 0
1699248597.9030628 2.0 0.1 0.0 0
1699248597.980006 2.0 0.1 0.0 0
1699248598.0482335 2.0 0.1 0.0 0
1699248598.1136572 2.0 0.1 0.0 0
1699248598.176828 2.0 0.1 0.0 0
1699248598.237304 2.0 0.1 0.0 0
1699248598.2991695 2.0 0.1 0.0 0
1699248598.3621407 2.0 0.1 0.0 0
1699248598.4340334 2.0 0.1 0.0 0
1699248598.4990675 2.0 0.1 0.0 0
1699248598.5594366 2.0 0.1 0.0 0
1699248598.6189435 2.0 0.1 0.0 0
1699248598.671742 2.0 0.1 0.0 0
1699248598.7266152 2.0 0.1 0.0 0
1699248598.786942 2.0 0.1 0.0 0
1699248598.8669748 2.0 0.1 0.0 0
1699248598.9344928 2.0 0.1 0.0 0
1699248598.9889581 2.0 0.1 0.0 0
1699248599.0458817 2.0 0.1 0.0 0
1699248599.1157525 2.0 0.1 0.0 0
1699248599.1852055 2.0 0.1 0.0 0
1699248599.250673 2.0 0.1 0.0 0
1699248599.3147643 2.0 0.1 0.0 0
1699248599.3803148 2.0 0.1 0.0 0
1699248599.442265 2.0 0.1 0.0 0
1699248599.5000458 2.0 0.1 0.0 0
1699248599.559447 2.0 0.1 0.0 0
1699248599.6230729 2.0 0.1 0.0 0
1699248599.6934874 2.0 0.1 0.0 0
1699248599.7575443 2.0 0.1 0.0 0
1699248599.8211474 2.0 0.1 0.0 0
1699248599.8794348 2.0 0.1 0.0 0
1699248599.9415376 2.0 0.1 0.0 0
1699248600.0066056 2.0 0.1 0.0 0
1699248600.0803208 2.0 0.1 0.0 0
1699248600.1454973 2.0 0.1 0.0 0
1699248600.247784 2.0 0.1 0.0 0
1699248600.3189955 2.0 0.1 0.0 0
1699248600.385396 2.0 0.1 0.0 0
1699248600.4490652 2.0 0.1 0.0 0
1699248600.5143523 2.0 0.1 0.0 0
1699248600.5705905 2.0 0.1 0.0 0
1699248600.6214085 2.0 0.1 0.0 0
1699248600.6765008 2.0 0.1 0.0 0
1699248600.7303824 2.0 0.1 0.0 0
1699248600.7989612 2.0 0.1 0.0 0
1699248600.867792 2.0 0.1 0.0 0
1699248600.9401977 2.0 0.1 0.0 0
1699248601.0027208 2.0 0.1 0.0 0
1699248601.0688045 2.0 0.1 0.0 0
1699248601.1342866 2.0 0.1 0.0 0
1699248601.1958003 2.0 0.1 0.0 0
1699248601.2661057 2.0 0.1 0.0 0
1699248601.342284 2.0 0.1 0.0 0
1699248601.4095833 2.0 0.1 0.0 0
1699248601.4724426 2.0 0.1 0.0 0
1699248601.5364761 2.0 0.1 0.0 0
1699248601.6111143 2.0 0.1 0.0 0
1699248601.6796103 2.0 0.1 0.0 0
1699248601.7417634 2.0 0.1 0.0 0
1699248601.798907 2.0 0.1 0.0 0
1699248601.867109 2.0 0.1 0.0 0
1699248601.9539707 2.0 0.1 0.0 0
1699248602.0312037 2.0 0.1 0.0 0
1699248602.1082342 2.0 0.1 0.0 0
1699248602.1858063 2.0 0.1 0.0 0
1699248602.2469165 2.0 0.1 0.0 0
1699248602.3105748 2.0 0.1 0.0 0
1699248602.3680239 2.0 0.1 0.0 0
1699248602.4370174 2.0 0.1 0.0 0
1699248602.503082 2.0 0.1 0.0 0
1699248602.5665038 2.0 0.1 0.0 0
1699248602.6261456 2.0 0.1 0.0 0
1699248602.6797986 2.0 0.1 0.0 0
1699248602.732311 2.0 0.1 0.0 0
1699248602.7930796 2.0 0.1 0.0 0
1699248602.8656795 2.0 0.1 0.0 0
1699248602.9216123 2.0 0.1 0.0 0
1699248603.0018961 2.0 0.1 0.0 0
1699248603.0846694 2.0 0.1 0.0 0
1699248603.150644 2.0 0.1 0.0 0
1699248603.22763 2.0 0.1 0.0 0
1699248603.2953324 2.0 0.1 0.0 0
1699248603.3588178 2.0 0.1 0.0 0
1699248603.4253597 2.0 0.1 0.0 0
1699248603.4891992 2.0 0.1 0.0 0
1699248603.5520422 2.0 0.1 0.0 0
1699248603.6174195 2.0 0.1 0.0 0
1699248603.677499 2.0 0.1 0.0 0
1699248603.7418845 2.0 0.1 0.0 0
1699248603.8048193 2.0 0.1 0.0 0
1699248603.8654637 2.0 0.1 0.0 0
1699248604.14647 2.0 0.1 0.0 0
1699248604.2038283 2.0 0.1 0.0 0
1699248604.2588844 2.0 0.1 0.0 0
1699248604.323232 2.0 0.1 0.0 0
1699248604.3911543 2.0 0.1 0.0 0
1699248604.464586 2.0 0.1 0.0 0
1699248604.5324664 2.0 0.1 0.0 0
1699248604.6017964 2.0 0.1 0.0 0
1699248604.6671593 2.0 0.1 0.0 0
1699248604.717867 2.0 0.1 0.0 0
1699248604.7861853 2.0 0.1 0.0 0
1699248604.8519483 2.0 0.1 0.0 0
1699248604.9297144 2.0 0.1 0.0 0
1699248604.9918857 2.0 0.1 0.0 0
1699248605.0563889 2.0 0.1 0.0 0
1699248605.1138768 2.0 0.1 0.0 0
1699248605.1701 2.0 0.1 0.0 0
1699248605.232089 2.0 0.1 0.0 0
1699248605.2983613 2.0 0.1 0.0 0
1699248605.3564787 2.0 0.1 0.0 0
1699248605.420375 2.0 0.1 0.0 0
1699248605.4773293 2.0 0.1 0.0 0
1699248605.5333338 2.0 0.1 0.0 0
1699248605.597653 2.0 0.1 0.0 0
1699248605.6789799 2.0 0.1 0.0 0
1699248605.7584682 2.0 0.1 0.0 0
1699248605.8445106 2.0 0.1 0.0 0
1699248605.9052255 2.0 0.1 0.0 0
1699248605.9672387 2.0 0.1 0.0 0
1699248606.032549 2.0 0.1 0.0 0
1699248606.1060877 2.0 0.1 0.0 0
1699248606.1554627 2.0 0.1 0.0 0
1699248606.2374887 2.0 0.1 0.0 0
1699248606.2942924 2.0 0.1 0.0 0
1699248606.349512 2.0 0.1 0.0 0
1699248606.4168828 2.0 0.1 0.0 0
1699248606.479894 2.0 0.1 0.0 0
1699248606.5375612 2.0 0.1 0.0 0
1699248606.5912073 2.0 0.1 0.0 0
1699248606.6476626 2.0 0.1 0.0 0
1699248606.7012517 2.0 0.1 0.0 0
1699248606.759666 2.0 0.1 0.0 0
1699248606.8209848 2.0 0.1 0.0 0
1699248606.8799357 2.0 0.1 0.0 0
1699248606.9355752 2.0 0.1 0.0 0
1699248606.9913075 2.0 0.1 0.0 0
1699248607.0464327 2.0 0.1 0.0 0
1699248607.119327 2.0 0.1 0.0 0
1699248607.1686518 2.0 0.1 0.0 0
1699248607.249496 2.0 0.1 0.0 0
1699248607.3278472 2.0 0.1 0.0 0
1699248607.4569762 2.0 0.1 0.0 0
1699248607.5636027 2.0 0.1 0.0 0
1699248607.663875 2.0 0.1 0.0 0
1699248607.776708 2.0 0.1 0.0 0
1699248607.8828185 2.0 0.1 0.0 0
1699248607.9855661 2.0 0.1 0.0 0
1699248608.0926628 2.0 0.1 0.0 0
1699248608.1956096 2.0 0.1 0.0 0
1699248608.2949598 2.0 0.1 0.0 0
1699248608.4025156 2.0 0.1 0.0 0
1699248608.5084646 2.0 0.1 0.0 0
1699248608.6200736 2.0 0.1 0.0 0
1699248608.7265623 2.0 0.1 0.0 0
1699248608.8301601 2.0 0.1 0.0 0
1699248608.9317071 2.0 0.1 0.0 0
1699248609.0416079 2.0 0.1 0.0 0
1699248609.143608 2.0 0.1 0.0 0
1699248609.2477355 2.0 0.1 0.0 0
1699248609.3708782 2.0 0.1 0.0 0
1699248609.470842 2.0 0.1 0.0 0
1699248609.5697815 2.0 0.1 0.0 0
1699248609.6750312 2.0 0.1 0.0 0
1699248609.7748857 2.0 0.1 0.0 0
1699248609.8860686 2.0 0.1 0.0 0
1699248609.9945412 2.0 0.1 0.0 0
1699248610.1084955 2.0 0.1 0.0 0
1699248610.2074845 2.0 0.1 0.0 0
1699248610.3082054 2.0 0.1 0.0 0
1699248610.4074965 2.0 0.1 0.0 0
1699248610.505671 2.0 0.1 0.0 0
1699248610.6091142 2.0 0.1 0.0 0
1699248610.7216423 2.0 0.1 0.0 0
1699248610.8602338 2.0 0.1 0.0 0
1699248611.1858826 2.0 0.1 0.0 0
1699248611.2455788 2.0 0.1 0.0 0
1699248611.4938 2.0 0.1 0.0 0
1699248611.5685523 2.0 0.1 0.0 0
1699248611.6437867 2.0 0.1 0.0 0
1699248611.9279873 2.0 0.1 0.0 0
1699248611.985191 2.0 0.1 0.0 0
1699248612.0448272 2.0 0.1 0.0 0
1699248612.4146166 2.0 0.1 0.0 0
1699248612.7634377 2.0 0.1 0.0 0
1699248612.8196492 2.0 0.1 0.0 0
1699248613.1652226 2.0 0.1 0.0 0
1699248613.220386 2.0 0.1 0.0 0
1699248613.285856 2.0 0.1 0.0 0
1699248613.6663294 2.0 0.1 0.0 0
1699248613.7437146 2.0 0.1 0.0 0
1699248613.820842 2.0 0.1 0.0 0
1699248614.1900487 2.0 0.1 0.0 0
1699248614.2480848 2.0 0.1 0.0 0
1699248614.310943 2.0 0.1 0.0 0
1699248614.6751647 2.0 0.1 0.0 0
1699248614.7303274 2.0 0.1 0.0 0
1699248614.7920957 2.0 0.1 0.0 0
1699248615.1512954 2.0 0.1 0.0 0
1699248615.2078059 2.0 0.1 0.0 0
1699248615.281523 2.0 0.1 0.0 0
1699248615.6400042 2.0 0.1 0.0 0
1699248615.7180882 2.0 0.1 0.0 0
1699248615.808322 2.0 0.1 0.0 0
1699248615.8797598 2.0 0.1 0.0 0
1699248616.2714722 2.0 0.1 0.0 0
1699248616.3342297 2.0 0.1 0.0 0
1699248616.393127 2.0 0.1 0.0 0
1699248616.4577532 2.0 0.1 0.0 0
1699248616.8539996 2.0 0.1 0.0 0
1699248616.9303193 2.0 0.1 0.0 0
1699248616.9944823 2.0 0.1 0.0 0
1699248617.0479724 2.0 0.1 0.0 0
1699248617.4083672 2.0 0.1 0.0 0
1699248617.4825523 2.0 0.1 0.0 0
1699248617.5463912 2.0 0.1 0.0 0
1699248617.950581 2.0 0.1 0.0 0
1699248618.0308878 2.0 0.1 0.0 0
1699248618.1138053 2.0 0.1 0.0 0
1699248618.1946445 2.0 0.1 0.0 0
1699248618.609286 2.0 0.1 0.0 0
1699248619.0202212 2.0 0.1 0.0 0
1699248619.0972292 2.0 0.1 0.0 0
1699248619.5718532 2.0 0.1 0.0 0
1699248619.6503305 2.0 0.1 0.0 0
1699248619.7398784 2.0 0.1 0.0 0
1699248620.0623057 2.0 0.1 0.0 0
1699248620.1288412 2.0 0.1 0.0 0
1699248620.1920516 2.0 0.1 0.0 0
1699248620.248956 2.0 0.1 0.0 0
1699248620.591195 2.0 0.1 0.0 0
1699248620.9350333 2.0 0.1 0.0 0
1699248620.9890528 2.0 0.1 0.0 0
1699248621.314534 2.0 0.1 0.0 0
1699248621.3721845 2.0 0.1 0.0 0
1699248621.4294791 2.0 0.1 0.0 0
1699248621.7766764 2.0 0.1 0.0 0
1699248621.8265822 2.0 0.1 0.0 0
1699248621.9002106 2.0 0.1 0.0 0
1699248621.9701004 2.0 0.1 0.0 0
1699248622.3715105 2.0 0.1 0.0 0
1699248622.772681 2.0 0.1 0.0 0
1699248622.8390415 2.0 0.1 0.0 0
1699248623.215955 2.0 0.1 0.0 0
1699248623.2827833 2.0 0.1 0.0 0
1699248623.355648 2.0 0.1 0.0 0
1699248623.713093 2.0 0.1 0.0 0
1699248623.7687452 2.0 0.1 0.0 0
1699248623.8310447 2.0 0.1 0.0 0
1699248624.1908643 2.0 0.1 0.0 0
1699248624.2440135 2.0 0.1 0.0 0
1699248624.3041375 2.0 0.1 0.0 0
1699248624.3790073 2.0 0.1 0.0 0
1699248624.7262068 2.0 0.1 0.0 0
1699248625.0769382 2.0 0.1 0.0 0
1699248625.1472826 2.0 0.1 0.0 0
1699248625.4728763 2.0 0.1 0.0 0
1699248625.53394 2.0 0.1 0.0 0
1699248625.6010711 2.0 0.1 0.0 0
1699248625.6602175 2.0 0.1 0.0 0
1699248626.0018442 2.0 0.1 0.0 0
1699248626.0521543 2.0 0.1 0.0 0
1699248626.1070852 2.0 0.1 0.0 0
1699248626.170705 2.0 0.1 0.0 0
1699248626.5501585 2.0 0.1 0.0 0
1699248626.8974054 2.0 0.1 0.0 0
1699248626.9644682 2.0 0.1 0.0 0
1699248627.3935828 2.0 0.1 0.0 0
1699248627.452128 2.0 0.1 0.0 0
1699248627.5194898 2.0 0.1 0.0 0
1699248627.5852325 2.0 0.1 0.0 0
1699248627.9726398 2.0 0.1 0.0 0
1699248628.0319755 2.0 0.1 0.0 0
1699248628.0912924 2.0 0.1 0.0 0
1699248628.1462843 2.0 0.1 0.0 0
1699248628.5118062 2.0 0.1 0.0 0
1699248628.8822272 2.0 0.1 0.0 0
1699248628.946253 2.0 0.1 0.0 0
1699248629.3625917 2.0 0.1 0.0 0
1699248629.4341233 2.0 0.1 0.0 0
1699248629.4935768 2.0 0.1 0.0 0
1699248629.8896794 2.0 0.1 0.0 0
1699248629.9582105 2.0 0.1 0.0 0
1699248630.0215697 2.0 0.1 0.0 0
1699248630.0769472 2.0 0.1 0.0 0
1699248630.4318058 2.0 0.1 0.0 0
1699248630.5101306 2.0 0.1 0.0 0
1699248630.5650773 2.0 0.1 0.0 0
1699248630.6359634 2.0 0.1 0.0 0
1699248630.9943836 2.0 0.1 0.0 0
1699248631.0686529 2.0 0.1 0.0 0
1699248631.1453156 2.0 0.1 0.0 0
1699248631.2011368 2.0 0.1 0.0 0
1699248631.5324774 2.0 0.1 0.0 0
1699248631.5844913 2.0 0.1 0.0 0
1699248631.6423843 2.0 0.1 0.0 0
1699248631.7120962 2.0 0.1 0.0 0
1699248632.0296326 2.0 0.1 0.0 0
1699248632.3574176 2.0 0.1 0.0 0
1699248632.4170115 2.0 0.1 0.0 0
1699248632.7772057 2.0 0.1 0.0 0
1699248632.834515 2.0 0.1 0.0 0
1699248632.9040964 2.0 0.1 0.0 0
1699248633.2487833 2.0 0.1 0.0 0
1699248633.3157396 2.0 0.1 0.0 0
1699248633.3804584 2.0 0.1 0.0 0
1699248633.4522183 2.0 0.1 0.0 0
1699248633.7627413 2.0 0.1 0.0 0
1699248633.824601 2.0 0.1 0.0 0
1699248633.9051912 2.0 0.1 0.0 0
1699248634.2808619 2.0 0.1 0.0 0
1699248634.3530366 2.0 0.1 0.0 0
1699248634.420636 2.0 0.1 0.0 0
1699248634.784242 2.0 0.1 0.0 0
1699248634.850991 2.0 0.1 0.0 0
1699248634.9250898 2.0 0.1 0.0 0
1699248634.976315 2.0 0.1 0.0 0
1699248635.2921648 2.0 0.1 0.0 0
1699248635.6012137 2.0 0.1 0.0 0
1699248635.6702266 2.0 0.1 0.0 0
1699248636.028673 2.0 0.1 0.0 0
1699248636.1130533 2.0 0.1 0.0 0
1699248636.1905017 2.0 0.1 0.0 0
1699248636.6047294 2.0 0.1 0.0 0
1699248636.6893678 2.0 0.1 0.0 0
1699248636.773045 2.0 0.1 0.0 0
1699248637.1502302 2.0 0.1 0.0 0
1699248637.2237928 2.0 0.1 0.0 0
1699248637.2993662 2.0 0.1 0.0 0
1699248637.6668499 2.0 0.1 0.0 0
1699248637.7336562 2.0 0.1 0.0 0
1699248637.7955282 2.0 0.1 0.0 0
1699248638.1307786 2.0 0.1 0.0 0
1699248638.1882474 2.0 0.1 0.0 0
1699248638.239716 2.0 0.1 0.0 0
1699248638.5943315 2.0 0.1 0.0 0
1699248638.651667 2.0 0.1 0.0 0
1699248638.708786 2.0 0.1 0.0 0
1699248638.76586 2.0 0.1 0.0 0
1699248639.1337004 2.0 0.1 0.0 0
1699248639.4714384 2.0 0.1 0.0 0
1699248639.5332208 2.0 0.1 0.0 0
1699248639.8580205 2.0 0.1 0.0 0
1699248639.9219325 2.0 0.1 0.0 0
1699248639.9980242 2.0 0.1 0.0 0
1699248640.3373332 2.0 0.1 0.0 0
1699248640.3988447 2.0 0.1 0.0 0
1699248640.461812 2.0 0.1 0.0 0
1699248640.5298254 2.0 0.1 0.0 0
1699248640.8509767 2.0 0.1 0.0 0
1699248641.1779804 2.0 0.1 0.0 0
1699248641.2317023 2.0 0.1 0.0 0
1699248641.560218 2.0 0.1 0.0 0
1699248641.641498 2.0 0.1 0.0 0
1699248641.7234883 2.0 0.1 0.0 0
1699248641.792172 2.0 0.1 0.0 0
1699248642.1646419 2.0 0.1 0.0 0
1699248642.2217987 2.0 0.1 0.0 0
1699248642.2896762 2.0 0.1 0.0 0
1699248642.642282 2.0 0.1 0.0 0
1699248642.7147539 2.0 0.1 0.0 0
1699248642.7995286 2.0 0.1 0.0 0
1699248643.1452951 2.0 0.1 0.0 0
1699248643.2014093 2.0 0.1 0.0 0
1699248643.2647874 2.0 0.1 0.0 0
1699248643.6364403 2.0 0.1 0.0 0
1699248643.6938376 2.0 0.1 0.0 0
1699248643.7512853 2.0 0.1 0.0 0
1699248643.8164837 2.0 0.1 0.0 0
1699248644.2787209 2.0 0.1 0.0 0
1699248644.348594 2.0 0.1 0.0 0
1699248644.4478705 2.0 0.1 0.0 0
1699248644.8598294 2.0 0.1 0.0 0
1699248644.916635 2.0 0.1 0.0 0
1699248644.9792087 2.0 0.1 0.0 0
1699248645.0564294 2.0 0.1 0.0 0
1699248645.4821208 2.0 0.1 0.0 0
1699248645.5533495 2.0 0.1 0.0 0
1699248645.6390011 2.0 0.1 0.0 0
1699248646.029867 2.0 0.1 0.0 0
1699248646.0901616 2.0 0.1 0.0 0
1699248646.1566498 2.0 0.1 0.0 0
1699248646.2224283 2.0 0.1 0.0 0
1699248646.5864732 2.0 0.1 0.0 0
1699248646.9308994 2.0 0.1 0.0 0
1699248646.9941325 2.0 0.1 0.0 0
1699248647.328056 2.0 0.1 0.0 0
1699248647.3925588 2.0 0.1 0.0 0
1699248647.4841933 2.0 0.1 0.0 0
1699248647.5562866 2.0 0.1 0.0 0
1699248648.0066743 2.0 0.1 0.0 0
1699248648.0654306 2.0 0.1 0.0 0
1699248648.1300614 2.0 0.1 0.0 0
1699248648.453203 2.0 0.1 0.0 0
1699248648.5107877 2.0 0.1 0.0 0
1699248648.5781822 2.0 0.1 0.0 0
1699248648.6403995 2.0 0.1 0.0 0
1699248648.9761596 2.0 0.1 0.0 0
1699248649.0408285 2.0 0.1 0.0 0
1699248649.100158 2.0 0.1 0.0 0
1699248649.1596498 2.0 0.1 0.0 0
