1699249827.9728487 2 0.1 0 0
1699249828.4987502 2.0 0.1 0.0 0
1699249828.8393948 2.0 0.1 0.0 0
1699249829.0782237 2.0 0.1 0.0 0
1699249829.316026 2.0 0.1 0.0 0
1699249829.5569463 2.0 0.1 0.0 0
1699249829.798094 2.0 0.1 0.0 0
1699249830.0346222 2.0 0.1 0.0 0
1699249830.2748952 2.0 0.1 0.0 0
1699249830.510911 2.0 0.1 0.0 0
1699249830.7463892 2.0 0.1 0.0 0
1699249830.9830194 2.0 0.1 0.0 0
1699249831.2201293 2.0 0.1 0.0 0
1699249831.4584732 2.0 0.1 0.0 0
1699249831.699846 2.0 0.1 0.0 0
1699249831.9402647 2.0 0.1 0.0 0
1699249832.1825638 2.0 0.1 0.0 0
1699249832.4220178 2.0 0.1 0.0 0
1699249832.6595445 2.0 0.1 0.0 0
1699249832.904095 2.0 0.1 0.0 0
1699249833.1458716 2.0 0.1 0.0 0
1699249833.3881602 2.0 0.1 0.0 0
1699249833.6244152 2.0 0.1 0.0 0
1699249833.8602307 2.0 0.1 0.0 0
1699249834.0996165 2.0 0.1 0.0 0
1699249834.3516884 2.0 0.1 0.0 0
1699249834.5882895 2.0 0.1 0.0 0
1699249834.8285117 2.0 0.1 0.0 0
1699249835.0774927 2.0 0.1 0.0 0
1699249835.3199227 2.0 0.1 0.0 0
1699249835.5598693 2.0 0.1 0.0 0
1699249835.8037875 2.0 0.1 0.0 0
1699249836.0404994 2.0 0.1 0.0 0
1699249836.2760673 2.0 0.1 0.0 0
1699249836.5191727 2.0 0.1 0.0 0
1699249836.7583897 2.0 0.1 0.0 0
1699249836.9967124 2.0 0.1 0.0 0
1699249837.2361112 2.0 0.1 0.0 0
1699249837.4753218 2.0 0.1 0.0 0
1699249837.7139342 2.0 0.1 0.0 0
1699249837.9543161 2.0 0.1 0.0 0
1699249838.1954715 2.0 0.1 0.0 0
1699249838.431557 2.0 0.1 0.0 0
1699249838.677881 2.0 0.1 0.0 0
1699249838.917105 2.0 0.1 0.0 0
1699249839.1605499 2.0 0.1 0.0 0
1699249839.4074612 2.0 0.1 0.0 0
1699249839.6416278 2.0 0.1 0.0 0
1699249839.8768005 2.0 0.1 0.0 0
1699249840.1320307 2.0 0.1 0.0 0
1699249840.393318 2.0 0.1 0.0 0
1699249840.6467185 2.0 0.1 0.0 0
1699249840.9083674 2.0 0.1 0.0 0
1699249841.1638327 2.0 0.1 0.0 0
1699249841.420785 2.0 0.1 0.0 0
1699249841.6736329 2.0 0.1 0.0 0
1699249841.9301233 2.0 0.1 0.0 0
1699249842.182404 2.0 0.1 0.0 0
1699249842.436334 2.0 0.1 0.0 0
1699249842.6897867 2.0 0.1 0.0 0
1699249842.948306 2.0 0.1 0.0 0
1699249843.200815 2.0 0.1 0.0 0
1699249843.456221 2.0 0.1 0.0 0
1699249843.7103016 2.0 0.1 0.0 0
1699249843.963692 2.0 0.1 0.0 0
1699249844.2168727 2.0 0.1 0.0 0
1699249844.4716117 2.0 0.1 0.0 0
1699249844.7308242 2.0 0.1 0.0 0
1699249844.9864538 2.0 0.1 0.0 0
1699249845.2384593 2.0 0.1 0.0 0
1699249845.4931123 2.0 0.1 0.0 0
1699249845.737743 2.0 0.1 0.0 0
1699249845.9895341 2.0 0.1 0.0 0
1699249846.248461 2.0 0.1 0.0 0
1699249846.5039423 2.0 0.1 0.0 0
1699249846.7576807 2.0 0.1 0.0 0
1699249847.010134 2.0 0.1 0.0 0
1699249847.266946 2.0 0.1 0.0 0
1699249847.5264454 2.0 0.1 0.0 0
1699249847.7892485 2.0 0.1 0.0 0
1699249848.048078 2.0 0.1 0.0 0
1699249848.3048685 2.0 0.1 0.0 0
1699249848.5547557 2.0 0.1 0.0 0
1699249848.812029 2.0 0.1 0.0 0
1699249849.0533986 2.0 0.1 0.0 0
1699249849.308388 2.0 0.1 0.0 0
1699249849.5460293 2.0 0.1 0.0 0
1699249849.7925224 2.0 0.1 0.0 0
1699249850.0315442 2.0 0.1 0.0 0
1699249850.2725017 2.0 0.1 0.0 0
1699249850.512881 2.0 0.1 0.0 0
1699249850.7560918 2.0 0.1 0.0 0
1699249850.9941702 2.0 0.1 0.0 0
1699249851.2316725 2.0 0.1 0.0 0
1699249851.4811566 2.0 0.1 0.0 0
1699249851.7184784 2.0 0.1 0.0 0
1699249851.9542572 2.0 0.1 0.0 0
1699249852.1959293 2.0 0.1 0.0 0
1699249852.4291646 2.0 0.1 0.0 0
1699249852.6720297 2.0 0.1 0.0 0
1699249852.908515 2.0 0.1 0.0 0
1699249853.1701794 2.0 0.1 0.0 0
1699249853.4086123 2.0 0.1 0.0 0
1699249853.6502776 2.0 0.1 0.0 0
1699249853.8897996 2.0 0.1 0.0 0
1699249854.1328363 2.0 0.1 0.0 0
1699249854.3713896 2.0 0.1 0.0 0
1699249854.6133578 2.0 0.1 0.0 0
1699249854.853512 2.0 0.1 0.0 0
1699249855.0949893 2.0 0.1 0.0 0
1699249855.3360937 2.0 0.1 0.0 0
1699249855.580744 2.0 0.1 0.0 0
1699249855.8224218 2.0 0.1 0.0 0
1699249856.0666635 2.0 0.1 0.0 0
1699249856.3048468 2.0 0.1 0.0 0
1699249856.546905 2.0 0.1 0.0 0
1699249857.250171 2.0 0.1 0.0 0
