1699253015.785286 3.5 0.1 -0.04 0
1699253016.0725868 3.491799999999994 0.1 0.0 0
1699253016.2427104 3.491799999999994 0.1 0.0 0
1699253016.2918818 3.491799999999994 0.1 0.0 0
1699253016.342171 3.491799999999994 0.1 0.0 0
1699253016.3929052 3.491799999999994 0.1 0.0 0
1699253016.4429522 3.491799999999994 0.1 0.0 0
1699253016.4928074 3.491799999999994 0.1 0.0 0
1699253016.5429127 3.491799999999994 0.1 0.0 0
1699253016.5929327 3.491799999999994 0.1 0.0 0
1699253016.64291 3.491799999999994 0.1 0.0 0
1699253016.6933131 3.491799999999994 0.1 0.0 0
1699253016.743768 3.491799999999994 0.1 0.0 0
1699253016.7935374 3.491799999999994 0.1 0.0 0
1699253016.8439677 3.491799999999994 0.1 0.0 0
1699253016.8938375 3.491799999999994 0.1 0.0 0
1699253016.9439924 3.491799999999994 0.1 0.0 0
1699253016.9940042 3.491799999999994 0.1 0.0 0
1699253017.044184 3.491799999999994 0.1 0.0 0
1699253017.0948513 3.491799999999994 0.1 0.0 0
1699253017.144604 3.491799999999994 0.1 0.0 0
1699253017.19506 3.491799999999994 0.1 0.0 0
1699253017.2452881 3.491799999999994 0.1 0.0 0
1699253017.2949598 3.491799999999994 0.1 0.0 0
1699253017.3463356 3.491799999999994 0.1 0.0 0
1699253017.3965688 3.491799999999994 0.1 0.0 0
1699253017.4474626 3.491799999999994 0.1 0.0 0
1699253017.4968524 3.491799999999994 0.1 0.0 0
1699253017.5469177 3.491799999999994 0.1 0.0 0
1699253017.5972662 3.491799999999994 0.1 0.0 0
1699253017.6475155 3.491799999999994 0.1 0.0 0
1699253017.697726 3.491799999999994 0.1 0.0 0
1699253017.7477148 3.491799999999994 0.1 0.0 0
1699253017.797855 3.491799999999994 0.1 0.0 0
1699253017.8489234 3.491799999999994 0.1 0.0 0
1699253017.8989189 3.491799999999994 0.1 0.0 0
1699253017.9488358 3.491799999999994 0.1 0.0 0
1699253017.9988463 3.491799999999994 0.1 0.0 0
1699253018.0490983 3.491799999999994 0.1 0.0 0
1699253018.0989513 3.491799999999994 0.1 0.0 0
1699253018.1491506 3.491799999999994 0.1 0.0 0
1699253018.1993175 3.491799999999994 0.1 0.0 0
1699253018.249227 3.491799999999994 0.1 0.0 0
1699253018.2995973 3.491799999999994 0.1 0.0 0
1699253018.3498464 3.491799999999994 0.1 0.0 0
1699253018.3995655 3.491799999999994 0.1 0.0 0
1699253018.4498043 3.491799999999994 0.1 0.0 0
1699253018.5001676 3.491799999999994 0.1 0.0 0
1699253018.549955 3.491799999999994 0.1 0.0 0
1699253018.6002655 3.491799999999994 0.1 0.0 0
1699253018.6507812 3.491799999999994 0.1 0.0 0
1699253018.700618 3.491799999999994 0.1 0.0 0
1699253018.7507403 3.491799999999994 0.1 0.0 0
1699253018.8007953 3.491799999999994 0.1 0.0 0
1699253018.850803 3.491799999999994 0.1 0.0 0
1699253018.9009655 3.491799999999994 0.1 0.0 0
1699253018.9515603 3.491799999999994 0.1 0.0 0
1699253019.0019538 3.491799999999994 0.1 0.0 0
1699253019.0523005 3.491799999999994 0.1 0.0 0
1699253019.1026518 3.491799999999994 0.1 0.0 0
1699253019.1533291 3.491799999999994 0.1 0.0 0
1699253019.202855 3.491799999999994 0.1 0.0 0
1699253019.2530835 3.491799999999994 0.1 0.0 0
1699253019.303286 3.491799999999994 0.1 0.0 0
1699253019.3534465 3.491799999999994 0.1 0.0 0
1699253019.4033499 3.491799999999994 0.1 0.0 0
1699253019.4533944 3.491799999999994 0.1 0.0 0
1699253019.5043976 3.491799999999994 0.1 0.0 0
1699253019.554457 3.491799999999994 0.1 0.0 0
1699253019.6046493 3.491799999999994 0.1 0.0 0
1699253019.6554277 3.491799999999994 0.1 0.0 0
1699253019.70506 3.491799999999994 0.1 0.0 0
1699253019.7550688 3.491799999999994 0.1 0.0 0
1699253019.805461 3.491799999999994 0.1 0.0 0
1699253019.8557 3.491799999999994 0.1 0.0 0
1699253019.9057057 3.491799999999994 0.1 0.0 0
1699253019.956079 3.491799999999994 0.1 0.0 0
1699253020.0057487 3.491799999999994 0.1 0.0 0
1699253020.0559242 3.491799999999994 0.1 0.0 0
1699253020.1061044 3.491799999999994 0.1 0.0 0
1699253020.156663 3.491799999999994 0.1 0.0 0
1699253020.206594 3.491799999999994 0.1 0.0 0
1699253020.25662 3.491799999999994 0.1 0.0 0
1699253020.306764 3.491799999999994 0.1 0.0 0
1699253020.356839 3.491799999999994 0.1 0.0 0
1699253020.4077628 3.491799999999994 0.1 0.0 0
1699253020.4571033 3.491799999999994 0.1 0.0 0
1699253020.507401 3.491799999999994 0.1 0.0 0
1699253020.5576172 3.491799999999994 0.1 0.0 0
1699253020.6077864 3.491799999999994 0.1 0.0 0
1699253020.6578221 3.491799999999994 0.1 0.0 0
1699253020.707961 3.491799999999994 0.1 0.0 0
1699253020.758041 3.491799999999994 0.1 0.0 0
1699253020.8081753 3.491799999999994 0.1 0.0 0
1699253020.8587599 3.491799999999994 0.1 0.0 0
1699253020.908646 3.491799999999994 0.1 0.0 0
1699253020.958632 3.491799999999994 0.1 0.0 0
1699253021.0086863 3.491799999999994 0.1 0.0 0
1699253021.0589273 3.491799999999994 0.1 0.0 0
1699253021.1090732 3.491799999999994 0.1 0.0 0
1699253021.159946 3.491799999999994 0.1 0.0 0
1699253021.209691 3.491799999999994 0.1 0.0 0
1699253021.2600682 3.491799999999994 0.1 0.0 0
1699253021.309846 3.491799999999994 0.1 0.0 0
1699253021.3598013 3.491799999999994 0.1 0.0 0
1699253021.40993 3.491799999999994 0.1 0.0 0
1699253021.4600346 3.491799999999994 0.1 0.0 0
1699253021.510478 3.491799999999994 0.1 0.0 0
1699253021.5605762 3.491799999999994 0.1 0.0 0
1699253021.6109138 3.491799999999994 0.1 0.0 0
1699253021.661032 3.491799999999994 0.1 0.0 0
1699253021.7108078 3.491799999999994 0.1 0.0 0
1699253021.7610586 3.491799999999994 0.1 0.0 0
1699253021.8111653 3.491799999999994 0.1 0.0 0
1699253021.861402 3.491799999999994 0.1 0.0 0
1699253021.912013 3.491799999999994 0.1 0.0 0
1699253021.9620821 3.491799999999994 0.1 0.0 0
1699253022.0120893 3.491799999999994 0.1 0.0 0
1699253022.0622396 3.491799999999994 0.1 0.0 0
1699253022.1121738 3.491799999999994 0.1 0.0 0
1699253022.1624177 3.491799999999994 0.1 0.0 0
1699253022.2125947 3.491799999999994 0.1 0.0 0
1699253022.263631 3.491799999999994 0.1 0.0 0
1699253022.3130043 3.491799999999994 0.1 0.0 0
1699253022.3628953 3.491799999999994 0.1 0.0 0
1699253022.413156 3.491799999999994 0.1 0.0 0
1699253022.4634075 3.491799999999994 0.1 0.0 0
1699253022.5135558 3.491799999999994 0.1 0.0 0
1699253022.563575 3.491799999999994 0.1 0.0 0
1699253022.6138093 3.491799999999994 0.1 0.0 0
1699253022.6641717 3.491799999999994 0.1 0.0 0
1699253022.7144938 3.491799999999994 0.1 0.0 0
1699253022.7647502 3.491799999999994 0.1 0.0 0
1699253022.814889 3.491799999999994 0.1 0.0 0
1699253022.865002 3.491799999999994 0.1 0.0 0
1699253022.9148064 3.491799999999994 0.1 0.0 0
1699253022.964752 3.491799999999994 0.1 0.0 0
1699253023.0154903 3.491799999999994 0.1 0.0 0
1699253023.0650063 3.491799999999994 0.1 0.0 0
1699253023.1153915 3.491799999999994 0.1 0.0 0
1699253023.165646 3.491799999999994 0.1 0.0 0
1699253023.215806 3.491799999999994 0.1 0.0 0
1699253023.2660623 3.491799999999994 0.1 0.0 0
1699253023.3160448 3.491799999999994 0.1 0.0 0
1699253023.3671284 3.491799999999994 0.1 0.0 0
1699253023.4168448 3.491799999999994 0.1 0.0 0
1699253023.467181 3.491799999999994 0.1 0.0 0
1699253023.5172546 3.491799999999994 0.1 0.0 0
1699253023.5676377 3.491799999999994 0.1 0.0 0
1699253023.6176634 3.491799999999994 0.1 0.0 0
1699253023.6675627 3.491799999999994 0.1 0.0 0
1699253023.7174706 3.491799999999994 0.1 0.0 0
1699253023.767795 3.491799999999994 0.1 0.0 0
1699253023.8176584 3.491799999999994 0.1 0.0 0
1699253023.8681397 3.491799999999994 0.1 0.0 0
1699253023.918422 3.491799999999994 0.1 0.0 0
1699253023.968121 3.491799999999994 0.1 0.0 0
1699253024.018271 3.491799999999994 0.1 0.0 0
1699253024.068544 3.491799999999994 0.1 0.0 0
1699253024.118739 3.491799999999994 0.1 0.0 0
1699253024.16887 3.491799999999994 0.1 0.0 0
1699253024.2191522 3.491799999999994 0.1 0.0 0
1699253024.269062 3.491799999999994 0.1 0.0 0
1699253024.3192754 3.491799999999994 0.1 0.0 0
1699253024.3693984 3.491799999999994 0.1 0.0 0
1699253024.4196916 3.491799999999994 0.1 0.0 0
1699253024.469804 3.491799999999994 0.1 0.0 0
1699253024.5197995 3.491799999999994 0.1 0.0 0
1699253024.679016 3.491799999999994 0.1 0.0 0
1699253024.7282917 3.491799999999994 0.1 0.0 0
1699253024.7785578 3.491799999999994 0.1 0.0 0
1699253024.8288474 3.491799999999994 0.1 0.0 0
1699253024.8788624 3.491799999999994 0.1 0.0 0
1699253024.9287283 3.491799999999994 0.1 0.0 0
1699253024.9789762 3.491799999999994 0.1 0.0 0
1699253025.0287874 3.491799999999994 0.1 0.0 0
1699253025.0794804 3.491799999999994 0.1 0.0 0
1699253025.1295404 3.491799999999994 0.1 0.0 0
1699253025.1798081 3.491799999999994 0.1 0.0 0
1699253025.2297034 3.491799999999994 0.1 0.0 0
1699253025.2797432 3.491799999999994 0.1 0.0 0
1699253025.3301451 3.491799999999994 0.1 0.0 0
1699253025.379881 3.491799999999994 0.1 0.0 0
1699253025.4302573 3.491799999999994 0.1 0.0 0
1699253025.4803324 3.491799999999994 0.1 0.0 0
1699253025.5309799 3.491799999999994 0.1 0.0 0
1699253025.5811224 3.491799999999994 0.1 0.0 0
1699253025.6307344 3.491799999999994 0.1 0.0 0
1699253025.6808681 3.491799999999994 0.1 0.0 0
1699253025.7311342 3.491799999999994 0.1 0.0 0
1699253025.7812803 3.491799999999994 0.1 0.0 0
1699253025.8319762 3.491799999999994 0.1 0.0 0
1699253025.881967 3.491799999999994 0.1 0.0 0
1699253025.9323328 3.491799999999994 0.1 0.0 0
1699253025.9825273 3.491799999999994 0.1 0.0 0
1699253026.0319827 3.491799999999994 0.1 0.0 0
1699253026.0820954 3.491799999999994 0.1 0.0 0
1699253026.1321845 3.491799999999994 0.1 0.0 0
1699253026.1826916 3.491799999999994 0.1 0.0 0
1699253026.2327554 3.491799999999994 0.1 0.0 0
1699253026.28305 3.491799999999994 0.1 0.0 0
1699253026.33312 3.491799999999994 0.1 0.0 0
1699253026.3833544 3.491799999999994 0.1 0.0 0
1699253026.4332275 3.491799999999994 0.1 0.0 0
1699253026.4832952 3.491799999999994 0.1 0.0 0
1699253026.5339959 3.491799999999994 0.1 0.0 0
1699253026.5839891 3.491799999999994 0.1 0.0 0
1699253026.63408 3.491799999999994 0.1 0.0 0
1699253026.6842258 3.491799999999994 0.1 0.0 0
1699253026.7342303 3.491799999999994 0.1 0.0 0
1699253026.784423 3.491799999999994 0.1 0.0 0
1699253026.8344316 3.491799999999994 0.1 0.0 0
1699253026.8846543 3.491799999999994 0.1 0.0 0
1699253026.9348457 3.491799999999994 0.1 0.0 0
1699253026.9850032 3.491799999999994 0.1 0.0 0
1699253027.0352886 3.491799999999994 0.1 0.0 0
1699253027.0856457 3.491799999999994 0.1 0.0 0
1699253027.1356492 3.491799999999994 0.1 0.0 0
1699253027.186036 3.491799999999994 0.1 0.0 0
1699253027.2359345 3.491799999999994 0.1 0.0 0
1699253027.2862332 3.491799999999994 0.1 0.0 0
1699253027.3363454 3.491799999999994 0.1 0.0 0
1699253027.386624 3.491799999999994 0.1 0.0 0
1699253027.4367616 3.491799999999994 0.1 0.0 0
1699253027.4872217 3.491799999999994 0.1 0.0 0
1699253027.5369818 3.491799999999994 0.1 0.0 0
1699253027.5870247 3.491799999999994 0.1 0.0 0
1699253027.6374843 3.491799999999994 0.1 0.0 0
1699253027.6876612 3.491799999999994 0.1 0.0 0
1699253027.7376733 3.491799999999994 0.1 0.0 0
1699253027.7880733 3.491799999999994 0.1 0.0 0
1699253027.8382885 3.491799999999994 0.1 0.0 0
1699253027.8880394 3.491799999999994 0.1 0.0 0
1699253027.9388433 3.491799999999994 0.1 0.0 0
1699253027.9889512 3.491799999999994 0.1 0.0 0
1699253028.039367 3.491799999999994 0.1 0.0 0
1699253028.0895536 3.491799999999994 0.1 0.0 0
1699253028.1399665 3.491799999999994 0.1 0.0 0
1699253028.1900244 3.491799999999994 0.1 0.0 0
1699253028.239763 3.491799999999994 0.1 0.0 0
1699253028.2897873 3.491799999999994 0.1 0.0 0
1699253028.3398283 3.491799999999994 0.1 0.0 0
1699253028.3899777 3.491799999999994 0.1 0.0 0
1699253028.4404593 3.491799999999994 0.1 0.0 0
1699253028.4906788 3.491799999999994 0.1 0.0 0
1699253028.5410812 3.491799999999994 0.1 0.0 0
1699253028.5910728 3.491799999999994 0.1 0.0 0
1699253028.6410723 3.491799999999994 0.1 0.0 0
1699253028.6912296 3.491799999999994 0.1 0.0 0
1699253028.7413433 3.491799999999994 0.1 0.0 0
1699253028.791314 3.491799999999994 0.1 0.0 0
1699253028.8418877 3.491799999999994 0.1 0.0 0
1699253028.8917933 3.491799999999994 0.1 0.0 0
1699253028.941993 3.491799999999994 0.1 0.0 0
1699253028.9923625 3.491799999999994 0.1 0.0 0
1699253029.0422828 3.491799999999994 0.1 0.0 0
1699253029.0924132 3.491799999999994 0.1 0.0 0
1699253029.143207 3.491799999999994 0.1 0.0 0
1699253029.193012 3.491799999999994 0.1 0.0 0
1699253029.243001 3.491799999999994 0.1 0.0 0
1699253029.293591 3.491799999999994 0.1 0.0 0
1699253029.3436592 3.491799999999994 0.1 0.0 0
1699253029.3938375 3.491799999999994 0.1 0.0 0
1699253029.4441936 3.491799999999994 0.1 0.0 0
1699253029.494896 3.491799999999994 0.1 0.0 0
1699253029.5449097 3.491799999999994 0.1 0.0 0
1699253029.5951233 3.491799999999994 0.1 0.0 0
1699253029.6450663 3.491799999999994 0.1 0.0 0
1699253029.6949522 3.491799999999994 0.1 0.0 0
1699253029.7451093 3.491799999999994 0.1 0.0 0
1699253029.7954948 3.491799999999994 0.1 0.0 0
1699253029.8464465 3.491799999999994 0.1 0.0 0
1699253029.8959444 3.491799999999994 0.1 0.0 0
1699253029.9475882 3.491799999999994 0.1 0.0 0
1699253030.1127362 3.491799999999994 0.1 0.0 0
1699253030.162457 3.491799999999994 0.1 0.0 0
1699253030.3063214 3.491799999999994 0.1 0.0 0
1699253030.339814 3.491799999999994 0.1 0.0 0
1699253030.372665 3.491799999999994 0.1 0.0 0
1699253030.5150485 3.491799999999994 0.1 0.0 0
1699253030.5645707 3.491799999999994 0.1 0.0 0
1699253030.615596 3.491799999999994 0.1 0.0 0
1699253030.8262284 3.491799999999994 0.1 0.0 0
1699253031.028775 3.491799999999994 0.1 0.0 0
1699253031.0786498 3.491799999999994 0.1 0.0 0
1699253031.2687106 3.491799999999994 0.1 0.0 0
1699253031.318856 3.491799999999994 0.1 0.0 0
1699253031.3684509 3.491799999999994 0.1 0.0 0
1699253031.5690715 3.491799999999994 0.1 0.0 0
1699253031.6183016 3.491799999999994 0.1 0.0 0
1699253031.6682928 3.491799999999994 0.1 0.0 0
1699253031.8647025 3.491799999999994 0.1 0.0 0
1699253031.9142036 3.491799999999994 0.1 0.0 0
1699253031.9642527 3.491799999999994 0.1 0.0 0
1699253032.1539385 3.491799999999994 0.1 0.0 0
1699253032.2030141 3.491799999999994 0.1 0.0 0
1699253032.2531524 3.491799999999994 0.1 0.0 0
1699253032.4484286 3.491799999999994 0.1 0.0 0
1699253032.497864 3.491799999999994 0.1 0.0 0
1699253032.5479205 3.491799999999994 0.1 0.0 0
1699253032.7460787 3.491799999999994 0.1 0.0 0
1699253032.7950945 3.491799999999994 0.1 0.0 0
1699253032.8456707 3.491799999999994 0.1 0.0 0
1699253032.895606 3.491799999999994 0.1 0.0 0
1699253033.0937731 3.491799999999994 0.1 0.0 0
1699253033.1436732 3.491799999999994 0.1 0.0 0
1699253033.193732 3.491799999999994 0.1 0.0 0
1699253033.2437704 3.491799999999994 0.1 0.0 0
1699253033.4477782 3.491799999999994 0.1 0.0 0
1699253033.496185 3.491799999999994 0.1 0.0 0
1699253033.5468094 3.491799999999994 0.1 0.0 0
1699253033.5966365 3.491799999999994 0.1 0.0 0
1699253033.7884626 3.491799999999994 0.1 0.0 0
1699253033.8347986 3.491799999999994 0.1 0.0 0
1699253033.8855143 3.491799999999994 0.1 0.0 0
1699253034.0828478 3.491799999999994 0.1 0.0 0
1699253034.1318853 3.491799999999994 0.1 0.0 0
1699253034.1819644 3.491799999999994 0.1 0.0 0
1699253034.232273 3.491799999999994 0.1 0.0 0
1699253034.4334817 3.491799999999994 0.1 0.0 0
1699253034.6283407 3.491799999999994 0.1 0.0 0
1699253034.6773672 3.491799999999994 0.1 0.0 0
1699253034.8853993 3.491799999999994 0.1 0.0 0
1699253034.935222 3.491799999999994 0.1 0.0 0
1699253034.9868977 3.491799999999994 0.1 0.0 0
1699253035.1997392 3.491799999999994 0.1 0.0 0
1699253035.2476788 3.491799999999994 0.1 0.0 0
1699253035.2973893 3.491799999999994 0.1 0.0 0
1699253035.4102287 3.491799999999994 0.1 0.0 0
1699253035.6319396 3.491799999999994 0.1 0.0 0
1699253035.850779 3.491799999999994 0.1 0.0 0
1699253035.9009407 3.491799999999994 0.1 0.0 0
1699253036.1529636 3.491799999999994 0.1 0.0 0
1699253036.2026343 3.491799999999994 0.1 0.0 0
1699253036.253161 3.491799999999994 0.1 0.0 0
1699253036.466833 3.491799999999994 0.1 0.0 0
1699253036.5164106 3.491799999999994 0.1 0.0 0
1699253036.5678096 3.491799999999994 0.1 0.0 0
1699253036.6177669 3.491799999999994 0.1 0.0 0
1699253036.8650181 3.491799999999994 0.1 0.0 0
1699253037.0710835 3.491799999999994 0.1 0.0 0
1699253037.1196673 3.491799999999994 0.1 0.0 0
1699253037.3688393 3.491799999999994 0.1 0.0 0
1699253037.4286046 3.491799999999994 0.1 0.0 0
1699253037.4832902 3.491799999999994 0.1 0.0 0
1699253037.7264786 3.491799999999994 0.1 0.0 0
1699253037.7915418 3.491799999999994 0.1 0.0 0
1699253037.8458126 3.491799999999994 0.1 0.0 0
1699253038.073859 3.491799999999994 0.1 0.0 0
1699253038.1237266 3.491799999999994 0.1 0.0 0
1699253038.1805959 3.491799999999994 0.1 0.0 0
1699253038.2417207 3.491799999999994 0.1 0.0 0
1699253038.486107 3.491799999999994 0.1 0.0 0
1699253038.709504 3.491799999999994 0.1 0.0 0
1699253038.7586246 3.491799999999994 0.1 0.0 0
1699253038.9751518 3.491799999999994 0.1 0.0 0
1699253039.0253918 3.491799999999994 0.1 0.0 0
1699253039.0770843 3.491799999999994 0.1 0.0 0
1699253039.126841 3.491799999999994 0.1 0.0 0
1699253039.3741221 3.491799999999994 0.1 0.0 0
1699253039.4233499 3.491799999999994 0.1 0.0 0
1699253039.4733646 3.491799999999994 0.1 0.0 0
1699253039.523926 3.491799999999994 0.1 0.0 0
1699253039.7581892 3.491799999999994 0.1 0.0 0
1699253039.987171 3.491799999999994 0.1 0.0 0
1699253040.0371535 3.491799999999994 0.1 0.0 0
1699253040.2504046 3.491799999999994 0.1 0.0 0
1699253040.3033159 3.491799999999994 0.1 0.0 0
1699253040.3562446 3.491799999999994 0.1 0.0 0
1699253040.4138334 3.491799999999994 0.1 0.0 0
1699253040.6422276 3.491799999999994 0.1 0.0 0
1699253040.691752 3.491799999999994 0.1 0.0 0
1699253040.741855 3.491799999999994 0.1 0.0 0
1699253040.7999392 3.491799999999994 0.1 0.0 0
1699253041.0219862 3.491799999999994 0.1 0.0 0
1699253041.2211804 3.491799999999994 0.1 0.0 0
1699253041.2717352 3.491799999999994 0.1 0.0 0
1699253041.4821115 3.491799999999994 0.1 0.0 0
1699253041.5312183 3.491799999999994 0.1 0.0 0
1699253041.581183 3.491799999999994 0.1 0.0 0
1699253041.7779708 3.491799999999994 0.1 0.0 0
1699253041.827571 3.491799999999994 0.1 0.0 0
1699253041.8778722 3.491799999999994 0.1 0.0 0
1699253041.9282818 3.491799999999994 0.1 0.0 0
1699253042.1300912 3.491799999999994 0.1 0.0 0
1699253042.1798725 3.491799999999994 0.1 0.0 0
1699253042.2301385 3.491799999999994 0.1 0.0 0
1699253042.280619 3.491799999999994 0.1 0.0 0
1699253042.4825177 3.491799999999994 0.1 0.0 0
1699253042.532362 3.491799999999994 0.1 0.0 0
1699253042.5827186 3.491799999999994 0.1 0.0 0
1699253042.6331244 3.491799999999994 0.1 0.0 0
1699253042.836848 3.491799999999994 0.1 0.0 0
1699253042.8866007 3.491799999999994 0.1 0.0 0
1699253042.937448 3.491799999999994 0.1 0.0 0
1699253042.9895086 3.491799999999994 0.1 0.0 0
1699253043.1875522 3.491799999999994 0.1 0.0 0
1699253043.3886278 3.491799999999994 0.1 0.0 0
1699253043.437925 3.491799999999994 0.1 0.0 0
1699253043.6495152 3.491799999999994 0.1 0.0 0
1699253043.699276 3.491799999999994 0.1 0.0 0
1699253043.7491512 3.491799999999994 0.1 0.0 0
1699253043.9550705 3.491799999999994 0.1 0.0 0
1699253044.0049093 3.491799999999994 0.1 0.0 0
1699253044.0558414 3.491799999999994 0.1 0.0 0
1699253044.1072938 3.491799999999994 0.1 0.0 0
1699253044.3239582 3.491799999999994 0.1 0.0 0
1699253044.3736925 3.491799999999994 0.1 0.0 0
1699253044.4245095 3.491799999999994 0.1 0.0 0
1699253044.6582744 3.491799999999994 0.1 0.0 0
1699253044.7080948 3.491799999999994 0.1 0.0 0
1699253044.7581697 3.491799999999994 0.1 0.0 0
1699253044.9789095 3.491799999999994 0.1 0.0 0
1699253045.0287783 3.491799999999994 0.1 0.0 0
1699253045.0794966 3.491799999999994 0.1 0.0 0
1699253045.1295028 3.491799999999994 0.1 0.0 0
1699253045.3339105 3.491799999999994 0.1 0.0 0
1699253045.5392535 3.491799999999994 0.1 0.0 0
1699253045.588324 3.491799999999994 0.1 0.0 0
1699253045.7900147 3.491799999999994 0.1 0.0 0
1699253045.8396482 3.491799999999994 0.1 0.0 0
1699253045.8910031 3.491799999999994 0.1 0.0 0
1699253046.111619 3.491799999999994 0.1 0.0 0
1699253046.1615212 3.491799999999994 0.1 0.0 0
1699253046.2116811 3.491799999999994 0.1 0.0 0
1699253046.4180446 3.491799999999994 0.1 0.0 0
1699253046.4672973 3.491799999999994 0.1 0.0 0
1699253046.5176117 3.491799999999994 0.1 0.0 0
1699253046.73871 3.491799999999994 0.1 0.0 0
1699253046.788934 3.491799999999994 0.1 0.0 0
1699253046.8398557 3.491799999999994 0.1 0.0 0
1699253047.0438135 3.491799999999994 0.1 0.0 0
1699253047.0935369 3.491799999999994 0.1 0.0 0
1699253047.144567 3.491799999999994 0.1 0.0 0
1699253047.3534164 3.491799999999994 0.1 0.0 0
1699253047.4040291 3.491799999999994 0.1 0.0 0
1699253047.4533398 3.491799999999994 0.1 0.0 0
1699253047.5034294 3.491799999999994 0.1 0.0 0
1699253047.7221873 3.491799999999994 0.1 0.0 0
1699253047.9355874 3.491799999999994 0.1 0.0 0
1699253047.9848957 3.491799999999994 0.1 0.0 0
1699253048.1930563 3.491799999999994 0.1 0.0 0
1699253048.242827 3.491799999999994 0.1 0.0 0
1699253048.292819 3.491799999999994 0.1 0.0 0
1699253048.5024817 3.491799999999994 0.1 0.0 0
1699253048.5525968 3.491799999999994 0.1 0.0 0
1699253048.602446 3.491799999999994 0.1 0.0 0
1699253048.6524193 3.491799999999994 0.1 0.0 0
1699253048.8658338 3.491799999999994 0.1 0.0 0
1699253049.0751004 3.491799999999994 0.1 0.0 0
1699253049.124019 3.491799999999994 0.1 0.0 0
1699253049.3492703 3.491799999999994 0.1 0.0 0
1699253049.4006522 3.491799999999994 0.1 0.0 0
1699253049.452019 3.491799999999994 0.1 0.0 0
1699253049.5010898 3.491799999999994 0.1 0.0 0
1699253049.7029235 3.491799999999994 0.1 0.0 0
1699253049.7534645 3.491799999999994 0.1 0.0 0
1699253049.80338 3.491799999999994 0.1 0.0 0
1699253050.0194266 3.491799999999994 0.1 0.0 0
1699253050.0677342 3.491799999999994 0.1 0.0 0
1699253050.1182723 3.491799999999994 0.1 0.0 0
1699253050.3523319 3.491799999999994 0.1 0.0 0
1699253050.4020152 3.491799999999994 0.1 0.0 0
1699253050.4524608 3.491799999999994 0.1 0.0 0
1699253050.6825073 3.491799999999994 0.1 0.0 0
1699253050.7311623 3.491799999999994 0.1 0.0 0
1699253050.7823577 3.491799999999994 0.1 0.0 0
1699253050.8319042 3.491799999999994 0.1 0.0 0
1699253051.0400865 3.491799999999994 0.1 0.0 0
1699253051.0903382 3.491799999999994 0.1 0.0 0
1699253051.140122 3.491799999999994 0.1 0.0 0
1699253051.3585663 3.491799999999994 0.1 0.0 0
1699253051.4086106 3.491799999999994 0.1 0.0 0
1699253051.4589174 3.491799999999994 0.1 0.0 0
1699253051.5088203 3.491799999999994 0.1 0.0 0
1699253051.7173855 3.491799999999994 0.1 0.0 0
1699253051.7665763 3.491799999999994 0.1 0.0 0
1699253051.8170671 3.491799999999994 0.1 0.0 0
1699253052.0269735 3.491799999999994 0.1 0.0 0
1699253052.0759816 3.491799999999994 0.1 0.0 0
1699253052.1261594 3.491799999999994 0.1 0.0 0
1699253052.1764107 3.491799999999994 0.1 0.0 0
1699253052.3824382 3.491799999999994 0.1 0.0 0
1699253052.5808926 3.491799999999994 0.1 0.0 0
1699253052.6299672 3.491799999999994 0.1 0.0 0
1699253052.8465538 3.491799999999994 0.1 0.0 0
1699253052.8957622 3.491799999999994 0.1 0.0 0
1699253052.9466147 3.491799999999994 0.1 0.0 0
1699253052.9961731 3.491799999999994 0.1 0.0 0
1699253053.226439 3.491799999999994 0.1 0.0 0
1699253053.2767336 3.491799999999994 0.1 0.0 0
1699253053.3272676 3.491799999999994 0.1 0.0 0
1699253053.544111 3.491799999999994 0.1 0.0 0
1699253053.5929806 3.491799999999994 0.1 0.0 0
1699253053.6435597 3.491799999999994 0.1 0.0 0
1699253053.6941063 3.491799999999994 0.1 0.0 0
1699253053.924314 3.491799999999994 0.1 0.0 0
1699253053.9753613 3.491799999999994 0.1 0.0 0
1699253054.024999 3.491799999999994 0.1 0.0 0
1699253054.075243 3.491799999999994 0.1 0.0 0
1699253054.2870204 3.491799999999994 0.1 0.0 0
1699253054.5088093 3.491799999999994 0.1 0.0 0
1699253054.5580418 3.491799999999994 0.1 0.0 0
1699253054.7826846 3.491799999999994 0.1 0.0 0
1699253054.8329294 3.491799999999994 0.1 0.0 0
1699253054.8824441 3.491799999999994 0.1 0.0 0
1699253054.932724 3.491799999999994 0.1 0.0 0
1699253055.1865118 3.491799999999994 0.1 0.0 0
1699253055.2226307 3.491799999999994 0.1 0.0 0
1699253055.2719078 3.491799999999994 0.1 0.0 0
1699253055.3218694 3.491799999999994 0.1 0.0 0
1699253055.536946 3.491799999999994 0.1 0.0 0
1699253055.5861754 3.491799999999994 0.1 0.0 0
1699253055.6363146 3.491799999999994 0.1 0.0 0
1699253055.8435907 3.491799999999994 0.1 0.0 0
1699253055.8937683 3.491799999999994 0.1 0.0 0
1699253055.9440553 3.491799999999994 0.1 0.0 0
1699253056.144429 3.491799999999994 0.1 0.0 0
1699253056.1935837 3.491799999999994 0.1 0.0 0
1699253056.243712 3.491799999999994 0.1 0.0 0
1699253056.4406574 3.491799999999994 0.1 0.0 0
1699253056.4901779 3.491799999999994 0.1 0.0 0
1699253056.5412517 3.491799999999994 0.1 0.0 0
1699253056.7409415 3.491799999999994 0.1 0.0 0
1699253056.791019 3.491799999999994 0.1 0.0 0
1699253056.8408573 3.491799999999994 0.1 0.0 0
1699253057.043265 3.491799999999994 0.1 0.0 0
1699253057.0924928 3.491799999999994 0.1 0.0 0
1699253057.1433399 3.491799999999994 0.1 0.0 0
1699253057.1933446 3.491799999999994 0.1 0.0 0
1699253057.391697 3.491799999999994 0.1 0.0 0
1699253057.589177 3.491799999999994 0.1 0.0 0
1699253057.6394167 3.491799999999994 0.1 0.0 0
1699253057.8435228 3.491799999999994 0.1 0.0 0
1699253057.892769 3.491799999999994 0.1 0.0 0
1699253057.9438443 3.491799999999994 0.1 0.0 0
1699253058.1454942 3.491799999999994 0.1 0.0 0
1699253058.1952193 3.491799999999994 0.1 0.0 0
1699253058.245814 3.491799999999994 0.1 0.0 0
1699253058.4581969 3.491799999999994 0.1 0.0 0
1699253058.5076432 3.491799999999994 0.1 0.0 0
1699253058.557813 3.491799999999994 0.1 0.0 0
