1699250134.5880337 2 0.1 0 0
1699250134.8299618 2.0 0.1 0.0 0
1699250134.970341 2.0 0.1 0.0 0
1699250135.0034294 2.0 0.1 0.0 0
1699250135.0389264 2.0 0.1 0.0 0
1699250135.075886 2.0 0.1 0.0 0
1699250135.1137607 2.0 0.1 0.0 0
1699250135.1437197 2.0 0.1 0.0 0
1699250135.179989 2.0 0.1 0.0 0
1699250135.230956 2.0 0.1 0.0 0
1699250135.281576 2.0 0.1 0.0 0
1699250135.331794 2.0 0.1 0.0 0
1699250135.3839223 2.0 0.1 0.0 0
1699250135.4342277 2.0 0.1 0.0 0
1699250135.4833872 2.0 0.1 0.0 0
1699250135.5336487 2.0 0.1 0.0 0
1699250135.583962 2.0 0.1 0.0 0
1699250135.6341558 2.0 0.1 0.0 0
1699250135.6840694 2.0 0.1 0.0 0
