1699253091.1317492 3.5 0.1 -0.04 0
1699253091.4334056 3.49192 0.1 0.0 0
1699253091.6060238 3.49192 0.1 0.0 0
1699253091.65602 3.49192 0.1 0.0 0
1699253091.706264 3.49192 0.1 0.0 0
1699253091.756423 3.49192 0.1 0.0 0
1699253091.8063962 3.49192 0.1 0.0 0
1699253091.8564045 3.49192 0.1 0.0 0
1699253091.9067192 3.49192 0.1 0.0 0
1699253091.9568648 3.49192 0.1 0.0 0
1699253092.0071213 3.49192 0.1 0.0 0
1699253092.0575774 3.49192 0.1 0.0 0
1699253092.1077147 3.49192 0.1 0.0 0
1699253092.1576629 3.49192 0.1 0.0 0
1699253092.2077274 3.49192 0.1 0.0 0
1699253092.2602692 3.49192 0.1 0.0 0
1699253092.3095195 3.49192 0.1 0.0 0
1699253092.359884 3.49192 0.1 0.0 0
1699253092.409721 3.49192 0.1 0.0 0
1699253092.4592333 3.49192 0.1 0.0 0
1699253092.5104516 3.49192 0.1 0.0 0
1699253092.5592055 3.49192 0.1 0.0 0
1699253092.6098454 3.49192 0.1 0.0 0
1699253092.6594193 3.49192 0.1 0.0 0
1699253092.709795 3.49192 0.1 0.0 0
1699253092.7602468 3.49192 0.1 0.0 0
1699253092.8103423 3.49192 0.1 0.0 0
1699253092.860315 3.49192 0.1 0.0 0
1699253092.910268 3.49192 0.1 0.0 0
1699253092.960923 3.49192 0.1 0.0 0
1699253093.0108244 3.49192 0.1 0.0 0
1699253093.0608764 3.49192 0.1 0.0 0
1699253093.111161 3.49192 0.1 0.0 0
1699253093.1615367 3.49192 0.1 0.0 0
1699253093.2120786 3.49192 0.1 0.0 0
1699253093.2626905 3.49192 0.1 0.0 0
1699253093.3128002 3.49192 0.1 0.0 0
1699253093.362683 3.49192 0.1 0.0 0
1699253093.4128325 3.49192 0.1 0.0 0
1699253093.4635453 3.49192 0.1 0.0 0
1699253093.5131767 3.49192 0.1 0.0 0
1699253093.5639715 3.49192 0.1 0.0 0
1699253093.6134577 3.49192 0.1 0.0 0
1699253093.6637917 3.49192 0.1 0.0 0
1699253093.713924 3.49192 0.1 0.0 0
1699253093.7640631 3.49192 0.1 0.0 0
1699253093.8141952 3.49192 0.1 0.0 0
1699253093.8645656 3.49192 0.1 0.0 0
1699253093.914671 3.49192 0.1 0.0 0
1699253093.9692745 3.49192 0.1 0.0 0
1699253094.0148194 3.49192 0.1 0.0 0
1699253094.0649083 3.49192 0.1 0.0 0
1699253094.115111 3.49192 0.1 0.0 0
1699253094.1666682 3.49192 0.1 0.0 0
1699253094.217351 3.49192 0.1 0.0 0
1699253094.2671409 3.49192 0.1 0.0 0
1699253094.317031 3.49192 0.1 0.0 0
1699253094.3669555 3.49192 0.1 0.0 0
1699253094.4172506 3.49192 0.1 0.0 0
1699253094.4680398 3.49192 0.1 0.0 0
1699253094.5177236 3.49192 0.1 0.0 0
1699253094.5679379 3.49192 0.1 0.0 0
1699253094.618657 3.49192 0.1 0.0 0
1699253094.6684978 3.49192 0.1 0.0 0
1699253094.718349 3.49192 0.1 0.0 0
1699253094.7686114 3.49192 0.1 0.0 0
1699253094.8185506 3.49192 0.1 0.0 0
1699253094.8709142 3.49192 0.1 0.0 0
1699253094.9190137 3.49192 0.1 0.0 0
1699253094.969121 3.49192 0.1 0.0 0
1699253095.0193899 3.49192 0.1 0.0 0
1699253095.0693855 3.49192 0.1 0.0 0
1699253095.119505 3.49192 0.1 0.0 0
1699253095.170126 3.49192 0.1 0.0 0
1699253095.2200086 3.49192 0.1 0.0 0
1699253095.2698982 3.49192 0.1 0.0 0
1699253095.320096 3.49192 0.1 0.0 0
1699253095.3703244 3.49192 0.1 0.0 0
1699253095.4205081 3.49192 0.1 0.0 0
1699253095.4705033 3.49192 0.1 0.0 0
1699253095.5208127 3.49192 0.1 0.0 0
1699253095.5708082 3.49192 0.1 0.0 0
1699253095.6209075 3.49192 0.1 0.0 0
1699253095.6716235 3.49192 0.1 0.0 0
1699253095.7214956 3.49192 0.1 0.0 0
1699253095.7720084 3.49192 0.1 0.0 0
1699253095.8219154 3.49192 0.1 0.0 0
1699253095.8722978 3.49192 0.1 0.0 0
1699253095.9221134 3.49192 0.1 0.0 0
1699253095.972447 3.49192 0.1 0.0 0
1699253096.0228744 3.49192 0.1 0.0 0
1699253096.0728116 3.49192 0.1 0.0 0
1699253096.1231377 3.49192 0.1 0.0 0
1699253096.1731262 3.49192 0.1 0.0 0
1699253096.2236917 3.49192 0.1 0.0 0
1699253096.2739651 3.49192 0.1 0.0 0
1699253096.3237243 3.49192 0.1 0.0 0
1699253096.3738902 3.49192 0.1 0.0 0
1699253096.4240632 3.49192 0.1 0.0 0
1699253096.4743726 3.49192 0.1 0.0 0
1699253096.524848 3.49192 0.1 0.0 0
1699253096.575523 3.49192 0.1 0.0 0
1699253096.625488 3.49192 0.1 0.0 0
1699253096.6756582 3.49192 0.1 0.0 0
1699253096.725971 3.49192 0.1 0.0 0
1699253096.7763739 3.49192 0.1 0.0 0
1699253096.826926 3.49192 0.1 0.0 0
1699253096.877103 3.49192 0.1 0.0 0
1699253096.9271383 3.49192 0.1 0.0 0
1699253096.9771767 3.49192 0.1 0.0 0
1699253097.027264 3.49192 0.1 0.0 0
1699253097.0773644 3.49192 0.1 0.0 0
1699253097.1279619 3.49192 0.1 0.0 0
1699253097.1784189 3.49192 0.1 0.0 0
1699253097.2282803 3.49192 0.1 0.0 0
1699253097.2790282 3.49192 0.1 0.0 0
1699253097.3290706 3.49192 0.1 0.0 0
1699253097.3786237 3.49192 0.1 0.0 0
1699253097.4288707 3.49192 0.1 0.0 0
1699253097.479838 3.49192 0.1 0.0 0
1699253097.5297356 3.49192 0.1 0.0 0
1699253097.5805123 3.49192 0.1 0.0 0
1699253097.6306314 3.49192 0.1 0.0 0
1699253097.6806746 3.49192 0.1 0.0 0
1699253097.7311292 3.49192 0.1 0.0 0
1699253097.7821558 3.49192 0.1 0.0 0
1699253097.8318408 3.49192 0.1 0.0 0
1699253097.8815784 3.49192 0.1 0.0 0
1699253097.9317005 3.49192 0.1 0.0 0
1699253097.981714 3.49192 0.1 0.0 0
1699253098.0321553 3.49192 0.1 0.0 0
1699253098.0822234 3.49192 0.1 0.0 0
1699253098.1325133 3.49192 0.1 0.0 0
1699253098.1827435 3.49192 0.1 0.0 0
1699253098.2329638 3.49192 0.1 0.0 0
1699253098.283069 3.49192 0.1 0.0 0
1699253098.3329425 3.49192 0.1 0.0 0
1699253098.383414 3.49192 0.1 0.0 0
1699253098.4332292 3.49192 0.1 0.0 0
1699253098.4833925 3.49192 0.1 0.0 0
1699253098.533759 3.49192 0.1 0.0 0
1699253098.5841389 3.49192 0.1 0.0 0
1699253098.6343462 3.49192 0.1 0.0 0
1699253098.6840587 3.49192 0.1 0.0 0
1699253098.7341444 3.49192 0.1 0.0 0
1699253098.7851121 3.49192 0.1 0.0 0
1699253098.8355582 3.49192 0.1 0.0 0
1699253098.884873 3.49192 0.1 0.0 0
1699253098.9358335 3.49192 0.1 0.0 0
1699253098.985058 3.49192 0.1 0.0 0
1699253099.0349834 3.49192 0.1 0.0 0
1699253099.0851119 3.49192 0.1 0.0 0
1699253099.1352198 3.49192 0.1 0.0 0
1699253099.1855206 3.49192 0.1 0.0 0
1699253099.2359967 3.49192 0.1 0.0 0
1699253099.2864528 3.49192 0.1 0.0 0
1699253099.3365388 3.49192 0.1 0.0 0
1699253099.3866427 3.49192 0.1 0.0 0
1699253099.4366643 3.49192 0.1 0.0 0
1699253099.4869082 3.49192 0.1 0.0 0
1699253099.5369167 3.49192 0.1 0.0 0
1699253099.587723 3.49192 0.1 0.0 0
1699253099.6370375 3.49192 0.1 0.0 0
1699253099.687113 3.49192 0.1 0.0 0
1699253099.737399 3.49192 0.1 0.0 0
1699253099.787652 3.49192 0.1 0.0 0
1699253099.837988 3.49192 0.1 0.0 0
1699253100.0165908 3.49192 0.1 0.0 0
1699253100.0660548 3.49192 0.1 0.0 0
1699253100.1167188 3.49192 0.1 0.0 0
1699253100.1664522 3.49192 0.1 0.0 0
1699253100.2176282 3.49192 0.1 0.0 0
1699253100.2683032 3.49192 0.1 0.0 0
1699253100.3178356 3.49192 0.1 0.0 0
1699253100.3680809 3.49192 0.1 0.0 0
1699253100.4179451 3.49192 0.1 0.0 0
1699253100.4681587 3.49192 0.1 0.0 0
1699253100.5194273 3.49192 0.1 0.0 0
1699253100.5691786 3.49192 0.1 0.0 0
1699253100.619474 3.49192 0.1 0.0 0
1699253100.6696706 3.49192 0.1 0.0 0
1699253100.720304 3.49192 0.1 0.0 0
1699253100.7702851 3.49192 0.1 0.0 0
1699253100.8198142 3.49192 0.1 0.0 0
1699253100.8705406 3.49192 0.1 0.0 0
1699253100.9210293 3.49192 0.1 0.0 0
1699253100.9711702 3.49192 0.1 0.0 0
1699253101.0206628 3.49192 0.1 0.0 0
1699253101.0705998 3.49192 0.1 0.0 0
1699253101.120822 3.49192 0.1 0.0 0
1699253101.170796 3.49192 0.1 0.0 0
1699253101.220858 3.49192 0.1 0.0 0
1699253101.271215 3.49192 0.1 0.0 0
1699253101.3215783 3.49192 0.1 0.0 0
1699253101.3725076 3.49192 0.1 0.0 0
1699253101.4222932 3.49192 0.1 0.0 0
1699253101.4726121 3.49192 0.1 0.0 0
1699253101.5227177 3.49192 0.1 0.0 0
1699253101.57279 3.49192 0.1 0.0 0
1699253101.6228843 3.49192 0.1 0.0 0
1699253101.6733 3.49192 0.1 0.0 0
1699253101.7235222 3.49192 0.1 0.0 0
1699253101.773469 3.49192 0.1 0.0 0
1699253101.8243496 3.49192 0.1 0.0 0
1699253101.874142 3.49192 0.1 0.0 0
1699253101.9241762 3.49192 0.1 0.0 0
1699253101.9749136 3.49192 0.1 0.0 0
1699253102.0244205 3.49192 0.1 0.0 0
1699253102.0750334 3.49192 0.1 0.0 0
1699253102.125833 3.49192 0.1 0.0 0
1699253102.1748686 3.49192 0.1 0.0 0
1699253102.2250402 3.49192 0.1 0.0 0
1699253102.2752264 3.49192 0.1 0.0 0
1699253102.3252597 3.49192 0.1 0.0 0
1699253102.3754861 3.49192 0.1 0.0 0
1699253102.4256458 3.49192 0.1 0.0 0
1699253102.476079 3.49192 0.1 0.0 0
1699253102.5258157 3.49192 0.1 0.0 0
1699253102.576218 3.49192 0.1 0.0 0
1699253102.62606 3.49192 0.1 0.0 0
1699253102.6760077 3.49192 0.1 0.0 0
1699253102.7263606 3.49192 0.1 0.0 0
1699253102.7768621 3.49192 0.1 0.0 0
1699253102.827165 3.49192 0.1 0.0 0
1699253102.8774478 3.49192 0.1 0.0 0
1699253102.9271622 3.49192 0.1 0.0 0
1699253102.978026 3.49192 0.1 0.0 0
1699253103.0280137 3.49192 0.1 0.0 0
1699253103.0781248 3.49192 0.1 0.0 0
1699253103.1285663 3.49192 0.1 0.0 0
1699253103.1788337 3.49192 0.1 0.0 0
1699253103.2285802 3.49192 0.1 0.0 0
1699253103.2786517 3.49192 0.1 0.0 0
1699253103.3286233 3.49192 0.1 0.0 0
1699253103.3788848 3.49192 0.1 0.0 0
1699253103.429867 3.49192 0.1 0.0 0
1699253103.4802048 3.49192 0.1 0.0 0
1699253103.5305073 3.49192 0.1 0.0 0
1699253103.5815089 3.49192 0.1 0.0 0
1699253103.6310148 3.49192 0.1 0.0 0
1699253103.6812093 3.49192 0.1 0.0 0
1699253103.731144 3.49192 0.1 0.0 0
1699253103.7813666 3.49192 0.1 0.0 0
1699253103.8321283 3.49192 0.1 0.0 0
1699253103.8821137 3.49192 0.1 0.0 0
1699253103.9322023 3.49192 0.1 0.0 0
1699253103.9820552 3.49192 0.1 0.0 0
1699253104.0330462 3.49192 0.1 0.0 0
1699253104.0827253 3.49192 0.1 0.0 0
1699253104.1328883 3.49192 0.1 0.0 0
1699253104.1837676 3.49192 0.1 0.0 0
1699253104.2343552 3.49192 0.1 0.0 0
1699253104.2848582 3.49192 0.1 0.0 0
1699253104.3348236 3.49192 0.1 0.0 0
1699253104.3850992 3.49192 0.1 0.0 0
1699253104.4350936 3.49192 0.1 0.0 0
1699253104.4853008 3.49192 0.1 0.0 0
1699253104.5356703 3.49192 0.1 0.0 0
1699253104.5860293 3.49192 0.1 0.0 0
1699253104.6359005 3.49192 0.1 0.0 0
1699253104.686016 3.49192 0.1 0.0 0
1699253104.7358215 3.49192 0.1 0.0 0
1699253104.7861366 3.49192 0.1 0.0 0
1699253104.8365843 3.49192 0.1 0.0 0
1699253104.8864963 3.49192 0.1 0.0 0
1699253104.936604 3.49192 0.1 0.0 0
1699253104.987271 3.49192 0.1 0.0 0
1699253105.0373657 3.49192 0.1 0.0 0
1699253105.0870373 3.49192 0.1 0.0 0
1699253105.1372478 3.49192 0.1 0.0 0
1699253105.1875212 3.49192 0.1 0.0 0
1699253105.2377098 3.49192 0.1 0.0 0
1699253105.2880373 3.49192 0.1 0.0 0
1699253105.4815722 3.49192 0.1 0.0 0
1699253105.5305195 3.49192 0.1 0.0 0
1699253105.6865654 3.49192 0.1 0.0 0
1699253105.7359362 3.49192 0.1 0.0 0
1699253105.786472 3.49192 0.1 0.0 0
1699253105.9455092 3.49192 0.1 0.0 0
1699253105.995116 3.49192 0.1 0.0 0
1699253106.0450723 3.49192 0.1 0.0 0
1699253106.270036 3.49192 0.1 0.0 0
1699253106.4740243 3.49192 0.1 0.0 0
1699253106.5240154 3.49192 0.1 0.0 0
1699253106.7379127 3.49192 0.1 0.0 0
1699253106.7884142 3.49192 0.1 0.0 0
1699253106.8385415 3.49192 0.1 0.0 0
1699253107.0459454 3.49192 0.1 0.0 0
1699253107.0954773 3.49192 0.1 0.0 0
1699253107.1453493 3.49192 0.1 0.0 0
1699253107.369952 3.49192 0.1 0.0 0
1699253107.4190745 3.49192 0.1 0.0 0
1699253107.469343 3.49192 0.1 0.0 0
1699253107.6738572 3.49192 0.1 0.0 0
1699253107.722822 3.49192 0.1 0.0 0
1699253107.7731774 3.49192 0.1 0.0 0
1699253107.974005 3.49192 0.1 0.0 0
1699253108.0237238 3.49192 0.1 0.0 0
1699253108.0744798 3.49192 0.1 0.0 0
1699253108.2857668 3.49192 0.1 0.0 0
1699253108.334855 3.49192 0.1 0.0 0
1699253108.3851616 3.49192 0.1 0.0 0
1699253108.4349754 3.49192 0.1 0.0 0
1699253108.6408222 3.49192 0.1 0.0 0
1699253108.6910212 3.49192 0.1 0.0 0
1699253108.741971 3.49192 0.1 0.0 0
1699253108.7911265 3.49192 0.1 0.0 0
1699253108.9973185 3.49192 0.1 0.0 0
1699253109.0472353 3.49192 0.1 0.0 0
1699253109.0972774 3.49192 0.1 0.0 0
1699253109.148119 3.49192 0.1 0.0 0
1699253109.3492897 3.49192 0.1 0.0 0
1699253109.3990815 3.49192 0.1 0.0 0
1699253109.449093 3.49192 0.1 0.0 0
1699253109.6515868 3.49192 0.1 0.0 0
1699253109.700866 3.49192 0.1 0.0 0
1699253109.7516859 3.49192 0.1 0.0 0
1699253109.8024492 3.49192 0.1 0.0 0
1699253110.0044053 3.49192 0.1 0.0 0
1699253110.2112548 3.49192 0.1 0.0 0
1699253110.2610538 3.49192 0.1 0.0 0
1699253110.483501 3.49192 0.1 0.0 0
1699253110.5331426 3.49192 0.1 0.0 0
1699253110.5839813 3.49192 0.1 0.0 0
1699253110.8008025 3.49192 0.1 0.0 0
1699253110.8500698 3.49192 0.1 0.0 0
1699253110.9000952 3.49192 0.1 0.0 0
1699253110.9502034 3.49192 0.1 0.0 0
1699253111.234543 3.49192 0.1 0.0 0
1699253111.4495132 3.49192 0.1 0.0 0
1699253111.499196 3.49192 0.1 0.0 0
1699253111.7104855 3.49192 0.1 0.0 0
1699253111.7600732 3.49192 0.1 0.0 0
1699253111.810607 3.49192 0.1 0.0 0
1699253112.0152209 3.49192 0.1 0.0 0
1699253112.0651972 3.49192 0.1 0.0 0
1699253112.1156964 3.49192 0.1 0.0 0
1699253112.165459 3.49192 0.1 0.0 0
1699253112.371784 3.49192 0.1 0.0 0
1699253112.581416 3.49192 0.1 0.0 0
1699253112.631566 3.49192 0.1 0.0 0
1699253112.8328981 3.49192 0.1 0.0 0
1699253112.8825455 3.49192 0.1 0.0 0
1699253112.933068 3.49192 0.1 0.0 0
1699253113.141505 3.49192 0.1 0.0 0
1699253113.1914058 3.49192 0.1 0.0 0
1699253113.2423902 3.49192 0.1 0.0 0
1699253113.4528306 3.49192 0.1 0.0 0
1699253113.5018828 3.49192 0.1 0.0 0
1699253113.551834 3.49192 0.1 0.0 0
1699253113.602127 3.49192 0.1 0.0 0
1699253113.8264372 3.49192 0.1 0.0 0
1699253114.0341003 3.49192 0.1 0.0 0
1699253114.0838253 3.49192 0.1 0.0 0
1699253114.2918348 3.49192 0.1 0.0 0
1699253114.3411942 3.49192 0.1 0.0 0
1699253114.3925664 3.49192 0.1 0.0 0
1699253114.4430532 3.49192 0.1 0.0 0
1699253114.6609468 3.49192 0.1 0.0 0
1699253114.7112792 3.49192 0.1 0.0 0
1699253114.7616475 3.49192 0.1 0.0 0
1699253114.811843 3.49192 0.1 0.0 0
1699253115.014787 3.49192 0.1 0.0 0
1699253115.220225 3.49192 0.1 0.0 0
1699253115.2702768 3.49192 0.1 0.0 0
1699253115.469996 3.49192 0.1 0.0 0
1699253115.5190628 3.49192 0.1 0.0 0
1699253115.5691013 3.49192 0.1 0.0 0
1699253115.6194468 3.49192 0.1 0.0 0
1699253115.8396287 3.49192 0.1 0.0 0
1699253115.8889086 3.49192 0.1 0.0 0
1699253115.9390476 3.49192 0.1 0.0 0
1699253115.989332 3.49192 0.1 0.0 0
1699253116.1952388 3.49192 0.1 0.0 0
1699253116.3924117 3.49192 0.1 0.0 0
1699253116.4403954 3.49192 0.1 0.0 0
1699253116.6462529 3.49192 0.1 0.0 0
1699253116.6956947 3.49192 0.1 0.0 0
1699253116.745882 3.49192 0.1 0.0 0
1699253116.955302 3.49192 0.1 0.0 0
1699253117.006175 3.49192 0.1 0.0 0
1699253117.0557961 3.49192 0.1 0.0 0
1699253117.105926 3.49192 0.1 0.0 0
1699253117.3101306 3.49192 0.1 0.0 0
1699253117.359227 3.49192 0.1 0.0 0
1699253117.4095087 3.49192 0.1 0.0 0
1699253117.4596117 3.49192 0.1 0.0 0
1699253117.66016 3.49192 0.1 0.0 0
1699253117.7089262 3.49192 0.1 0.0 0
1699253117.7591343 3.49192 0.1 0.0 0
1699253117.8093247 3.49192 0.1 0.0 0
1699253118.0170836 3.49192 0.1 0.0 0
1699253118.06665 3.49192 0.1 0.0 0
1699253118.1167974 3.49192 0.1 0.0 0
1699253118.167278 3.49192 0.1 0.0 0
1699253118.3977401 3.49192 0.1 0.0 0
1699253118.625034 3.49192 0.1 0.0 0
1699253118.675735 3.49192 0.1 0.0 0
1699253118.8883047 3.49192 0.1 0.0 0
1699253118.9528651 3.49192 0.1 0.0 0
1699253119.007282 3.49192 0.1 0.0 0
1699253119.2304757 3.49192 0.1 0.0 0
1699253119.2803156 3.49192 0.1 0.0 0
1699253119.3330543 3.49192 0.1 0.0 0
1699253119.3895786 3.49192 0.1 0.0 0
1699253119.6206014 3.49192 0.1 0.0 0
1699253119.679115 3.49192 0.1 0.0 0
1699253119.7275455 3.49192 0.1 0.0 0
1699253119.9419122 3.49192 0.1 0.0 0
1699253119.993514 3.49192 0.1 0.0 0
1699253120.044303 3.49192 0.1 0.0 0
1699253120.2702034 3.49192 0.1 0.0 0
1699253120.3224335 3.49192 0.1 0.0 0
1699253120.373046 3.49192 0.1 0.0 0
1699253120.4238844 3.49192 0.1 0.0 0
1699253120.6575193 3.49192 0.1 0.0 0
1699253120.8695877 3.49192 0.1 0.0 0
1699253120.9195046 3.49192 0.1 0.0 0
1699253121.1435275 3.49192 0.1 0.0 0
1699253121.1924322 3.49192 0.1 0.0 0
1699253121.2426736 3.49192 0.1 0.0 0
1699253121.462395 3.49192 0.1 0.0 0
1699253121.5122395 3.49192 0.1 0.0 0
1699253121.5620832 3.49192 0.1 0.0 0
1699253121.7754908 3.49192 0.1 0.0 0
1699253121.8259501 3.49192 0.1 0.0 0
1699253121.8756769 3.49192 0.1 0.0 0
1699253122.0834813 3.49192 0.1 0.0 0
1699253122.1331272 3.49192 0.1 0.0 0
1699253122.1837165 3.49192 0.1 0.0 0
1699253122.389122 3.49192 0.1 0.0 0
1699253122.4391038 3.49192 0.1 0.0 0
1699253122.4891524 3.49192 0.1 0.0 0
1699253122.6966865 3.49192 0.1 0.0 0
1699253122.7461498 3.49192 0.1 0.0 0
1699253122.796639 3.49192 0.1 0.0 0
1699253122.8470092 3.49192 0.1 0.0 0
1699253123.0536346 3.49192 0.1 0.0 0
1699253123.2499743 3.49192 0.1 0.0 0
1699253123.299933 3.49192 0.1 0.0 0
1699253123.5044343 3.49192 0.1 0.0 0
1699253123.5540137 3.49192 0.1 0.0 0
1699253123.6038833 3.49192 0.1 0.0 0
1699253123.813209 3.49192 0.1 0.0 0
1699253123.8632874 3.49192 0.1 0.0 0
1699253123.913543 3.49192 0.1 0.0 0
1699253123.9634848 3.49192 0.1 0.0 0
1699253124.169443 3.49192 0.1 0.0 0
1699253124.3862476 3.49192 0.1 0.0 0
1699253124.4362524 3.49192 0.1 0.0 0
1699253124.6414316 3.49192 0.1 0.0 0
1699253124.6909156 3.49192 0.1 0.0 0
1699253124.7441187 3.49192 0.1 0.0 0
1699253124.791919 3.49192 0.1 0.0 0
1699253125.0180945 3.49192 0.1 0.0 0
1699253125.0678346 3.49192 0.1 0.0 0
1699253125.1177857 3.49192 0.1 0.0 0
1699253125.334045 3.49192 0.1 0.0 0
1699253125.3841927 3.49192 0.1 0.0 0
1699253125.4339504 3.49192 0.1 0.0 0
1699253125.6405628 3.49192 0.1 0.0 0
1699253125.6894994 3.49192 0.1 0.0 0
1699253125.7399902 3.49192 0.1 0.0 0
1699253125.9605699 3.49192 0.1 0.0 0
1699253126.0090303 3.49192 0.1 0.0 0
1699253126.0593853 3.49192 0.1 0.0 0
1699253126.1099472 3.49192 0.1 0.0 0
1699253126.340162 3.49192 0.1 0.0 0
1699253126.3896313 3.49192 0.1 0.0 0
1699253126.4403749 3.49192 0.1 0.0 0
1699253126.6482503 3.49192 0.1 0.0 0
1699253126.698046 3.49192 0.1 0.0 0
1699253126.7481103 3.49192 0.1 0.0 0
1699253126.799028 3.49192 0.1 0.0 0
1699253127.0236747 3.49192 0.1 0.0 0
1699253127.0738058 3.49192 0.1 0.0 0
1699253127.124087 3.49192 0.1 0.0 0
1699253127.332242 3.49192 0.1 0.0 0
1699253127.381928 3.49192 0.1 0.0 0
1699253127.4322941 3.49192 0.1 0.0 0
1699253127.4827218 3.49192 0.1 0.0 0
1699253127.6893952 3.49192 0.1 0.0 0
1699253127.8977602 3.49192 0.1 0.0 0
1699253127.947629 3.49192 0.1 0.0 0
1699253128.1605198 3.49192 0.1 0.0 0
1699253128.2104578 3.49192 0.1 0.0 0
1699253128.2608473 3.49192 0.1 0.0 0
1699253128.3106773 3.49192 0.1 0.0 0
1699253128.516886 3.49192 0.1 0.0 0
1699253128.5673456 3.49192 0.1 0.0 0
1699253128.617211 3.49192 0.1 0.0 0
1699253128.8302894 3.49192 0.1 0.0 0
1699253128.8799422 3.49192 0.1 0.0 0
1699253128.9304953 3.49192 0.1 0.0 0
1699253128.980596 3.49192 0.1 0.0 0
1699253129.18325 3.49192 0.1 0.0 0
1699253129.2329304 3.49192 0.1 0.0 0
1699253129.2828052 3.49192 0.1 0.0 0
1699253129.3339403 3.49192 0.1 0.0 0
1699253129.5582294 3.49192 0.1 0.0 0
1699253129.7642548 3.49192 0.1 0.0 0
1699253129.8142474 3.49192 0.1 0.0 0
1699253130.0185337 3.49192 0.1 0.0 0
1699253130.0682518 3.49192 0.1 0.0 0
1699253130.1194909 3.49192 0.1 0.0 0
1699253130.1687732 3.49192 0.1 0.0 0
1699253130.3710186 3.49192 0.1 0.0 0
1699253130.4210224 3.49192 0.1 0.0 0
1699253130.4710097 3.49192 0.1 0.0 0
1699253130.5214934 3.49192 0.1 0.0 0
1699253130.7344413 3.49192 0.1 0.0 0
1699253130.7840118 3.49192 0.1 0.0 0
1699253130.8342707 3.49192 0.1 0.0 0
1699253131.0803933 3.49192 0.1 0.0 0
1699253131.129972 3.49192 0.1 0.0 0
1699253131.1803858 3.49192 0.1 0.0 0
1699253131.3874216 3.49192 0.1 0.0 0
1699253131.436846 3.49192 0.1 0.0 0
1699253131.4873865 3.49192 0.1 0.0 0
1699253131.693695 3.49192 0.1 0.0 0
1699253131.7430725 3.49192 0.1 0.0 0
1699253131.7933686 3.49192 0.1 0.0 0
1699253131.99975 3.49192 0.1 0.0 0
1699253132.0484085 3.49192 0.1 0.0 0
1699253132.0985153 3.49192 0.1 0.0 0
1699253132.2926295 3.49192 0.1 0.0 0
1699253132.3419044 3.49192 0.1 0.0 0
1699253132.3921442 3.49192 0.1 0.0 0
1699253132.4425185 3.49192 0.1 0.0 0
1699253132.654043 3.49192 0.1 0.0 0
1699253132.8628743 3.49192 0.1 0.0 0
1699253132.9126227 3.49192 0.1 0.0 0
1699253133.1172059 3.49192 0.1 0.0 0
1699253133.1664507 3.49192 0.1 0.0 0
1699253133.2169418 3.49192 0.1 0.0 0
1699253133.4295826 3.49192 0.1 0.0 0
1699253133.4794307 3.49192 0.1 0.0 0
1699253133.5290756 3.49192 0.1 0.0 0
1699253133.749925 3.49192 0.1 0.0 0
1699253133.7998767 3.49192 0.1 0.0 0
1699253133.849896 3.49192 0.1 0.0 0
1699253134.0677392 3.49192 0.1 0.0 0
1699253134.1166768 3.49192 0.1 0.0 0
1699253134.1673796 3.49192 0.1 0.0 0
1699253134.3707607 3.49192 0.1 0.0 0
1699253134.4201326 3.49192 0.1 0.0 0
1699253134.4701595 3.49192 0.1 0.0 0
1699253134.5206962 3.49192 0.1 0.0 0
1699253134.724235 3.49192 0.1 0.0 0
1699253134.9298723 3.49192 0.1 0.0 0
1699253134.9788303 3.49192 0.1 0.0 0
1699253135.1893234 3.49192 0.1 0.0 0
1699253135.2392848 3.49192 0.1 0.0 0
1699253135.289473 3.49192 0.1 0.0 0
1699253135.4930058 3.49192 0.1 0.0 0
1699253135.5429406 3.49192 0.1 0.0 0
1699253135.5932596 3.49192 0.1 0.0 0
1699253135.8112876 3.49192 0.1 0.0 0
1699253135.8609548 3.49192 0.1 0.0 0
1699253135.911235 3.49192 0.1 0.0 0
1699253136.12927 3.49192 0.1 0.0 0
1699253136.178967 3.49192 0.1 0.0 0
1699253136.229139 3.49192 0.1 0.0 0
1699253136.2796962 3.49192 0.1 0.0 0
1699253136.4834998 3.49192 0.1 0.0 0
1699253136.6882448 3.49192 0.1 0.0 0
1699253136.7383196 3.49192 0.1 0.0 0
1699253136.9436793 3.49192 0.1 0.0 0
1699253136.994134 3.49192 0.1 0.0 0
1699253137.0438707 3.49192 0.1 0.0 0
1699253137.094121 3.49192 0.1 0.0 0
1699253137.2928407 3.49192 0.1 0.0 0
1699253137.3412242 3.49192 0.1 0.0 0
1699253137.3914044 3.49192 0.1 0.0 0
1699253137.5963917 3.49192 0.1 0.0 0
1699253137.6459467 3.49192 0.1 0.0 0
1699253137.696366 3.49192 0.1 0.0 0
1699253137.7462914 3.49192 0.1 0.0 0
1699253137.9561758 3.49192 0.1 0.0 0
1699253138.1702251 3.49192 0.1 0.0 0
1699253138.220241 3.49192 0.1 0.0 0
1699253138.4212582 3.49192 0.1 0.0 0
1699253138.4707184 3.49192 0.1 0.0 0
1699253138.5211325 3.49192 0.1 0.0 0
1699253138.5729587 3.49192 0.1 0.0 0
1699253138.7838252 3.49192 0.1 0.0 0
1699253138.8336022 3.49192 0.1 0.0 0
1699253138.8836377 3.49192 0.1 0.0 0
1699253138.9346328 3.49192 0.1 0.0 0
1699253139.1467848 3.49192 0.1 0.0 0
1699253139.1963785 3.49192 0.1 0.0 0
1699253139.2454653 3.49192 0.1 0.0 0
1699253139.452705 3.49192 0.1 0.0 0
1699253139.5022724 3.49192 0.1 0.0 0
1699253139.553545 3.49192 0.1 0.0 0
1699253139.7596073 3.49192 0.1 0.0 0
1699253139.8091629 3.49192 0.1 0.0 0
1699253139.8591645 3.49192 0.1 0.0 0
1699253139.9096925 3.49192 0.1 0.0 0
1699253140.1195931 3.49192 0.1 0.0 0
1699253140.327461 3.49192 0.1 0.0 0
1699253140.3764617 3.49192 0.1 0.0 0
1699253140.577931 3.49192 0.1 0.0 0
1699253140.627142 3.49192 0.1 0.0 0
1699253140.677103 3.49192 0.1 0.0 0
1699253140.9154341 3.49192 0.1 0.0 0
1699253140.9662485 3.49192 0.1 0.0 0
1699253141.0147834 3.49192 0.1 0.0 0
1699253141.0653112 3.49192 0.1 0.0 0
1699253141.273015 3.49192 0.1 0.0 0
1699253141.4736702 3.49192 0.1 0.0 0
1699253141.5232673 3.49192 0.1 0.0 0
1699253141.728365 3.49192 0.1 0.0 0
1699253141.7777839 3.49192 0.1 0.0 0
1699253141.8276463 3.49192 0.1 0.0 0
1699253142.0271282 3.49192 0.1 0.0 0
1699253142.0761023 3.49192 0.1 0.0 0
1699253142.1265154 3.49192 0.1 0.0 0
1699253142.342134 3.49192 0.1 0.0 0
1699253142.3913214 3.49192 0.1 0.0 0
1699253142.4425251 3.49192 0.1 0.0 0
1699253142.492251 3.49192 0.1 0.0 0
1699253142.7060027 3.49192 0.1 0.0 0
1699253142.9159708 3.49192 0.1 0.0 0
1699253142.9657073 3.49192 0.1 0.0 0
