1699253228.8799615 3.5 0.1 -0.04 0
1699253229.1674964 3.491800000000003 0.1 0.0 0
1699253229.334722 3.491800000000003 0.1 0.0 0
1699253229.3837523 3.491800000000003 0.1 0.0 0
1699253229.4339464 3.491800000000003 0.1 0.0 0
1699253229.483722 3.491800000000003 0.1 0.0 0
1699253229.53471 3.491800000000003 0.1 0.0 0
1699253229.5842319 3.491800000000003 0.1 0.0 0
1699253229.6346736 3.491800000000003 0.1 0.0 0
1699253229.6847248 3.491800000000003 0.1 0.0 0
1699253229.7350616 3.491800000000003 0.1 0.0 0
1699253229.785572 3.491800000000003 0.1 0.0 0
1699253229.834822 3.491800000000003 0.1 0.0 0
1699253229.8847973 3.491800000000003 0.1 0.0 0
1699253229.9353523 3.491800000000003 0.1 0.0 0
1699253229.9862227 3.491800000000003 0.1 0.0 0
1699253230.0363653 3.491800000000003 0.1 0.0 0
1699253230.0864804 3.491800000000003 0.1 0.0 0
1699253230.1366372 3.491800000000003 0.1 0.0 0
1699253230.186787 3.491800000000003 0.1 0.0 0
1699253230.2367647 3.491800000000003 0.1 0.0 0
1699253230.2868843 3.491800000000003 0.1 0.0 0
1699253230.3373554 3.491800000000003 0.1 0.0 0
1699253230.3878794 3.491800000000003 0.1 0.0 0
1699253230.4375927 3.491800000000003 0.1 0.0 0
1699253230.487741 3.491800000000003 0.1 0.0 0
1699253230.5377727 3.491800000000003 0.1 0.0 0
1699253230.5886366 3.491800000000003 0.1 0.0 0
1699253230.6390817 3.491800000000003 0.1 0.0 0
1699253230.6891353 3.491800000000003 0.1 0.0 0
1699253230.73952 3.491800000000003 0.1 0.0 0
1699253230.7889843 3.491800000000003 0.1 0.0 0
1699253230.83925 3.491800000000003 0.1 0.0 0
1699253230.8894303 3.491800000000003 0.1 0.0 0
1699253230.9401205 3.491800000000003 0.1 0.0 0
1699253230.9899144 3.491800000000003 0.1 0.0 0
1699253231.0403404 3.491800000000003 0.1 0.0 0
1699253231.0902011 3.491800000000003 0.1 0.0 0
1699253231.1402483 3.491800000000003 0.1 0.0 0
1699253231.1903117 3.491800000000003 0.1 0.0 0
1699253231.2404056 3.491800000000003 0.1 0.0 0
1699253231.2905605 3.491800000000003 0.1 0.0 0
1699253231.3416202 3.491800000000003 0.1 0.0 0
1699253231.3913665 3.491800000000003 0.1 0.0 0
1699253231.4413702 3.491800000000003 0.1 0.0 0
1699253231.491812 3.491800000000003 0.1 0.0 0
1699253231.5419052 3.491800000000003 0.1 0.0 0
1699253231.5920346 3.491800000000003 0.1 0.0 0
1699253231.6422553 3.491800000000003 0.1 0.0 0
1699253231.69222 3.491800000000003 0.1 0.0 0
1699253231.7433057 3.491800000000003 0.1 0.0 0
1699253231.7926595 3.491800000000003 0.1 0.0 0
1699253231.8432329 3.491800000000003 0.1 0.0 0
1699253231.8928998 3.491800000000003 0.1 0.0 0
1699253231.9433453 3.491800000000003 0.1 0.0 0
1699253231.9931982 3.491800000000003 0.1 0.0 0
1699253232.0434616 3.491800000000003 0.1 0.0 0
1699253232.093287 3.491800000000003 0.1 0.0 0
1699253232.1434631 3.491800000000003 0.1 0.0 0
1699253232.1934657 3.491800000000003 0.1 0.0 0
1699253232.2439673 3.491800000000003 0.1 0.0 0
1699253232.2938695 3.491800000000003 0.1 0.0 0
1699253232.3437178 3.491800000000003 0.1 0.0 0
1699253232.3940506 3.491800000000003 0.1 0.0 0
1699253232.444375 3.491800000000003 0.1 0.0 0
1699253232.4944293 3.491800000000003 0.1 0.0 0
1699253232.544703 3.491800000000003 0.1 0.0 0
1699253232.595224 3.491800000000003 0.1 0.0 0
1699253232.644949 3.491800000000003 0.1 0.0 0
1699253232.695575 3.491800000000003 0.1 0.0 0
1699253232.7466264 3.491800000000003 0.1 0.0 0
1699253232.7954905 3.491800000000003 0.1 0.0 0
1699253232.8457506 3.491800000000003 0.1 0.0 0
1699253232.8958802 3.491800000000003 0.1 0.0 0
1699253232.946877 3.491800000000003 0.1 0.0 0
1699253232.9962413 3.491800000000003 0.1 0.0 0
1699253233.0461898 3.491800000000003 0.1 0.0 0
1699253233.0959778 3.491800000000003 0.1 0.0 0
1699253233.1463802 3.491800000000003 0.1 0.0 0
1699253233.1964443 3.491800000000003 0.1 0.0 0
1699253233.2470343 3.491800000000003 0.1 0.0 0
1699253233.2968695 3.491800000000003 0.1 0.0 0
1699253233.3476546 3.491800000000003 0.1 0.0 0
1699253233.3975377 3.491800000000003 0.1 0.0 0
1699253233.4478078 3.491800000000003 0.1 0.0 0
1699253233.49766 3.491800000000003 0.1 0.0 0
1699253233.5478063 3.491800000000003 0.1 0.0 0
1699253233.5984812 3.491800000000003 0.1 0.0 0
1699253233.6482904 3.491800000000003 0.1 0.0 0
1699253233.698694 3.491800000000003 0.1 0.0 0
1699253233.7487907 3.491800000000003 0.1 0.0 0
1699253233.7988577 3.491800000000003 0.1 0.0 0
1699253233.849105 3.491800000000003 0.1 0.0 0
1699253233.8988378 3.491800000000003 0.1 0.0 0
1699253233.9489124 3.491800000000003 0.1 0.0 0
1699253233.9991648 3.491800000000003 0.1 0.0 0
1699253234.0492473 3.491800000000003 0.1 0.0 0
1699253234.0996177 3.491800000000003 0.1 0.0 0
1699253234.1498353 3.491800000000003 0.1 0.0 0
1699253234.1996381 3.491800000000003 0.1 0.0 0
1699253234.2496555 3.491800000000003 0.1 0.0 0
1699253234.3003085 3.491800000000003 0.1 0.0 0
1699253234.3509312 3.491800000000003 0.1 0.0 0
1699253234.4016185 3.491800000000003 0.1 0.0 0
1699253234.4514453 3.491800000000003 0.1 0.0 0
1699253234.5011382 3.491800000000003 0.1 0.0 0
1699253234.551752 3.491800000000003 0.1 0.0 0
1699253234.6016881 3.491800000000003 0.1 0.0 0
1699253234.651652 3.491800000000003 0.1 0.0 0
1699253234.7016482 3.491800000000003 0.1 0.0 0
1699253234.7522242 3.491800000000003 0.1 0.0 0
1699253234.802655 3.491800000000003 0.1 0.0 0
1699253234.852759 3.491800000000003 0.1 0.0 0
1699253234.9026144 3.491800000000003 0.1 0.0 0
1699253234.953048 3.491800000000003 0.1 0.0 0
1699253235.0028834 3.491800000000003 0.1 0.0 0
1699253235.0533283 3.491800000000003 0.1 0.0 0
1699253235.1037278 3.491800000000003 0.1 0.0 0
1699253235.1544824 3.491800000000003 0.1 0.0 0
1699253235.2040763 3.491800000000003 0.1 0.0 0
1699253235.2543385 3.491800000000003 0.1 0.0 0
1699253235.3043902 3.491800000000003 0.1 0.0 0
1699253235.3543289 3.491800000000003 0.1 0.0 0
1699253235.4045107 3.491800000000003 0.1 0.0 0
1699253235.4555047 3.491800000000003 0.1 0.0 0
1699253235.5051138 3.491800000000003 0.1 0.0 0
1699253235.5555673 3.491800000000003 0.1 0.0 0
1699253235.605461 3.491800000000003 0.1 0.0 0
1699253235.655638 3.491800000000003 0.1 0.0 0
1699253235.7056596 3.491800000000003 0.1 0.0 0
1699253235.7557814 3.491800000000003 0.1 0.0 0
1699253235.8064034 3.491800000000003 0.1 0.0 0
1699253235.85625 3.491800000000003 0.1 0.0 0
1699253235.9064188 3.491800000000003 0.1 0.0 0
1699253235.956726 3.491800000000003 0.1 0.0 0
1699253236.006603 3.491800000000003 0.1 0.0 0
1699253236.0567317 3.491800000000003 0.1 0.0 0
1699253236.106722 3.491800000000003 0.1 0.0 0
1699253236.157292 3.491800000000003 0.1 0.0 0
1699253236.2076514 3.491800000000003 0.1 0.0 0
1699253236.2599027 3.491800000000003 0.1 0.0 0
1699253236.3080757 3.491800000000003 0.1 0.0 0
1699253236.3580914 3.491800000000003 0.1 0.0 0
1699253236.408056 3.491800000000003 0.1 0.0 0
1699253236.4583578 3.491800000000003 0.1 0.0 0
1699253236.508694 3.491800000000003 0.1 0.0 0
1699253236.559141 3.491800000000003 0.1 0.0 0
1699253236.6088712 3.491800000000003 0.1 0.0 0
1699253236.659375 3.491800000000003 0.1 0.0 0
1699253236.7095835 3.491800000000003 0.1 0.0 0
1699253236.7597256 3.491800000000003 0.1 0.0 0
1699253236.8102767 3.491800000000003 0.1 0.0 0
1699253236.8598425 3.491800000000003 0.1 0.0 0
1699253236.9096668 3.491800000000003 0.1 0.0 0
1699253236.960043 3.491800000000003 0.1 0.0 0
1699253237.0099878 3.491800000000003 0.1 0.0 0
1699253237.060419 3.491800000000003 0.1 0.0 0
1699253237.109933 3.491800000000003 0.1 0.0 0
1699253237.159997 3.491800000000003 0.1 0.0 0
1699253237.2107797 3.491800000000003 0.1 0.0 0
1699253237.2606838 3.491800000000003 0.1 0.0 0
1699253237.3109014 3.491800000000003 0.1 0.0 0
1699253237.3614366 3.491800000000003 0.1 0.0 0
1699253237.411214 3.491800000000003 0.1 0.0 0
1699253237.4611058 3.491800000000003 0.1 0.0 0
1699253237.5114064 3.491800000000003 0.1 0.0 0
1699253237.5620239 3.491800000000003 0.1 0.0 0
1699253237.6121986 3.491800000000003 0.1 0.0 0
1699253237.788085 3.491800000000003 0.1 0.0 0
1699253237.8384526 3.491800000000003 0.1 0.0 0
1699253237.8879466 3.491800000000003 0.1 0.0 0
1699253237.9386656 3.491800000000003 0.1 0.0 0
1699253237.9885006 3.491800000000003 0.1 0.0 0
1699253238.0385308 3.491800000000003 0.1 0.0 0
1699253238.0890925 3.491800000000003 0.1 0.0 0
1699253238.139067 3.491800000000003 0.1 0.0 0
1699253238.1899135 3.491800000000003 0.1 0.0 0
1699253238.2397013 3.491800000000003 0.1 0.0 0
1699253238.2897074 3.491800000000003 0.1 0.0 0
1699253238.339829 3.491800000000003 0.1 0.0 0
1699253238.389961 3.491800000000003 0.1 0.0 0
1699253238.440032 3.491800000000003 0.1 0.0 0
1699253238.4908412 3.491800000000003 0.1 0.0 0
1699253238.540734 3.491800000000003 0.1 0.0 0
1699253238.591137 3.491800000000003 0.1 0.0 0
1699253238.641263 3.491800000000003 0.1 0.0 0
1699253238.691387 3.491800000000003 0.1 0.0 0
1699253238.7408776 3.491800000000003 0.1 0.0 0
1699253238.7909465 3.491800000000003 0.1 0.0 0
1699253238.8422809 3.491800000000003 0.1 0.0 0
1699253238.8921344 3.491800000000003 0.1 0.0 0
1699253238.9417675 3.491800000000003 0.1 0.0 0
1699253238.9923549 3.491800000000003 0.1 0.0 0
1699253239.0431612 3.491800000000003 0.1 0.0 0
1699253239.0929863 3.491800000000003 0.1 0.0 0
1699253239.1426952 3.491800000000003 0.1 0.0 0
1699253239.1929562 3.491800000000003 0.1 0.0 0
1699253239.2434025 3.491800000000003 0.1 0.0 0
1699253239.2931182 3.491800000000003 0.1 0.0 0
1699253239.3439045 3.491800000000003 0.1 0.0 0
1699253239.3936512 3.491800000000003 0.1 0.0 0
1699253239.4434302 3.491800000000003 0.1 0.0 0
1699253239.493584 3.491800000000003 0.1 0.0 0
1699253239.5439389 3.491800000000003 0.1 0.0 0
1699253239.593944 3.491800000000003 0.1 0.0 0
1699253239.643993 3.491800000000003 0.1 0.0 0
1699253239.6942618 3.491800000000003 0.1 0.0 0
1699253239.7440362 3.491800000000003 0.1 0.0 0
1699253239.7942457 3.491800000000003 0.1 0.0 0
1699253239.8444192 3.491800000000003 0.1 0.0 0
1699253239.8948019 3.491800000000003 0.1 0.0 0
1699253239.9449408 3.491800000000003 0.1 0.0 0
1699253239.995219 3.491800000000003 0.1 0.0 0
1699253240.0456924 3.491800000000003 0.1 0.0 0
1699253240.0956907 3.491800000000003 0.1 0.0 0
1699253240.1457508 3.491800000000003 0.1 0.0 0
1699253240.1962612 3.491800000000003 0.1 0.0 0
1699253240.2459235 3.491800000000003 0.1 0.0 0
1699253240.2969236 3.491800000000003 0.1 0.0 0
1699253240.3469117 3.491800000000003 0.1 0.0 0
1699253240.3971708 3.491800000000003 0.1 0.0 0
1699253240.4475849 3.491800000000003 0.1 0.0 0
1699253240.4970863 3.491800000000003 0.1 0.0 0
1699253240.5481918 3.491800000000003 0.1 0.0 0
1699253240.5980446 3.491800000000003 0.1 0.0 0
1699253240.648423 3.491800000000003 0.1 0.0 0
1699253240.6980417 3.491800000000003 0.1 0.0 0
1699253240.7481477 3.491800000000003 0.1 0.0 0
1699253240.7985945 3.491800000000003 0.1 0.0 0
1699253240.84862 3.491800000000003 0.1 0.0 0
1699253240.8987517 3.491800000000003 0.1 0.0 0
1699253240.9491756 3.491800000000003 0.1 0.0 0
1699253240.9993865 3.491800000000003 0.1 0.0 0
1699253241.0497613 3.491800000000003 0.1 0.0 0
1699253241.0999887 3.491800000000003 0.1 0.0 0
1699253241.150132 3.491800000000003 0.1 0.0 0
1699253241.200508 3.491800000000003 0.1 0.0 0
1699253241.2509122 3.491800000000003 0.1 0.0 0
1699253241.3009737 3.491800000000003 0.1 0.0 0
1699253241.3535652 3.491800000000003 0.1 0.0 0
1699253241.4054954 3.491800000000003 0.1 0.0 0
1699253241.455347 3.491800000000003 0.1 0.0 0
1699253241.505288 3.491800000000003 0.1 0.0 0
1699253241.5568423 3.491800000000003 0.1 0.0 0
1699253241.6066396 3.491800000000003 0.1 0.0 0
1699253241.6562297 3.491800000000003 0.1 0.0 0
1699253241.7068987 3.491800000000003 0.1 0.0 0
1699253241.756832 3.491800000000003 0.1 0.0 0
1699253241.8080263 3.491800000000003 0.1 0.0 0
1699253241.8589149 3.491800000000003 0.1 0.0 0
1699253241.9093397 3.491800000000003 0.1 0.0 0
1699253241.9588935 3.491800000000003 0.1 0.0 0
1699253242.0084455 3.491800000000003 0.1 0.0 0
1699253242.0588028 3.491800000000003 0.1 0.0 0
1699253242.1098914 3.491800000000003 0.1 0.0 0
1699253242.1595113 3.491800000000003 0.1 0.0 0
1699253242.2095785 3.491800000000003 0.1 0.0 0
1699253242.2600882 3.491800000000003 0.1 0.0 0
1699253242.309845 3.491800000000003 0.1 0.0 0
1699253242.3596141 3.491800000000003 0.1 0.0 0
1699253242.4101384 3.491800000000003 0.1 0.0 0
1699253242.4635727 3.491800000000003 0.1 0.0 0
1699253242.5123627 3.491800000000003 0.1 0.0 0
1699253242.5623913 3.491800000000003 0.1 0.0 0
1699253242.613008 3.491800000000003 0.1 0.0 0
1699253242.663319 3.491800000000003 0.1 0.0 0
1699253242.7131326 3.491800000000003 0.1 0.0 0
1699253242.7631125 3.491800000000003 0.1 0.0 0
1699253242.8130534 3.491800000000003 0.1 0.0 0
1699253242.8641734 3.491800000000003 0.1 0.0 0
1699253242.9143083 3.491800000000003 0.1 0.0 0
1699253242.9638462 3.491800000000003 0.1 0.0 0
1699253243.014007 3.491800000000003 0.1 0.0 0
1699253243.1936228 3.491800000000003 0.1 0.0 0
1699253243.2428076 3.491800000000003 0.1 0.0 0
1699253243.3936667 3.491800000000003 0.1 0.0 0
1699253243.4328837 3.491800000000003 0.1 0.0 0
1699253243.4681242 3.491800000000003 0.1 0.0 0
1699253243.62271 3.491800000000003 0.1 0.0 0
1699253243.6720617 3.491800000000003 0.1 0.0 0
1699253243.7222123 3.491800000000003 0.1 0.0 0
1699253243.9465327 3.491800000000003 0.1 0.0 0
1699253244.1619363 3.491800000000003 0.1 0.0 0
1699253244.2117274 3.491800000000003 0.1 0.0 0
1699253244.412015 3.491800000000003 0.1 0.0 0
1699253244.461694 3.491800000000003 0.1 0.0 0
1699253244.5114992 3.491800000000003 0.1 0.0 0
1699253244.7201798 3.491800000000003 0.1 0.0 0
1699253244.76948 3.491800000000003 0.1 0.0 0
1699253244.8195555 3.491800000000003 0.1 0.0 0
1699253245.0162997 3.491800000000003 0.1 0.0 0
1699253245.0659776 3.491800000000003 0.1 0.0 0
1699253245.1160257 3.491800000000003 0.1 0.0 0
1699253245.312972 3.491800000000003 0.1 0.0 0
1699253245.3630407 3.491800000000003 0.1 0.0 0
1699253245.412955 3.491800000000003 0.1 0.0 0
1699253245.6076126 3.491800000000003 0.1 0.0 0
1699253245.6576128 3.491800000000003 0.1 0.0 0
1699253245.7078183 3.491800000000003 0.1 0.0 0
1699253245.905567 3.491800000000003 0.1 0.0 0
1699253245.9550452 3.491800000000003 0.1 0.0 0
1699253246.0051267 3.491800000000003 0.1 0.0 0
1699253246.0551186 3.491800000000003 0.1 0.0 0
1699253246.2608094 3.491800000000003 0.1 0.0 0
1699253246.3107266 3.491800000000003 0.1 0.0 0
1699253246.360871 3.491800000000003 0.1 0.0 0
1699253246.4113295 3.491800000000003 0.1 0.0 0
1699253246.6159844 3.491800000000003 0.1 0.0 0
1699253246.6649613 3.491800000000003 0.1 0.0 0
1699253246.7158413 3.491800000000003 0.1 0.0 0
1699253246.766805 3.491800000000003 0.1 0.0 0
1699253246.971037 3.491800000000003 0.1 0.0 0
1699253247.0198631 3.491800000000003 0.1 0.0 0
1699253247.070675 3.491800000000003 0.1 0.0 0
1699253247.270757 3.491800000000003 0.1 0.0 0
1699253247.319816 3.491800000000003 0.1 0.0 0
1699253247.369904 3.491800000000003 0.1 0.0 0
1699253247.4200456 3.491800000000003 0.1 0.0 0
1699253247.6228487 3.491800000000003 0.1 0.0 0
1699253247.8199966 3.491800000000003 0.1 0.0 0
1699253247.8694835 3.491800000000003 0.1 0.0 0
1699253248.0916638 3.491800000000003 0.1 0.0 0
1699253248.1408556 3.491800000000003 0.1 0.0 0
1699253248.1909192 3.491800000000003 0.1 0.0 0
1699253248.3925004 3.491800000000003 0.1 0.0 0
1699253248.4431322 3.491800000000003 0.1 0.0 0
1699253248.4933157 3.491800000000003 0.1 0.0 0
1699253248.543773 3.491800000000003 0.1 0.0 0
1699253248.8327134 3.491800000000003 0.1 0.0 0
1699253249.0432508 3.491800000000003 0.1 0.0 0
1699253249.0918567 3.491800000000003 0.1 0.0 0
1699253249.2947438 3.491800000000003 0.1 0.0 0
1699253249.344093 3.491800000000003 0.1 0.0 0
1699253249.3953698 3.491800000000003 0.1 0.0 0
1699253249.6077695 3.491800000000003 0.1 0.0 0
1699253249.6570184 3.491800000000003 0.1 0.0 0
1699253249.7069013 3.491800000000003 0.1 0.0 0
1699253249.7576854 3.491800000000003 0.1 0.0 0
1699253249.9744117 3.491800000000003 0.1 0.0 0
1699253250.181185 3.491800000000003 0.1 0.0 0
1699253250.2249987 3.491800000000003 0.1 0.0 0
1699253250.4368463 3.491800000000003 0.1 0.0 0
1699253250.4866862 3.491800000000003 0.1 0.0 0
1699253250.5366561 3.491800000000003 0.1 0.0 0
1699253250.7446756 3.491800000000003 0.1 0.0 0
1699253250.793474 3.491800000000003 0.1 0.0 0
1699253250.8436484 3.491800000000003 0.1 0.0 0
1699253251.044036 3.491800000000003 0.1 0.0 0
1699253251.0932918 3.491800000000003 0.1 0.0 0
1699253251.1435354 3.491800000000003 0.1 0.0 0
1699253251.1937163 3.491800000000003 0.1 0.0 0
1699253251.4047496 3.491800000000003 0.1 0.0 0
1699253251.615675 3.491800000000003 0.1 0.0 0
1699253251.6652608 3.491800000000003 0.1 0.0 0
1699253251.8748167 3.491800000000003 0.1 0.0 0
1699253251.9246886 3.491800000000003 0.1 0.0 0
1699253251.9749708 3.491800000000003 0.1 0.0 0
1699253252.0249238 3.491800000000003 0.1 0.0 0
1699253252.2273686 3.491800000000003 0.1 0.0 0
1699253252.27711 3.491800000000003 0.1 0.0 0
1699253252.329897 3.491800000000003 0.1 0.0 0
1699253252.3795586 3.491800000000003 0.1 0.0 0
1699253252.5865304 3.491800000000003 0.1 0.0 0
1699253252.7970686 3.491800000000003 0.1 0.0 0
1699253252.8463495 3.491800000000003 0.1 0.0 0
1699253253.0380352 3.491800000000003 0.1 0.0 0
1699253253.0876367 3.491800000000003 0.1 0.0 0
1699253253.1382456 3.491800000000003 0.1 0.0 0
1699253253.1878383 3.491800000000003 0.1 0.0 0
1699253253.4051213 3.491800000000003 0.1 0.0 0
1699253253.455176 3.491800000000003 0.1 0.0 0
1699253253.5049815 3.491800000000003 0.1 0.0 0
1699253253.5552201 3.491800000000003 0.1 0.0 0
1699253253.7573926 3.491800000000003 0.1 0.0 0
1699253253.9676852 3.491800000000003 0.1 0.0 0
1699253254.015612 3.491800000000003 0.1 0.0 0
1699253254.2126572 3.491800000000003 0.1 0.0 0
1699253254.2622018 3.491800000000003 0.1 0.0 0
1699253254.3131633 3.491800000000003 0.1 0.0 0
1699253254.5187979 3.491800000000003 0.1 0.0 0
1699253254.5685232 3.491800000000003 0.1 0.0 0
1699253254.6185138 3.491800000000003 0.1 0.0 0
1699253254.669333 3.491800000000003 0.1 0.0 0
1699253254.887142 3.491800000000003 0.1 0.0 0
1699253254.9366982 3.491800000000003 0.1 0.0 0
1699253254.987051 3.491800000000003 0.1 0.0 0
1699253255.0369618 3.491800000000003 0.1 0.0 0
1699253255.253878 3.491800000000003 0.1 0.0 0
1699253255.3035913 3.491800000000003 0.1 0.0 0
1699253255.3535843 3.491800000000003 0.1 0.0 0
1699253255.4036188 3.491800000000003 0.1 0.0 0
1699253255.6251342 3.491800000000003 0.1 0.0 0
1699253255.6749117 3.491800000000003 0.1 0.0 0
1699253255.7259483 3.491800000000003 0.1 0.0 0
1699253255.7752445 3.491800000000003 0.1 0.0 0
1699253255.9819057 3.491800000000003 0.1 0.0 0
1699253256.1800559 3.491800000000003 0.1 0.0 0
1699253256.2288635 3.491800000000003 0.1 0.0 0
1699253256.4299104 3.491800000000003 0.1 0.0 0
1699253256.4796484 3.491800000000003 0.1 0.0 0
1699253256.5298963 3.491800000000003 0.1 0.0 0
1699253256.7442636 3.491800000000003 0.1 0.0 0
1699253256.7940094 3.491800000000003 0.1 0.0 0
1699253256.8442059 3.491800000000003 0.1 0.0 0
1699253256.8938484 3.491800000000003 0.1 0.0 0
1699253257.098358 3.491800000000003 0.1 0.0 0
1699253257.1483533 3.491800000000003 0.1 0.0 0
1699253257.1988454 3.491800000000003 0.1 0.0 0
1699253257.4024723 3.491800000000003 0.1 0.0 0
1699253257.4523408 3.491800000000003 0.1 0.0 0
1699253257.50296 3.491800000000003 0.1 0.0 0
1699253257.71345 3.491800000000003 0.1 0.0 0
1699253257.7628706 3.491800000000003 0.1 0.0 0
1699253257.812903 3.491800000000003 0.1 0.0 0
1699253257.862909 3.491800000000003 0.1 0.0 0
1699253258.0742016 3.491800000000003 0.1 0.0 0
1699253258.285195 3.491800000000003 0.1 0.0 0
1699253258.3355372 3.491800000000003 0.1 0.0 0
1699253258.5338266 3.491800000000003 0.1 0.0 0
1699253258.5829756 3.491800000000003 0.1 0.0 0
1699253258.633313 3.491800000000003 0.1 0.0 0
1699253258.8388946 3.491800000000003 0.1 0.0 0
1699253258.8889902 3.491800000000003 0.1 0.0 0
1699253258.9392629 3.491800000000003 0.1 0.0 0
1699253259.1504867 3.491800000000003 0.1 0.0 0
1699253259.1997025 3.491800000000003 0.1 0.0 0
1699253259.2495697 3.491800000000003 0.1 0.0 0
1699253259.4650204 3.491800000000003 0.1 0.0 0
1699253259.5150895 3.491800000000003 0.1 0.0 0
1699253259.565393 3.491800000000003 0.1 0.0 0
1699253259.779305 3.491800000000003 0.1 0.0 0
1699253259.828311 3.491800000000003 0.1 0.0 0
1699253259.8784244 3.491800000000003 0.1 0.0 0
1699253260.088721 3.491800000000003 0.1 0.0 0
1699253260.138331 3.491800000000003 0.1 0.0 0
1699253260.1885622 3.491800000000003 0.1 0.0 0
1699253260.2390964 3.491800000000003 0.1 0.0 0
1699253260.444586 3.491800000000003 0.1 0.0 0
1699253260.652799 3.491800000000003 0.1 0.0 0
1699253260.7022197 3.491800000000003 0.1 0.0 0
1699253260.904685 3.491800000000003 0.1 0.0 0
1699253260.9539802 3.491800000000003 0.1 0.0 0
1699253261.00378 3.491800000000003 0.1 0.0 0
1699253261.2138624 3.491800000000003 0.1 0.0 0
1699253261.264142 3.491800000000003 0.1 0.0 0
1699253261.3145502 3.491800000000003 0.1 0.0 0
1699253261.3645928 3.491800000000003 0.1 0.0 0
1699253261.5898411 3.491800000000003 0.1 0.0 0
1699253261.8181815 3.491800000000003 0.1 0.0 0
1699253261.872821 3.491800000000003 0.1 0.0 0
1699253262.1035495 3.491800000000003 0.1 0.0 0
1699253262.1562593 3.491800000000003 0.1 0.0 0
1699253262.2063496 3.491800000000003 0.1 0.0 0
1699253262.2602448 3.491800000000003 0.1 0.0 0
1699253262.4877613 3.491800000000003 0.1 0.0 0
1699253262.5381227 3.491800000000003 0.1 0.0 0
1699253262.5867229 3.491800000000003 0.1 0.0 0
1699253262.7865639 3.491800000000003 0.1 0.0 0
1699253262.8360178 3.491800000000003 0.1 0.0 0
1699253262.886602 3.491800000000003 0.1 0.0 0
1699253263.0990129 3.491800000000003 0.1 0.0 0
1699253263.1482978 3.491800000000003 0.1 0.0 0
1699253263.1988747 3.491800000000003 0.1 0.0 0
1699253263.4035838 3.491800000000003 0.1 0.0 0
1699253263.453069 3.491800000000003 0.1 0.0 0
1699253263.5034895 3.491800000000003 0.1 0.0 0
1699253263.5542488 3.491800000000003 0.1 0.0 0
1699253263.7622156 3.491800000000003 0.1 0.0 0
1699253263.8122208 3.491800000000003 0.1 0.0 0
1699253263.8622305 3.491800000000003 0.1 0.0 0
1699253264.0647564 3.491800000000003 0.1 0.0 0
1699253264.1132777 3.491800000000003 0.1 0.0 0
1699253264.1631584 3.491800000000003 0.1 0.0 0
1699253264.2135327 3.491800000000003 0.1 0.0 0
1699253264.4356172 3.491800000000003 0.1 0.0 0
1699253264.485142 3.491800000000003 0.1 0.0 0
1699253264.5355911 3.491800000000003 0.1 0.0 0
1699253264.732985 3.491800000000003 0.1 0.0 0
1699253264.7820976 3.491800000000003 0.1 0.0 0
1699253264.832407 3.491800000000003 0.1 0.0 0
1699253264.8827174 3.491800000000003 0.1 0.0 0
1699253265.0865278 3.491800000000003 0.1 0.0 0
1699253265.285776 3.491800000000003 0.1 0.0 0
1699253265.3350008 3.491800000000003 0.1 0.0 0
1699253265.544335 3.491800000000003 0.1 0.0 0
1699253265.594676 3.491800000000003 0.1 0.0 0
1699253265.64437 3.491800000000003 0.1 0.0 0
1699253265.6946895 3.491800000000003 0.1 0.0 0
1699253265.9165454 3.491800000000003 0.1 0.0 0
1699253265.9662063 3.491800000000003 0.1 0.0 0
1699253266.0160253 3.491800000000003 0.1 0.0 0
1699253266.2128348 3.491800000000003 0.1 0.0 0
1699253266.2618165 3.491800000000003 0.1 0.0 0
1699253266.3122623 3.491800000000003 0.1 0.0 0
1699253266.362071 3.491800000000003 0.1 0.0 0
1699253266.5591836 3.491800000000003 0.1 0.0 0
1699253266.6087277 3.491800000000003 0.1 0.0 0
1699253266.658542 3.491800000000003 0.1 0.0 0
1699253266.7083533 3.491800000000003 0.1 0.0 0
1699253266.9166188 3.491800000000003 0.1 0.0 0
1699253267.127061 3.491800000000003 0.1 0.0 0
1699253267.1763535 3.491800000000003 0.1 0.0 0
1699253267.382235 3.491800000000003 0.1 0.0 0
1699253267.4323208 3.491800000000003 0.1 0.0 0
1699253267.4819574 3.491800000000003 0.1 0.0 0
1699253267.5322511 3.491800000000003 0.1 0.0 0
1699253267.7563117 3.491800000000003 0.1 0.0 0
1699253267.8074696 3.491800000000003 0.1 0.0 0
1699253267.8575466 3.491800000000003 0.1 0.0 0
1699253267.9079812 3.491800000000003 0.1 0.0 0
1699253268.123841 3.491800000000003 0.1 0.0 0
1699253268.173797 3.491800000000003 0.1 0.0 0
1699253268.2238915 3.491800000000003 0.1 0.0 0
1699253268.438151 3.491800000000003 0.1 0.0 0
1699253268.4874904 3.491800000000003 0.1 0.0 0
1699253268.5376046 3.491800000000003 0.1 0.0 0
1699253268.75282 3.491800000000003 0.1 0.0 0
1699253268.8025205 3.491800000000003 0.1 0.0 0
1699253268.8527982 3.491800000000003 0.1 0.0 0
1699253269.0623648 3.491800000000003 0.1 0.0 0
1699253269.1112556 3.491800000000003 0.1 0.0 0
1699253269.1615674 3.491800000000003 0.1 0.0 0
1699253269.3837798 3.491800000000003 0.1 0.0 0
1699253269.4331577 3.491800000000003 0.1 0.0 0
1699253269.4838192 3.491800000000003 0.1 0.0 0
1699253269.6906016 3.491800000000003 0.1 0.0 0
1699253269.7395244 3.491800000000003 0.1 0.0 0
1699253269.7903264 3.491800000000003 0.1 0.0 0
1699253269.8398829 3.491800000000003 0.1 0.0 0
