1699256642.2524455 3.5 0.1 -0.04 0
1699256642.5657065 3.491880000000001 0.1 0.0 0
1699256642.7336257 3.491880000000001 0.1 0.0 0
1699256642.7835033 3.491880000000001 0.1 0.0 0
1699256642.8338966 3.491880000000001 0.1 0.0 0
1699256642.8839848 3.491880000000001 0.1 0.0 0
1699256642.9339669 3.491880000000001 0.1 0.0 0
1699256642.9843268 3.491880000000001 0.1 0.0 0
1699256643.0355184 3.491880000000001 0.1 0.0 0
1699256643.0848196 3.491880000000001 0.1 0.0 0
1699256643.1356418 3.491880000000001 0.1 0.0 0
1699256643.1855276 3.491880000000001 0.1 0.0 0
1699256643.2357986 3.491880000000001 0.1 0.0 0
1699256643.2857387 3.491880000000001 0.1 0.0 0
1699256643.3358283 3.491880000000001 0.1 0.0 0
1699256643.3858452 3.491880000000001 0.1 0.0 0
1699256643.4358816 3.491880000000001 0.1 0.0 0
1699256643.4859085 3.491880000000001 0.1 0.0 0
1699256643.536384 3.491880000000001 0.1 0.0 0
1699256643.586894 3.491880000000001 0.1 0.0 0
1699256643.6369567 3.491880000000001 0.1 0.0 0
1699256643.6870296 3.491880000000001 0.1 0.0 0
1699256643.7370157 3.491880000000001 0.1 0.0 0
1699256643.7869544 3.491880000000001 0.1 0.0 0
1699256643.8372853 3.491880000000001 0.1 0.0 0
1699256643.8881865 3.491880000000001 0.1 0.0 0
1699256643.9382403 3.491880000000001 0.1 0.0 0
1699256643.9886353 3.491880000000001 0.1 0.0 0
1699256644.0385356 3.491880000000001 0.1 0.0 0
1699256644.0885274 3.491880000000001 0.1 0.0 0
1699256644.1388001 3.491880000000001 0.1 0.0 0
1699256644.1891556 3.491880000000001 0.1 0.0 0
1699256644.2423716 3.491880000000001 0.1 0.0 0
1699256644.289306 3.491880000000001 0.1 0.0 0
1699256644.3396072 3.491880000000001 0.1 0.0 0
1699256644.3946643 3.491880000000001 0.1 0.0 0
1699256644.448451 3.491880000000001 0.1 0.0 0
1699256644.4898353 3.491880000000001 0.1 0.0 0
1699256644.5399215 3.491880000000001 0.1 0.0 0
1699256644.5901184 3.491880000000001 0.1 0.0 0
1699256644.6402333 3.491880000000001 0.1 0.0 0
1699256644.6907325 3.491880000000001 0.1 0.0 0
1699256644.740682 3.491880000000001 0.1 0.0 0
1699256644.7908623 3.491880000000001 0.1 0.0 0
1699256644.8408012 3.491880000000001 0.1 0.0 0
1699256644.891038 3.491880000000001 0.1 0.0 0
1699256644.9412034 3.491880000000001 0.1 0.0 0
1699256644.992597 3.491880000000001 0.1 0.0 0
1699256645.0428126 3.491880000000001 0.1 0.0 0
1699256645.0932114 3.491880000000001 0.1 0.0 0
1699256645.1429603 3.491880000000001 0.1 0.0 0
1699256645.193041 3.491880000000001 0.1 0.0 0
1699256645.2431502 3.491880000000001 0.1 0.0 0
1699256645.2930706 3.491880000000001 0.1 0.0 0
1699256645.343367 3.491880000000001 0.1 0.0 0
1699256645.3934581 3.491880000000001 0.1 0.0 0
1699256645.4445794 3.491880000000001 0.1 0.0 0
1699256645.4944205 3.491880000000001 0.1 0.0 0
1699256645.544301 3.491880000000001 0.1 0.0 0
1699256645.5943005 3.491880000000001 0.1 0.0 0
1699256645.6442037 3.491880000000001 0.1 0.0 0
1699256645.694261 3.491880000000001 0.1 0.0 0
1699256645.7446508 3.491880000000001 0.1 0.0 0
1699256645.7947564 3.491880000000001 0.1 0.0 0
1699256645.8447762 3.491880000000001 0.1 0.0 0
1699256645.8958538 3.491880000000001 0.1 0.0 0
1699256645.9459114 3.491880000000001 0.1 0.0 0
1699256645.9957638 3.491880000000001 0.1 0.0 0
1699256646.0458274 3.491880000000001 0.1 0.0 0
1699256646.0958717 3.491880000000001 0.1 0.0 0
1699256646.1457505 3.491880000000001 0.1 0.0 0
1699256646.1959434 3.491880000000001 0.1 0.0 0
1699256646.2457774 3.491880000000001 0.1 0.0 0
1699256646.2959363 3.491880000000001 0.1 0.0 0
1699256646.3460941 3.491880000000001 0.1 0.0 0
1699256646.3961484 3.491880000000001 0.1 0.0 0
1699256646.4465277 3.491880000000001 0.1 0.0 0
1699256646.4965954 3.491880000000001 0.1 0.0 0
1699256646.5466235 3.491880000000001 0.1 0.0 0
1699256646.5968943 3.491880000000001 0.1 0.0 0
1699256646.6469507 3.491880000000001 0.1 0.0 0
1699256646.6968598 3.491880000000001 0.1 0.0 0
1699256646.747233 3.491880000000001 0.1 0.0 0
1699256646.797455 3.491880000000001 0.1 0.0 0
1699256646.8477309 3.491880000000001 0.1 0.0 0
1699256646.8978345 3.491880000000001 0.1 0.0 0
1699256646.9484458 3.491880000000001 0.1 0.0 0
1699256646.9982948 3.491880000000001 0.1 0.0 0
1699256647.048452 3.491880000000001 0.1 0.0 0
1699256647.0988219 3.491880000000001 0.1 0.0 0
1699256647.149496 3.491880000000001 0.1 0.0 0
1699256647.1998909 3.491880000000001 0.1 0.0 0
1699256647.2499886 3.491880000000001 0.1 0.0 0
1699256647.299763 3.491880000000001 0.1 0.0 0
1699256647.3496785 3.491880000000001 0.1 0.0 0
1699256647.3999104 3.491880000000001 0.1 0.0 0
1699256647.450043 3.491880000000001 0.1 0.0 0
1699256647.5001678 3.491880000000001 0.1 0.0 0
1699256647.550209 3.491880000000001 0.1 0.0 0
1699256647.600611 3.491880000000001 0.1 0.0 0
1699256647.6507905 3.491880000000001 0.1 0.0 0
1699256647.7008975 3.491880000000001 0.1 0.0 0
1699256647.7510006 3.491880000000001 0.1 0.0 0
1699256647.8011253 3.491880000000001 0.1 0.0 0
1699256647.8512974 3.491880000000001 0.1 0.0 0
1699256647.901396 3.491880000000001 0.1 0.0 0
1699256647.9517095 3.491880000000001 0.1 0.0 0
1699256648.001868 3.491880000000001 0.1 0.0 0
1699256648.0519867 3.491880000000001 0.1 0.0 0
1699256648.1018307 3.491880000000001 0.1 0.0 0
1699256648.1520042 3.491880000000001 0.1 0.0 0
1699256648.2019625 3.491880000000001 0.1 0.0 0
1699256648.2520497 3.491880000000001 0.1 0.0 0
1699256648.3022413 3.491880000000001 0.1 0.0 0
1699256648.3555067 3.491880000000001 0.1 0.0 0
1699256648.4040773 3.491880000000001 0.1 0.0 0
1699256648.4540844 3.491880000000001 0.1 0.0 0
1699256648.5040538 3.491880000000001 0.1 0.0 0
1699256648.5537782 3.491880000000001 0.1 0.0 0
1699256648.6036363 3.491880000000001 0.1 0.0 0
1699256648.6536913 3.491880000000001 0.1 0.0 0
1699256648.7048142 3.491880000000001 0.1 0.0 0
1699256648.7541878 3.491880000000001 0.1 0.0 0
1699256648.8040302 3.491880000000001 0.1 0.0 0
1699256648.8543482 3.491880000000001 0.1 0.0 0
1699256648.9042647 3.491880000000001 0.1 0.0 0
1699256648.9543707 3.491880000000001 0.1 0.0 0
1699256649.004679 3.491880000000001 0.1 0.0 0
1699256649.0550814 3.491880000000001 0.1 0.0 0
1699256649.1050217 3.491880000000001 0.1 0.0 0
1699256649.155412 3.491880000000001 0.1 0.0 0
1699256649.2050424 3.491880000000001 0.1 0.0 0
1699256649.2551088 3.491880000000001 0.1 0.0 0
1699256649.3052413 3.491880000000001 0.1 0.0 0
1699256649.3554585 3.491880000000001 0.1 0.0 0
1699256649.405813 3.491880000000001 0.1 0.0 0
1699256649.4560175 3.491880000000001 0.1 0.0 0
1699256649.506024 3.491880000000001 0.1 0.0 0
1699256649.5561454 3.491880000000001 0.1 0.0 0
1699256649.6062558 3.491880000000001 0.1 0.0 0
1699256649.6561575 3.491880000000001 0.1 0.0 0
1699256649.7064173 3.491880000000001 0.1 0.0 0
1699256649.7562964 3.491880000000001 0.1 0.0 0
1699256649.8066401 3.491880000000001 0.1 0.0 0
1699256649.8570397 3.491880000000001 0.1 0.0 0
1699256649.9075484 3.491880000000001 0.1 0.0 0
1699256649.9575734 3.491880000000001 0.1 0.0 0
1699256650.0075016 3.491880000000001 0.1 0.0 0
1699256650.0578012 3.491880000000001 0.1 0.0 0
1699256650.1077 3.491880000000001 0.1 0.0 0
1699256650.1581025 3.491880000000001 0.1 0.0 0
1699256650.2083588 3.491880000000001 0.1 0.0 0
1699256650.2581425 3.491880000000001 0.1 0.0 0
1699256650.3085938 3.491880000000001 0.1 0.0 0
1699256650.3587527 3.491880000000001 0.1 0.0 0
1699256650.408997 3.491880000000001 0.1 0.0 0
1699256650.4588642 3.491880000000001 0.1 0.0 0
1699256650.5088084 3.491880000000001 0.1 0.0 0
1699256650.5597537 3.491880000000001 0.1 0.0 0
1699256650.609393 3.491880000000001 0.1 0.0 0
1699256650.6598558 3.491880000000001 0.1 0.0 0
1699256650.7100747 3.491880000000001 0.1 0.0 0
1699256650.7600343 3.491880000000001 0.1 0.0 0
1699256650.8102705 3.491880000000001 0.1 0.0 0
1699256650.8606408 3.491880000000001 0.1 0.0 0
1699256650.9112566 3.491880000000001 0.1 0.0 0
1699256650.9617586 3.491880000000001 0.1 0.0 0
1699256651.1506693 3.491880000000001 0.1 0.0 0
1699256651.1995993 3.491880000000001 0.1 0.0 0
1699256651.2498364 3.491880000000001 0.1 0.0 0
1699256651.2997181 3.491880000000001 0.1 0.0 0
1699256651.3495169 3.491880000000001 0.1 0.0 0
1699256651.3995929 3.491880000000001 0.1 0.0 0
1699256651.4496212 3.491880000000001 0.1 0.0 0
1699256651.4994593 3.491880000000001 0.1 0.0 0
1699256651.549685 3.491880000000001 0.1 0.0 0
1699256651.6002243 3.491880000000001 0.1 0.0 0
1699256651.6500738 3.491880000000001 0.1 0.0 0
1699256651.7004912 3.491880000000001 0.1 0.0 0
1699256651.7505293 3.491880000000001 0.1 0.0 0
1699256651.8005414 3.491880000000001 0.1 0.0 0
1699256651.8506799 3.491880000000001 0.1 0.0 0
1699256651.9007714 3.491880000000001 0.1 0.0 0
1699256651.9515676 3.491880000000001 0.1 0.0 0
1699256652.0023055 3.491880000000001 0.1 0.0 0
1699256652.0521312 3.491880000000001 0.1 0.0 0
1699256652.1019373 3.491880000000001 0.1 0.0 0
1699256652.151618 3.491880000000001 0.1 0.0 0
1699256652.2016265 3.491880000000001 0.1 0.0 0
1699256652.2518063 3.491880000000001 0.1 0.0 0
1699256652.302045 3.491880000000001 0.1 0.0 0
1699256652.3526027 3.491880000000001 0.1 0.0 0
1699256652.4027982 3.491880000000001 0.1 0.0 0
1699256652.4529455 3.491880000000001 0.1 0.0 0
1699256652.5029192 3.491880000000001 0.1 0.0 0
1699256652.552754 3.491880000000001 0.1 0.0 0
1699256652.6028259 3.491880000000001 0.1 0.0 0
1699256652.6527512 3.491880000000001 0.1 0.0 0
1699256652.703055 3.491880000000001 0.1 0.0 0
1699256652.7530086 3.491880000000001 0.1 0.0 0
1699256652.803253 3.491880000000001 0.1 0.0 0
1699256652.8533351 3.491880000000001 0.1 0.0 0
1699256652.9038582 3.491880000000001 0.1 0.0 0
1699256652.9537704 3.491880000000001 0.1 0.0 0
1699256653.003807 3.491880000000001 0.1 0.0 0
1699256653.053684 3.491880000000001 0.1 0.0 0
1699256653.103937 3.491880000000001 0.1 0.0 0
1699256653.1544592 3.491880000000001 0.1 0.0 0
1699256653.2043228 3.491880000000001 0.1 0.0 0
1699256653.2549536 3.491880000000001 0.1 0.0 0
1699256653.304832 3.491880000000001 0.1 0.0 0
1699256653.3547728 3.491880000000001 0.1 0.0 0
1699256653.4051018 3.491880000000001 0.1 0.0 0
1699256653.456229 3.491880000000001 0.1 0.0 0
1699256653.506713 3.491880000000001 0.1 0.0 0
1699256653.5567234 3.491880000000001 0.1 0.0 0
1699256653.6069765 3.491880000000001 0.1 0.0 0
1699256653.6568277 3.491880000000001 0.1 0.0 0
1699256653.7071288 3.491880000000001 0.1 0.0 0
1699256653.7568727 3.491880000000001 0.1 0.0 0
1699256653.806859 3.491880000000001 0.1 0.0 0
1699256653.8570893 3.491880000000001 0.1 0.0 0
1699256653.9076464 3.491880000000001 0.1 0.0 0
1699256653.9576442 3.491880000000001 0.1 0.0 0
1699256654.0082715 3.491880000000001 0.1 0.0 0
1699256654.0581203 3.491880000000001 0.1 0.0 0
1699256654.1082993 3.491880000000001 0.1 0.0 0
1699256654.1583838 3.491880000000001 0.1 0.0 0
1699256654.208452 3.491880000000001 0.1 0.0 0
1699256654.258729 3.491880000000001 0.1 0.0 0
1699256654.3087034 3.491880000000001 0.1 0.0 0
1699256654.3588173 3.491880000000001 0.1 0.0 0
1699256654.4091032 3.491880000000001 0.1 0.0 0
1699256654.45905 3.491880000000001 0.1 0.0 0
1699256654.5091383 3.491880000000001 0.1 0.0 0
1699256654.5594056 3.491880000000001 0.1 0.0 0
1699256654.6096437 3.491880000000001 0.1 0.0 0
1699256654.6598392 3.491880000000001 0.1 0.0 0
1699256654.7101564 3.491880000000001 0.1 0.0 0
1699256654.7604156 3.491880000000001 0.1 0.0 0
1699256654.8103487 3.491880000000001 0.1 0.0 0
1699256654.8605478 3.491880000000001 0.1 0.0 0
1699256654.910895 3.491880000000001 0.1 0.0 0
1699256654.9610095 3.491880000000001 0.1 0.0 0
1699256655.0107687 3.491880000000001 0.1 0.0 0
1699256655.0609968 3.491880000000001 0.1 0.0 0
1699256655.1111083 3.491880000000001 0.1 0.0 0
1699256655.1609573 3.491880000000001 0.1 0.0 0
1699256655.211468 3.491880000000001 0.1 0.0 0
1699256655.2622108 3.491880000000001 0.1 0.0 0
1699256655.3119636 3.491880000000001 0.1 0.0 0
1699256655.3617213 3.491880000000001 0.1 0.0 0
1699256655.412072 3.491880000000001 0.1 0.0 0
1699256655.4620514 3.491880000000001 0.1 0.0 0
1699256655.51228 3.491880000000001 0.1 0.0 0
1699256655.562242 3.491880000000001 0.1 0.0 0
1699256655.6124222 3.491880000000001 0.1 0.0 0
1699256655.663376 3.491880000000001 0.1 0.0 0
1699256655.7129498 3.491880000000001 0.1 0.0 0
1699256655.7642386 3.491880000000001 0.1 0.0 0
1699256655.8137918 3.491880000000001 0.1 0.0 0
1699256655.8640893 3.491880000000001 0.1 0.0 0
1699256655.9145434 3.491880000000001 0.1 0.0 0
1699256655.9643962 3.491880000000001 0.1 0.0 0
1699256656.0158954 3.491880000000001 0.1 0.0 0
1699256656.0661678 3.491880000000001 0.1 0.0 0
1699256656.116075 3.491880000000001 0.1 0.0 0
1699256656.1659436 3.491880000000001 0.1 0.0 0
1699256656.2159383 3.491880000000001 0.1 0.0 0
1699256656.2660754 3.491880000000001 0.1 0.0 0
1699256656.3162024 3.491880000000001 0.1 0.0 0
1699256656.3666596 3.491880000000001 0.1 0.0 0
1699256656.416598 3.491880000000001 0.1 0.0 0
1699256656.5985823 3.491880000000001 0.1 0.0 0
1699256656.6473927 3.491880000000001 0.1 0.0 0
1699256656.811606 3.491880000000001 0.1 0.0 0
1699256656.8612285 3.491880000000001 0.1 0.0 0
1699256656.9113882 3.491880000000001 0.1 0.0 0
1699256657.0482514 3.491880000000001 0.1 0.0 0
1699256657.0802755 3.491880000000001 0.1 0.0 0
1699256657.1181617 3.491880000000001 0.1 0.0 0
1699256657.348181 3.491880000000001 0.1 0.0 0
1699256657.5731902 3.491880000000001 0.1 0.0 0
1699256657.6227875 3.491880000000001 0.1 0.0 0
1699256657.8107553 3.491880000000001 0.1 0.0 0
1699256657.8602474 3.491880000000001 0.1 0.0 0
1699256657.9108117 3.491880000000001 0.1 0.0 0
1699256658.1197984 3.491880000000001 0.1 0.0 0
1699256658.1692827 3.491880000000001 0.1 0.0 0
1699256658.2195442 3.491880000000001 0.1 0.0 0
1699256658.4070137 3.491880000000001 0.1 0.0 0
1699256658.4557867 3.491880000000001 0.1 0.0 0
1699256658.5060859 3.491880000000001 0.1 0.0 0
1699256658.6846013 3.491880000000001 0.1 0.0 0
1699256658.735311 3.491880000000001 0.1 0.0 0
1699256658.7853496 3.491880000000001 0.1 0.0 0
1699256658.9652596 3.491880000000001 0.1 0.0 0
1699256659.0153673 3.491880000000001 0.1 0.0 0
1699256659.0652456 3.491880000000001 0.1 0.0 0
1699256659.293446 3.491880000000001 0.1 0.0 0
1699256659.342512 3.491880000000001 0.1 0.0 0
1699256659.3931313 3.491880000000001 0.1 0.0 0
1699256659.4430745 3.491880000000001 0.1 0.0 0
1699256659.6600218 3.491880000000001 0.1 0.0 0
1699256659.7086835 3.491880000000001 0.1 0.0 0
1699256659.75893 3.491880000000001 0.1 0.0 0
1699256659.8088236 3.491880000000001 0.1 0.0 0
1699256660.0068007 3.491880000000001 0.1 0.0 0
1699256660.0559883 3.491880000000001 0.1 0.0 0
1699256660.1055136 3.491880000000001 0.1 0.0 0
1699256660.1560247 3.491880000000001 0.1 0.0 0
1699256660.370057 3.491880000000001 0.1 0.0 0
1699256660.4197197 3.491880000000001 0.1 0.0 0
1699256660.4700558 3.491880000000001 0.1 0.0 0
1699256660.6501997 3.491880000000001 0.1 0.0 0
1699256660.6998491 3.491880000000001 0.1 0.0 0
1699256660.7500567 3.491880000000001 0.1 0.0 0
1699256660.800282 3.491880000000001 0.1 0.0 0
1699256661.0045652 3.491880000000001 0.1 0.0 0
1699256661.2229717 3.491880000000001 0.1 0.0 0
1699256661.2724092 3.491880000000001 0.1 0.0 0
1699256661.5008967 3.491880000000001 0.1 0.0 0
1699256661.5498593 3.491880000000001 0.1 0.0 0
1699256661.6002836 3.491880000000001 0.1 0.0 0
1699256661.8102021 3.491880000000001 0.1 0.0 0
1699256661.8599415 3.491880000000001 0.1 0.0 0
1699256661.909951 3.491880000000001 0.1 0.0 0
1699256661.9600768 3.491880000000001 0.1 0.0 0
1699256662.2202592 3.491880000000001 0.1 0.0 0
1699256662.4420063 3.491880000000001 0.1 0.0 0
1699256662.4917333 3.491880000000001 0.1 0.0 0
1699256662.6783662 3.491880000000001 0.1 0.0 0
1699256662.7273774 3.491880000000001 0.1 0.0 0
1699256662.777846 3.491880000000001 0.1 0.0 0
1699256662.9859004 3.491880000000001 0.1 0.0 0
1699256663.0353692 3.491880000000001 0.1 0.0 0
1699256663.0856192 3.491880000000001 0.1 0.0 0
1699256663.1358898 3.491880000000001 0.1 0.0 0
1699256663.317376 3.491880000000001 0.1 0.0 0
1699256663.5174904 3.491880000000001 0.1 0.0 0
1699256663.5676584 3.491880000000001 0.1 0.0 0
1699256663.789395 3.491880000000001 0.1 0.0 0
1699256663.8383274 3.491880000000001 0.1 0.0 0
1699256663.8882024 3.491880000000001 0.1 0.0 0
1699256664.1184464 3.491880000000001 0.1 0.0 0
1699256664.1675618 3.491880000000001 0.1 0.0 0
1699256664.2177043 3.491880000000001 0.1 0.0 0
1699256664.4233644 3.491880000000001 0.1 0.0 0
1699256664.4733171 3.491880000000001 0.1 0.0 0
1699256664.5227883 3.491880000000001 0.1 0.0 0
1699256664.5733209 3.491880000000001 0.1 0.0 0
1699256664.7944508 3.491880000000001 0.1 0.0 0
1699256665.000982 3.491880000000001 0.1 0.0 0
1699256665.0503964 3.491880000000001 0.1 0.0 0
1699256665.2469265 3.491880000000001 0.1 0.0 0
1699256665.2971456 3.491880000000001 0.1 0.0 0
1699256665.3475516 3.491880000000001 0.1 0.0 0
1699256665.3974774 3.491880000000001 0.1 0.0 0
1699256665.5967736 3.491880000000001 0.1 0.0 0
1699256665.645819 3.491880000000001 0.1 0.0 0
1699256665.6960845 3.491880000000001 0.1 0.0 0
1699256665.7461407 3.491880000000001 0.1 0.0 0
1699256665.9502347 3.491880000000001 0.1 0.0 0
1699256666.167763 3.491880000000001 0.1 0.0 0
1699256666.2177975 3.491880000000001 0.1 0.0 0
1699256666.4298499 3.491880000000001 0.1 0.0 0
1699256666.4794102 3.491880000000001 0.1 0.0 0
1699256666.5292702 3.491880000000001 0.1 0.0 0
1699256666.579588 3.491880000000001 0.1 0.0 0
1699256666.7973971 3.491880000000001 0.1 0.0 0
1699256666.8478644 3.491880000000001 0.1 0.0 0
1699256666.8977165 3.491880000000001 0.1 0.0 0
1699256666.9475267 3.491880000000001 0.1 0.0 0
1699256667.1674225 3.491880000000001 0.1 0.0 0
1699256667.3541486 3.491880000000001 0.1 0.0 0
1699256667.403703 3.491880000000001 0.1 0.0 0
1699256667.6080773 3.491880000000001 0.1 0.0 0
1699256667.6570914 3.491880000000001 0.1 0.0 0
1699256667.707176 3.491880000000001 0.1 0.0 0
1699256667.8982825 3.491880000000001 0.1 0.0 0
1699256667.9478486 3.491880000000001 0.1 0.0 0
1699256667.9978802 3.491880000000001 0.1 0.0 0
1699256668.0481713 3.491880000000001 0.1 0.0 0
1699256668.2433054 3.491880000000001 0.1 0.0 0
1699256668.2930808 3.491880000000001 0.1 0.0 0
1699256668.343122 3.491880000000001 0.1 0.0 0
1699256668.3930523 3.491880000000001 0.1 0.0 0
1699256668.592673 3.491880000000001 0.1 0.0 0
1699256668.6417348 3.491880000000001 0.1 0.0 0
1699256668.6922104 3.491880000000001 0.1 0.0 0
1699256668.7421367 3.491880000000001 0.1 0.0 0
1699256668.9539168 3.491880000000001 0.1 0.0 0
1699256669.0038776 3.491880000000001 0.1 0.0 0
1699256669.0540795 3.491880000000001 0.1 0.0 0
1699256669.1044483 3.491880000000001 0.1 0.0 0
1699256669.3384275 3.491880000000001 0.1 0.0 0
1699256669.5627618 3.491880000000001 0.1 0.0 0
1699256669.6117978 3.491880000000001 0.1 0.0 0
1699256669.7988467 3.491880000000001 0.1 0.0 0
1699256669.8486087 3.491880000000001 0.1 0.0 0
1699256669.8986838 3.491880000000001 0.1 0.0 0
1699256670.1339004 3.491880000000001 0.1 0.0 0
1699256670.183809 3.491880000000001 0.1 0.0 0
1699256670.2337694 3.491880000000001 0.1 0.0 0
1699256670.283794 3.491880000000001 0.1 0.0 0
1699256670.4921448 3.491880000000001 0.1 0.0 0
1699256670.5417213 3.491880000000001 0.1 0.0 0
1699256670.5921352 3.491880000000001 0.1 0.0 0
1699256670.8090816 3.491880000000001 0.1 0.0 0
1699256670.8587472 3.491880000000001 0.1 0.0 0
1699256670.908732 3.491880000000001 0.1 0.0 0
1699256671.1336262 3.491880000000001 0.1 0.0 0
1699256671.1837094 3.491880000000001 0.1 0.0 0
1699256671.2337453 3.491880000000001 0.1 0.0 0
1699256671.2841744 3.491880000000001 0.1 0.0 0
1699256671.4999506 3.491880000000001 0.1 0.0 0
1699256671.7048194 3.491880000000001 0.1 0.0 0
1699256671.754362 3.491880000000001 0.1 0.0 0
1699256671.9642978 3.491880000000001 0.1 0.0 0
1699256672.0152164 3.491880000000001 0.1 0.0 0
1699256672.0649395 3.491880000000001 0.1 0.0 0
1699256672.2502694 3.491880000000001 0.1 0.0 0
1699256672.2995043 3.491880000000001 0.1 0.0 0
1699256672.3492103 3.491880000000001 0.1 0.0 0
1699256672.5853534 3.491880000000001 0.1 0.0 0
1699256672.6356835 3.491880000000001 0.1 0.0 0
1699256672.685818 3.491880000000001 0.1 0.0 0
1699256672.9241295 3.491880000000001 0.1 0.0 0
1699256672.9735527 3.491880000000001 0.1 0.0 0
1699256673.023933 3.491880000000001 0.1 0.0 0
1699256673.2735288 3.491880000000001 0.1 0.0 0
1699256673.323736 3.491880000000001 0.1 0.0 0
1699256673.3738325 3.491880000000001 0.1 0.0 0
