1699256922.470546 3.5 0.1 -0.04 0
1699256922.8142748 3.491880000000001 0.1 0.0 0
1699256923.0497825 3.491880000000001 0.1 0.0 0
1699256923.1147945 3.491880000000001 0.1 0.0 0
1699256923.1703367 3.491880000000001 0.1 0.0 0
1699256923.2163312 3.491880000000001 0.1 0.0 0
1699256923.2620265 3.491880000000001 0.1 0.0 0
1699256923.3060472 3.491880000000001 0.1 0.0 0
1699256923.3510811 3.491880000000001 0.1 0.0 0
1699256923.401672 3.491880000000001 0.1 0.0 0
1699256923.4512236 3.491880000000001 0.1 0.0 0
1699256923.5013375 3.491880000000001 0.1 0.0 0
1699256923.5515647 3.491880000000001 0.1 0.0 0
1699256923.6020916 3.491880000000001 0.1 0.0 0
1699256923.6518612 3.491880000000001 0.1 0.0 0
1699256923.7021067 3.491880000000001 0.1 0.0 0
1699256923.7520492 3.491880000000001 0.1 0.0 0
1699256923.8024018 3.491880000000001 0.1 0.0 0
1699256923.8521502 3.491880000000001 0.1 0.0 0
1699256923.9027417 3.491880000000001 0.1 0.0 0
1699256923.9530258 3.491880000000001 0.1 0.0 0
1699256924.0030043 3.491880000000001 0.1 0.0 0
1699256924.0531704 3.491880000000001 0.1 0.0 0
1699256924.1034453 3.491880000000001 0.1 0.0 0
1699256924.1540513 3.491880000000001 0.1 0.0 0
1699256924.2038927 3.491880000000001 0.1 0.0 0
1699256924.2539005 3.491880000000001 0.1 0.0 0
1699256924.303826 3.491880000000001 0.1 0.0 0
1699256924.3539717 3.491880000000001 0.1 0.0 0
1699256924.4041667 3.491880000000001 0.1 0.0 0
1699256924.4542308 3.491880000000001 0.1 0.0 0
1699256924.504401 3.491880000000001 0.1 0.0 0
1699256924.5546267 3.491880000000001 0.1 0.0 0
1699256924.604711 3.491880000000001 0.1 0.0 0
1699256924.6550682 3.491880000000001 0.1 0.0 0
1699256924.7051384 3.491880000000001 0.1 0.0 0
1699256924.7551098 3.491880000000001 0.1 0.0 0
1699256924.8051121 3.491880000000001 0.1 0.0 0
1699256924.8549263 3.491880000000001 0.1 0.0 0
1699256924.9054284 3.491880000000001 0.1 0.0 0
1699256924.9557986 3.491880000000001 0.1 0.0 0
1699256925.0057726 3.491880000000001 0.1 0.0 0
1699256925.05612 3.491880000000001 0.1 0.0 0
1699256925.1058805 3.491880000000001 0.1 0.0 0
1699256925.15605 3.491880000000001 0.1 0.0 0
1699256925.2063189 3.491880000000001 0.1 0.0 0
1699256925.2567306 3.491880000000001 0.1 0.0 0
1699256925.3067262 3.491880000000001 0.1 0.0 0
1699256925.3567243 3.491880000000001 0.1 0.0 0
1699256925.4075806 3.491880000000001 0.1 0.0 0
1699256925.4580953 3.491880000000001 0.1 0.0 0
1699256925.5080817 3.491880000000001 0.1 0.0 0
1699256925.5627909 3.491880000000001 0.1 0.0 0
1699256925.6104465 3.491880000000001 0.1 0.0 0
1699256925.66148 3.491880000000001 0.1 0.0 0
1699256925.7089512 3.491880000000001 0.1 0.0 0
1699256925.7588575 3.491880000000001 0.1 0.0 0
1699256925.8088644 3.491880000000001 0.1 0.0 0
1699256925.8596764 3.491880000000001 0.1 0.0 0
1699256925.910079 3.491880000000001 0.1 0.0 0
1699256925.9600296 3.491880000000001 0.1 0.0 0
1699256926.015341 3.491880000000001 0.1 0.0 0
1699256926.0623398 3.491880000000001 0.1 0.0 0
1699256926.1128836 3.491880000000001 0.1 0.0 0
1699256926.1647074 3.491880000000001 0.1 0.0 0
1699256926.2126942 3.491880000000001 0.1 0.0 0
1699256926.2628946 3.491880000000001 0.1 0.0 0
1699256926.3125756 3.491880000000001 0.1 0.0 0
1699256926.362561 3.491880000000001 0.1 0.0 0
1699256926.4126682 3.491880000000001 0.1 0.0 0
1699256926.4626055 3.491880000000001 0.1 0.0 0
1699256926.5130434 3.491880000000001 0.1 0.0 0
1699256926.563066 3.491880000000001 0.1 0.0 0
1699256926.6134963 3.491880000000001 0.1 0.0 0
1699256926.6635756 3.491880000000001 0.1 0.0 0
1699256926.713725 3.491880000000001 0.1 0.0 0
1699256926.7637312 3.491880000000001 0.1 0.0 0
1699256926.8145928 3.491880000000001 0.1 0.0 0
1699256926.8664737 3.491880000000001 0.1 0.0 0
1699256926.915564 3.491880000000001 0.1 0.0 0
1699256926.9652774 3.491880000000001 0.1 0.0 0
1699256927.0151403 3.491880000000001 0.1 0.0 0
1699256927.0653045 3.491880000000001 0.1 0.0 0
1699256927.1165361 3.491880000000001 0.1 0.0 0
1699256927.166495 3.491880000000001 0.1 0.0 0
1699256927.2168658 3.491880000000001 0.1 0.0 0
1699256927.266229 3.491880000000001 0.1 0.0 0
1699256927.3167377 3.491880000000001 0.1 0.0 0
1699256927.3695858 3.491880000000001 0.1 0.0 0
1699256927.417346 3.491880000000001 0.1 0.0 0
1699256927.4673438 3.491880000000001 0.1 0.0 0
1699256927.5173867 3.491880000000001 0.1 0.0 0
1699256927.5672748 3.491880000000001 0.1 0.0 0
1699256927.6177306 3.491880000000001 0.1 0.0 0
1699256927.674157 3.491880000000001 0.1 0.0 0
1699256927.7225595 3.491880000000001 0.1 0.0 0
1699256927.7683067 3.491880000000001 0.1 0.0 0
1699256927.8184025 3.491880000000001 0.1 0.0 0
1699256927.8684442 3.491880000000001 0.1 0.0 0
1699256927.919077 3.491880000000001 0.1 0.0 0
1699256927.969117 3.491880000000001 0.1 0.0 0
1699256928.0192285 3.491880000000001 0.1 0.0 0
1699256928.091159 3.491880000000001 0.1 0.0 0
1699256928.1694417 3.491880000000001 0.1 0.0 0
1699256928.2096653 3.491880000000001 0.1 0.0 0
1699256928.2527566 3.491880000000001 0.1 0.0 0
1699256928.2915833 3.491880000000001 0.1 0.0 0
1699256928.3296068 3.491880000000001 0.1 0.0 0
1699256928.3794343 3.491880000000001 0.1 0.0 0
1699256928.4294658 3.491880000000001 0.1 0.0 0
1699256928.4801052 3.491880000000001 0.1 0.0 0
1699256928.5612376 3.491880000000001 0.1 0.0 0
1699256928.5981503 3.491880000000001 0.1 0.0 0
1699256928.633797 3.491880000000001 0.1 0.0 0
1699256928.6855783 3.491880000000001 0.1 0.0 0
1699256928.735299 3.491880000000001 0.1 0.0 0
1699256928.7851384 3.491880000000001 0.1 0.0 0
1699256928.8356183 3.491880000000001 0.1 0.0 0
1699256928.8853722 3.491880000000001 0.1 0.0 0
1699256928.9357297 3.491880000000001 0.1 0.0 0
1699256928.986092 3.491880000000001 0.1 0.0 0
1699256929.0363817 3.491880000000001 0.1 0.0 0
1699256929.0872855 3.491880000000001 0.1 0.0 0
1699256929.1366136 3.491880000000001 0.1 0.0 0
1699256929.1873004 3.491880000000001 0.1 0.0 0
1699256929.237562 3.491880000000001 0.1 0.0 0
1699256929.2875626 3.491880000000001 0.1 0.0 0
1699256929.3374588 3.491880000000001 0.1 0.0 0
1699256929.3879461 3.491880000000001 0.1 0.0 0
1699256929.437733 3.491880000000001 0.1 0.0 0
1699256929.5261145 3.491880000000001 0.1 0.0 0
1699256929.56564 3.491880000000001 0.1 0.0 0
1699256929.606031 3.491880000000001 0.1 0.0 0
1699256929.6483955 3.491880000000001 0.1 0.0 0
1699256929.6924262 3.491880000000001 0.1 0.0 0
1699256929.7419682 3.491880000000001 0.1 0.0 0
1699256929.8065996 3.491880000000001 0.1 0.0 0
1699256929.8679647 3.491880000000001 0.1 0.0 0
1699256929.9148 3.491880000000001 0.1 0.0 0
1699256929.9521174 3.491880000000001 0.1 0.0 0
1699256929.9933856 3.491880000000001 0.1 0.0 0
1699256930.0433595 3.491880000000001 0.1 0.0 0
1699256930.0997567 3.491880000000001 0.1 0.0 0
1699256930.1465456 3.491880000000001 0.1 0.0 0
1699256930.1961932 3.491880000000001 0.1 0.0 0
1699256930.2465107 3.491880000000001 0.1 0.0 0
1699256930.2970662 3.491880000000001 0.1 0.0 0
1699256930.3477488 3.491880000000001 0.1 0.0 0
1699256930.398216 3.491880000000001 0.1 0.0 0
1699256930.4493806 3.491880000000001 0.1 0.0 0
1699256930.4994576 3.491880000000001 0.1 0.0 0
1699256930.5533783 3.491880000000001 0.1 0.0 0
1699256930.6036541 3.491880000000001 0.1 0.0 0
1699256930.6535618 3.491880000000001 0.1 0.0 0
1699256930.7042124 3.491880000000001 0.1 0.0 0
1699256930.7538023 3.491880000000001 0.1 0.0 0
1699256930.8040364 3.491880000000001 0.1 0.0 0
1699256930.855419 3.491880000000001 0.1 0.0 0
1699256930.9060125 3.491880000000001 0.1 0.0 0
1699256930.9557388 3.491880000000001 0.1 0.0 0
1699256931.0050514 3.491880000000001 0.1 0.0 0
1699256931.0555427 3.491880000000001 0.1 0.0 0
1699256931.1057842 3.491880000000001 0.1 0.0 0
1699256931.156048 3.491880000000001 0.1 0.0 0
1699256931.2057943 3.491880000000001 0.1 0.0 0
1699256931.4166746 3.491880000000001 0.1 0.0 0
1699256931.465867 3.491880000000001 0.1 0.0 0
1699256931.5163743 3.491880000000001 0.1 0.0 0
1699256931.56736 3.491880000000001 0.1 0.0 0
1699256931.6190736 3.491880000000001 0.1 0.0 0
1699256931.6762905 3.491880000000001 0.1 0.0 0
1699256931.7233691 3.491880000000001 0.1 0.0 0
1699256931.7754238 3.491880000000001 0.1 0.0 0
1699256931.8262837 3.491880000000001 0.1 0.0 0
1699256931.870412 3.491880000000001 0.1 0.0 0
1699256931.9228523 3.491880000000001 0.1 0.0 0
1699256931.9759932 3.491880000000001 0.1 0.0 0
1699256932.0329032 3.491880000000001 0.1 0.0 0
1699256932.089165 3.491880000000001 0.1 0.0 0
1699256932.146494 3.491880000000001 0.1 0.0 0
1699256932.206379 3.491880000000001 0.1 0.0 0
1699256932.255859 3.491880000000001 0.1 0.0 0
1699256932.3079114 3.491880000000001 0.1 0.0 0
1699256932.3583245 3.491880000000001 0.1 0.0 0
1699256932.4070308 3.491880000000001 0.1 0.0 0
1699256932.4547067 3.491880000000001 0.1 0.0 0
1699256932.5099108 3.491880000000001 0.1 0.0 0
1699256932.5567825 3.491880000000001 0.1 0.0 0
1699256932.5956132 3.491880000000001 0.1 0.0 0
1699256932.6350508 3.491880000000001 0.1 0.0 0
1699256932.6726372 3.491880000000001 0.1 0.0 0
1699256932.7219741 3.491880000000001 0.1 0.0 0
1699256932.7723725 3.491880000000001 0.1 0.0 0
1699256932.8224118 3.491880000000001 0.1 0.0 0
1699256932.872823 3.491880000000001 0.1 0.0 0
1699256932.9248412 3.491880000000001 0.1 0.0 0
1699256932.9743307 3.491880000000001 0.1 0.0 0
1699256933.0240202 3.491880000000001 0.1 0.0 0
1699256933.1039107 3.491880000000001 0.1 0.0 0
1699256933.1736875 3.491880000000001 0.1 0.0 0
1699256933.2139664 3.491880000000001 0.1 0.0 0
1699256933.295543 3.491880000000001 0.1 0.0 0
1699256933.3545258 3.491880000000001 0.1 0.0 0
1699256933.4316974 3.491880000000001 0.1 0.0 0
1699256933.5182805 3.491880000000001 0.1 0.0 0
1699256933.5978963 3.491880000000001 0.1 0.0 0
1699256933.6540356 3.491880000000001 0.1 0.0 0
1699256933.7098522 3.491880000000001 0.1 0.0 0
1699256933.7587416 3.491880000000001 0.1 0.0 0
1699256933.8036613 3.491880000000001 0.1 0.0 0
1699256933.8605213 3.491880000000001 0.1 0.0 0
1699256933.9072092 3.491880000000001 0.1 0.0 0
1699256933.9479363 3.491880000000001 0.1 0.0 0
1699256933.9961665 3.491880000000001 0.1 0.0 0
1699256934.0430741 3.491880000000001 0.1 0.0 0
1699256934.0970786 3.491880000000001 0.1 0.0 0
1699256934.1513546 3.491880000000001 0.1 0.0 0
1699256934.1947408 3.491880000000001 0.1 0.0 0
1699256934.2358248 3.491880000000001 0.1 0.0 0
1699256934.2839005 3.491880000000001 0.1 0.0 0
1699256934.330445 3.491880000000001 0.1 0.0 0
1699256934.3737888 3.491880000000001 0.1 0.0 0
1699256934.4243255 3.491880000000001 0.1 0.0 0
1699256934.4763162 3.491880000000001 0.1 0.0 0
1699256934.5646758 3.491880000000001 0.1 0.0 0
1699256934.631535 3.491880000000001 0.1 0.0 0
1699256934.682631 3.491880000000001 0.1 0.0 0
1699256934.71982 3.491880000000001 0.1 0.0 0
1699256934.7783735 3.491880000000001 0.1 0.0 0
1699256934.8282452 3.491880000000001 0.1 0.0 0
1699256934.8976219 3.491880000000001 0.1 0.0 0
1699256934.9569495 3.491880000000001 0.1 0.0 0
1699256934.997995 3.491880000000001 0.1 0.0 0
1699256935.034934 3.491880000000001 0.1 0.0 0
1699256935.0662422 3.491880000000001 0.1 0.0 0
1699256935.10046 3.491880000000001 0.1 0.0 0
1699256935.1466231 3.491880000000001 0.1 0.0 0
1699256935.1911483 3.491880000000001 0.1 0.0 0
1699256935.2358181 3.491880000000001 0.1 0.0 0
1699256935.2866259 3.491880000000001 0.1 0.0 0
1699256935.3445828 3.491880000000001 0.1 0.0 0
1699256935.3944774 3.491880000000001 0.1 0.0 0
1699256935.4381454 3.491880000000001 0.1 0.0 0
1699256935.494051 3.491880000000001 0.1 0.0 0
1699256935.5372672 3.491880000000001 0.1 0.0 0
1699256935.5872693 3.491880000000001 0.1 0.0 0
1699256935.6373794 3.491880000000001 0.1 0.0 0
1699256935.6894135 3.491880000000001 0.1 0.0 0
1699256935.7385736 3.491880000000001 0.1 0.0 0
1699256935.7881072 3.491880000000001 0.1 0.0 0
1699256935.8382707 3.491880000000001 0.1 0.0 0
1699256935.8890438 3.491880000000001 0.1 0.0 0
1699256935.9399483 3.491880000000001 0.1 0.0 0
1699256935.9903393 3.491880000000001 0.1 0.0 0
1699256936.0400934 3.491880000000001 0.1 0.0 0
1699256936.092412 3.491880000000001 0.1 0.0 0
1699256936.149346 3.491880000000001 0.1 0.0 0
1699256936.2072256 3.491880000000001 0.1 0.0 0
1699256936.2540472 3.491880000000001 0.1 0.0 0
1699256936.2962947 3.491880000000001 0.1 0.0 0
1699256936.3411126 3.491880000000001 0.1 0.0 0
1699256936.397083 3.491880000000001 0.1 0.0 0
1699256936.4763794 3.491880000000001 0.1 0.0 0
1699256936.534495 3.491880000000001 0.1 0.0 0
1699256936.5886364 3.491880000000001 0.1 0.0 0
1699256936.6534688 3.491880000000001 0.1 0.0 0
1699256936.861622 3.491880000000001 0.1 0.0 0
1699256936.9137266 3.491880000000001 0.1 0.0 0
1699256937.1275685 3.491880000000001 0.1 0.0 0
1699256937.1775885 3.491880000000001 0.1 0.0 0
1699256937.2275188 3.491880000000001 0.1 0.0 0
1699256937.485184 3.491880000000001 0.1 0.0 0
1699256937.5364118 3.491880000000001 0.1 0.0 0
1699256937.5862377 3.491880000000001 0.1 0.0 0
1699256937.865314 3.491880000000001 0.1 0.0 0
1699256938.1533582 3.491880000000001 0.1 0.0 0
1699256938.205709 3.491880000000001 0.1 0.0 0
1699256938.5422506 3.491880000000001 0.1 0.0 0
1699256938.6013317 3.491880000000001 0.1 0.0 0
1699256938.6480603 3.491880000000001 0.1 0.0 0
1699256938.9792109 3.491880000000001 0.1 0.0 0
1699256939.046071 3.491880000000001 0.1 0.0 0
1699256939.1026044 3.491880000000001 0.1 0.0 0
1699256939.4260964 3.491880000000001 0.1 0.0 0
1699256939.4949663 3.491880000000001 0.1 0.0 0
1699256939.5507586 3.491880000000001 0.1 0.0 0
1699256939.8474202 3.491880000000001 0.1 0.0 0
1699256939.9019773 3.491880000000001 0.1 0.0 0
1699256939.953006 3.491880000000001 0.1 0.0 0
1699256940.2661335 3.491880000000001 0.1 0.0 0
1699256940.3159475 3.491880000000001 0.1 0.0 0
1699256940.365659 3.491880000000001 0.1 0.0 0
1699256940.6189854 3.491880000000001 0.1 0.0 0
1699256940.668278 3.491880000000001 0.1 0.0 0
1699256940.719059 3.491880000000001 0.1 0.0 0
1699256940.7686925 3.491880000000001 0.1 0.0 0
1699256941.0891953 3.491880000000001 0.1 0.0 0
1699256941.1467881 3.491880000000001 0.1 0.0 0
1699256941.1941862 3.491880000000001 0.1 0.0 0
1699256941.2898757 3.491880000000001 0.1 0.0 0
1699256941.5587714 3.491880000000001 0.1 0.0 0
1699256941.6080909 3.491880000000001 0.1 0.0 0
1699256941.6589558 3.491880000000001 0.1 0.0 0
1699256941.7307205 3.491880000000001 0.1 0.0 0
1699256942.138112 3.491880000000001 0.1 0.0 0
1699256942.1900868 3.491880000000001 0.1 0.0 0
1699256942.2400901 3.491880000000001 0.1 0.0 0
1699256942.5304766 3.491880000000001 0.1 0.0 0
1699256942.5817175 3.491880000000001 0.1 0.0 0
1699256942.6361747 3.491880000000001 0.1 0.0 0
1699256942.682003 3.491880000000001 0.1 0.0 0
1699256942.9233582 3.491880000000001 0.1 0.0 0
1699256943.1966097 3.491880000000001 0.1 0.0 0
1699256943.2467945 3.491880000000001 0.1 0.0 0
1699256943.5660086 3.491880000000001 0.1 0.0 0
1699256943.6159422 3.491880000000001 0.1 0.0 0
1699256943.666196 3.491880000000001 0.1 0.0 0
1699256943.9175303 3.491880000000001 0.1 0.0 0
1699256943.9710913 3.491880000000001 0.1 0.0 0
1699256944.0169525 3.491880000000001 0.1 0.0 0
1699256944.0674546 3.491880000000001 0.1 0.0 0
1699256944.3653128 3.491880000000001 0.1 0.0 0
1699256944.6179671 3.491880000000001 0.1 0.0 0
1699256944.6672664 3.491880000000001 0.1 0.0 0
1699256945.003252 3.491880000000001 0.1 0.0 0
1699256945.0527008 3.491880000000001 0.1 0.0 0
1699256945.1035461 3.491880000000001 0.1 0.0 0
1699256945.3619618 3.491880000000001 0.1 0.0 0
1699256945.4115121 3.491880000000001 0.1 0.0 0
1699256945.4615405 3.491880000000001 0.1 0.0 0
1699256945.518458 3.491880000000001 0.1 0.0 0
1699256945.756281 3.491880000000001 0.1 0.0 0
1699256945.9614704 3.491880000000001 0.1 0.0 0
1699256946.0107067 3.491880000000001 0.1 0.0 0
1699256946.2526927 3.491880000000001 0.1 0.0 0
1699256946.301842 3.491880000000001 0.1 0.0 0
1699256946.3521292 3.491880000000001 0.1 0.0 0
1699256946.5583527 3.491880000000001 0.1 0.0 0
1699256946.608134 3.491880000000001 0.1 0.0 0
1699256946.6578376 3.491880000000001 0.1 0.0 0
1699256946.8447423 3.491880000000001 0.1 0.0 0
1699256946.8942432 3.491880000000001 0.1 0.0 0
1699256946.9446402 3.491880000000001 0.1 0.0 0
1699256946.999932 3.491880000000001 0.1 0.0 0
1699256947.2238746 3.491880000000001 0.1 0.0 0
1699256947.4508262 3.491880000000001 0.1 0.0 0
1699256947.5005386 3.491880000000001 0.1 0.0 0
1699256947.7254672 3.491880000000001 0.1 0.0 0
1699256947.7759228 3.491880000000001 0.1 0.0 0
1699256947.8258278 3.491880000000001 0.1 0.0 0
1699256947.8759706 3.491880000000001 0.1 0.0 0
1699256948.089291 3.491880000000001 0.1 0.0 0
1699256948.1401467 3.491880000000001 0.1 0.0 0
1699256948.2133386 3.491880000000001 0.1 0.0 0
1699256948.260371 3.491880000000001 0.1 0.0 0
1699256948.4747844 3.491880000000001 0.1 0.0 0
1699256948.7173526 3.491880000000001 0.1 0.0 0
1699256948.7674696 3.491880000000001 0.1 0.0 0
1699256948.9739118 3.491880000000001 0.1 0.0 0
1699256949.0235536 3.491880000000001 0.1 0.0 0
1699256949.0732615 3.491880000000001 0.1 0.0 0
1699256949.1339805 3.491880000000001 0.1 0.0 0
1699256949.4301293 3.491880000000001 0.1 0.0 0
1699256949.4797046 3.491880000000001 0.1 0.0 0
1699256949.5295298 3.491880000000001 0.1 0.0 0
1699256949.5800085 3.491880000000001 0.1 0.0 0
1699256949.8369808 3.491880000000001 0.1 0.0 0
1699256950.0987952 3.491880000000001 0.1 0.0 0
1699256950.1482584 3.491880000000001 0.1 0.0 0
1699256950.4278524 3.491880000000001 0.1 0.0 0
1699256950.4791708 3.491880000000001 0.1 0.0 0
1699256950.5385284 3.491880000000001 0.1 0.0 0
1699256950.7792525 3.491880000000001 0.1 0.0 0
1699256950.8298237 3.491880000000001 0.1 0.0 0
1699256950.8812578 3.491880000000001 0.1 0.0 0
1699256950.9339504 3.491880000000001 0.1 0.0 0
1699256951.160927 3.491880000000001 0.1 0.0 0
1699256951.2099898 3.491880000000001 0.1 0.0 0
1699256951.2600627 3.491880000000001 0.1 0.0 0
1699256951.310727 3.491880000000001 0.1 0.0 0
1699256951.5752301 3.491880000000001 0.1 0.0 0
1699256951.6251254 3.491880000000001 0.1 0.0 0
1699256951.6758745 3.491880000000001 0.1 0.0 0
1699256951.7286823 3.491880000000001 0.1 0.0 0
1699256952.0425434 3.491880000000001 0.1 0.0 0
1699256952.1335812 3.491880000000001 0.1 0.0 0
1699256952.207456 3.491880000000001 0.1 0.0 0
1699256952.3041923 3.491880000000001 0.1 0.0 0
1699256952.680859 3.491880000000001 0.1 0.0 0
1699256953.116406 3.491880000000001 0.1 0.0 0
1699256953.1764972 3.491880000000001 0.1 0.0 0
1699256953.5819018 3.491880000000001 0.1 0.0 0
1699256953.635983 3.491880000000001 0.1 0.0 0
1699256953.7016761 3.491880000000001 0.1 0.0 0
1699256953.9967175 3.491880000000001 0.1 0.0 0
1699256954.052018 3.491880000000001 0.1 0.0 0
1699256954.1096518 3.491880000000001 0.1 0.0 0
1699256954.160212 3.491880000000001 0.1 0.0 0
1699256954.4636116 3.491880000000001 0.1 0.0 0
1699256954.527041 3.491880000000001 0.1 0.0 0
1699256954.5889645 3.491880000000001 0.1 0.0 0
1699256954.8371286 3.491880000000001 0.1 0.0 0
1699256954.8892264 3.491880000000001 0.1 0.0 0
1699256954.947248 3.491880000000001 0.1 0.0 0
1699256955.2271695 3.491880000000001 0.1 0.0 0
1699256955.3081656 3.491880000000001 0.1 0.0 0
1699256955.372203 3.491880000000001 0.1 0.0 0
1699256955.4375353 3.491880000000001 0.1 0.0 0
1699256955.724431 3.491880000000001 0.1 0.0 0
1699256956.0209138 3.491880000000001 0.1 0.0 0
1699256956.0718126 3.491880000000001 0.1 0.0 0
1699256956.3161397 3.491880000000001 0.1 0.0 0
1699256956.36567 3.491880000000001 0.1 0.0 0
1699256956.4159765 3.491880000000001 0.1 0.0 0
1699256956.6740978 3.491880000000001 0.1 0.0 0
1699256956.723676 3.491880000000001 0.1 0.0 0
1699256956.773966 3.491880000000001 0.1 0.0 0
1699256957.021373 3.491880000000001 0.1 0.0 0
1699256957.0729234 3.491880000000001 0.1 0.0 0
1699256957.1212153 3.491880000000001 0.1 0.0 0
1699256957.3692124 3.491880000000001 0.1 0.0 0
1699256957.4257433 3.491880000000001 0.1 0.0 0
1699256957.4913895 3.491880000000001 0.1 0.0 0
1699256957.9129987 3.491880000000001 0.1 0.0 0
1699256957.9725747 3.491880000000001 0.1 0.0 0
1699256958.0439384 3.491880000000001 0.1 0.0 0
1699256958.5084593 3.491880000000001 0.1 0.0 0
1699256958.5795035 3.491880000000001 0.1 0.0 0
1699256958.6471024 3.491880000000001 0.1 0.0 0
1699256958.713221 3.491880000000001 0.1 0.0 0
1699256959.1110158 3.491880000000001 0.1 0.0 0
1699256959.4092348 3.491880000000001 0.1 0.0 0
1699256959.458163 3.491880000000001 0.1 0.0 0
1699256959.7732086 3.491880000000001 0.1 0.0 0
1699256959.8237495 3.491880000000001 0.1 0.0 0
1699256959.879109 3.491880000000001 0.1 0.0 0
1699256960.2957282 3.491880000000001 0.1 0.0 0
1699256960.34858 3.491880000000001 0.1 0.0 0
1699256960.4106417 3.491880000000001 0.1 0.0 0
1699256960.472595 3.491880000000001 0.1 0.0 0
1699256960.8841457 3.491880000000001 0.1 0.0 0
1699256961.2776742 3.491880000000001 0.1 0.0 0
1699256961.334863 3.491880000000001 0.1 0.0 0
1699256961.6306658 3.491880000000001 0.1 0.0 0
1699256961.7319975 3.491880000000001 0.1 0.0 0
1699256961.7890854 3.491880000000001 0.1 0.0 0
1699256961.8367138 3.491880000000001 0.1 0.0 0
1699256962.2045302 3.491880000000001 0.1 0.0 0
1699256962.261672 3.491880000000001 0.1 0.0 0
1699256962.3332398 3.491880000000001 0.1 0.0 0
1699256962.6331792 3.491880000000001 0.1 0.0 0
1699256962.70196 3.491880000000001 0.1 0.0 0
1699256962.7507823 3.491880000000001 0.1 0.0 0
1699256963.0621693 3.491880000000001 0.1 0.0 0
1699256963.1296384 3.491880000000001 0.1 0.0 0
1699256963.1937802 3.491880000000001 0.1 0.0 0
1699256963.4691978 3.491880000000001 0.1 0.0 0
1699256963.5193448 3.491880000000001 0.1 0.0 0
1699256963.569369 3.491880000000001 0.1 0.0 0
1699256963.6197946 3.491880000000001 0.1 0.0 0
1699256963.9286487 3.491880000000001 0.1 0.0 0
1699256963.9918299 3.491880000000001 0.1 0.0 0
1699256964.0369825 3.491880000000001 0.1 0.0 0
1699256964.2885494 3.491880000000001 0.1 0.0 0
1699256964.3373592 3.491880000000001 0.1 0.0 0
1699256964.3876867 3.491880000000001 0.1 0.0 0
1699256964.4377139 3.491880000000001 0.1 0.0 0
1699256964.7174883 3.491880000000001 0.1 0.0 0
1699256964.7667766 3.491880000000001 0.1 0.0 0
1699256964.816971 3.491880000000001 0.1 0.0 0
1699256965.0691888 3.491880000000001 0.1 0.0 0
1699256965.1189733 3.491880000000001 0.1 0.0 0
1699256965.1693678 3.491880000000001 0.1 0.0 0
1699256965.219623 3.491880000000001 0.1 0.0 0
1699256965.4751155 3.491880000000001 0.1 0.0 0
1699256965.6793206 3.491880000000001 0.1 0.0 0
1699256965.7280362 3.491880000000001 0.1 0.0 0
1699256965.9775705 3.491880000000001 0.1 0.0 0
1699256966.027031 3.491880000000001 0.1 0.0 0
1699256966.0772474 3.491880000000001 0.1 0.0 0
1699256966.128116 3.491880000000001 0.1 0.0 0
1699256966.3607202 3.491880000000001 0.1 0.0 0
1699256966.4099321 3.491880000000001 0.1 0.0 0
1699256966.4598167 3.491880000000001 0.1 0.0 0
1699256966.712659 3.491880000000001 0.1 0.0 0
1699256966.7618468 3.491880000000001 0.1 0.0 0
1699256966.8119824 3.491880000000001 0.1 0.0 0
1699256966.8622437 3.491880000000001 0.1 0.0 0
1699256967.1293504 3.491880000000001 0.1 0.0 0
1699256967.1790843 3.491880000000001 0.1 0.0 0
1699256967.2293322 3.491880000000001 0.1 0.0 0
1699256967.2801595 3.491880000000001 0.1 0.0 0
1699256967.5046709 3.491880000000001 0.1 0.0 0
1699256967.7087476 3.491880000000001 0.1 0.0 0
1699256967.7588332 3.491880000000001 0.1 0.0 0
1699256967.9888065 3.491880000000001 0.1 0.0 0
1699256968.0423057 3.491880000000001 0.1 0.0 0
1699256968.0893598 3.491880000000001 0.1 0.0 0
1699256968.1393566 3.491880000000001 0.1 0.0 0
1699256968.380999 3.491880000000001 0.1 0.0 0
1699256968.4303253 3.491880000000001 0.1 0.0 0
1699256968.4804869 3.491880000000001 0.1 0.0 0
1699256968.5309706 3.491880000000001 0.1 0.0 0
1699256968.765717 3.491880000000001 0.1 0.0 0
1699256968.8161077 3.491880000000001 0.1 0.0 0
1699256968.8666701 3.491880000000001 0.1 0.0 0
1699256969.1075692 3.491880000000001 0.1 0.0 0
1699256969.1568487 3.491880000000001 0.1 0.0 0
1699256969.2073445 3.491880000000001 0.1 0.0 0
1699256969.4513667 3.491880000000001 0.1 0.0 0
1699256969.5006328 3.491880000000001 0.1 0.0 0
1699256969.5507655 3.491880000000001 0.1 0.0 0
1699256969.8145316 3.491880000000001 0.1 0.0 0
1699256969.863872 3.491880000000001 0.1 0.0 0
1699256969.913569 3.491880000000001 0.1 0.0 0
1699256970.125746 3.491880000000001 0.1 0.0 0
1699256970.1755998 3.491880000000001 0.1 0.0 0
1699256970.22587 3.491880000000001 0.1 0.0 0
1699256970.4190547 3.491880000000001 0.1 0.0 0
1699256970.4690704 3.491880000000001 0.1 0.0 0
1699256970.5188422 3.491880000000001 0.1 0.0 0
1699256970.5690129 3.491880000000001 0.1 0.0 0
1699256970.7905228 3.491880000000001 0.1 0.0 0
1699256971.0187001 3.491880000000001 0.1 0.0 0
1699256971.0679927 3.491880000000001 0.1 0.0 0
1699256971.2656193 3.491880000000001 0.1 0.0 0
1699256971.3147545 3.491880000000001 0.1 0.0 0
1699256971.3649561 3.491880000000001 0.1 0.0 0
1699256971.5768113 3.491880000000001 0.1 0.0 0
1699256971.625508 3.491880000000001 0.1 0.0 0
1699256971.6760206 3.491880000000001 0.1 0.0 0
1699256971.9032443 3.491880000000001 0.1 0.0 0
1699256971.9534209 3.491880000000001 0.1 0.0 0
1699256972.0029612 3.491880000000001 0.1 0.0 0
1699256972.2357361 3.491880000000001 0.1 0.0 0
1699256972.2849317 3.491880000000001 0.1 0.0 0
1699256972.3359723 3.491880000000001 0.1 0.0 0
1699256972.568007 3.491880000000001 0.1 0.0 0
1699256972.6173708 3.491880000000001 0.1 0.0 0
1699256972.6675344 3.491880000000001 0.1 0.0 0
1699256972.71737 3.491880000000001 0.1 0.0 0
1699256972.9555042 3.491880000000001 0.1 0.0 0
1699256973.1706626 3.491880000000001 0.1 0.0 0
1699256973.2209318 3.491880000000001 0.1 0.0 0
1699256973.4634376 3.491880000000001 0.1 0.0 0
1699256973.5127385 3.491880000000001 0.1 0.0 0
1699256973.5628028 3.491880000000001 0.1 0.0 0
1699256973.8255541 3.491880000000001 0.1 0.0 0
1699256973.8742905 3.491880000000001 0.1 0.0 0
1699256973.923975 3.491880000000001 0.1 0.0 0
1699256974.1897736 3.491880000000001 0.1 0.0 0
1699256974.239327 3.491880000000001 0.1 0.0 0
1699256974.2894099 3.491880000000001 0.1 0.0 0
1699256974.4832351 3.491880000000001 0.1 0.0 0
1699256974.5333073 3.491880000000001 0.1 0.0 0
1699256974.603092 3.491880000000001 0.1 0.0 0
1699256974.6448102 3.491880000000001 0.1 0.0 0
1699256974.9030452 3.491880000000001 0.1 0.0 0
1699256975.1377568 3.491880000000001 0.1 0.0 0
1699256975.1869323 3.491880000000001 0.1 0.0 0
1699256975.4757903 3.491880000000001 0.1 0.0 0
1699256975.5290701 3.491880000000001 0.1 0.0 0
1699256975.579839 3.491880000000001 0.1 0.0 0
1699256975.630272 3.491880000000001 0.1 0.0 0
1699256975.88194 3.491880000000001 0.1 0.0 0
1699256975.931694 3.491880000000001 0.1 0.0 0
1699256975.9830904 3.491880000000001 0.1 0.0 0
1699256976.2200499 3.491880000000001 0.1 0.0 0
1699256976.2708304 3.491880000000001 0.1 0.0 0
1699256976.320321 3.491880000000001 0.1 0.0 0
1699256976.3709147 3.491880000000001 0.1 0.0 0
1699256976.6309378 3.491880000000001 0.1 0.0 0
1699256976.827484 3.491880000000001 0.1 0.0 0
1699256976.8800569 3.491880000000001 0.1 0.0 0
1699256977.104502 3.491880000000001 0.1 0.0 0
1699256977.153464 3.491880000000001 0.1 0.0 0
1699256977.2036386 3.491880000000001 0.1 0.0 0
1699256977.254044 3.491880000000001 0.1 0.0 0
1699256977.5011806 3.491880000000001 0.1 0.0 0
1699256977.550782 3.491880000000001 0.1 0.0 0
1699256977.6015053 3.491880000000001 0.1 0.0 0
1699256977.6512008 3.491880000000001 0.1 0.0 0
1699256977.902091 3.491880000000001 0.1 0.0 0
1699256977.952249 3.491880000000001 0.1 0.0 0
1699256978.0075557 3.491880000000001 0.1 0.0 0
1699256978.2660797 3.491880000000001 0.1 0.0 0
1699256978.316451 3.491880000000001 0.1 0.0 0
1699256978.3666878 3.491880000000001 0.1 0.0 0
1699256978.6081977 3.491880000000001 0.1 0.0 0
1699256978.6569607 3.491880000000001 0.1 0.0 0
1699256978.706631 3.491880000000001 0.1 0.0 0
1699256978.757038 3.491880000000001 0.1 0.0 0
1699256978.978571 3.491880000000001 0.1 0.0 0
1699256979.176408 3.491880000000001 0.1 0.0 0
1699256979.225793 3.491880000000001 0.1 0.0 0
1699256979.4681091 3.491880000000001 0.1 0.0 0
1699256979.5184228 3.491880000000001 0.1 0.0 0
1699256979.5688775 3.491880000000001 0.1 0.0 0
1699256979.8034604 3.491880000000001 0.1 0.0 0
1699256979.8530486 3.491880000000001 0.1 0.0 0
1699256979.9033673 3.491880000000001 0.1 0.0 0
1699256979.9530654 3.491880000000001 0.1 0.0 0
1699256980.1712902 3.491880000000001 0.1 0.0 0
1699256980.396064 3.491880000000001 0.1 0.0 0
1699256980.4458065 3.491880000000001 0.1 0.0 0
1699256980.679227 3.491880000000001 0.1 0.0 0
1699256980.7281318 3.491880000000001 0.1 0.0 0
1699256980.777918 3.491880000000001 0.1 0.0 0
1699256981.0203807 3.491880000000001 0.1 0.0 0
1699256981.0698593 3.491880000000001 0.1 0.0 0
1699256981.120159 3.491880000000001 0.1 0.0 0
1699256981.324102 3.491880000000001 0.1 0.0 0
1699256981.373709 3.491880000000001 0.1 0.0 0
1699256981.424132 3.491880000000001 0.1 0.0 0
1699256981.4744785 3.491880000000001 0.1 0.0 0
1699256981.686141 3.491880000000001 0.1 0.0 0
1699256981.9043987 3.491880000000001 0.1 0.0 0
1699256981.95432 3.491880000000001 0.1 0.0 0
1699256982.1554356 3.491880000000001 0.1 0.0 0
1699256982.2048068 3.491880000000001 0.1 0.0 0
1699256982.254872 3.491880000000001 0.1 0.0 0
1699256982.4825292 3.491880000000001 0.1 0.0 0
1699256982.5319953 3.491880000000001 0.1 0.0 0
1699256982.5823064 3.491880000000001 0.1 0.0 0
1699256982.8109915 3.491880000000001 0.1 0.0 0
1699256982.860748 3.491880000000001 0.1 0.0 0
1699256982.911597 3.491880000000001 0.1 0.0 0
1699256982.9615173 3.491880000000001 0.1 0.0 0
1699256983.1620297 3.491880000000001 0.1 0.0 0
1699256983.392181 3.491880000000001 0.1 0.0 0
1699256983.4427633 3.491880000000001 0.1 0.0 0
