1699250302.6355915 2 0.1 0 0
1699250302.896288 2.0 0.1 0.0 0
1699250303.028103 2.0 0.1 0.0 0
1699250303.0658429 2.0 0.1 0.0 0
1699250303.1020162 2.0 0.1 0.0 0
1699250303.1435485 2.0 0.1 0.0 0
1699250303.183769 2.0 0.1 0.0 0
1699250303.219501 2.0 0.1 0.0 0
1699250303.2610364 2.0 0.1 0.0 0
1699250303.3018332 2.0 0.1 0.0 0
1699250303.3491468 2.0 0.1 0.0 0
1699250303.4002578 2.0 0.1 0.0 0
1699250303.449859 2.0 0.1 0.0 0
1699250303.499766 2.0 0.1 0.0 0
1699250303.5522752 2.0 0.1 0.0 0
1699250303.602652 2.0 0.1 0.0 0
1699250303.654064 2.0 0.1 0.0 0
1699250303.7047257 2.0 0.1 0.0 0
1699250303.754666 2.0 0.1 0.0 0
1699250303.8044584 2.0 0.1 0.0 0
1699250303.8544803 2.0 0.1 0.0 0
1699250303.9054725 2.0 0.1 0.0 0
1699250303.9554522 2.0 0.1 0.0 0
1699250304.0053318 2.0 0.1 0.0 0
1699250304.0558615 2.0 0.1 0.0 0
1699250304.106164 2.0 0.1 0.0 0
1699250304.1559176 2.0 0.1 0.0 0
1699250304.2058675 2.0 0.1 0.0 0
1699250304.2564192 2.0 0.1 0.0 0
1699250304.306744 2.0 0.1 0.0 0
1699250304.3567853 2.0 0.1 0.0 0
1699250304.4072967 2.0 0.1 0.0 0
1699250304.4578483 2.0 0.1 0.0 0
1699250304.5076256 2.0 0.1 0.0 0
1699250304.5577035 2.0 0.1 0.0 0
1699250304.6077743 2.0 0.1 0.0 0
1699250304.6582348 2.0 0.1 0.0 0
1699250304.7084477 2.0 0.1 0.0 0
1699250304.7586966 2.0 0.1 0.0 0
1699250304.8100743 2.0 0.1 0.0 0
1699250304.8588657 2.0 0.1 0.0 0
1699250304.9092488 2.0 0.1 0.0 0
1699250304.9594474 2.0 0.1 0.0 0
1699250305.0099123 2.0 0.1 0.0 0
1699250305.059687 2.0 0.1 0.0 0
1699250305.110483 2.0 0.1 0.0 0
1699250305.1607406 2.0 0.1 0.0 0
1699250305.210984 2.0 0.1 0.0 0
1699250305.2628021 2.0 0.1 0.0 0
1699250305.3128211 2.0 0.1 0.0 0
1699250305.362843 2.0 0.1 0.0 0
1699250305.4132233 2.0 0.1 0.0 0
1699250305.4629743 2.0 0.1 0.0 0
1699250305.5135355 2.0 0.1 0.0 0
1699250305.5633097 2.0 0.1 0.0 0
1699250305.6135972 2.0 0.1 0.0 0
1699250305.663795 2.0 0.1 0.0 0
1699250305.7143188 2.0 0.1 0.0 0
1699250305.7645023 2.0 0.1 0.0 0
1699250305.8147197 2.0 0.1 0.0 0
1699250305.8650267 2.0 0.1 0.0 0
1699250305.9153671 2.0 0.1 0.0 0
1699250305.965142 2.0 0.1 0.0 0
1699250306.0154827 2.0 0.1 0.0 0
1699250306.0657828 2.0 0.1 0.0 0
1699250306.1155727 2.0 0.1 0.0 0
1699250306.1659946 2.0 0.1 0.0 0
1699250306.2167473 2.0 0.1 0.0 0
1699250306.266607 2.0 0.1 0.0 0
1699250306.3167214 2.0 0.1 0.0 0
1699250306.3671823 2.0 0.1 0.0 0
1699250306.41802 2.0 0.1 0.0 0
1699250306.468022 2.0 0.1 0.0 0
1699250306.5180917 2.0 0.1 0.0 0
1699250306.5680077 2.0 0.1 0.0 0
1699250306.6181045 2.0 0.1 0.0 0
1699250306.6684928 2.0 0.1 0.0 0
1699250306.718713 2.0 0.1 0.0 0
1699250306.7684412 2.0 0.1 0.0 0
1699250306.8188684 2.0 0.1 0.0 0
1699250306.8693068 2.0 0.1 0.0 0
1699250306.9195938 2.0 0.1 0.0 0
1699250306.969809 2.0 0.1 0.0 0
1699250307.0193813 2.0 0.1 0.0 0
1699250307.0696805 2.0 0.1 0.0 0
1699250307.1197703 2.0 0.1 0.0 0
1699250307.1701684 2.0 0.1 0.0 0
1699250307.2201977 2.0 0.1 0.0 0
1699250307.2719407 2.0 0.1 0.0 0
1699250307.321943 2.0 0.1 0.0 0
1699250307.3715456 2.0 0.1 0.0 0
1699250307.421343 2.0 0.1 0.0 0
1699250307.471371 2.0 0.1 0.0 0
1699250307.5225172 2.0 0.1 0.0 0
1699250307.5717697 2.0 0.1 0.0 0
1699250307.622355 2.0 0.1 0.0 0
1699250307.671946 2.0 0.1 0.0 0
1699250307.723122 2.0 0.1 0.0 0
1699250307.772871 2.0 0.1 0.0 0
1699250307.8228047 2.0 0.1 0.0 0
1699250307.8728297 2.0 0.1 0.0 0
1699250307.9239902 2.0 0.1 0.0 0
1699250307.9746432 2.0 0.1 0.0 0
1699250308.025016 2.0 0.1 0.0 0
1699250308.0749645 2.0 0.1 0.0 0
1699250308.1249154 2.0 0.1 0.0 0
1699250308.175583 2.0 0.1 0.0 0
1699250308.2261267 2.0 0.1 0.0 0
1699250308.2760613 2.0 0.1 0.0 0
1699250308.327664 2.0 0.1 0.0 0
1699250308.3791196 2.0 0.1 0.0 0
1699250308.428632 2.0 0.1 0.0 0
1699250308.478866 2.0 0.1 0.0 0
1699250308.529078 2.0 0.1 0.0 0
1699250308.579335 2.0 0.1 0.0 0
1699250308.6306565 2.0 0.1 0.0 0
1699250308.690523 2.0 0.1 0.0 0
1699250308.7406347 2.0 0.1 0.0 0
1699250308.786345 2.0 0.1 0.0 0
1699250308.8318255 2.0 0.1 0.0 0
1699250308.883318 2.0 0.1 0.0 0
1699250308.9325619 2.0 0.1 0.0 0
1699250308.9836385 2.0 0.1 0.0 0
1699250309.0335932 2.0 0.1 0.0 0
1699250309.083108 2.0 0.1 0.0 0
1699250309.133381 2.0 0.1 0.0 0
1699250309.1833842 2.0 0.1 0.0 0
1699250309.233408 2.0 0.1 0.0 0
1699250309.2839494 2.0 0.1 0.0 0
1699250309.334883 2.0 0.1 0.0 0
1699250309.3851957 2.0 0.1 0.0 0
1699250309.4351914 2.0 0.1 0.0 0
1699250309.4855871 2.0 0.1 0.0 0
1699250309.547555 2.0 0.1 0.0 0
1699250309.5890644 2.0 0.1 0.0 0
1699250309.639211 2.0 0.1 0.0 0
1699250309.689078 2.0 0.1 0.0 0
1699250309.739692 2.0 0.1 0.0 0
1699250309.789542 2.0 0.1 0.0 0
1699250309.84076 2.0 0.1 0.0 0
1699250309.892306 2.0 0.1 0.0 0
1699250309.942153 2.0 0.1 0.0 0
1699250309.9920838 2.0 0.1 0.0 0
1699250310.044141 2.0 0.1 0.0 0
1699250310.0932634 2.0 0.1 0.0 0
1699250310.142985 2.0 0.1 0.0 0
1699250310.1928098 2.0 0.1 0.0 0
1699250310.2436347 2.0 0.1 0.0 0
1699250310.2929797 2.0 0.1 0.0 0
1699250310.3456533 2.0 0.1 0.0 0
1699250310.429523 2.0 0.1 0.0 0
1699250310.47639 2.0 0.1 0.0 0
1699250310.5156517 2.0 0.1 0.0 0
1699250310.5589576 2.0 0.1 0.0 0
1699250310.5988903 2.0 0.1 0.0 0
1699250310.6479714 2.0 0.1 0.0 0
1699250310.6975107 2.0 0.1 0.0 0
1699250310.747285 2.0 0.1 0.0 0
1699250310.797142 2.0 0.1 0.0 0
1699250310.8472168 2.0 0.1 0.0 0
1699250310.8984678 2.0 0.1 0.0 0
1699250310.9476604 2.0 0.1 0.0 0
1699250310.9979515 2.0 0.1 0.0 0
1699250311.0481186 2.0 0.1 0.0 0
1699250311.0983346 2.0 0.1 0.0 0
1699250311.1483862 2.0 0.1 0.0 0
1699250311.1997988 2.0 0.1 0.0 0
1699250311.2587702 2.0 0.1 0.0 0
1699250311.3079531 2.0 0.1 0.0 0
1699250311.360431 2.0 0.1 0.0 0
1699250311.4183698 2.0 0.1 0.0 0
1699250311.4647117 2.0 0.1 0.0 0
1699250311.5091472 2.0 0.1 0.0 0
1699250311.568157 2.0 0.1 0.0 0
1699250311.645627 2.0 0.1 0.0 0
1699250311.72038 2.0 0.1 0.0 0
1699250311.7885003 2.0 0.1 0.0 0
1699250311.8391025 2.0 0.1 0.0 0
1699250311.9048045 2.0 0.1 0.0 0
1699250311.960842 2.0 0.1 0.0 0
1699250312.0194216 2.0 0.1 0.0 0
1699250312.0641272 2.0 0.1 0.0 0
1699250312.1061842 2.0 0.1 0.0 0
1699250312.1498754 2.0 0.1 0.0 0
1699250312.19081 2.0 0.1 0.0 0
1699250312.2417579 2.0 0.1 0.0 0
1699250312.2869012 2.0 0.1 0.0 0
1699250312.3285441 2.0 0.1 0.0 0
1699250312.3951287 2.0 0.1 0.0 0
1699250312.464826 2.0 0.1 0.0 0
1699250312.5277402 2.0 0.1 0.0 0
1699250312.5771697 2.0 0.1 0.0 0
1699250312.6244154 2.0 0.1 0.0 0
1699250312.6664374 2.0 0.1 0.0 0
1699250312.704013 2.0 0.1 0.0 0
1699250312.7461712 2.0 0.1 0.0 0
1699250312.7808042 2.0 0.1 0.0 0
1699250312.8239405 2.0 0.1 0.0 0
1699250312.8637466 2.0 0.1 0.0 0
1699250312.910195 2.0 0.1 0.0 0
1699250312.9443302 2.0 0.1 0.0 0
1699250312.9869304 2.0 0.1 0.0 0
1699250313.036657 2.0 0.1 0.0 0
1699250313.0857995 2.0 0.1 0.0 0
1699250313.1365767 2.0 0.1 0.0 0
1699250313.1956153 2.0 0.1 0.0 0
1699250313.2632692 2.0 0.1 0.0 0
1699250313.3203616 2.0 0.1 0.0 0
1699250313.3831942 2.0 0.1 0.0 0
1699250313.43772 2.0 0.1 0.0 0
1699250313.4761355 2.0 0.1 0.0 0
1699250313.5166428 2.0 0.1 0.0 0
1699250313.563411 2.0 0.1 0.0 0
1699250313.6002207 2.0 0.1 0.0 0
1699250313.6488132 2.0 0.1 0.0 0
1699250313.6994588 2.0 0.1 0.0 0
1699250313.7497137 2.0 0.1 0.0 0
1699250313.8019602 2.0 0.1 0.0 0
1699250313.8523564 2.0 0.1 0.0 0
1699250313.9025507 2.0 0.1 0.0 0
1699250313.9670582 2.0 0.1 0.0 0
1699250314.0234673 2.0 0.1 0.0 0
1699250314.0787702 2.0 0.1 0.0 0
1699250314.1309938 2.0 0.1 0.0 0
1699250314.1892047 2.0 0.1 0.0 0
1699250314.2559485 2.0 0.1 0.0 0
1699250314.3090994 2.0 0.1 0.0 0
1699250314.3635414 2.0 0.1 0.0 0
1699250314.416706 2.0 0.1 0.0 0
1699250314.460754 2.0 0.1 0.0 0
1699250314.496318 2.0 0.1 0.0 0
1699250314.5219147 2.0 0.1 0.0 0
1699250314.5726695 2.0 0.1 0.0 0
1699250314.6395836 2.0 0.1 0.0 0
1699250314.7189267 2.0 0.1 0.0 0
1699250314.7834628 2.0 0.1 0.0 0
1699250314.8368242 2.0 0.1 0.0 0
1699250314.8851535 2.0 0.1 0.0 0
1699250314.9416034 2.0 0.1 0.0 0
1699250314.9955673 2.0 0.1 0.0 0
1699250315.0445085 2.0 0.1 0.0 0
1699250315.0961566 2.0 0.1 0.0 0
1699250315.1461926 2.0 0.1 0.0 0
1699250315.1968403 2.0 0.1 0.0 0
1699250315.258677 2.0 0.1 0.0 0
1699250315.3098552 2.0 0.1 0.0 0
1699250315.3589036 2.0 0.1 0.0 0
1699250315.4082544 2.0 0.1 0.0 0
1699250315.4551444 2.0 0.1 0.0 0
1699250315.4986873 2.0 0.1 0.0 0
1699250315.5485249 2.0 0.1 0.0 0
1699250315.5971212 2.0 0.1 0.0 0
1699250315.6544864 2.0 0.1 0.0 0
1699250315.7086992 2.0 0.1 0.0 0
1699250315.7676446 2.0 0.1 0.0 0
1699250315.8207088 2.0 0.1 0.0 0
1699250315.8640096 2.0 0.1 0.0 0
1699250315.9311008 2.0 0.1 0.0 0
1699250315.9783945 2.0 0.1 0.0 0
1699250316.0314672 2.0 0.1 0.0 0
1699250316.092425 2.0 0.1 0.0 0
1699250316.1431582 2.0 0.1 0.0 0
1699250316.1927288 2.0 0.1 0.0 0
1699250316.2506895 2.0 0.1 0.0 0
1699250316.2991948 2.0 0.1 0.0 0
1699250316.3515048 2.0 0.1 0.0 0
1699250316.4034047 2.0 0.1 0.0 0
1699250316.4595323 2.0 0.1 0.0 0
1699250316.5117388 2.0 0.1 0.0 0
1699250316.5609705 2.0 0.1 0.0 0
1699250316.61982 2.0 0.1 0.0 0
1699250316.6697714 2.0 0.1 0.0 0
1699250316.7290256 2.0 0.1 0.0 0
1699250316.78316 2.0 0.1 0.0 0
1699250316.844911 2.0 0.1 0.0 0
1699250316.89653 2.0 0.1 0.0 0
1699250316.968602 2.0 0.1 0.0 0
1699250317.0236683 2.0 0.1 0.0 0
1699250317.0816102 2.0 0.1 0.0 0
1699250317.1436794 2.0 0.1 0.0 0
1699250317.1990688 2.0 0.1 0.0 0
1699250317.2717872 2.0 0.1 0.0 0
1699250317.3384945 2.0 0.1 0.0 0
1699250317.3977494 2.0 0.1 0.0 0
1699250317.4577942 2.0 0.1 0.0 0
1699250317.5179024 2.0 0.1 0.0 0
1699250317.587076 2.0 0.1 0.0 0
1699250317.6460214 2.0 0.1 0.0 0
1699250317.6957946 2.0 0.1 0.0 0
1699250317.7441213 2.0 0.1 0.0 0
1699250317.7950583 2.0 0.1 0.0 0
1699250317.8519294 2.0 0.1 0.0 0
1699250317.9089024 2.0 0.1 0.0 0
1699250317.9630845 2.0 0.1 0.0 0
1699250318.0268085 2.0 0.1 0.0 0
1699250318.0832322 2.0 0.1 0.0 0
1699250318.141729 2.0 0.1 0.0 0
1699250318.192396 2.0 0.1 0.0 0
1699250318.2431393 2.0 0.1 0.0 0
1699250318.2894027 2.0 0.1 0.0 0
1699250318.338262 2.0 0.1 0.0 0
1699250318.4098992 2.0 0.1 0.0 0
1699250318.4625278 2.0 0.1 0.0 0
1699250318.5096698 2.0 0.1 0.0 0
1699250318.5597808 2.0 0.1 0.0 0
1699250318.6100256 2.0 0.1 0.0 0
1699250318.6663609 2.0 0.1 0.0 0
1699250318.7173693 2.0 0.1 0.0 0
1699250318.766466 2.0 0.1 0.0 0
1699250318.8187292 2.0 0.1 0.0 0
1699250318.8690312 2.0 0.1 0.0 0
1699250318.9306684 2.0 0.1 0.0 0
1699250318.9832158 2.0 0.1 0.0 0
1699250319.0333722 2.0 0.1 0.0 0
1699250319.0908725 2.0 0.1 0.0 0
1699250319.1412437 2.0 0.1 0.0 0
1699250319.1936665 2.0 0.1 0.0 0
1699250319.2460446 2.0 0.1 0.0 0
1699250319.2953138 2.0 0.1 0.0 0
1699250319.3575869 2.0 0.1 0.0 0
1699250319.411148 2.0 0.1 0.0 0
1699250319.45437 2.0 0.1 0.0 0
1699250319.5108116 2.0 0.1 0.0 0
1699250319.567852 2.0 0.1 0.0 0
1699250319.62 2.0 0.1 0.0 0
1699250319.6729074 2.0 0.1 0.0 0
1699250319.7325764 2.0 0.1 0.0 0
1699250319.785749 2.0 0.1 0.0 0
1699250319.8409164 2.0 0.1 0.0 0
1699250319.890799 2.0 0.1 0.0 0
1699250319.951875 2.0 0.1 0.0 0
1699250320.001753 2.0 0.1 0.0 0
1699250320.06281 2.0 0.1 0.0 0
1699250320.1175485 2.0 0.1 0.0 0
1699250320.1718488 2.0 0.1 0.0 0
1699250320.2250645 2.0 0.1 0.0 0
1699250320.2918553 2.0 0.1 0.0 0
1699250320.3572311 2.0 0.1 0.0 0
1699250320.413898 2.0 0.1 0.0 0
1699250320.463418 2.0 0.1 0.0 0
1699250320.5171711 2.0 0.1 0.0 0
1699250320.5726345 2.0 0.1 0.0 0
1699250320.6244504 2.0 0.1 0.0 0
1699250320.6727884 2.0 0.1 0.0 0
1699250320.7289443 2.0 0.1 0.0 0
1699250320.7832918 2.0 0.1 0.0 0
1699250320.8360207 2.0 0.1 0.0 0
1699250320.8933678 2.0 0.1 0.0 0
1699250320.948221 2.0 0.1 0.0 0
1699250321.0216863 2.0 0.1 0.0 0
1699250321.0715961 2.0 0.1 0.0 0
1699250321.1219118 2.0 0.1 0.0 0
1699250321.1828532 2.0 0.1 0.0 0
1699250321.230343 2.0 0.1 0.0 0
1699250321.2870653 2.0 0.1 0.0 0
1699250321.34162 2.0 0.1 0.0 0
1699250321.3988976 2.0 0.1 0.0 0
1699250321.4551022 2.0 0.1 0.0 0
1699250321.5010622 2.0 0.1 0.0 0
1699250321.5499208 2.0 0.1 0.0 0
1699250321.6009994 2.0 0.1 0.0 0
1699250321.6540153 2.0 0.1 0.0 0
1699250321.707904 2.0 0.1 0.0 0
1699250321.758095 2.0 0.1 0.0 0
1699250321.8114152 2.0 0.1 0.0 0
1699250321.8725848 2.0 0.1 0.0 0
1699250321.928441 2.0 0.1 0.0 0
1699250321.984349 2.0 0.1 0.0 0
1699250322.0389104 2.0 0.1 0.0 0
1699250322.0960848 2.0 0.1 0.0 0
1699250322.153142 2.0 0.1 0.0 0
1699250322.212046 2.0 0.1 0.0 0
1699250322.265061 2.0 0.1 0.0 0
1699250322.3207185 2.0 0.1 0.0 0
1699250322.3955922 2.0 0.1 0.0 0
1699250322.4587636 2.0 0.1 0.0 0
1699250322.510442 2.0 0.1 0.0 0
1699250322.5655556 2.0 0.1 0.0 0
1699250322.6207297 2.0 0.1 0.0 0
1699250322.6657872 2.0 0.1 0.0 0
1699250322.7178156 2.0 0.1 0.0 0
1699250322.7680933 2.0 0.1 0.0 0
1699250322.8173015 2.0 0.1 0.0 0
1699250322.8778934 2.0 0.1 0.0 0
1699250322.9437902 2.0 0.1 0.0 0
1699250322.991391 2.0 0.1 0.0 0
1699250323.046321 2.0 0.1 0.0 0
1699250323.0943484 2.0 0.1 0.0 0
1699250323.1418867 2.0 0.1 0.0 0
1699250323.1908386 2.0 0.1 0.0 0
1699250323.2428963 2.0 0.1 0.0 0
1699250323.2920816 2.0 0.1 0.0 0
1699250323.3437552 2.0 0.1 0.0 0
1699250323.3989692 2.0 0.1 0.0 0
1699250323.4512033 2.0 0.1 0.0 0
1699250323.5030017 2.0 0.1 0.0 0
1699250323.5320044 2.0 0.1 0.0 0
1699250323.5524068 2.0 0.1 0.0 0
1699250323.593355 2.0 0.1 0.0 0
1699250323.6437132 2.0 0.1 0.0 0
1699250323.693842 2.0 0.1 0.0 0
1699250323.7442956 2.0 0.1 0.0 0
1699250323.7945008 2.0 0.1 0.0 0
1699250323.8450215 2.0 0.1 0.0 0
1699250323.8955562 2.0 0.1 0.0 0
1699250323.945463 2.0 0.1 0.0 0
1699250323.9959338 2.0 0.1 0.0 0
1699250324.0455828 2.0 0.1 0.0 0
1699250324.095671 2.0 0.1 0.0 0
1699250324.1470113 2.0 0.1 0.0 0
1699250324.197456 2.0 0.1 0.0 0
1699250324.2466266 2.0 0.1 0.0 0
1699250324.296617 2.0 0.1 0.0 0
1699250324.3470376 2.0 0.1 0.0 0
1699250324.4275072 2.0 0.1 0.0 0
1699250324.4613767 2.0 0.1 0.0 0
1699250324.5016258 2.0 0.1 0.0 0
1699250324.5514982 2.0 0.1 0.0 0
1699250324.6018198 2.0 0.1 0.0 0
1699250324.6514876 2.0 0.1 0.0 0
1699250324.7018957 2.0 0.1 0.0 0
1699250324.7518063 2.0 0.1 0.0 0
1699250324.8021772 2.0 0.1 0.0 0
1699250324.852008 2.0 0.1 0.0 0
1699250324.9025314 2.0 0.1 0.0 0
1699250324.9528515 2.0 0.1 0.0 0
1699250325.0026767 2.0 0.1 0.0 0
1699250325.052701 2.0 0.1 0.0 0
1699250325.1028101 2.0 0.1 0.0 0
1699250325.1545384 2.0 0.1 0.0 0
1699250325.2036557 2.0 0.1 0.0 0
1699250325.2538471 2.0 0.1 0.0 0
1699250325.3041825 2.0 0.1 0.0 0
1699250325.3545823 2.0 0.1 0.0 0
1699250325.404086 2.0 0.1 0.0 0
1699250325.4545798 2.0 0.1 0.0 0
1699250325.5045605 2.0 0.1 0.0 0
1699250325.5548851 2.0 0.1 0.0 0
1699250325.6053746 2.0 0.1 0.0 0
1699250325.6567967 2.0 0.1 0.0 0
1699250325.707165 2.0 0.1 0.0 0
1699250325.7573972 2.0 0.1 0.0 0
1699250325.8079627 2.0 0.1 0.0 0
1699250325.8584669 2.0 0.1 0.0 0
1699250325.9085498 2.0 0.1 0.0 0
1699250325.9591453 2.0 0.1 0.0 0
1699250326.008992 2.0 0.1 0.0 0
1699250326.0591726 2.0 0.1 0.0 0
1699250326.1093159 2.0 0.1 0.0 0
1699250326.1594636 2.0 0.1 0.0 0
1699250326.2098815 2.0 0.1 0.0 0
1699250326.2600627 2.0 0.1 0.0 0
1699250326.3100164 2.0 0.1 0.0 0
1699250326.3613374 2.0 0.1 0.0 0
1699250326.411285 2.0 0.1 0.0 0
1699250326.4628284 2.0 0.1 0.0 0
1699250326.5132174 2.0 0.1 0.0 0
1699250326.563307 2.0 0.1 0.0 0
1699250326.6137102 2.0 0.1 0.0 0
1699250326.6638205 2.0 0.1 0.0 0
1699250326.7137873 2.0 0.1 0.0 0
1699250326.7658489 2.0 0.1 0.0 0
1699250326.8161066 2.0 0.1 0.0 0
1699250326.8667607 2.0 0.1 0.0 0
1699250326.9169147 2.0 0.1 0.0 0
1699250326.967163 2.0 0.1 0.0 0
1699250327.0179946 2.0 0.1 0.0 0
1699250327.0686932 2.0 0.1 0.0 0
1699250327.1197808 2.0 0.1 0.0 0
1699250327.169439 2.0 0.1 0.0 0
1699250327.2193387 2.0 0.1 0.0 0
1699250327.2697785 2.0 0.1 0.0 0
1699250327.3209226 2.0 0.1 0.0 0
1699250327.3704593 2.0 0.1 0.0 0
1699250327.4208786 2.0 0.1 0.0 0
1699250327.471593 2.0 0.1 0.0 0
1699250327.5217605 2.0 0.1 0.0 0
1699250327.5715976 2.0 0.1 0.0 0
1699250327.6220086 2.0 0.1 0.0 0
1699250327.6755013 2.0 0.1 0.0 0
1699250327.7257318 2.0 0.1 0.0 0
1699250327.7759948 2.0 0.1 0.0 0
1699250327.8260827 2.0 0.1 0.0 0
1699250327.8771138 2.0 0.1 0.0 0
1699250327.9269695 2.0 0.1 0.0 0
1699250327.9773717 2.0 0.1 0.0 0
1699250328.0279918 2.0 0.1 0.0 0
1699250328.08297 2.0 0.1 0.0 0
1699250328.1285381 2.0 0.1 0.0 0
1699250328.1787937 2.0 0.1 0.0 0
1699250328.2286756 2.0 0.1 0.0 0
1699250328.2784786 2.0 0.1 0.0 0
1699250328.3285937 2.0 0.1 0.0 0
1699250328.3812022 2.0 0.1 0.0 0
1699250328.4299862 2.0 0.1 0.0 0
1699250328.480316 2.0 0.1 0.0 0
1699250328.5318482 2.0 0.1 0.0 0
1699250328.5815368 2.0 0.1 0.0 0
1699250328.6313426 2.0 0.1 0.0 0
1699250328.6815817 2.0 0.1 0.0 0
1699250328.7315538 2.0 0.1 0.0 0
1699250328.7830606 2.0 0.1 0.0 0
1699250328.8319135 2.0 0.1 0.0 0
1699250328.9009013 2.0 0.1 0.0 0
1699250328.955829 2.0 0.1 0.0 0
1699250328.9908926 2.0 0.1 0.0 0
1699250329.0373025 2.0 0.1 0.0 0
1699250329.096463 2.0 0.1 0.0 0
1699250329.1521523 2.0 0.1 0.0 0
1699250329.2097902 2.0 0.1 0.0 0
1699250329.2627888 2.0 0.1 0.0 0
1699250329.3075712 2.0 0.1 0.0 0
1699250329.3468466 2.0 0.1 0.0 0
1699250329.3895748 2.0 0.1 0.0 0
1699250329.438837 2.0 0.1 0.0 0
1699250329.4893944 2.0 0.1 0.0 0
1699250329.5391371 2.0 0.1 0.0 0
1699250329.5892954 2.0 0.1 0.0 0
1699250329.641926 2.0 0.1 0.0 0
1699250329.6909964 2.0 0.1 0.0 0
1699250329.757191 2.0 0.1 0.0 0
1699250329.825013 2.0 0.1 0.0 0
1699250329.8633184 2.0 0.1 0.0 0
1699250329.898515 2.0 0.1 0.0 0
1699250329.9448555 2.0 0.1 0.0 0
1699250329.9936252 2.0 0.1 0.0 0
1699250330.0434163 2.0 0.1 0.0 0
1699250330.09372 2.0 0.1 0.0 0
1699250330.1436877 2.0 0.1 0.0 0
1699250330.1943502 2.0 0.1 0.0 0
1699250330.2440891 2.0 0.1 0.0 0
1699250330.2953315 2.0 0.1 0.0 0
1699250330.3455546 2.0 0.1 0.0 0
1699250330.3970828 2.0 0.1 0.0 0
1699250330.4472804 2.0 0.1 0.0 0
1699250330.4975245 2.0 0.1 0.0 0
1699250330.547368 2.0 0.1 0.0 0
1699250330.6037128 2.0 0.1 0.0 0
1699250330.6535203 2.0 0.1 0.0 0
1699250330.7035015 2.0 0.1 0.0 0
1699250330.7547238 2.0 0.1 0.0 0
1699250330.804044 2.0 0.1 0.0 0
1699250330.854415 2.0 0.1 0.0 0
1699250330.9047253 2.0 0.1 0.0 0
1699250330.9546342 2.0 0.1 0.0 0
1699250331.0045478 2.0 0.1 0.0 0
1699250331.055036 2.0 0.1 0.0 0
1699250331.1073334 2.0 0.1 0.0 0
1699250331.1574006 2.0 0.1 0.0 0
1699250331.2070298 2.0 0.1 0.0 0
1699250331.2567217 2.0 0.1 0.0 0
1699250331.3064501 2.0 0.1 0.0 0
1699250331.3565416 2.0 0.1 0.0 0
1699250331.4065473 2.0 0.1 0.0 0
1699250331.4568214 2.0 0.1 0.0 0
1699250331.5076454 2.0 0.1 0.0 0
1699250331.5575652 2.0 0.1 0.0 0
1699250331.6075292 2.0 0.1 0.0 0
1699250331.6571758 2.0 0.1 0.0 0
1699250331.7079837 2.0 0.1 0.0 0
1699250331.7574344 2.0 0.1 0.0 0
1699250331.8074527 2.0 0.1 0.0 0
1699250331.8583088 2.0 0.1 0.0 0
1699250331.9085612 2.0 0.1 0.0 0
1699250331.958732 2.0 0.1 0.0 0
1699250332.0094562 2.0 0.1 0.0 0
1699250332.059454 2.0 0.1 0.0 0
1699250332.1095316 2.0 0.1 0.0 0
1699250332.1597178 2.0 0.1 0.0 0
1699250332.2104561 2.0 0.1 0.0 0
1699250332.2602177 2.0 0.1 0.0 0
1699250332.3102307 2.0 0.1 0.0 0
1699250332.360718 2.0 0.1 0.0 0
1699250332.4115067 2.0 0.1 0.0 0
1699250332.4616473 2.0 0.1 0.0 0
1699250332.51463 2.0 0.1 0.0 0
1699250332.5651033 2.0 0.1 0.0 0
1699250332.6151197 2.0 0.1 0.0 0
1699250332.665036 2.0 0.1 0.0 0
1699250332.715684 2.0 0.1 0.0 0
1699250332.7669997 2.0 0.1 0.0 0
1699250332.816747 2.0 0.1 0.0 0
1699250332.8668282 2.0 0.1 0.0 0
1699250332.9169877 2.0 0.1 0.0 0
1699250332.9698918 2.0 0.1 0.0 0
1699250333.0198944 2.0 0.1 0.0 0
1699250333.0704408 2.0 0.1 0.0 0
1699250333.121938 2.0 0.1 0.0 0
1699250333.1708245 2.0 0.1 0.0 0
1699250333.2211852 2.0 0.1 0.0 0
1699250333.2717066 2.0 0.1 0.0 0
1699250333.3218422 2.0 0.1 0.0 0
1699250333.371437 2.0 0.1 0.0 0
1699250333.4215138 2.0 0.1 0.0 0
1699250333.4726858 2.0 0.1 0.0 0
1699250333.52597 2.0 0.1 0.0 0
1699250333.5759127 2.0 0.1 0.0 0
1699250333.6236813 2.0 0.1 0.0 0
1699250333.673762 2.0 0.1 0.0 0
1699250333.7251155 2.0 0.1 0.0 0
1699250333.774597 2.0 0.1 0.0 0
1699250333.8247495 2.0 0.1 0.0 0
1699250333.8747027 2.0 0.1 0.0 0
1699250333.925334 2.0 0.1 0.0 0
1699250333.9751184 2.0 0.1 0.0 0
1699250334.0256565 2.0 0.1 0.0 0
1699250334.0766063 2.0 0.1 0.0 0
1699250334.1263967 2.0 0.1 0.0 0
1699250334.1761878 2.0 0.1 0.0 0
1699250334.22617 2.0 0.1 0.0 0
1699250334.2764258 2.0 0.1 0.0 0
1699250334.3262618 2.0 0.1 0.0 0
1699250334.3780437 2.0 0.1 0.0 0
1699250334.4280276 2.0 0.1 0.0 0
1699250334.4784858 2.0 0.1 0.0 0
1699250334.5301728 2.0 0.1 0.0 0
1699250334.5793042 2.0 0.1 0.0 0
1699250334.6301339 2.0 0.1 0.0 0
1699250334.6795127 2.0 0.1 0.0 0
1699250334.7298582 2.0 0.1 0.0 0
1699250334.7796657 2.0 0.1 0.0 0
1699250334.829975 2.0 0.1 0.0 0
1699250334.8806362 2.0 0.1 0.0 0
1699250334.9304018 2.0 0.1 0.0 0
1699250334.9808738 2.0 0.1 0.0 0
1699250335.0312536 2.0 0.1 0.0 0
1699250335.0815165 2.0 0.1 0.0 0
1699250335.1316822 2.0 0.1 0.0 0
1699250335.1817424 2.0 0.1 0.0 0
1699250335.2317407 2.0 0.1 0.0 0
1699250335.282401 2.0 0.1 0.0 0
1699250335.332035 2.0 0.1 0.0 0
1699250335.3822732 2.0 0.1 0.0 0
1699250335.4329925 2.0 0.1 0.0 0
1699250335.4840066 2.0 0.1 0.0 0
1699250335.532796 2.0 0.1 0.0 0
1699250335.582666 2.0 0.1 0.0 0
1699250335.6335263 2.0 0.1 0.0 0
1699250335.6836293 2.0 0.1 0.0 0
1699250335.7339716 2.0 0.1 0.0 0
1699250335.7838466 2.0 0.1 0.0 0
1699250335.8347816 2.0 0.1 0.0 0
1699250335.8846872 2.0 0.1 0.0 0
1699250335.9353375 2.0 0.1 0.0 0
1699250335.984943 2.0 0.1 0.0 0
1699250336.0353153 2.0 0.1 0.0 0
1699250336.0855381 2.0 0.1 0.0 0
1699250336.1351209 2.0 0.1 0.0 0
1699250336.1854396 2.0 0.1 0.0 0
1699250336.235656 2.0 0.1 0.0 0
1699250336.2858229 2.0 0.1 0.0 0
1699250336.3359156 2.0 0.1 0.0 0
1699250336.3870268 2.0 0.1 0.0 0
1699250336.4361236 2.0 0.1 0.0 0
1699250336.4863155 2.0 0.1 0.0 0
1699250336.5367386 2.0 0.1 0.0 0
1699250336.586716 2.0 0.1 0.0 0
1699250336.6373258 2.0 0.1 0.0 0
1699250336.68712 2.0 0.1 0.0 0
1699250336.7378612 2.0 0.1 0.0 0
1699250336.788098 2.0 0.1 0.0 0
1699250336.8378534 2.0 0.1 0.0 0
1699250336.8887932 2.0 0.1 0.0 0
1699250336.9383733 2.0 0.1 0.0 0
1699250336.988237 2.0 0.1 0.0 0
1699250337.038574 2.0 0.1 0.0 0
1699250337.0889592 2.0 0.1 0.0 0
1699250337.139492 2.0 0.1 0.0 0
1699250337.189484 2.0 0.1 0.0 0
1699250337.2401342 2.0 0.1 0.0 0
1699250337.291378 2.0 0.1 0.0 0
1699250337.3403249 2.0 0.1 0.0 0
1699250337.3914168 2.0 0.1 0.0 0
1699250337.4417794 2.0 0.1 0.0 0
1699250337.491978 2.0 0.1 0.0 0
1699250337.5424356 2.0 0.1 0.0 0
1699250337.59184 2.0 0.1 0.0 0
1699250337.642674 2.0 0.1 0.0 0
1699250337.6929128 2.0 0.1 0.0 0
1699250337.7431498 2.0 0.1 0.0 0
1699250337.7952256 2.0 0.1 0.0 0
1699250337.8459513 2.0 0.1 0.0 0
1699250337.8962357 2.0 0.1 0.0 0
1699250337.9468784 2.0 0.1 0.0 0
