1699263310.9665291 3.5 0.1 -0.04 0
1699263311.9292846 3.4915999999999987 0.1 0.0 0
1699263312.5007186 3.4915999999999987 0.1 0.0 0
1699263312.595212 3.4915999999999987 0.1 0.0 0
1699263312.7684538 3.4915999999999987 0.1 0.0 0
1699263312.9465137 3.4915999999999987 0.1 0.0 0
1699263313.0958855 3.4915999999999987 0.1 0.0 0
1699263313.252443 3.4915999999999987 0.1 0.0 0
1699263313.4069064 3.4915999999999987 0.1 0.0 0
1699263313.5996172 3.4915999999999987 0.1 0.0 0
1699263313.718303 3.4915999999999987 0.1 0.0 0
1699263313.862073 3.4915999999999987 0.1 0.0 0
1699263314.0129588 3.4915999999999987 0.1 0.0 0
1699263314.1596413 3.4915999999999987 0.1 0.0 0
1699263314.2654636 3.4915999999999987 0.1 0.0 0
1699263314.4311023 3.4915999999999987 0.1 0.0 0
1699263314.597588 3.4915999999999987 0.1 0.0 0
1699263314.7244265 3.4915999999999987 0.1 0.0 0
1699263314.8603263 3.4915999999999987 0.1 0.0 0
1699263315.0410573 3.4915999999999987 0.1 0.0 0
1699263315.1920834 3.4915999999999987 0.1 0.0 0
1699263315.3191955 3.4915999999999987 0.1 0.0 0
1699263315.4796011 3.4915999999999987 0.1 0.0 0
1699263315.6032302 3.4915999999999987 0.1 0.0 0
1699263315.810659 3.4915999999999987 0.1 0.0 0
1699263315.9953659 3.4915999999999987 0.1 0.0 0
1699263316.0948305 3.4915999999999987 0.1 0.0 0
1699263316.1862211 3.4915999999999987 0.1 0.0 0
1699263316.2869985 3.4915999999999987 0.1 0.0 0
1699263316.3894866 3.4915999999999987 0.1 0.0 0
1699263316.5558054 3.4915999999999987 0.1 0.0 0
1699263316.7035098 3.4915999999999987 0.1 0.0 0
1699263316.7922459 3.4915999999999987 0.1 0.0 0
1699263316.8800159 3.4915999999999987 0.1 0.0 0
1699263316.975662 3.4915999999999987 0.1 0.0 0
1699263317.0699375 3.4915999999999987 0.1 0.0 0
1699263317.2129672 3.4915999999999987 0.1 0.0 0
1699263317.299962 3.4915999999999987 0.1 0.0 0
1699263317.4422784 3.4915999999999987 0.1 0.0 0
1699263317.6165478 3.4915999999999987 0.1 0.0 0
1699263317.7189426 3.4915999999999987 0.1 0.0 0
1699263317.8353214 3.4915999999999987 0.1 0.0 0
1699263317.9299417 3.4915999999999987 0.1 0.0 0
1699263318.0644503 3.4915999999999987 0.1 0.0 0
1699263318.195613 3.4915999999999987 0.1 0.0 0
1699263318.293727 3.4915999999999987 0.1 0.0 0
1699263318.3857725 3.4915999999999987 0.1 0.0 0
1699263318.476848 3.4915999999999987 0.1 0.0 0
1699263318.6115532 3.4915999999999987 0.1 0.0 0
1699263318.7774992 3.4915999999999987 0.1 0.0 0
1699263318.8669055 3.4915999999999987 0.1 0.0 0
1699263319.0463204 3.4915999999999987 0.1 0.0 0
1699263319.2277875 3.4915999999999987 0.1 0.0 0
1699263319.3971539 3.4915999999999987 0.1 0.0 0
1699263319.5739372 3.4915999999999987 0.1 0.0 0
1699263319.7241073 3.4915999999999987 0.1 0.0 0
1699263319.8898532 3.4915999999999987 0.1 0.0 0
1699263320.025703 3.4915999999999987 0.1 0.0 0
1699263320.1680832 3.4915999999999987 0.1 0.0 0
1699263320.3513882 3.4915999999999987 0.1 0.0 0
1699263320.549919 3.4915999999999987 0.1 0.0 0
1699263320.6695874 3.4915999999999987 0.1 0.0 0
1699263320.8073473 3.4915999999999987 0.1 0.0 0
1699263320.9172761 3.4915999999999987 0.1 0.0 0
1699263321.0316088 3.4915999999999987 0.1 0.0 0
1699263321.124894 3.4915999999999987 0.1 0.0 0
1699263321.2239347 3.4915999999999987 0.1 0.0 0
1699263321.3125956 3.4915999999999987 0.1 0.0 0
1699263321.4349136 3.4915999999999987 0.1 0.0 0
1699263321.52476 3.4915999999999987 0.1 0.0 0
1699263321.6385517 3.4915999999999987 0.1 0.0 0
1699263321.7287545 3.4915999999999987 0.1 0.0 0
1699263321.8585324 3.4915999999999987 0.1 0.0 0
1699263321.9381917 3.4915999999999987 0.1 0.0 0
1699263322.037006 3.4915999999999987 0.1 0.0 0
1699263322.124192 3.4915999999999987 0.1 0.0 0
1699263322.2225924 3.4915999999999987 0.1 0.0 0
1699263322.3009512 3.4915999999999987 0.1 0.0 0
1699263322.3748477 3.4915999999999987 0.1 0.0 0
1699263322.443343 3.4915999999999987 0.1 0.0 0
1699263322.5761116 3.4915999999999987 0.1 0.0 0
1699263322.7530856 3.4915999999999987 0.1 0.0 0
1699263322.9160688 3.4915999999999987 0.1 0.0 0
1699263323.073324 3.4915999999999987 0.1 0.0 0
1699263323.2507334 3.4915999999999987 0.1 0.0 0
1699263323.429587 3.4915999999999987 0.1 0.0 0
1699263323.6198559 3.4915999999999987 0.1 0.0 0
1699263323.8031092 3.4915999999999987 0.1 0.0 0
1699263323.966537 3.4915999999999987 0.1 0.0 0
1699263324.0777562 3.4915999999999987 0.1 0.0 0
1699263324.2472365 3.4915999999999987 0.1 0.0 0
1699263324.3897386 3.4915999999999987 0.1 0.0 0
1699263324.5727837 3.4915999999999987 0.1 0.0 0
1699263324.7266705 3.4915999999999987 0.1 0.0 0
1699263324.8955092 3.4915999999999987 0.1 0.0 0
1699263325.0107796 3.4915999999999987 0.1 0.0 0
1699263325.1366258 3.4915999999999987 0.1 0.0 0
1699263325.3077755 3.4915999999999987 0.1 0.0 0
1699263325.4916697 3.4915999999999987 0.1 0.0 0
1699263325.5786412 3.4915999999999987 0.1 0.0 0
1699263325.6729548 3.4915999999999987 0.1 0.0 0
1699263325.7581768 3.4915999999999987 0.1 0.0 0
1699263325.907157 3.4915999999999987 0.1 0.0 0
1699263326.0897312 3.4915999999999987 0.1 0.0 0
1699263326.2406077 3.4915999999999987 0.1 0.0 0
1699263326.4200206 3.4915999999999987 0.1 0.0 0
1699263326.5960405 3.4915999999999987 0.1 0.0 0
1699263326.725342 3.4915999999999987 0.1 0.0 0
1699263326.8480904 3.4915999999999987 0.1 0.0 0
1699263327.0075006 3.4915999999999987 0.1 0.0 0
1699263327.1516902 3.4915999999999987 0.1 0.0 0
1699263327.310737 3.4915999999999987 0.1 0.0 0
1699263327.4358056 3.4915999999999987 0.1 0.0 0
1699263327.5855012 3.4915999999999987 0.1 0.0 0
1699263327.7907434 3.4915999999999987 0.1 0.0 0
1699263327.9969077 3.4915999999999987 0.1 0.0 0
1699263328.123641 3.4915999999999987 0.1 0.0 0
1699263328.299784 3.4915999999999987 0.1 0.0 0
1699263328.442935 3.4915999999999987 0.1 0.0 0
1699263328.7030418 3.4915999999999987 0.1 0.0 0
1699263328.9643428 3.4915999999999987 0.1 0.0 0
1699263329.2129903 3.4915999999999987 0.1 0.0 0
1699263329.4361613 3.4915999999999987 0.1 0.0 0
1699263329.6091259 3.4915999999999987 0.1 0.0 0
1699263329.806025 3.4915999999999987 0.1 0.0 0
1699263329.9738812 3.4915999999999987 0.1 0.0 0
1699263330.201829 3.4915999999999987 0.1 0.0 0
1699263330.3194733 3.4915999999999987 0.1 0.0 0
1699263330.5347576 3.4915999999999987 0.1 0.0 0
1699263330.7840846 3.4915999999999987 0.1 0.0 0
1699263330.9232404 3.4915999999999987 0.1 0.0 0
1699263331.1652808 3.4915999999999987 0.1 0.0 0
1699263331.3834805 3.4915999999999987 0.1 0.0 0
1699263331.5465398 3.4915999999999987 0.1 0.0 0
1699263331.7136636 3.4915999999999987 0.1 0.0 0
1699263331.9413407 3.4915999999999987 0.1 0.0 0
1699263332.106228 3.4915999999999987 0.1 0.0 0
1699263332.2750826 3.4915999999999987 0.1 0.0 0
1699263333.0673685 3.4915999999999987 0.1 0.0 0
1699263333.2390802 3.4915999999999987 0.1 0.0 0
1699263333.4163427 3.4915999999999987 0.1 0.0 0
1699263333.5022788 3.4915999999999987 0.1 0.0 0
1699263333.595621 3.4915999999999987 0.1 0.0 0
1699263333.6864243 3.4915999999999987 0.1 0.0 0
1699263333.845372 3.4915999999999987 0.1 0.0 0
1699263334.0116458 3.4915999999999987 0.1 0.0 0
1699263334.2033627 3.4915999999999987 0.1 0.0 0
1699263334.374667 3.4915999999999987 0.1 0.0 0
1699263334.4647012 3.4915999999999987 0.1 0.0 0
1699263334.6126664 3.4915999999999987 0.1 0.0 0
1699263334.7902453 3.4915999999999987 0.1 0.0 0
1699263334.9805033 3.4915999999999987 0.1 0.0 0
1699263335.1594884 3.4915999999999987 0.1 0.0 0
1699263335.3254173 3.4915999999999987 0.1 0.0 0
1699263335.4528177 3.4915999999999987 0.1 0.0 0
1699263335.6013844 3.4915999999999987 0.1 0.0 0
1699263335.754129 3.4915999999999987 0.1 0.0 0
1699263335.891716 3.4915999999999987 0.1 0.0 0
1699263336.0675604 3.4915999999999987 0.1 0.0 0
1699263336.2299347 3.4915999999999987 0.1 0.0 0
1699263336.385573 3.4915999999999987 0.1 0.0 0
1699263336.5347824 3.4915999999999987 0.1 0.0 0
1699263336.6386058 3.4915999999999987 0.1 0.0 0
1699263336.7657702 3.4915999999999987 0.1 0.0 0
1699263336.874978 3.4915999999999987 0.1 0.0 0
1699263336.997195 3.4915999999999987 0.1 0.0 0
1699263337.1211762 3.4915999999999987 0.1 0.0 0
1699263337.2734885 3.4915999999999987 0.1 0.0 0
1699263337.4109876 3.4915999999999987 0.1 0.0 0
1699263337.5873446 3.4915999999999987 0.1 0.0 0
1699263337.7396102 3.4915999999999987 0.1 0.0 0
1699263337.8720493 3.4915999999999987 0.1 0.0 0
1699263338.0251343 3.4915999999999987 0.1 0.0 0
1699263338.1610942 3.4915999999999987 0.1 0.0 0
1699263338.2618904 3.4915999999999987 0.1 0.0 0
1699263338.3681576 3.4915999999999987 0.1 0.0 0
1699263338.46402 3.4915999999999987 0.1 0.0 0
1699263338.54946 3.4915999999999987 0.1 0.0 0
1699263338.6340005 3.4915999999999987 0.1 0.0 0
1699263338.747215 3.4915999999999987 0.1 0.0 0
1699263338.8648891 3.4915999999999987 0.1 0.0 0
1699263338.9992995 3.4915999999999987 0.1 0.0 0
1699263339.1264682 3.4915999999999987 0.1 0.0 0
1699263339.2611282 3.4915999999999987 0.1 0.0 0
1699263339.390576 3.4915999999999987 0.1 0.0 0
1699263339.5423982 3.4915999999999987 0.1 0.0 0
1699263339.6900198 3.4915999999999987 0.1 0.0 0
1699263339.8319426 3.4915999999999987 0.1 0.0 0
1699263339.951023 3.4915999999999987 0.1 0.0 0
1699263340.0787296 3.4915999999999987 0.1 0.0 0
1699263340.2179148 3.4915999999999987 0.1 0.0 0
1699263340.400903 3.4915999999999987 0.1 0.0 0
1699263340.525398 3.4915999999999987 0.1 0.0 0
1699263340.6968238 3.4915999999999987 0.1 0.0 0
1699263340.8598154 3.4915999999999987 0.1 0.0 0
1699263341.0127358 3.4915999999999987 0.1 0.0 0
1699263341.1483092 3.4915999999999987 0.1 0.0 0
1699263341.2752635 3.4915999999999987 0.1 0.0 0
1699263341.3836095 3.4915999999999987 0.1 0.0 0
1699263341.5216048 3.4915999999999987 0.1 0.0 0
1699263341.6867394 3.4915999999999987 0.1 0.0 0
1699263341.8683846 3.4915999999999987 0.1 0.0 0
1699263342.022798 3.4915999999999987 0.1 0.0 0
1699263342.1857216 3.4915999999999987 0.1 0.0 0
1699263342.3066037 3.4915999999999987 0.1 0.0 0
1699263342.420355 3.4915999999999987 0.1 0.0 0
1699263342.5837748 3.4915999999999987 0.1 0.0 0
1699263342.7271137 3.4915999999999987 0.1 0.0 0
1699263342.8551905 3.4915999999999987 0.1 0.0 0
1699263343.0716856 3.4915999999999987 0.1 0.0 0
1699263343.2161493 3.4915999999999987 0.1 0.0 0
1699263343.358964 3.4915999999999987 0.1 0.0 0
1699263343.546815 3.4915999999999987 0.1 0.0 0
1699263343.6973248 3.4915999999999987 0.1 0.0 0
1699263343.8395832 3.4915999999999987 0.1 0.0 0
1699263343.985964 3.4915999999999987 0.1 0.0 0
1699263344.2091353 3.4915999999999987 0.1 0.0 0
1699263344.3463767 3.4915999999999987 0.1 0.0 0
1699263344.481823 3.4915999999999987 0.1 0.0 0
1699263344.591034 3.4915999999999987 0.1 0.0 0
1699263344.7205656 3.4915999999999987 0.1 0.0 0
1699263344.8676403 3.4915999999999987 0.1 0.0 0
1699263345.6770368 3.4915999999999987 0.1 0.0 0
1699263345.859583 3.4915999999999987 0.1 0.0 0
1699263346.5937479 3.4915999999999987 0.1 0.0 0
1699263346.7552085 3.4915999999999987 0.1 0.0 0
1699263346.961501 3.4915999999999987 0.1 0.0 0
1699263347.6815567 3.4915999999999987 0.1 0.0 0
1699263347.804928 3.4915999999999987 0.1 0.0 0
1699263347.9670475 3.4915999999999987 0.1 0.0 0
1699263348.856075 3.4915999999999987 0.1 0.0 0
1699263349.6519737 3.4915999999999987 0.1 0.0 0
1699263349.780046 3.4915999999999987 0.1 0.0 0
1699263350.584047 3.4915999999999987 0.1 0.0 0
1699263350.6952353 3.4915999999999987 0.1 0.0 0
1699263350.8138156 3.4915999999999987 0.1 0.0 0
1699263351.5796561 3.4915999999999987 0.1 0.0 0
1699263351.6966865 3.4915999999999987 0.1 0.0 0
1699263351.828737 3.4915999999999987 0.1 0.0 0
1699263352.6355348 3.4915999999999987 0.1 0.0 0
1699263352.839746 3.4915999999999987 0.1 0.0 0
1699263352.9716258 3.4915999999999987 0.1 0.0 0
1699263353.7063253 3.4915999999999987 0.1 0.0 0
1699263353.8001506 3.4915999999999987 0.1 0.0 0
1699263353.8934577 3.4915999999999987 0.1 0.0 0
1699263354.411626 3.4915999999999987 0.1 0.0 0
1699263354.4983172 3.4915999999999987 0.1 0.0 0
1699263354.5985298 3.4915999999999987 0.1 0.0 0
1699263355.07886 3.4915999999999987 0.1 0.0 0
1699263355.1428654 3.4915999999999987 0.1 0.0 0
1699263355.2345676 3.4915999999999987 0.1 0.0 0
1699263355.312935 3.4915999999999987 0.1 0.0 0
1699263355.8447187 3.4915999999999987 0.1 0.0 0
1699263355.9412296 3.4915999999999987 0.1 0.0 0
1699263356.0573995 3.4915999999999987 0.1 0.0 0
1699263356.1508915 3.4915999999999987 0.1 0.0 0
1699263356.6911414 3.4915999999999987 0.1 0.0 0
1699263356.7688613 3.4915999999999987 0.1 0.0 0
1699263356.83694 3.4915999999999987 0.1 0.0 0
1699263356.891328 3.4915999999999987 0.1 0.0 0
1699263357.352139 3.4915999999999987 0.1 0.0 0
1699263357.424346 3.4915999999999987 0.1 0.0 0
1699263357.5451822 3.4915999999999987 0.1 0.0 0
1699263357.9350464 3.4915999999999987 0.1 0.0 0
1699263358.0037847 3.4915999999999987 0.1 0.0 0
1699263358.1103842 3.4915999999999987 0.1 0.0 0
1699263358.1929734 3.4915999999999987 0.1 0.0 0
1699263358.632851 3.4915999999999987 0.1 0.0 0
1699263358.9934053 3.4915999999999987 0.1 0.0 0
1699263359.0459085 3.4915999999999987 0.1 0.0 0
1699263359.5791714 3.4915999999999987 0.1 0.0 0
1699263359.6842568 3.4915999999999987 0.1 0.0 0
1699263359.7826886 3.4915999999999987 0.1 0.0 0
1699263360.3102186 3.4915999999999987 0.1 0.0 0
1699263360.3931942 3.4915999999999987 0.1 0.0 0
1699263360.4840868 3.4915999999999987 0.1 0.0 0
1699263360.5707986 3.4915999999999987 0.1 0.0 0
1699263361.0128517 3.4915999999999987 0.1 0.0 0
1699263361.5258913 3.4915999999999987 0.1 0.0 0
1699263361.6362016 3.4915999999999987 0.1 0.0 0
1699263362.18656 3.4915999999999987 0.1 0.0 0
1699263362.2527785 3.4915999999999987 0.1 0.0 0
1699263362.3263533 3.4915999999999987 0.1 0.0 0
1699263362.7359872 3.4915999999999987 0.1 0.0 0
1699263362.830719 3.4915999999999987 0.1 0.0 0
1699263362.948208 3.4915999999999987 0.1 0.0 0
1699263363.0386486 3.4915999999999987 0.1 0.0 0
1699263363.4841914 3.4915999999999987 0.1 0.0 0
1699263364.0890384 3.4915999999999987 0.1 0.0 0
1699263364.1744227 3.4915999999999987 0.1 0.0 0
1699263364.7428098 3.4915999999999987 0.1 0.0 0
1699263364.8568366 3.4915999999999987 0.1 0.0 0
1699263364.9725611 3.4915999999999987 0.1 0.0 0
1699263365.4891052 3.4915999999999987 0.1 0.0 0
1699263365.576809 3.4915999999999987 0.1 0.0 0
1699263365.6916 3.4915999999999987 0.1 0.0 0
1699263366.2564094 3.4915999999999987 0.1 0.0 0
1699263366.3304608 3.4915999999999987 0.1 0.0 0
1699263366.4082797 3.4915999999999987 0.1 0.0 0
1699263366.4747784 3.4915999999999987 0.1 0.0 0
1699263366.9370098 3.4915999999999987 0.1 0.0 0
1699263367.406729 3.4915999999999987 0.1 0.0 0
1699263367.4938145 3.4915999999999987 0.1 0.0 0
1699263368.091298 3.4915999999999987 0.1 0.0 0
1699263368.1788409 3.4915999999999987 0.1 0.0 0
1699263368.254455 3.4915999999999987 0.1 0.0 0
1699263368.3223557 3.4915999999999987 0.1 0.0 0
1699263368.7424397 3.4915999999999987 0.1 0.0 0
1699263368.8314526 3.4915999999999987 0.1 0.0 0
1699263368.9052467 3.4915999999999987 0.1 0.0 0
1699263368.9742029 3.4915999999999987 0.1 0.0 0
1699263369.4815407 3.4915999999999987 0.1 0.0 0
1699263370.0300012 3.4915999999999987 0.1 0.0 0
1699263370.0978522 3.4915999999999987 0.1 0.0 0
1699263370.4638412 3.4915999999999987 0.1 0.0 0
1699263370.5273464 3.4915999999999987 0.1 0.0 0
1699263370.5850348 3.4915999999999987 0.1 0.0 0
1699263370.6461985 3.4915999999999987 0.1 0.0 0
1699263371.0275536 3.4915999999999987 0.1 0.0 0
1699263371.0951042 3.4915999999999987 0.1 0.0 0
1699263371.1611745 3.4915999999999987 0.1 0.0 0
1699263371.2264924 3.4915999999999987 0.1 0.0 0
1699263371.5906408 3.4915999999999987 0.1 0.0 0
