1699263547.6810846 3.5 0.1 -0.04 0
1699263548.9775264 3.4920400000000065 0.1 0.0 0
1699263549.5893037 3.4920400000000065 0.1 0.0 0
1699263549.7343478 3.4920400000000065 0.1 0.0 0
1699263549.8693628 3.4920400000000065 0.1 0.0 0
1699263549.9680169 3.4920400000000065 0.1 0.0 0
1699263550.0851605 3.4920400000000065 0.1 0.0 0
1699263550.230637 3.4920400000000065 0.1 0.0 0
1699263550.3336425 3.4920400000000065 0.1 0.0 0
1699263550.4369493 3.4920400000000065 0.1 0.0 0
1699263550.596687 3.4920400000000065 0.1 0.0 0
1699263550.7339725 3.4920400000000065 0.1 0.0 0
1699263550.8654907 3.4920400000000065 0.1 0.0 0
1699263550.987914 3.4920400000000065 0.1 0.0 0
1699263551.1098497 3.4920400000000065 0.1 0.0 0
1699263551.229432 3.4920400000000065 0.1 0.0 0
1699263551.3563259 3.4920400000000065 0.1 0.0 0
1699263551.474389 3.4920400000000065 0.1 0.0 0
1699263551.5890815 3.4920400000000065 0.1 0.0 0
1699263551.6861262 3.4920400000000065 0.1 0.0 0
1699263551.820455 3.4920400000000065 0.1 0.0 0
1699263551.9440217 3.4920400000000065 0.1 0.0 0
1699263552.0781631 3.4920400000000065 0.1 0.0 0
1699263552.273282 3.4920400000000065 0.1 0.0 0
1699263552.4193108 3.4920400000000065 0.1 0.0 0
1699263552.5503669 3.4920400000000065 0.1 0.0 0
1699263552.725275 3.4920400000000065 0.1 0.0 0
1699263552.8631852 3.4920400000000065 0.1 0.0 0
1699263553.0241013 3.4920400000000065 0.1 0.0 0
1699263553.2348833 3.4920400000000065 0.1 0.0 0
1699263553.4077945 3.4920400000000065 0.1 0.0 0
1699263553.5533 3.4920400000000065 0.1 0.0 0
1699263553.7321875 3.4920400000000065 0.1 0.0 0
1699263553.8950121 3.4920400000000065 0.1 0.0 0
1699263554.140011 3.4920400000000065 0.1 0.0 0
1699263554.2923422 3.4920400000000065 0.1 0.0 0
1699263554.5775464 3.4920400000000065 0.1 0.0 0
1699263554.767598 3.4920400000000065 0.1 0.0 0
1699263554.9301383 3.4920400000000065 0.1 0.0 0
1699263555.1098173 3.4920400000000065 0.1 0.0 0
1699263555.3101985 3.4920400000000065 0.1 0.0 0
1699263555.4775348 3.4920400000000065 0.1 0.0 0
1699263555.6772697 3.4920400000000065 0.1 0.0 0
1699263555.8290806 3.4920400000000065 0.1 0.0 0
1699263556.0404043 3.4920400000000065 0.1 0.0 0
1699263556.1961868 3.4920400000000065 0.1 0.0 0
1699263556.3929892 3.4920400000000065 0.1 0.0 0
1699263556.5407689 3.4920400000000065 0.1 0.0 0
1699263556.7029297 3.4920400000000065 0.1 0.0 0
1699263556.9083867 3.4920400000000065 0.1 0.0 0
1699263557.105537 3.4920400000000065 0.1 0.0 0
1699263557.271097 3.4920400000000065 0.1 0.0 0
1699263557.4313986 3.4920400000000065 0.1 0.0 0
1699263557.6517339 3.4920400000000065 0.1 0.0 0
1699263557.8339214 3.4920400000000065 0.1 0.0 0
1699263558.0081384 3.4920400000000065 0.1 0.0 0
1699263558.174597 3.4920400000000065 0.1 0.0 0
1699263558.3769002 3.4920400000000065 0.1 0.0 0
1699263558.5335848 3.4920400000000065 0.1 0.0 0
1699263558.7265255 3.4920400000000065 0.1 0.0 0
1699263558.8734572 3.4920400000000065 0.1 0.0 0
1699263559.0736737 3.4920400000000065 0.1 0.0 0
1699263559.329913 3.4920400000000065 0.1 0.0 0
1699263559.5345461 3.4920400000000065 0.1 0.0 0
1699263559.69561 3.4920400000000065 0.1 0.0 0
1699263559.8648393 3.4920400000000065 0.1 0.0 0
1699263560.00075 3.4920400000000065 0.1 0.0 0
1699263560.1774626 3.4920400000000065 0.1 0.0 0
1699263560.3503451 3.4920400000000065 0.1 0.0 0
1699263560.506617 3.4920400000000065 0.1 0.0 0
1699263560.686613 3.4920400000000065 0.1 0.0 0
1699263560.8826935 3.4920400000000065 0.1 0.0 0
1699263561.0491397 3.4920400000000065 0.1 0.0 0
1699263561.229918 3.4920400000000065 0.1 0.0 0
1699263561.3972752 3.4920400000000065 0.1 0.0 0
1699263561.5807827 3.4920400000000065 0.1 0.0 0
1699263561.7216969 3.4920400000000065 0.1 0.0 0
1699263561.868169 3.4920400000000065 0.1 0.0 0
1699263562.030689 3.4920400000000065 0.1 0.0 0
1699263562.191885 3.4920400000000065 0.1 0.0 0
1699263562.3346064 3.4920400000000065 0.1 0.0 0
1699263562.5046287 3.4920400000000065 0.1 0.0 0
1699263562.6454315 3.4920400000000065 0.1 0.0 0
1699263562.8080425 3.4920400000000065 0.1 0.0 0
1699263562.9446356 3.4920400000000065 0.1 0.0 0
1699263563.0726354 3.4920400000000065 0.1 0.0 0
1699263563.2170057 3.4920400000000065 0.1 0.0 0
1699263563.3419893 3.4920400000000065 0.1 0.0 0
1699263563.4917767 3.4920400000000065 0.1 0.0 0
1699263563.6392024 3.4920400000000065 0.1 0.0 0
1699263563.8048291 3.4920400000000065 0.1 0.0 0
1699263563.9636824 3.4920400000000065 0.1 0.0 0
1699263564.1025226 3.4920400000000065 0.1 0.0 0
1699263564.2601707 3.4920400000000065 0.1 0.0 0
1699263564.3927844 3.4920400000000065 0.1 0.0 0
1699263564.5523174 3.4920400000000065 0.1 0.0 0
1699263564.7076504 3.4920400000000065 0.1 0.0 0
1699263564.8491552 3.4920400000000065 0.1 0.0 0
1699263564.965321 3.4920400000000065 0.1 0.0 0
1699263565.1059906 3.4920400000000065 0.1 0.0 0
1699263565.2501292 3.4920400000000065 0.1 0.0 0
1699263565.3648183 3.4920400000000065 0.1 0.0 0
1699263565.5218885 3.4920400000000065 0.1 0.0 0
1699263565.6601949 3.4920400000000065 0.1 0.0 0
1699263565.8138955 3.4920400000000065 0.1 0.0 0
1699263565.9418054 3.4920400000000065 0.1 0.0 0
1699263566.0736814 3.4920400000000065 0.1 0.0 0
1699263566.243937 3.4920400000000065 0.1 0.0 0
1699263566.3835642 3.4920400000000065 0.1 0.0 0
1699263566.5319777 3.4920400000000065 0.1 0.0 0
1699263566.6611943 3.4920400000000065 0.1 0.0 0
1699263566.7901466 3.4920400000000065 0.1 0.0 0
1699263566.9381151 3.4920400000000065 0.1 0.0 0
1699263567.118481 3.4920400000000065 0.1 0.0 0
1699263567.2576172 3.4920400000000065 0.1 0.0 0
1699263567.472091 3.4920400000000065 0.1 0.0 0
1699263567.6791084 3.4920400000000065 0.1 0.0 0
1699263567.8841941 3.4920400000000065 0.1 0.0 0
1699263568.0787463 3.4920400000000065 0.1 0.0 0
1699263568.301521 3.4920400000000065 0.1 0.0 0
1699263568.4805415 3.4920400000000065 0.1 0.0 0
1699263568.6827905 3.4920400000000065 0.1 0.0 0
1699263568.8859985 3.4920400000000065 0.1 0.0 0
1699263569.091288 3.4920400000000065 0.1 0.0 0
1699263569.2685344 3.4920400000000065 0.1 0.0 0
1699263569.4452033 3.4920400000000065 0.1 0.0 0
1699263569.649369 3.4920400000000065 0.1 0.0 0
1699263569.8719163 3.4920400000000065 0.1 0.0 0
1699263570.0917156 3.4920400000000065 0.1 0.0 0
1699263570.3094063 3.4920400000000065 0.1 0.0 0
1699263570.5247765 3.4920400000000065 0.1 0.0 0
1699263570.746214 3.4920400000000065 0.1 0.0 0
1699263570.9728413 3.4920400000000065 0.1 0.0 0
1699263571.2237446 3.4920400000000065 0.1 0.0 0
1699263571.4012654 3.4920400000000065 0.1 0.0 0
1699263571.5906124 3.4920400000000065 0.1 0.0 0
1699263571.796605 3.4920400000000065 0.1 0.0 0
1699263572.017711 3.4920400000000065 0.1 0.0 0
1699263572.6550884 3.4920400000000065 0.1 0.0 0
1699263572.8111982 3.4920400000000065 0.1 0.0 0
1699263572.9312332 3.4920400000000065 0.1 0.0 0
1699263573.0943005 3.4920400000000065 0.1 0.0 0
1699263573.2372425 3.4920400000000065 0.1 0.0 0
1699263573.3761542 3.4920400000000065 0.1 0.0 0
1699263573.5378344 3.4920400000000065 0.1 0.0 0
1699263573.6654217 3.4920400000000065 0.1 0.0 0
1699263573.7835422 3.4920400000000065 0.1 0.0 0
1699263573.8996878 3.4920400000000065 0.1 0.0 0
1699263574.0421333 3.4920400000000065 0.1 0.0 0
1699263574.1801238 3.4920400000000065 0.1 0.0 0
1699263574.3220263 3.4920400000000065 0.1 0.0 0
1699263574.460526 3.4920400000000065 0.1 0.0 0
1699263574.5933104 3.4920400000000065 0.1 0.0 0
1699263574.7269576 3.4920400000000065 0.1 0.0 0
1699263574.8533776 3.4920400000000065 0.1 0.0 0
1699263575.0059776 3.4920400000000065 0.1 0.0 0
1699263575.1598117 3.4920400000000065 0.1 0.0 0
1699263575.3125107 3.4920400000000065 0.1 0.0 0
1699263575.4507642 3.4920400000000065 0.1 0.0 0
1699263575.5555902 3.4920400000000065 0.1 0.0 0
1699263575.6788914 3.4920400000000065 0.1 0.0 0
1699263575.791898 3.4920400000000065 0.1 0.0 0
1699263575.9223418 3.4920400000000065 0.1 0.0 0
1699263576.0589252 3.4920400000000065 0.1 0.0 0
1699263576.2198403 3.4920400000000065 0.1 0.0 0
1699263576.3312564 3.4920400000000065 0.1 0.0 0
1699263576.4496665 3.4920400000000065 0.1 0.0 0
1699263576.589677 3.4920400000000065 0.1 0.0 0
1699263576.7631192 3.4920400000000065 0.1 0.0 0
1699263576.89564 3.4920400000000065 0.1 0.0 0
1699263576.9952931 3.4920400000000065 0.1 0.0 0
1699263577.1059651 3.4920400000000065 0.1 0.0 0
1699263577.221941 3.4920400000000065 0.1 0.0 0
1699263577.342411 3.4920400000000065 0.1 0.0 0
1699263577.4641333 3.4920400000000065 0.1 0.0 0
1699263577.6073592 3.4920400000000065 0.1 0.0 0
1699263577.7483835 3.4920400000000065 0.1 0.0 0
1699263577.8646197 3.4920400000000065 0.1 0.0 0
1699263577.980766 3.4920400000000065 0.1 0.0 0
1699263578.1329618 3.4920400000000065 0.1 0.0 0
1699263578.2767854 3.4920400000000065 0.1 0.0 0
1699263578.3882747 3.4920400000000065 0.1 0.0 0
1699263578.5172107 3.4920400000000065 0.1 0.0 0
1699263578.647065 3.4920400000000065 0.1 0.0 0
1699263578.771414 3.4920400000000065 0.1 0.0 0
1699263578.9202905 3.4920400000000065 0.1 0.0 0
1699263579.0351946 3.4920400000000065 0.1 0.0 0
1699263579.1628678 3.4920400000000065 0.1 0.0 0
1699263579.2695844 3.4920400000000065 0.1 0.0 0
1699263579.4075568 3.4920400000000065 0.1 0.0 0
1699263579.5258443 3.4920400000000065 0.1 0.0 0
1699263579.647397 3.4920400000000065 0.1 0.0 0
1699263579.779671 3.4920400000000065 0.1 0.0 0
1699263579.9051905 3.4920400000000065 0.1 0.0 0
1699263580.02451 3.4920400000000065 0.1 0.0 0
1699263580.1313562 3.4920400000000065 0.1 0.0 0
1699263580.2579677 3.4920400000000065 0.1 0.0 0
1699263580.3781633 3.4920400000000065 0.1 0.0 0
1699263580.5050824 3.4920400000000065 0.1 0.0 0
1699263580.6479175 3.4920400000000065 0.1 0.0 0
1699263580.7678568 3.4920400000000065 0.1 0.0 0
1699263580.897789 3.4920400000000065 0.1 0.0 0
1699263581.0213134 3.4920400000000065 0.1 0.0 0
1699263581.173463 3.4920400000000065 0.1 0.0 0
1699263581.291584 3.4920400000000065 0.1 0.0 0
1699263581.4113736 3.4920400000000065 0.1 0.0 0
1699263581.5546901 3.4920400000000065 0.1 0.0 0
1699263581.7072027 3.4920400000000065 0.1 0.0 0
1699263581.8660815 3.4920400000000065 0.1 0.0 0
1699263581.9927661 3.4920400000000065 0.1 0.0 0
1699263582.15932 3.4920400000000065 0.1 0.0 0
1699263582.3053286 3.4920400000000065 0.1 0.0 0
1699263582.4443545 3.4920400000000065 0.1 0.0 0
1699263582.60961 3.4920400000000065 0.1 0.0 0
1699263582.7376227 3.4920400000000065 0.1 0.0 0
1699263582.89258 3.4920400000000065 0.1 0.0 0
1699263583.0071642 3.4920400000000065 0.1 0.0 0
1699263583.162376 3.4920400000000065 0.1 0.0 0
1699263583.312893 3.4920400000000065 0.1 0.0 0
1699263583.4665434 3.4920400000000065 0.1 0.0 0
1699263583.5742164 3.4920400000000065 0.1 0.0 0
1699263583.7241814 3.4920400000000065 0.1 0.0 0
1699263584.4089417 3.4920400000000065 0.1 0.0 0
1699263584.559388 3.4920400000000065 0.1 0.0 0
1699263585.1860254 3.4920400000000065 0.1 0.0 0
1699263585.3071713 3.4920400000000065 0.1 0.0 0
1699263585.4553766 3.4920400000000065 0.1 0.0 0
1699263586.1230507 3.4920400000000065 0.1 0.0 0
1699263586.274659 3.4920400000000065 0.1 0.0 0
1699263586.3950171 3.4920400000000065 0.1 0.0 0
1699263587.0520098 3.4920400000000065 0.1 0.0 0
1699263587.565653 3.4920400000000065 0.1 0.0 0
1699263587.6460621 3.4920400000000065 0.1 0.0 0
1699263588.105687 3.4920400000000065 0.1 0.0 0
1699263588.1806843 3.4920400000000065 0.1 0.0 0
1699263588.2980907 3.4920400000000065 0.1 0.0 0
1699263588.7290576 3.4920400000000065 0.1 0.0 0
1699263588.8064437 3.4920400000000065 0.1 0.0 0
1699263588.876042 3.4920400000000065 0.1 0.0 0
1699263589.4000566 3.4920400000000065 0.1 0.0 0
1699263589.497257 3.4920400000000065 0.1 0.0 0
1699263589.5958188 3.4920400000000065 0.1 0.0 0
1699263590.2158864 3.4920400000000065 0.1 0.0 0
1699263590.2955027 3.4920400000000065 0.1 0.0 0
1699263590.392347 3.4920400000000065 0.1 0.0 0
1699263591.0191221 3.4920400000000065 0.1 0.0 0
1699263591.097704 3.4920400000000065 0.1 0.0 0
1699263591.1865103 3.4920400000000065 0.1 0.0 0
1699263591.890885 3.4920400000000065 0.1 0.0 0
1699263591.9924042 3.4920400000000065 0.1 0.0 0
1699263592.0637841 3.4920400000000065 0.1 0.0 0
1699263592.1347528 3.4920400000000065 0.1 0.0 0
1699263592.7680745 3.4920400000000065 0.1 0.0 0
1699263592.8394792 3.4920400000000065 0.1 0.0 0
1699263592.9418337 3.4920400000000065 0.1 0.0 0
1699263593.0807674 3.4920400000000065 0.1 0.0 0
1699263593.8147397 3.4920400000000065 0.1 0.0 0
1699263593.9536526 3.4920400000000065 0.1 0.0 0
1699263594.0866673 3.4920400000000065 0.1 0.0 0
1699263594.217058 3.4920400000000065 0.1 0.0 0
1699263594.7825656 3.4920400000000065 0.1 0.0 0
1699263594.8884234 3.4920400000000065 0.1 0.0 0
1699263595.0091717 3.4920400000000065 0.1 0.0 0
1699263595.615536 3.4920400000000065 0.1 0.0 0
1699263595.7725806 3.4920400000000065 0.1 0.0 0
1699263595.934813 3.4920400000000065 0.1 0.0 0
1699263596.0787709 3.4920400000000065 0.1 0.0 0
1699263596.8972497 3.4920400000000065 0.1 0.0 0
1699263597.6563287 3.4920400000000065 0.1 0.0 0
1699263597.7914927 3.4920400000000065 0.1 0.0 0
1699263598.8475926 3.4920400000000065 0.1 0.0 0
1699263598.9776459 3.4920400000000065 0.1 0.0 0
1699263599.1069555 3.4920400000000065 0.1 0.0 0
1699263599.8924937 3.4920400000000065 0.1 0.0 0
1699263600.0880327 3.4920400000000065 0.1 0.0 0
1699263600.2631695 3.4920400000000065 0.1 0.0 0
1699263600.3882391 3.4920400000000065 0.1 0.0 0
1699263601.201031 3.4920400000000065 0.1 0.0 0
1699263601.9520314 3.4920400000000065 0.1 0.0 0
1699263602.0792563 3.4920400000000065 0.1 0.0 0
1699263603.0371919 3.4920400000000065 0.1 0.0 0
1699263603.2117796 3.4920400000000065 0.1 0.0 0
1699263603.3482814 3.4920400000000065 0.1 0.0 0
1699263603.9823787 3.4920400000000065 0.1 0.0 0
1699263604.0732827 3.4920400000000065 0.1 0.0 0
1699263604.2122307 3.4920400000000065 0.1 0.0 0
1699263604.3491316 3.4920400000000065 0.1 0.0 0
1699263605.0957763 3.4920400000000065 0.1 0.0 0
1699263605.7925248 3.4920400000000065 0.1 0.0 0
1699263605.9134614 3.4920400000000065 0.1 0.0 0
1699263606.649776 3.4920400000000065 0.1 0.0 0
1699263606.762139 3.4920400000000065 0.1 0.0 0
1699263606.89841 3.4920400000000065 0.1 0.0 0
1699263607.7051523 3.4920400000000065 0.1 0.0 0
1699263607.8176892 3.4920400000000065 0.1 0.0 0
1699263607.9193013 3.4920400000000065 0.1 0.0 0
1699263608.6226137 3.4920400000000065 0.1 0.0 0
1699263608.7681143 3.4920400000000065 0.1 0.0 0
1699263608.8776348 3.4920400000000065 0.1 0.0 0
1699263609.0573437 3.4920400000000065 0.1 0.0 0
1699263609.6816494 3.4920400000000065 0.1 0.0 0
1699263610.4449277 3.4920400000000065 0.1 0.0 0
1699263610.5902345 3.4920400000000065 0.1 0.0 0
1699263611.2931871 3.4920400000000065 0.1 0.0 0
1699263611.4434931 3.4920400000000065 0.1 0.0 0
1699263611.5896406 3.4920400000000065 0.1 0.0 0
1699263611.7120879 3.4920400000000065 0.1 0.0 0
1699263612.3687117 3.4920400000000065 0.1 0.0 0
1699263612.5082781 3.4920400000000065 0.1 0.0 0
1699263612.6375935 3.4920400000000065 0.1 0.0 0
1699263612.7769465 3.4920400000000065 0.1 0.0 0
1699263613.504889 3.4920400000000065 0.1 0.0 0
1699263614.1989322 3.4920400000000065 0.1 0.0 0
1699263614.3109546 3.4920400000000065 0.1 0.0 0
1699263615.158075 3.4920400000000065 0.1 0.0 0
1699263615.3499007 3.4920400000000065 0.1 0.0 0
1699263615.4883697 3.4920400000000065 0.1 0.0 0
1699263615.6785605 3.4920400000000065 0.1 0.0 0
1699263616.6013205 3.4920400000000065 0.1 0.0 0
1699263616.7291021 3.4920400000000065 0.1 0.0 0
1699263616.8612106 3.4920400000000065 0.1 0.0 0
1699263617.008102 3.4920400000000065 0.1 0.0 0
1699263617.6430414 3.4920400000000065 0.1 0.0 0
1699263618.1814284 3.4920400000000065 0.1 0.0 0
1699263618.2755063 3.4920400000000065 0.1 0.0 0
1699263618.8259695 3.4920400000000065 0.1 0.0 0
1699263618.9206858 3.4920400000000065 0.1 0.0 0
1699263619.0243104 3.4920400000000065 0.1 0.0 0
1699263619.5020819 3.4920400000000065 0.1 0.0 0
1699263619.5775838 3.4920400000000065 0.1 0.0 0
1699263619.7082639 3.4920400000000065 0.1 0.0 0
1699263619.8174014 3.4920400000000065 0.1 0.0 0
1699263620.3482313 3.4920400000000065 0.1 0.0 0
1699263620.4306555 3.4920400000000065 0.1 0.0 0
1699263620.5227466 3.4920400000000065 0.1 0.0 0
1699263620.6389194 3.4920400000000065 0.1 0.0 0
1699263621.1751454 3.4920400000000065 0.1 0.0 0
1699263621.2765324 3.4920400000000065 0.1 0.0 0
1699263621.3780491 3.4920400000000065 0.1 0.0 0
1699263621.4974442 3.4920400000000065 0.1 0.0 0
1699263622.0512347 3.4920400000000065 0.1 0.0 0
1699263622.1544468 3.4920400000000065 0.1 0.0 0
1699263622.2323697 3.4920400000000065 0.1 0.0 0
1699263622.3208864 3.4920400000000065 0.1 0.0 0
1699263622.7716324 3.4920400000000065 0.1 0.0 0
1699263623.3026206 3.4920400000000065 0.1 0.0 0
1699263623.399668 3.4920400000000065 0.1 0.0 0
1699263623.9092512 3.4920400000000065 0.1 0.0 0
1699263623.997402 3.4920400000000065 0.1 0.0 0
1699263624.0754557 3.4920400000000065 0.1 0.0 0
1699263624.6538632 3.4920400000000065 0.1 0.0 0
1699263624.7398648 3.4920400000000065 0.1 0.0 0
1699263624.8588493 3.4920400000000065 0.1 0.0 0
1699263624.963655 3.4920400000000065 0.1 0.0 0
1699263625.5794067 3.4920400000000065 0.1 0.0 0
1699263625.6818275 3.4920400000000065 0.1 0.0 0
1699263625.7909768 3.4920400000000065 0.1 0.0 0
1699263626.5067234 3.4920400000000065 0.1 0.0 0
1699263626.6314125 3.4920400000000065 0.1 0.0 0
1699263626.7593627 3.4920400000000065 0.1 0.0 0
1699263627.3835692 3.4920400000000065 0.1 0.0 0
1699263627.5082104 3.4920400000000065 0.1 0.0 0
1699263627.6288407 3.4920400000000065 0.1 0.0 0
1699263627.7585156 3.4920400000000065 0.1 0.0 0
1699263628.3986878 3.4920400000000065 0.1 0.0 0
1699263629.071948 3.4920400000000065 0.1 0.0 0
1699263629.1879303 3.4920400000000065 0.1 0.0 0
1699263629.9491024 3.4920400000000065 0.1 0.0 0
1699263630.0800269 3.4920400000000065 0.1 0.0 0
1699263630.2189164 3.4920400000000065 0.1 0.0 0
1699263630.9346118 3.4920400000000065 0.1 0.0 0
1699263631.0649502 3.4920400000000065 0.1 0.0 0
1699263631.1941605 3.4920400000000065 0.1 0.0 0
1699263632.1239545 3.4920400000000065 0.1 0.0 0
1699263632.2449312 3.4920400000000065 0.1 0.0 0
1699263632.373037 3.4920400000000065 0.1 0.0 0
1699263633.034916 3.4920400000000065 0.1 0.0 0
1699263633.1460037 3.4920400000000065 0.1 0.0 0
1699263633.240039 3.4920400000000065 0.1 0.0 0
1699263633.7317061 3.4920400000000065 0.1 0.0 0
1699263633.816336 3.4920400000000065 0.1 0.0 0
1699263633.9429448 3.4920400000000065 0.1 0.0 0
1699263634.4102366 3.4920400000000065 0.1 0.0 0
1699263634.4911408 3.4920400000000065 0.1 0.0 0
1699263634.6048772 3.4920400000000065 0.1 0.0 0
1699263634.74396 3.4920400000000065 0.1 0.0 0
1699263635.363867 3.4920400000000065 0.1 0.0 0
1699263636.0750587 3.4920400000000065 0.1 0.0 0
1699263636.1485913 3.4920400000000065 0.1 0.0 0
1699263636.6754014 3.4920400000000065 0.1 0.0 0
1699263636.7642713 3.4920400000000065 0.1 0.0 0
1699263636.864391 3.4920400000000065 0.1 0.0 0
1699263637.3853195 3.4920400000000065 0.1 0.0 0
1699263637.495566 3.4920400000000065 0.1 0.0 0
1699263637.5974047 3.4920400000000065 0.1 0.0 0
1699263637.6964054 3.4920400000000065 0.1 0.0 0
1699263638.2335134 3.4920400000000065 0.1 0.0 0
1699263638.7629683 3.4920400000000065 0.1 0.0 0
1699263638.8612642 3.4920400000000065 0.1 0.0 0
1699263639.418042 3.4920400000000065 0.1 0.0 0
1699263639.5158646 3.4920400000000065 0.1 0.0 0
1699263639.6048005 3.4920400000000065 0.1 0.0 0
1699263639.683333 3.4920400000000065 0.1 0.0 0
1699263640.189712 3.4920400000000065 0.1 0.0 0
1699263640.2870374 3.4920400000000065 0.1 0.0 0
1699263640.3964105 3.4920400000000065 0.1 0.0 0
1699263641.046182 3.4920400000000065 0.1 0.0 0
1699263641.1635067 3.4920400000000065 0.1 0.0 0
1699263641.2756314 3.4920400000000065 0.1 0.0 0
1699263641.978682 3.4920400000000065 0.1 0.0 0
1699263642.081266 3.4920400000000065 0.1 0.0 0
1699263642.205899 3.4920400000000065 0.1 0.0 0
1699263643.033595 3.4920400000000065 0.1 0.0 0
1699263643.198088 3.4920400000000065 0.1 0.0 0
1699263643.4020503 3.4920400000000065 0.1 0.0 0
1699263643.5452251 3.4920400000000065 0.1 0.0 0
1699263644.3569164 3.4920400000000065 0.1 0.0 0
1699263644.5032256 3.4920400000000065 0.1 0.0 0
1699263644.619255 3.4920400000000065 0.1 0.0 0
1699263645.188565 3.4920400000000065 0.1 0.0 0
1699263645.28589 3.4920400000000065 0.1 0.0 0
1699263645.398116 3.4920400000000065 0.1 0.0 0
1699263645.481882 3.4920400000000065 0.1 0.0 0
1699263645.975637 3.4920400000000065 0.1 0.0 0
1699263646.0588677 3.4920400000000065 0.1 0.0 0
1699263646.167802 3.4920400000000065 0.1 0.0 0
1699263646.7420428 3.4920400000000065 0.1 0.0 0
1699263646.8200436 3.4920400000000065 0.1 0.0 0
1699263646.9209526 3.4920400000000065 0.1 0.0 0
1699263647.017835 3.4920400000000065 0.1 0.0 0
1699263647.6066084 3.4920400000000065 0.1 0.0 0
1699263648.1196685 3.4920400000000065 0.1 0.0 0
1699263648.1997318 3.4920400000000065 0.1 0.0 0
1699263648.740939 3.4920400000000065 0.1 0.0 0
1699263648.8895404 3.4920400000000065 0.1 0.0 0
1699263648.9831643 3.4920400000000065 0.1 0.0 0
1699263649.0776994 3.4920400000000065 0.1 0.0 0
1699263649.6093593 3.4920400000000065 0.1 0.0 0
1699263649.695961 3.4920400000000065 0.1 0.0 0
1699263649.7855759 3.4920400000000065 0.1 0.0 0
1699263650.2802918 3.4920400000000065 0.1 0.0 0
1699263650.3895915 3.4920400000000065 0.1 0.0 0
1699263650.481987 3.4920400000000065 0.1 0.0 0
1699263650.5908513 3.4920400000000065 0.1 0.0 0
1699263651.1291666 3.4920400000000065 0.1 0.0 0
1699263651.2317877 3.4920400000000065 0.1 0.0 0
1699263651.3584507 3.4920400000000065 0.1 0.0 0
1699263651.4981782 3.4920400000000065 0.1 0.0 0
1699263652.1785464 3.4920400000000065 0.1 0.0 0
1699263652.923209 3.4920400000000065 0.1 0.0 0
1699263653.0385668 3.4920400000000065 0.1 0.0 0
1699263653.7452874 3.4920400000000065 0.1 0.0 0
1699263653.8914218 3.4920400000000065 0.1 0.0 0
1699263653.996754 3.4920400000000065 0.1 0.0 0
1699263654.1378987 3.4920400000000065 0.1 0.0 0
1699263654.9182537 3.4920400000000065 0.1 0.0 0
1699263655.0291793 3.4920400000000065 0.1 0.0 0
1699263655.146807 3.4920400000000065 0.1 0.0 0
1699263655.2769997 3.4920400000000065 0.1 0.0 0
1699263655.8114922 3.4920400000000065 0.1 0.0 0
1699263655.8972914 3.4920400000000065 0.1 0.0 0
1699263656.017216 3.4920400000000065 0.1 0.0 0
1699263656.5103958 3.4920400000000065 0.1 0.0 0
1699263656.5739985 3.4920400000000065 0.1 0.0 0
1699263656.6736126 3.4920400000000065 0.1 0.0 0
1699263657.1676826 3.4920400000000065 0.1 0.0 0
1699263657.2459588 3.4920400000000065 0.1 0.0 0
1699263657.3569853 3.4920400000000065 0.1 0.0 0
1699263657.820845 3.4920400000000065 0.1 0.0 0
1699263657.897864 3.4920400000000065 0.1 0.0 0
1699263657.9893732 3.4920400000000065 0.1 0.0 0
1699263658.461781 3.4920400000000065 0.1 0.0 0
1699263658.5351589 3.4920400000000065 0.1 0.0 0
1699263658.622071 3.4920400000000065 0.1 0.0 0
1699263659.2438881 3.4920400000000065 0.1 0.0 0
1699263659.3611195 3.4920400000000065 0.1 0.0 0
1699263659.4535449 3.4920400000000065 0.1 0.0 0
1699263659.5352018 3.4920400000000065 0.1 0.0 0
1699263660.0647156 3.4920400000000065 0.1 0.0 0
