1699013431.0845544 3.5 0.15 -0.04 0
1699013431.2366905 3.4998383140563964 0.15 -0.04 0
1699013431.2924054 3.493776969909668 0.15 -0.04 0
1699013431.3460534 3.491551036834717 0.15 -0.04 0
1699013431.4003253 3.489405174255371 0.15 -0.04 0
1699013431.4550436 3.487234172821045 0.15 -0.04 0
1699013431.5089228 3.4850448322296144 0.15 -0.04 0
1699013431.561292 3.482890377044678 0.15 -0.04 0
1699013431.6165721 3.4807956695556643 0.15 -0.04 0
1699013431.6693995 3.478584079742432 0.15 -0.04 0
1699013431.7256916 3.4764712619781495 0.15 -0.04 0
1699013431.7796345 3.474219617843628 0.15 -0.04 0
1699013431.8348784 3.472061891555786 0.15 -0.04 0
1699013431.8906322 3.469852104187012 0.15 -0.04 0
1699013431.9454935 3.467621927261353 0.15 -0.04 0
1699013431.9998653 3.4654275035858157 0.15 -0.04 0
1699013432.054464 3.4632526016235357 0.15 -0.04 0
1699013432.108166 3.461067342758179 0.15 -0.04 0
1699013432.1637568 3.458920001983643 0.15 -0.04 0
1699013432.2176073 3.4566970062255864 0.15 -0.04 0
1699013432.2730114 3.4545429325103765 0.15 -0.04 0
1699013432.327728 3.4523268318176275 0.15 -0.04 0
1699013432.4488502 3.450138158798218 0.15 -0.04 0
1699013432.5050998 3.445293235778809 0.15 -0.04 0
1699013432.55885 3.4430432891845704 0.15 -0.04 0
1699013432.6127694 3.4408932304382325 0.15 -0.04 0
1699013432.6657512 3.438736572265625 0.15 -0.04 0
1699013432.7195942 3.4366172885894777 0.15 -0.04 0
1699013432.7747498 3.4344635868072513 0.15 -0.04 0
1699013432.828266 3.4322572612762454 0.15 -0.04 0
1699013432.8813791 3.4301166248321535 0.15 -0.04 0
1699013432.935411 3.4279922008514405 0.15 -0.04 0
1699013432.9884536 3.4258308601379395 0.15 -0.04 0
1699013433.0426679 3.4237091732025147 0.15 -0.04 0
1699013433.0955389 3.4215384483337403 0.15 -0.04 0
1699013433.1484177 3.4194243717193604 0.15 -0.04 0
1699013433.2029405 3.4173106288909914 0.15 -0.04 0
1699013433.2579489 3.415129728317261 0.15 -0.04 0
1699013433.3125887 3.412928810119629 0.15 -0.04 0
1699013433.3658676 3.4107437324523926 0.15 -0.04 0
1699013433.4209628 3.4086126327514648 0.15 -0.04 0
1699013433.474983 3.406406717300415 0.15 -0.04 0
1699013433.5292988 3.4042469310760497 0.15 -0.04 0
1699013433.5849771 3.402074794769287 0.15 -0.04 0
1699013433.6388464 3.399846897125244 0.15 -0.04 0
1699013433.6936371 3.3976934432983397 0.15 -0.04 0
1699013433.7481885 3.3955018138885498 0.15 -0.04 0
1699013433.8018608 3.3933197593688966 0.15 -0.04 0
1699013433.8562188 3.391172046661377 0.15 -0.04 0
1699013433.910381 3.388998537063599 0.15 -0.04 0
1699013433.9644227 3.386832027435303 0.15 -0.04 0
1699013434.017622 3.38467041015625 0.15 -0.04 0
1699013434.07217 3.3825424575805667 0.15 -0.04 0
1699013434.1251535 3.3803605365753175 0.15 -0.04 0
1699013434.1786695 3.378240556716919 0.15 -0.04 0
1699013434.23091 3.37610053062439 0.15 -0.04 0
1699013434.2849107 3.374010171890259 0.15 -0.04 0
1699013434.3389256 3.371849794387818 0.15 -0.04 0
1699013434.392282 3.3696902370452886 0.15 -0.04 0
1699013434.4467058 3.367555961608887 0.15 -0.04 0
1699013434.5000987 3.365379047393799 0.15 -0.04 0
1699013434.5550795 3.3632427692413334 0.15 -0.04 0
1699013434.6098533 3.361042642593384 0.15 -0.04 0
1699013434.6656117 3.3588530731201174 0.15 -0.04 0
1699013434.7227032 3.356615343093872 0.15 -0.04 0
1699013434.7809284 3.354339075088501 0.15 -0.04 0
1699013434.838345 3.352010173797608 0.15 -0.04 0
1699013434.8935034 3.3497133731842044 0.15 -0.04 0
1699013434.948313 3.3475064659118656 0.15 -0.04 0
1699013435.0034013 3.3453147220611577 0.15 -0.04 0
1699013435.0579705 3.3431112194061283 0.15 -0.04 0
1699013435.112355 3.340926914215088 0.15 -0.04 0
1699013435.1661208 3.33875247001648 0.15 -0.04 0
1699013435.2197564 3.336601419448853 0.15 -0.04 0
1699013435.273889 3.334455556869507 0.15 -0.04 0
1699013435.329355 3.3322907924652103 0.15 -0.04 0
1699013435.3838372 3.3300730895996096 0.15 -0.04 0
1699013435.436918 3.327889842987061 0.15 -0.04 0
1699013435.4913602 3.325770530700684 0.15 -0.04 0
1699013435.5465186 3.3235912513732915 0.15 -0.04 0
1699013435.5994713 3.3213841152191166 0.15 -0.04 0
1699013435.6537836 3.3192672348022465 0.15 -0.04 0
1699013435.710263 3.317091655731202 0.15 -0.04 0
1699013435.7643087 3.3148367691040046 0.15 -0.04 0
1699013435.8182285 3.31267300605774 0.15 -0.04 0
1699013435.8725615 3.3105163002014164 0.15 -0.04 0
1699013435.927967 3.3083432388305667 0.15 -0.04 0
1699013435.983505 3.306128549575806 0.15 -0.04 0
1699013436.038532 3.303905992507935 0.15 -0.04 0
1699013436.0920358 3.301705551147461 0.15 -0.04 0
1699013436.1460907 3.299560775756836 0.15 -0.04 0
1699013436.1997097 3.2974024295806887 0.15 -0.04 0
1699013436.2576206 3.2952568244934084 0.15 -0.04 0
1699013436.3239036 3.2928041934967043 0.15 -0.04 0
1699013436.3809576 3.2902906417846682 0.15 -0.04 0
1699013436.4376304 3.2880082798004153 0.15 -0.04 0
1699013436.495546 3.2857419204711915 0.15 -0.04 0
1699013436.5538242 3.2834246730804444 0.15 -0.04 0
1699013436.6110332 3.281094207763672 0.15 -0.04 0
1699013436.6668735 3.2788058567047123 0.15 -0.04 0
1699013436.7236176 3.2765719890594487 0.15 -0.04 0
1699013436.7797287 3.2743024349212653 0.15 -0.04 0
1699013436.8366232 3.272058000564576 0.15 -0.04 0
1699013436.8926983 3.2697822570800787 0.15 -0.04 0
1699013436.9496274 3.267539224624634 0.15 -0.04 0
1699013437.007831 3.265261335372925 0.15 -0.04 0
1699013437.06432 3.262933149337769 0.15 -0.04 0
1699013437.1214604 3.2606744575500493 0.15 -0.04 0
1699013437.1788108 3.2583873844146733 0.15 -0.04 0
1699013437.2354167 3.25609471321106 0.15 -0.04 0
1699013437.2922995 3.2538305664062506 0.15 -0.04 0
1699013437.349253 3.2515551567077643 0.15 -0.04 0
1699013437.4056919 3.2492757701873787 0.15 -0.04 0
1699013437.4621325 3.2470195865631113 0.15 -0.04 0
1699013437.5189464 3.244760456085206 0.15 -0.04 0
1699013437.5780334 3.242488660812379 0.15 -0.04 0
1699013437.6332874 3.2401258277893077 0.15 -0.04 0
1699013437.6918356 3.2379147434234627 0.15 -0.04 0
1699013437.7518516 3.235573730468751 0.15 -0.04 0
1699013437.809492 3.2331730842590343 0.15 -0.04 0
1699013437.8664703 3.2308675289154065 0.15 -0.04 0
1699013437.9242115 3.2285882186889663 0.15 -0.04 0
1699013437.9800837 3.226278705596925 0.15 -0.04 0
1699013438.0377243 3.2240431499481215 0.15 -0.04 0
1699013438.0965471 3.221738166809083 0.15 -0.04 0
1699013438.1533725 3.2193852615356455 0.15 -0.04 0
1699013438.2111037 3.217111454010011 0.15 -0.04 0
1699013438.2678325 3.214801645278932 0.15 -0.04 0
1699013438.3246627 3.2125324916839615 0.15 -0.04 0
1699013438.3813975 3.2102606964111344 0.15 -0.04 0
1699013438.439292 3.207991275787355 0.15 -0.04 0
1699013438.4952703 3.2056755733490006 0.15 -0.04 0
1699013438.5540547 3.2034332561492933 0.15 -0.04 0
1699013438.613821 3.2010850429534927 0.15 -0.04 0
1699013438.67122 3.1986943149566667 0.15 -0.04 0
1699013438.7276404 3.196397247314455 0.15 -0.04 0
1699013438.7838786 3.1941414737701432 0.15 -0.04 0
1699013438.8397896 3.1918912124633807 0.15 -0.04 0
1699013438.8980143 3.1896556282043473 0.15 -0.04 0
1699013438.9552898 3.1873266029357925 0.15 -0.04 0
1699013439.0123508 3.185035543441774 0.15 -0.04 0
1699013439.0689704 3.18275302886963 0.15 -0.04 0
1699013439.126056 3.1804883766174328 0.15 -0.04 0
1699013439.181148 3.178204679489137 0.15 -0.04 0
1699013439.2378387 3.1760012722015394 0.15 -0.04 0
1699013439.2971988 3.1737335205078137 0.15 -0.04 0
1699013439.3542397 3.1713591957092295 0.15 -0.04 0
1699013439.4110613 3.1690764427185067 0.15 -0.04 0
1699013439.4691699 3.1668047428131114 0.15 -0.04 0
1699013439.5265088 3.1644803428649912 0.15 -0.04 0
1699013439.5845165 3.162186765670777 0.15 -0.04 0
1699013439.6420643 3.1598647594451914 0.15 -0.04 0
1699013439.697841 3.1575612068176278 0.15 -0.04 0
1699013439.7591636 3.1553321361541755 0.15 -0.04 0
1699013439.8168213 3.152879133224488 0.15 -0.04 0
1699013439.8748145 3.1505733108520513 0.15 -0.04 0
1699013439.933804 3.148253030776978 0.15 -0.04 0
1699013439.9907076 3.1458933448791506 0.15 -0.04 0
1699013440.047258 3.1436164855957034 0.15 -0.04 0
1699013440.1053016 3.14135461807251 0.15 -0.04 0
1699013440.1639132 3.139033765792847 0.15 -0.04 0
1699013440.221665 3.1366887855529786 0.15 -0.04 0
1699013440.28017 3.134379005432129 0.15 -0.04 0
1699013440.3368847 3.132039804458618 0.15 -0.04 0
1699013440.3936973 3.1297717475891114 0.15 -0.04 0
1699013440.4519248 3.127498035430908 0.15 -0.04 0
1699013440.5093808 3.1251677513122558 0.15 -0.04 0
1699013440.5675888 3.1228707599639893 0.15 -0.04 0
1699013440.6233695 3.120540246963501 0.15 -0.04 0
1699013440.6819115 3.1183092117309568 0.15 -0.04 0
1699013440.749627 3.1159185791015624 0.15 -0.04 0
1699013440.806914 3.1132517051696778 0.15 -0.04 0
1699013440.8639016 3.1109705638885496 0.15 -0.04 0
1699013440.9209876 3.108691072463989 0.15 -0.04 0
1699013440.977037 3.106407012939453 0.15 -0.04 0
1699013441.0333052 3.104165678024292 0.15 -0.04 0
1699013441.0896266 3.1019149589538575 0.15 -0.04 0
1699013441.1458611 3.0996606159210205 0.15 -0.04 0
1699013441.201524 3.097412691116333 0.15 -0.04 0
1699013441.2600443 3.095186195373535 0.15 -0.04 0
1699013441.316109 3.092845067977905 0.15 -0.04 0
1699013441.3740017 3.0906019020080566 0.15 -0.04 0
1699013441.4312975 3.088287048339844 0.15 -0.04 0
1699013441.487073 3.0859952449798587 0.15 -0.04 0
1699013441.54113 3.0837642097473146 0.15 -0.04 0
1699013441.5989661 3.0816019248962405 0.15 -0.04 0
1699013441.6546543 3.0792861175537114 0.15 -0.04 0
1699013441.7109466 3.077061033248902 0.15 -0.04 0
1699013441.7722192 3.0748092746734623 0.15 -0.04 0
1699013441.8290815 3.0723584556579593 0.15 -0.04 0
1699013441.8857806 3.0700820350646976 0.15 -0.04 0
1699013441.94341 3.0678159809112553 0.15 -0.04 0
1699013441.9992244 3.0655107307434086 0.15 -0.04 0
1699013442.059272 3.0632782363891606 0.15 -0.04 0
1699013442.1141937 3.060875816345215 0.15 -0.04 0
1699013442.1695273 3.0586794757843023 0.15 -0.04 0
1699013442.2234695 3.056466159820557 0.15 -0.04 0
1699013442.2783408 3.0543079090118415 0.15 -0.04 0
1699013442.3320568 3.052113647460938 0.15 -0.04 0
1699013442.3852684 3.0499646949768073 0.15 -0.04 0
1699013442.4398398 3.047836523056031 0.15 -0.04 0
1699013442.4934287 3.045651273727418 0.15 -0.04 0
1699013442.548012 3.043510150909425 0.15 -0.04 0
1699013442.6028516 3.0413268089294445 0.15 -0.04 0
1699013442.656543 3.0391332054138194 0.15 -0.04 0
1699013442.712069 3.0369855213165295 0.15 -0.04 0
1699013442.7673671 3.034763040542604 0.15 -0.04 0
1699013442.8218355 3.0325525951385512 0.15 -0.04 0
1699013442.8773868 3.0303738307952894 0.15 -0.04 0
1699013442.9343615 3.0281518173217785 0.15 -0.04 0
1699013442.9878438 3.025872793197633 0.15 -0.04 0
1699013443.042596 3.0237326526641857 0.15 -0.04 0
1699013443.0966725 3.0215431022644053 0.15 -0.04 0
1699013443.151136 3.0193792438507088 0.15 -0.04 0
1699013443.206092 3.0172002124786386 0.15 -0.04 0
1699013443.2605243 3.0150021934509286 0.15 -0.04 0
1699013443.315834 3.0128252506256112 0.15 -0.04 0
1699013443.373157 3.0106124782562267 0.15 -0.04 0
1699013443.4262233 3.0083192253112805 0.15 -0.04 0
1699013443.4817083 3.0061861324310315 0.15 -0.04 0
1699013443.5368173 3.003977975845338 0.15 -0.04 0
1699013443.5905468 3.0017731189727797 0.15 -0.04 0
1699013443.647938 2.9996242046356216 0.15 -0.04 0
1699013443.7086658 2.9973289299011245 0.15 -0.04 0
1699013443.7657738 2.994899168014528 0.15 -0.04 0
1699013443.9030054 2.9925314235687273 0.15 -0.04 0
1699013443.9616487 2.9871269226074237 0.15 -0.04 0
1699013444.0191853 2.984778833389284 0.15 -0.04 0
1699013444.0738688 2.9824797725677508 0.15 -0.04 0
1699013444.12982 2.980292530059816 0.15 -0.04 0
1699013444.1874187 2.9780544281005876 0.15 -0.04 0
1699013444.2427742 2.9757505416870136 0.15 -0.04 0
1699013444.2995684 2.9735363101959247 0.15 -0.04 0
1699013444.3562815 2.971264533996584 0.15 -0.04 0
1699013444.4109151 2.968996009826662 0.15 -0.04 0
1699013444.4653394 2.9668099880218524 0.15 -0.04 0
1699013444.5204098 2.9646337127685563 0.15 -0.04 0
1699013444.5753877 2.9624308776855486 0.15 -0.04 0
1699013444.631842 2.9602300643920914 0.15 -0.04 0
1699013444.687853 2.957973556518556 0.15 -0.04 0
1699013444.7429698 2.955733098983766 0.15 -0.04 0
1699013444.7993476 2.9535268497467055 0.15 -0.04 0
1699013444.8540483 2.9512733745574966 0.15 -0.04 0
1699013444.9099956 2.9490838336944596 0.15 -0.04 0
1699013444.9650073 2.946847410202028 0.15 -0.04 0
1699013445.0202408 2.9446454811096205 0.15 -0.04 0
1699013445.0755548 2.9424376392364517 0.15 -0.04 0
1699013445.1324635 2.940225038528444 0.15 -0.04 0
1699013445.188068 2.9379472827911393 0.15 -0.04 0
1699013445.2438877 2.935722732543947 0.15 -0.04 0
1699013445.2992587 2.9334917736053483 0.15 -0.04 0
1699013445.3559086 2.931276893615724 0.15 -0.04 0
1699013445.4105146 2.929010868072511 0.15 -0.04 0
1699013445.4672122 2.9268266868591324 0.15 -0.04 0
1699013445.5232632 2.9245587348938002 0.15 -0.04 0
1699013445.5784938 2.922316713333131 0.15 -0.04 0
1699013445.6324866 2.9201075649261488 0.15 -0.04 0
1699013445.6854038 2.917947177886964 0.15 -0.04 0
1699013445.7421596 2.915831108093263 0.15 -0.04 0
1699013445.7956553 2.9135609054565443 0.15 -0.04 0
1699013445.8495393 2.9114210700988785 0.15 -0.04 0
1699013445.9030745 2.909264745712282 0.15 -0.04 0
1699013445.9569955 2.9071243095397965 0.15 -0.04 0
1699013446.0098362 2.9049668025970474 0.15 -0.04 0
1699013446.0653663 2.9028539276123064 0.15 -0.04 0
1699013446.118519 2.900630083084108 0.15 -0.04 0
