1699012965.3382177 3.5 0.15 -0.04 0
1699012965.4991636 3.499851655960083 0.15 -0.04 0
1699012965.5581422 3.4934294414520264 0.15 -0.04 0
1699012965.6171024 3.491070394515991 0.15 -0.04 0
1699012965.6763008 3.4887090492248536 0.15 -0.04 0
1699012965.734837 3.486343994140625 0.15 -0.04 0
1699012965.7945929 3.4840024185180667 0.15 -0.04 0
1699012965.853974 3.4816114902496342 0.15 -0.04 0
1699012965.9107485 3.4792365741729743 0.15 -0.04 0
1699012965.9688892 3.4769607353210454 0.15 -0.04 0
1699012966.0256667 3.474640502929688 0.15 -0.04 0
1699012966.0811977 3.4723694419860847 0.15 -0.04 0
1699012966.1407144 3.4701478767395026 0.15 -0.04 0
1699012966.19642 3.4677665710449226 0.15 -0.04 0
1699012966.253438 3.4655383014678964 0.15 -0.04 0
1699012966.3094733 3.463256721496583 0.15 -0.04 0
1699012966.3657362 3.461017255783082 0.15 -0.04 0
1699012966.4222372 3.4587649154663094 0.15 -0.04 0
1699012966.4804037 3.4565065765380867 0.15 -0.04 0
1699012966.5357 3.4541789817810065 0.15 -0.04 0
1699012966.5923345 3.451965579986573 0.15 -0.04 0
1699012966.649613 3.449700193405152 0.15 -0.04 0
1699012966.706348 3.4474108123779303 0.15 -0.04 0
1699012966.7609863 3.445140933990479 0.15 -0.04 0
1699012966.8187249 3.4429543209075932 0.15 -0.04 0
1699012966.8775682 3.440645141601563 0.15 -0.04 0
1699012966.934748 3.4382884502410893 0.15 -0.04 0
1699012966.9913743 3.436005544662476 0.15 -0.04 0
1699012967.0478735 3.4337411689758306 0.15 -0.04 0
1699012967.1056628 3.4314797592163093 0.15 -0.04 0
1699012967.1623542 3.4291695594787606 0.15 -0.04 0
1699012967.2907922 3.4268959236145027 0.15 -0.04 0
1699012967.3468642 3.421760749816895 0.15 -0.04 0
1699012967.405669 3.4195202445983894 0.15 -0.04 0
1699012967.463714 3.4171634197235115 0.15 -0.04 0
1699012967.5208228 3.414845638275147 0.15 -0.04 0
1699012967.5845404 3.4124433040618904 0.15 -0.04 0
1699012967.6428897 3.4100046253204352 0.15 -0.04 0
1699012967.698036 3.407679166793824 0.15 -0.04 0
1699012967.756133 3.405473022460938 0.15 -0.04 0
1699012967.8125746 3.403149728775025 0.15 -0.04 0
1699012967.8687508 3.400893096923829 0.15 -0.04 0
1699012967.9289732 3.3986349868774424 0.15 -0.04 0
1699012967.9878702 3.396230573654176 0.15 -0.04 0
1699012968.0447772 3.393879261016847 0.15 -0.04 0
1699012968.102322 3.3916006278991713 0.15 -0.04 0
1699012968.1600416 3.3893021202087414 0.15 -0.04 0
1699012968.2180047 3.3869902324676526 0.15 -0.04 0
1699012968.2763505 3.384675140380861 0.15 -0.04 0
1699012968.3311489 3.3823414707183854 0.15 -0.04 0
1699012968.388141 3.380150232315065 0.15 -0.04 0
1699012968.445451 3.377869777679445 0.15 -0.04 0
1699012968.5032866 3.375572376251222 0.15 -0.04 0
1699012968.560846 3.3732636260986344 0.15 -0.04 0
1699012968.6174803 3.370962295532228 0.15 -0.04 0
1699012968.673194 3.368695964813234 0.15 -0.04 0
1699012968.730768 3.366468420028688 0.15 -0.04 0
1699012968.7903407 3.364163999557497 0.15 -0.04 0
1699012968.8475137 3.3617803478240984 0.15 -0.04 0
1699012968.9071224 3.3594953918457047 0.15 -0.04 0
1699012968.9706204 3.3570153903961195 0.15 -0.04 0
1699012969.0277896 3.3545704936981213 0.15 -0.04 0
1699012969.0847237 3.3522844123840345 0.15 -0.04 0
1699012969.1446695 3.350006608963014 0.15 -0.04 0
1699012969.2033813 3.3476092529296886 0.15 -0.04 0
1699012969.2602367 3.34525845527649 0.15 -0.04 0
1699012969.3181078 3.3429861068725595 0.15 -0.04 0
1699012969.3734431 3.3406703758239753 0.15 -0.04 0
1699012969.4323516 3.3384578990936284 0.15 -0.04 0
1699012969.4895825 3.336099729537964 0.15 -0.04 0
1699012969.544986 3.3338118457794192 0.15 -0.04 0
1699012969.6007404 3.3315966892242437 0.15 -0.04 0
1699012969.6593027 3.3293665218353277 0.15 -0.04 0
1699012969.7138808 3.3270217800140385 0.15 -0.04 0
1699012969.771786 3.3248392677307135 0.15 -0.04 0
1699012969.8299189 3.3225227165222173 0.15 -0.04 0
1699012969.8865812 3.3201975154876715 0.15 -0.04 0
1699012969.9431732 3.3179318523406987 0.15 -0.04 0
1699012970.0016437 3.3156676673889165 0.15 -0.04 0
1699012970.0582545 3.313328657150269 0.15 -0.04 0
1699012970.1170478 3.3110624980926517 0.15 -0.04 0
1699012970.1713164 3.3087115669250493 0.15 -0.04 0
1699012970.225558 3.3065434455871587 0.15 -0.04 0
1699012970.2861443 3.304368228912354 0.15 -0.04 0
1699012970.3479824 3.3017840862274177 0.15 -0.04 0
1699012970.4033976 3.2994754886627202 0.15 -0.04 0
1699012970.462998 3.2972598934173587 0.15 -0.04 0
1699012970.5190961 3.294873905181885 0.15 -0.04 0
1699012970.5753493 3.292628908157349 0.15 -0.04 0
1699012970.6310914 3.2903822517395023 0.15 -0.04 0
1699012970.6883066 3.2881507110595707 0.15 -0.04 0
1699012970.7434638 3.285861492156983 0.15 -0.04 0
1699012970.7985072 3.283653993606568 0.15 -0.04 0
1699012970.855391 3.2814546298980716 0.15 -0.04 0
1699012970.9102354 3.279176073074341 0.15 -0.04 0
1699012970.9672778 3.2769845867156984 0.15 -0.04 0
1699012971.022434 3.274703426361084 0.15 -0.04 0
1699012971.0786548 3.272497978210449 0.15 -0.04 0
1699012971.1359596 3.270247812271118 0.15 -0.04 0
1699012971.191791 3.2679491043090816 0.15 -0.04 0
1699012971.2477427 3.265722570419311 0.15 -0.04 0
1699012971.3040445 3.2634848213195795 0.15 -0.04 0
1699012971.3589802 3.2612307643890377 0.15 -0.04 0
1699012971.4227273 3.2590370273590086 0.15 -0.04 0
1699012971.4788325 3.2564870452880856 0.15 -0.04 0
1699012971.535476 3.254242887496948 0.15 -0.04 0
1699012971.5923357 3.2519752120971677 0.15 -0.04 0
1699012971.650593 3.249701242446899 0.15 -0.04 0
1699012971.7075627 3.2473691844940182 0.15 -0.04 0
1699012971.7633202 3.245093727111816 0.15 -0.04 0
1699012971.8207903 3.2428619194030754 0.15 -0.04 0
1699012971.87744 3.2405640983581536 0.15 -0.04 0
1699012971.9338324 3.2382980632781977 0.15 -0.04 0
1699012971.9889755 3.2360428333282467 0.15 -0.04 0
1699012972.046037 3.2338358306884762 0.15 -0.04 0
1699012972.101325 3.231553897857666 0.15 -0.04 0
1699012972.1588953 3.229341526031494 0.15 -0.04 0
1699012972.2171183 3.227039098739624 0.15 -0.04 0
1699012972.2738278 3.2247111892700193 0.15 -0.04 0
1699012972.3311796 3.222440423965454 0.15 -0.04 0
1699012972.3869035 3.2201480293273925 0.15 -0.04 0
1699012972.44333 3.21791540145874 0.15 -0.04 0
1699012972.497553 3.2156614875793457 0.15 -0.04 0
1699012972.5536888 3.2134939670562743 0.15 -0.04 0
1699012972.6079638 3.211238603591919 0.15 -0.04 0
1699012972.6632495 3.2090761184692385 0.15 -0.04 0
1699012972.7211044 3.2068654823303224 0.15 -0.04 0
1699012972.7752378 3.2045510673522952 0.15 -0.04 0
1699012972.8330338 3.2023820781707766 0.15 -0.04 0
1699012972.897056 3.199912195205689 0.15 -0.04 0
1699012972.9535596 3.1975110626220706 0.15 -0.04 0
1699012973.00963 3.1952534961700443 0.15 -0.04 0
1699012973.0670183 3.193010692596436 0.15 -0.04 0
1699012973.1212938 3.1907144165039067 0.15 -0.04 0
1699012973.1781743 3.1885426712036136 0.15 -0.04 0
1699012973.232728 3.1862645339965825 0.15 -0.04 0
1699012973.2887993 3.1840865516662604 0.15 -0.04 0
1699012973.3450284 3.18184048652649 0.15 -0.04 0
1699012973.3994846 3.1795949935913095 0.15 -0.04 0
1699012973.4552078 3.1774167728424083 0.15 -0.04 0
1699012973.5111465 3.1751869106292734 0.15 -0.04 0
1699012973.568371 3.172944555282594 0.15 -0.04 0
1699012973.6227734 3.1706585216522227 0.15 -0.04 0
1699012973.6783824 3.1684842014312755 0.15 -0.04 0
1699012973.737406 3.166259517669679 0.15 -0.04 0
1699012973.7933586 3.1638850975036634 0.15 -0.04 0
1699012973.8493166 3.161660671234132 0.15 -0.04 0
1699012973.9051857 3.159422988891603 0.15 -0.04 0
1699012973.961291 3.1571886634826676 0.15 -0.04 0
1699012974.0183759 3.154942579269411 0.15 -0.04 0
1699012974.075442 3.152658309936525 0.15 -0.04 0
1699012974.1320553 3.150378437042238 0.15 -0.04 0
1699012974.186665 3.1481109428405776 0.15 -0.04 0
1699012974.2579982 3.145877418518068 0.15 -0.04 0
1699012974.3136406 3.143076162338258 0.15 -0.04 0
1699012974.3689337 3.140850620269777 0.15 -0.04 0
1699012974.4233892 3.1386388492584243 0.15 -0.04 0
1699012974.4793744 3.136459016799928 0.15 -0.04 0
1699012974.5353954 3.1342197418212905 0.15 -0.04 0
1699012974.5925834 3.1319771289825455 0.15 -0.04 0
1699012974.6479537 3.129691009521486 0.15 -0.04 0
1699012974.7041311 3.127476539611818 0.15 -0.04 0
1699012974.7602324 3.1252261734008804 0.15 -0.04 0
1699012974.8179345 3.1229859542846694 0.15 -0.04 0
1699012974.8735318 3.1206733703613296 0.15 -0.04 0
1699012974.931934 3.118453464508058 0.15 -0.04 0
1699012974.9896588 3.11611710548401 0.15 -0.04 0
1699012975.0480037 3.113808517456056 0.15 -0.04 0
1699012975.106634 3.1114714717865004 0.15 -0.04 0
1699012975.1635983 3.1091305255889905 0.15 -0.04 0
1699012975.2188776 3.106847724914552 0.15 -0.04 0
1699012975.2748158 3.1046410274505627 0.15 -0.04 0
1699012975.3325665 3.1024034690856945 0.15 -0.04 0
1699012975.388411 3.1000898170471203 0.15 -0.04 0
1699012975.4469228 3.0978582763671887 0.15 -0.04 0
1699012975.5029287 3.095517501831056 0.15 -0.04 0
1699012975.5616927 3.093278970718385 0.15 -0.04 0
1699012975.6281664 3.0909255981445325 0.15 -0.04 0
1699012975.6840868 3.0882695770263684 0.15 -0.04 0
1699012975.7405663 3.086031360626222 0.15 -0.04 0
1699012975.797385 3.0837700080871593 0.15 -0.04 0
1699012975.8526893 3.0814989376068125 0.15 -0.04 0
1699012975.9082127 3.0792886924743663 0.15 -0.04 0
1699012975.9645376 3.07706681251526 0.15 -0.04 0
1699012976.0193305 3.074814758300782 0.15 -0.04 0
1699012976.075518 3.072621326446534 0.15 -0.04 0
1699012976.1315794 3.070368547439576 0.15 -0.04 0
1699012976.1857743 3.06813238143921 0.15 -0.04 0
1699012976.2410474 3.0659652614593513 0.15 -0.04 0
1699012976.3002958 3.063753366470338 0.15 -0.04 0
1699012976.3558977 3.0613834381103526 0.15 -0.04 0
1699012976.4120646 3.059159326553346 0.15 -0.04 0
1699012976.4684308 3.0569112777709972 0.15 -0.04 0
1699012976.5245266 3.0546583747863782 0.15 -0.04 0
1699012976.5798714 3.0524152088165297 0.15 -0.04 0
1699012976.6352963 3.0501946735382095 0.15 -0.04 0
1699012976.6914442 3.0479836750030533 0.15 -0.04 0
1699012976.7459342 3.0457374095916765 0.15 -0.04 0
1699012976.8029249 3.043558025360109 0.15 -0.04 0
1699012976.8608146 3.0412749195098896 0.15 -0.04 0
1699012976.9276738 3.0388427257537862 0.15 -0.04 0
1699012976.983382 3.0362876701355 0.15 -0.04 0
1699012977.0390348 3.0340609455108662 0.15 -0.04 0
1699012977.094713 3.0318313217163104 0.15 -0.04 0
1699012977.1496327 3.029606904983522 0.15 -0.04 0
1699012977.2044551 3.0274070549011247 0.15 -0.04 0
1699012977.2605631 3.0252137279510514 0.15 -0.04 0
1699012977.3165913 3.022969121932985 0.15 -0.04 0
1699012977.3716788 3.0207319927215592 0.15 -0.04 0
1699012977.4284623 3.018525409698488 0.15 -0.04 0
1699012977.4844644 3.0162487697601335 0.15 -0.04 0
1699012977.5400515 3.014016294479372 0.15 -0.04 0
1699012977.5969348 3.011791763305666 0.15 -0.04 0
1699012977.653579 3.009518070220949 0.15 -0.04 0
1699012977.7083719 3.0072468852996845 0.15 -0.04 0
1699012977.7644558 3.005061321258547 0.15 -0.04 0
1699012977.8207412 3.002815189361574 0.15 -0.04 0
1699012977.8771298 3.0005646896362324 0.15 -0.04 0
1699012977.934298 2.998309974670412 0.15 -0.04 0
1699012977.9904547 2.9960232162475604 0.15 -0.04 0
1699012978.04592 2.993778018951418 0.15 -0.04 0
1699012978.1028419 2.9915583992004415 0.15 -0.04 0
1699012978.1597931 2.9892805004119896 0.15 -0.04 0
1699012978.2286243 2.9870020103454613 0.15 -0.04 0
1699012978.2845297 2.984247560501101 0.15 -0.04 0
1699012978.342068 2.9820137786865257 0.15 -0.04 0
1699012978.4000375 2.979711999893191 0.15 -0.04 0
1699012978.4558675 2.9773927116394066 0.15 -0.04 0
1699012978.5130963 2.9751604557037377 0.15 -0.04 0
1699012978.5695813 2.972871141433718 0.15 -0.04 0
1699012978.6243954 2.9706129741668725 0.15 -0.04 0
1699012978.6809247 2.968417472839358 0.15 -0.04 0
1699012978.738803 2.9661533927917505 0.15 -0.04 0
1699012978.793624 2.963843498229983 0.15 -0.04 0
1699012978.8492928 2.9616497707366967 0.15 -0.04 0
1699012978.9056504 2.959423847198489 0.15 -0.04 0
1699012978.9609942 2.9571688747406033 0.15 -0.04 0
1699012979.0165443 2.9549564838409452 0.15 -0.04 0
1699012979.0729675 2.9527334594726593 0.15 -0.04 0
1699012979.1284554 2.9504706478118927 0.15 -0.04 0
1699012979.1839511 2.94825664520264 0.15 -0.04 0
1699012979.24084 2.9460352420806917 0.15 -0.04 0
1699012979.2969701 2.9437626457214385 0.15 -0.04 0
1699012979.353646 2.941517448425296 0.15 -0.04 0
1699012979.4120708 2.9392445755004917 0.15 -0.04 0
1699012979.4680395 2.9369109916687046 0.15 -0.04 0
1699012979.5234928 2.9346714401245153 0.15 -0.04 0
1699012979.5906103 2.932362957000736 0.15 -0.04 0
1699012979.6476212 2.9297716808319128 0.15 -0.04 0
1699012979.7032287 2.927491312026981 0.15 -0.04 0
1699012979.7614377 2.9252643203735387 0.15 -0.04 0
1699012979.8171072 2.922938203811649 0.15 -0.04 0
1699012979.8719115 2.9207062530517613 0.15 -0.04 0
1699012979.929071 2.9185185432434118 0.15 -0.04 0
1699012979.9843776 2.916230201721195 0.15 -0.04 0
1699012980.0398715 2.914018049240116 0.15 -0.04 0
1699012980.0980513 2.9118002700805703 0.15 -0.04 0
1699012980.1521492 2.909473237991337 0.15 -0.04 0
1699012980.2075272 2.907309217453007 0.15 -0.04 0
1699012980.2693264 2.905093536376957 0.15 -0.04 0
1699012980.3248312 2.902621383666996 0.15 -0.04 0
1699012980.3787653 2.900402021408085 0.15 -0.04 0
1699012980.5062656 2.8982422924041784 0.15 -0.04 0
1699012980.5600889 2.8931427097320594 0.15 -0.04 0
1699012980.6155274 2.8909900379180944 0.15 -0.04 0
1699012980.6752248 2.8887744140625036 0.15 -0.04 0
1699012980.730154 2.8863864040374794 0.15 -0.04 0
1699012980.784939 2.8841888427734412 0.15 -0.04 0
1699012980.8407733 2.881997261047367 0.15 -0.04 0
1699012980.8975177 2.879765310287479 0.15 -0.04 0
1699012980.964715 2.877363424301151 0.15 -0.04 0
1699012981.021601 2.874796743392948 0.15 -0.04 0
1699012981.0764256 2.8725321960449257 0.15 -0.04 0
1699012981.1302392 2.8703385925293006 0.15 -0.04 0
1699012981.184301 2.868182544708256 0.15 -0.04 0
1699012981.240364 2.866022911071781 0.15 -0.04 0
1699012981.2959843 2.863778715133671 0.15 -0.04 0
1699012981.3497908 2.86155558586121 0.15 -0.04 0
1699012981.4055245 2.8594046306610146 0.15 -0.04 0
1699012981.4593022 2.857174730300907 0.15 -0.04 0
1699012981.5145633 2.855021352767948 0.15 -0.04 0
1699012981.571511 2.852810497283939 0.15 -0.04 0
1699012981.6286435 2.8505322647094764 0.15 -0.04 0
1699012981.685463 2.848248529434208 0.15 -0.04 0
1699012981.7408457 2.8459756278991737 0.15 -0.04 0
1699012981.7975686 2.8437609481811563 0.15 -0.04 0
1699012981.854794 2.8414904403686565 0.15 -0.04 0
1699012981.9098914 2.8391988468170206 0.15 -0.04 0
1699012981.9653652 2.836999568939213 0.15 -0.04 0
1699012982.0208986 2.834778108596806 0.15 -0.04 0
1699012982.0784845 2.8325580596923867 0.15 -0.04 0
1699012982.13694 2.8302490234375037 0.15 -0.04 0
1699012982.1939166 2.827918415069584 0.15 -0.04 0
1699012982.2565882 2.825638904571537 0.15 -0.04 0
1699012982.3199928 2.823047704696659 0.15 -0.04 0
1699012982.3745844 2.820596466064457 0.15 -0.04 0
1699012982.4302297 2.818412513732914 0.15 -0.04 0
1699012982.4856505 2.816185655593876 0.15 -0.04 0
1699012982.542212 2.8139689445495644 0.15 -0.04 0
1699012982.6005282 2.811707668304447 0.15 -0.04 0
1699012982.6588614 2.80936769485474 0.15 -0.04 0
1699012982.715484 2.807041330337528 0.15 -0.04 0
1699012982.7735088 2.8047738361358676 0.15 -0.04 0
1699012982.827744 2.8024553680419957 0.15 -0.04 0
1699012982.8832586 2.8002838611602816 0.15 -0.04 0
1699012982.9396324 2.798061046600345 0.15 -0.04 0
1699012982.9946954 2.7958103370666536 0.15 -0.04 0
1699012983.0500188 2.7936084175109896 0.15 -0.04 0
1699012983.1081095 2.791391000747684 0.15 -0.04 0
1699012983.1657958 2.789070158004764 0.15 -0.04 0
1699012983.2221243 2.786764307022098 0.15 -0.04 0
1699012983.2799165 2.7845112514495884 0.15 -0.04 0
1699012983.3339245 2.7821962356567416 0.15 -0.04 0
1699012983.390232 2.780037889480594 0.15 -0.04 0
1699012983.4470122 2.777783870697025 0.15 -0.04 0
1699012983.5023131 2.7755106067657507 0.15 -0.04 0
1699012983.5573463 2.7732999038696327 0.15 -0.04 0
1699012983.615587 2.771102313995365 0.15 -0.04 0
1699012983.6735518 2.7687709617614784 0.15 -0.04 0
1699012983.7311537 2.766454105377201 0.15 -0.04 0
1699012983.794308 2.7640654850006143 0.15 -0.04 0
1699012983.850548 2.7616170501709023 0.15 -0.04 0
1699012983.906261 2.7593730640411414 0.15 -0.04 0
1699012983.9627852 2.7571428394317663 0.15 -0.04 0
1699012984.0181687 2.7548842048645055 0.15 -0.04 0
1699012984.0755413 2.752669143676761 0.15 -0.04 0
1699012984.1328895 2.7503668594360384 0.15 -0.04 0
1699012984.189047 2.748079824447635 0.15 -0.04 0
1699012984.2525709 2.74583401679993 0.15 -0.04 0
1699012984.3104923 2.74329196929932 0.15 -0.04 0
1699012984.3685527 2.740969705581669 0.15 -0.04 0
1699012984.429498 2.7386540317535437 0.15 -0.04 0
1699012984.4863222 2.7362155342102086 0.15 -0.04 0
1699012984.543305 2.7339419937133824 0.15 -0.04 0
1699012984.6022959 2.731663036346439 0.15 -0.04 0
1699012984.6609097 2.7293027019500764 0.15 -0.04 0
1699012984.7169504 2.7269589614868197 0.15 -0.04 0
1699012984.7764437 2.7247170352935823 0.15 -0.04 0
1699012984.8356347 2.722337570190433 0.15 -0.04 0
1699012984.8950481 2.719966793060306 0.15 -0.04 0
1699012984.953634 2.7175922012329137 0.15 -0.04 0
1699012985.0098531 2.7152495956420934 0.15 -0.04 0
1699012985.0677135 2.7130014038085974 0.15 -0.04 0
1699012985.1225703 2.7106866645813024 0.15 -0.04 0
1699012985.177765 2.7084924411773716 0.15 -0.04 0
1699012985.2336874 2.7062835025787386 0.15 -0.04 0
1699012985.300342 2.7040461826324496 0.15 -0.04 0
1699012985.3570547 2.70137920379639 0.15 -0.04 0
1699012985.4147062 2.6991140174865755 0.15 -0.04 0
1699012985.4704714 2.6968053722381624 0.15 -0.04 0
1699012985.5257196 2.6945773696899447 0.15 -0.04 0
1699012985.5812278 2.692366361618045 0.15 -0.04 0
1699012985.638488 2.690147113800052 0.15 -0.04 0
1699012985.6942503 2.687855443954471 0.15 -0.04 0
1699012985.7493217 2.6856246852874786 0.15 -0.04 0
1699012985.8066747 2.68342112541199 0.15 -0.04 0
1699012985.861853 2.6811272048950223 0.15 -0.04 0
1699012985.9170783 2.6789220237731963 0.15 -0.04 0
1699012985.9718885 2.6767117977142365 0.15 -0.04 0
1699012986.0279453 2.6745192432403595 0.15 -0.04 0
1699012986.0821483 2.6722772216796904 0.15 -0.04 0
1699012986.137275 2.6701086902618436 0.15 -0.04 0
1699012986.193958 2.6679017066955595 0.15 -0.04 0
1699012986.2489188 2.6656368255615264 0.15 -0.04 0
1699012986.3078494 2.66343821525574 0.15 -0.04 0
1699012986.362611 2.661081628799441 0.15 -0.04 0
1699012986.4185505 2.658888025283816 0.15 -0.04 0
1699012986.4742966 2.656646575927737 0.15 -0.04 0
1699012986.5302777 2.654423341751101 0.15 -0.04 0
1699012986.5875494 2.6521851253509547 0.15 -0.04 0
1699012986.6436563 2.6498917579650905 0.15 -0.04 0
1699012986.7095776 2.6476465320587184 0.15 -0.04 0
1699012986.767784 2.645013093948367 0.15 -0.04 0
1699012986.8251834 2.6426842021942165 0.15 -0.04 0
1699012986.8823614 2.6403878402709986 0.15 -0.04 0
1699012986.9389594 2.6381005859375026 0.15 -0.04 0
1699012986.9947004 2.635836896896365 0.15 -0.04 0
1699012987.050205 2.6336060142517117 0.15 -0.04 0
1699012987.1066182 2.631386547088626 0.15 -0.04 0
1699012987.1639705 2.629130382537845 0.15 -0.04 0
1699012987.2187517 2.626836166381839 0.15 -0.04 0
1699012987.276605 2.624643659591678 0.15 -0.04 0
1699012987.3328779 2.622331237792972 0.15 -0.04 0
1699012987.386793 2.620078821182254 0.15 -0.04 0
1699012987.4422188 2.617923097610477 0.15 -0.04 0
1699012987.4982946 2.6156989192962676 0.15 -0.04 0
1699012987.553188 2.61346377372742 0.15 -0.04 0
1699012987.609681 2.611267223358157 0.15 -0.04 0
1699012987.6660185 2.6090042018890407 0.15 -0.04 0
1699012987.7213414 2.6067546081542994 0.15 -0.04 0
1699012987.7756855 2.6045406436920193 0.15 -0.04 0
1699012987.8341503 2.602363519668582 0.15 -0.04 0
1699012987.889804 2.600028333663943 0.15 -0.04 0
1699012987.9432192 2.5978040599823027 0.15 -0.04 0
1699012987.9998765 2.595662841796878 0.15 -0.04 0
1699012988.0635273 2.5933990955352813 0.15 -0.04 0
1699012988.119684 2.590855093002322 0.15 -0.04 0
1699012988.1766496 2.5886088371276883 0.15 -0.04 0
1699012988.2323446 2.58632905006409 0.15 -0.04 0
1699012988.2911286 2.5840988540649446 0.15 -0.04 0
1699012988.3466697 2.5817511081695588 0.15 -0.04 0
1699012988.4029558 2.5795294666290314 0.15 -0.04 0
1699012988.4590647 2.5772745418548615 0.15 -0.04 0
1699012988.5158281 2.5750331020355257 0.15 -0.04 0
1699012988.5711262 2.5727617931366 0.15 -0.04 0
1699012988.6264226 2.5705498123168975 0.15 -0.04 0
1699012988.6807132 2.5683376598358185 0.15 -0.04 0
1699012988.7366464 2.5661657810211214 0.15 -0.04 0
1699012988.7948835 2.563922290802005 0.15 -0.04 0
1699012988.8499806 2.5615997314453156 0.15 -0.04 0
1699012988.9049475 2.5593970108032256 0.15 -0.04 0
1699012988.963136 2.5571968936920193 0.15 -0.04 0
1699012989.018136 2.5548693084716825 0.15 -0.04 0
1699012989.072905 2.552670793533328 0.15 -0.04 0
1699012989.1271899 2.5504757690429716 0.15 -0.04 0
1699012989.1847906 2.548306894302371 0.15 -0.04 0
1699012989.239696 2.5460016536712673 0.15 -0.04 0
1699012989.2965693 2.543807506561282 0.15 -0.04 0
1699012989.3517292 2.5415288734436063 0.15 -0.04 0
1699012989.407181 2.539325075149539 0.15 -0.04 0
1699012989.4712365 2.5370518112182645 0.15 -0.04 0
1699012989.5267308 2.534544639587405 0.15 -0.04 0
1699012989.583187 2.5323268985748317 0.15 -0.04 0
1699012989.6419947 2.5300660991668726 0.15 -0.04 0
1699012989.6978238 2.527715215682986 0.15 -0.04 0
1699012989.7530222 2.5254829978942896 0.15 -0.04 0
1699012989.8089297 2.5232740974426293 0.15 -0.04 0
1699012989.863787 2.521038150787356 0.15 -0.04 0
1699012989.918335 2.518841781616213 0.15 -0.04 0
1699012989.9747558 2.516661424636843 0.15 -0.04 0
1699012990.0313306 2.5144012355804466 0.15 -0.04 0
1699012990.0872428 2.5121399307251 0.15 -0.04 0
1699012990.1426334 2.509900760650637 0.15 -0.04 0
1699012990.1984901 2.507689771652224 0.15 -0.04 0
1699012990.2526524 2.505456638336184 0.15 -0.04 0
1699012990.3142254 2.5032871913909935 0.15 -0.04 0
1699012990.3699858 2.500826101303103 0.15 -0.04 0
1699012990.4253461 2.4985957336425804 0.15 -0.04 0
1699012990.481229 2.4963810253143333 0.15 -0.04 0
1699012990.5369174 2.494145612716677 0.15 -0.04 0
1699012990.5925882 2.4919086742401144 0.15 -0.04 0
1699012990.6496053 2.489692773818972 0.15 -0.04 0
1699012990.7050588 2.4874098014831563 0.15 -0.04 0
1699012990.7624326 2.4851898765563987 0.15 -0.04 0
1699012990.8246236 2.4828963565826436 0.15 -0.04 0
1699012990.8858488 2.4803302478790306 0.15 -0.04 0
1699012990.9414356 2.4779602336883566 0.15 -0.04 0
1699012990.99746 2.47573874473572 0.15 -0.04 0
1699012991.053001 2.473496618270876 0.15 -0.04 0
1699012991.1088128 2.4712762451171897 0.15 -0.04 0
1699012991.1654704 2.4690425205230735 0.15 -0.04 0
1699012991.221632 2.466772432327273 0.15 -0.04 0
1699012991.2786381 2.4645296382904074 0.15 -0.04 0
1699012991.334649 2.4622495651245138 0.15 -0.04 0
1699012991.3903515 2.4600059700012227 0.15 -0.04 0
1699012991.4452288 2.4577815723419207 0.15 -0.04 0
1699012991.501515 2.4555870723724382 0.15 -0.04 0
1699012991.5579557 2.4533354949951187 0.15 -0.04 0
1699012991.6159399 2.451075134277345 0.15 -0.04 0
1699012991.672789 2.448755855560304 0.15 -0.04 0
1699012991.7295103 2.4464836883544936 0.15 -0.04 0
1699012991.7863357 2.4442158603668225 0.15 -0.04 0
1699012991.843048 2.4419379138946544 0.15 -0.04 0
1699012991.8992877 2.439672966003419 0.15 -0.04 0
1699012991.95276 2.43742473602295 0.15 -0.04 0
1699012992.009523 2.4352857971191417 0.15 -0.04 0
1699012992.064807 2.433015241622926 0.15 -0.04 0
1699012992.1206505 2.430803976058961 0.15 -0.04 0
1699012992.1767828 2.428566265106202 0.15 -0.04 0
1699012992.2324183 2.426320352554322 0.15 -0.04 0
1699012992.2895527 2.4240989112854012 0.15 -0.04 0
1699012992.3575048 2.421733989715577 0.15 -0.04 0
1699012992.414431 2.41909598350525 0.15 -0.04 0
1699012992.4718828 2.4168136787414563 0.15 -0.04 0
1699012992.5265205 2.414519891738893 0.15 -0.04 0
1699012992.5812125 2.4123353958129896 0.15 -0.04 0
1699012992.6375847 2.41014657020569 0.15 -0.04 0
1699012992.6950545 2.4078918457031264 0.15 -0.04 0
1699012992.7517607 2.405593996047975 0.15 -0.04 0
1699012992.8071885 2.403324556350709 0.15 -0.04 0
1699012992.864787 2.401108579635621 0.15 -0.04 0
1699012992.9192002 2.3988029098510752 0.15 -0.04 0
1699012992.9762635 2.396628170013429 0.15 -0.04 0
1699012993.0338023 2.3943409919738783 0.15 -0.04 0
1699012993.0888908 2.3920428752899183 0.15 -0.04 0
1699012993.1439056 2.3898394775390637 0.15 -0.04 0
1699012993.2001987 2.3876389312744153 0.15 -0.04 0
1699012993.2561338 2.385387582778932 0.15 -0.04 0
1699012993.3132052 2.3831491565704357 0.15 -0.04 0
1699012993.3689287 2.380862045288087 0.15 -0.04 0
1699012993.424362 2.378633813858033 0.15 -0.04 0
1699012993.479167 2.37642095565796 0.15 -0.04 0
1699012993.5378757 2.3742271518707283 0.15 -0.04 0
1699012993.595892 2.3718755626678476 0.15 -0.04 0
1699012993.6607518 2.369557247161866 0.15 -0.04 0
1699012993.7155843 2.366964015960694 0.15 -0.04 0
1699012993.7711112 2.3647694015502934 0.15 -0.04 0
1699012993.8273077 2.3625514030456545 0.15 -0.04 0
1699012993.8840506 2.360303888320923 0.15 -0.04 0
1699012993.9401176 2.3580305099487306 0.15 -0.04 0
1699012993.9972699 2.3557903861999514 0.15 -0.04 0
1699012994.0533173 2.3535031986236574 0.15 -0.04 0
1699012994.1088157 2.3512627315521244 0.15 -0.04 0
1699012994.164751 2.3490388107299807 0.15 -0.04 0
1699012994.2204463 2.3468047523498536 0.15 -0.04 0
1699012994.275083 2.3445783329010013 0.15 -0.04 0
1699012994.3349524 2.3423911762237553 0.15 -0.04 0
1699012994.3923392 2.3399960613250737 0.15 -0.04 0
1699012994.4463797 2.3377002620697027 0.15 -0.04 0
1699012994.5021248 2.3355410480499272 0.15 -0.04 0
1699012994.5561943 2.333308506011963 0.15 -0.04 0
1699012994.611897 2.331147222518921 0.15 -0.04 0
1699012994.666015 2.328919410705567 0.15 -0.04 0
1699012994.7193327 2.3267542743682865 0.15 -0.04 0
1699012994.7731235 2.3246205520629886 0.15 -0.04 0
1699012994.8299758 2.322469177246094 0.15 -0.04 0
1699012994.886056 2.320186672210694 0.15 -0.04 0
1699012994.9430895 2.317952852249146 0.15 -0.04 0
1699012995.0011532 2.3156662559509282 0.15 -0.04 0
1699012995.058832 2.3133482360839848 0.15 -0.04 0
1699012995.114409 2.3110411357879643 0.15 -0.04 0
1699012995.1707735 2.308818674087525 0.15 -0.04 0
1699012995.2249904 2.306564683914185 0.15 -0.04 0
1699012995.2816293 2.3043896484375006 0.15 -0.04 0
1699012995.336631 2.3021296024322515 0.15 -0.04 0
1699012995.3914928 2.299930038452149 0.15 -0.04 0
1699012995.4531915 2.2977214145660403 0.15 -0.04 0
1699012995.5237267 2.2952568721771245 0.15 -0.04 0
1699012995.578749 2.292441673278809 0.15 -0.04 0
1699012995.6715915 2.2902462387084963 0.15 -0.04 0
1699012995.6777885 2.286531496047974 0.15 -0.04 0
1699012995.7315996 2.286281604766846 0.15 -0.04 0
1699012995.7737842 2.284128112792969 0.15 -0.04 0
1699012995.8239996 2.2824436569213873 0.15 -0.04 0
1699012995.876876 2.2800043582916265 0.15 -0.04 0
1699012995.9497385 2.278318872451783 0.15 -0.04 0
1699012995.9758837 2.2754013252258307 0.15 -0.04 0
1699012996.0238488 2.2743512248992928 0.15 -0.04 0
1699012996.078625 2.27243899345398 0.15 -0.04 0
1699012996.1238313 2.270249729156495 0.15 -0.04 0
1699012996.1975353 2.268440589904786 0.15 -0.04 0
1699012996.2300544 2.2654909515380868 0.15 -0.04 0
1699012996.2789464 2.264187421798707 0.15 -0.04 0
1699012996.3238325 2.262082643508912 0.15 -0.04 0
1699012996.3969555 2.260439710617066 0.15 -0.04 0
1699012996.4307525 2.2575166225433354 0.15 -0.04 0
1699012996.473848 2.2561597919464114 0.15 -0.04 0
1699012996.543271 2.2544409275054935 0.15 -0.04 0
1699012996.6021812 2.2516640377044683 0.15 -0.04 0
1699012996.6584613 2.249308576583863 0.15 -0.04 0
1699012996.7157552 2.2470539760589605 0.15 -0.04 0
1699012996.7708852 2.2447647094726566 0.15 -0.04 0
1699012996.8268116 2.242556924819947 0.15 -0.04 0
1699012996.8838296 2.240323696136475 0.15 -0.04 0
1699012996.9393914 2.238041887283326 0.15 -0.04 0
1699012996.9951136 2.2358191585540776 0.15 -0.04 0
1699012997.0521383 2.2335906600952153 0.15 -0.04 0
1699012997.1078014 2.2313095760345463 0.15 -0.04 0
1699012997.1644163 2.2290828990936284 0.15 -0.04 0
1699012997.2196503 2.2268182182312017 0.15 -0.04 0
1699012997.27326 2.2246072864532476 0.15 -0.04 0
1699012997.3280206 2.2224639129638675 0.15 -0.04 0
1699012997.3830633 2.2202714061737066 0.15 -0.04 0
1699012997.4391599 2.218069963455201 0.15 -0.04 0
1699012997.493688 2.2158297252655035 0.15 -0.04 0
1699012997.547312 2.213648262023926 0.15 -0.04 0
1699012997.6016877 2.2115026378631595 0.15 -0.04 0
1699012997.6569436 2.2093274688720705 0.15 -0.04 0
1699012997.7117565 2.207108068466187 0.15 -0.04 0
1699012997.7655854 2.2049231052398683 0.15 -0.04 0
1699012997.8314424 2.2027715015411378 0.15 -0.04 0
1699012997.8873532 2.200134506225586 0.15 -0.04 0
1699012997.9428265 2.1979008579254153 0.15 -0.04 0
1699012997.999609 2.195681772232056 0.15 -0.04 0
1699012998.0547848 2.1934112358093265 0.15 -0.04 0
1699012998.1118875 2.1912004470825197 0.15 -0.04 0
1699012998.1666276 2.1889193916320804 0.15 -0.04 0
1699012998.221612 2.1867310333251955 0.15 -0.04 0
1699012998.2768593 2.184529914855957 0.15 -0.04 0
1699012998.3332112 2.182320785522461 0.15 -0.04 0
1699012998.387913 2.180064697265625 0.15 -0.04 0
1699012998.4439995 2.1778787994384765 0.15 -0.04 0
1699012998.5022774 2.1756353187561035 0.15 -0.04 0
1699012998.5571256 2.1733050537109375 0.15 -0.04 0
1699012998.6107223 2.171110610961914 0.15 -0.04 0
1699012998.664963 2.1689667320251464 0.15 -0.04 0
1699012998.7204416 2.1667964935302733 0.15 -0.04 0
1699012998.7752051 2.164576377868652 0.15 -0.04 0
1699012998.8325891 2.1623843193054197 0.15 -0.04 0
1699012998.8879166 2.1600896835327146 0.15 -0.04 0
1699012998.941634 2.157877397537231 0.15 -0.04 0
1699012998.9964857 2.155726137161255 0.15 -0.04 0
1699012999.053498 2.153532419204712 0.15 -0.04 0
1699012999.1098182 2.151253080368042 0.15 -0.04 0
1699012999.175623 2.149001359939575 0.15 -0.04 0
1699012999.2318382 2.146370487213135 0.15 -0.04 0
1699012999.2867434 2.1441226959228517 0.15 -0.04 0
1699012999.34286 2.1419264030456544 0.15 -0.04 0
1699012999.3970456 2.139679594039917 0.15 -0.04 0
1699012999.454505 2.137512559890747 0.15 -0.04 0
1699012999.5097306 2.135214366912842 0.15 -0.04 0
1699012999.56603 2.133002576828003 0.15 -0.04 0
1699012999.6214397 2.1307537269592287 0.15 -0.04 0
1699012999.6778798 2.1285351085662843 0.15 -0.04 0
1699012999.7334678 2.1262793827056887 0.15 -0.04 0
1699012999.7900414 2.124051780700684 0.15 -0.04 0
1699012999.8450077 2.121791343688965 0.15 -0.04 0
1699012999.9004767 2.1195947170257567 0.15 -0.04 0
1699012999.9575176 2.117375497817993 0.15 -0.04 0
1699013000.0111513 2.1150941944122312 0.15 -0.04 0
1699013000.0652785 2.1129465961456297 0.15 -0.04 0
1699013000.1224346 2.110784797668457 0.15 -0.04 0
1699013000.1799192 2.108488082885742 0.15 -0.04 0
1699013000.2334673 2.1061981678009034 0.15 -0.04 0
1699013000.2902777 2.1040542602539065 0.15 -0.04 0
1699013000.346109 2.101783657073975 0.15 -0.04 0
1699013000.4016864 2.099549655914307 0.15 -0.04 0
1699013000.4685576 2.097328262329102 0.15 -0.04 0
1699013000.524147 2.094653062820435 0.15 -0.04 0
1699013000.5813513 2.0924302768707284 0.15 -0.04 0
1699013000.7051861 2.0901407146453868 0.15 -0.04 0
1699013000.7608747 2.0851850700378427 0.15 -0.04 0
1699013000.8171034 2.0829598808288585 0.15 -0.04 0
1699013000.8733604 2.0807083129882824 0.15 -0.04 0
1699013000.927537 2.0784601497650157 0.15 -0.04 0
1699013000.9845507 2.0762914657592786 0.15 -0.04 0
1699013001.0403533 2.0740120697021496 0.15 -0.04 0
1699013001.0947685 2.071781930923463 0.15 -0.04 0
1699013001.1493442 2.069605255126954 0.15 -0.04 0
1699013001.205202 2.067420387268067 0.15 -0.04 0
1699013001.2602692 2.065184974670411 0.15 -0.04 0
1699013001.3148344 2.062984056472779 0.15 -0.04 0
1699013001.3702738 2.0608022880554207 0.15 -0.04 0
1699013001.4266763 2.058584337234498 0.15 -0.04 0
1699013001.4828854 2.056326808929444 0.15 -0.04 0
1699013001.5366368 2.0540803241729746 0.15 -0.04 0
1699013001.5930285 2.051929979324342 0.15 -0.04 0
1699013001.648497 2.0496743869781504 0.15 -0.04 0
1699013001.705072 2.04744749069214 0.15 -0.04 0
1699013001.7591984 2.0451921844482435 0.15 -0.04 0
1699013001.8143756 2.0430281257629406 0.15 -0.04 0
1699013001.8698437 2.0408211421966564 0.15 -0.04 0
1699013001.9337196 2.0385933589935314 0.15 -0.04 0
1699013001.9928243 2.036047277450563 0.15 -0.04 0
1699013002.0483334 2.0336748027801526 0.15 -0.04 0
1699013002.104044 2.0314622497558608 0.15 -0.04 0
1699013002.159674 2.0292314910888685 0.15 -0.04 0
1699013002.2165873 2.02700749397278 0.15 -0.04 0
1699013002.272839 2.0247308826446546 0.15 -0.04 0
1699013002.3292139 2.0224826145172132 0.15 -0.04 0
1699013002.3869112 2.020226335525514 0.15 -0.04 0
1699013002.443798 2.01791904449463 0.15 -0.04 0
1699013002.5000172 2.0156426143646256 0.15 -0.04 0
1699013002.557084 2.013394317626955 0.15 -0.04 0
1699013002.6129177 2.0111109352111836 0.15 -0.04 0
1699013002.6693795 2.00887818336487 0.15 -0.04 0
1699013002.7250135 2.0066208934783956 0.15 -0.04 0
1699013002.782016 2.004394531250002 0.15 -0.04 0
1699013002.8397145 2.002113609313967 0.15 -0.04 0
1699013002.8947196 1.9998052310943624 0.15 -0.04 0
1699013002.9547153 1.9976045131683369 0.15 -0.04 0
1699013003.011852 1.995202293395998 0.15 -0.04 0
1699013003.0676692 1.9929203987121602 0.15 -0.04 0
1699013003.1249797 1.9906893253326436 0.15 -0.04 0
1699013003.1829271 1.9883949184417744 0.15 -0.04 0
1699013003.2489524 1.985920877456667 0.15 -0.04 0
1699013003.305307 1.983433074951174 0.15 -0.04 0
1699013003.3631818 1.9811833000183126 0.15 -0.04 0
1699013003.420222 1.978868293762209 0.15 -0.04 0
1699013003.474792 1.976586799621584 0.15 -0.04 0
1699013003.5306985 1.974403543472292 0.15 -0.04 0
1699013003.5886514 1.9721635818481464 0.15 -0.04 0
1699013003.644843 1.969849395751955 0.15 -0.04 0
1699013003.7011228 1.9676024532318133 0.15 -0.04 0
1699013003.7610497 1.965347566604616 0.15 -0.04 0
1699013003.8207536 1.9629534339904804 0.15 -0.04 0
1699013003.877847 1.9605658245086688 0.15 -0.04 0
1699013003.9370131 1.958281145095827 0.15 -0.04 0
1699013003.9958544 1.9559135437011737 0.15 -0.04 0
1699013004.0522869 1.953560810089113 0.15 -0.04 0
1699013004.109833 1.9513030529022235 0.15 -0.04 0
1699013004.1684105 1.948999214172365 0.15 -0.04 0
1699013004.2264812 1.946655521392824 0.15 -0.04 0
1699013004.291019 1.9443361759185809 0.15 -0.04 0
1699013004.3477576 1.9417524433136004 0.15 -0.04 0
1699013004.406074 1.9394822692871112 0.15 -0.04 0
1699013004.4652398 1.937150716781618 0.15 -0.04 0
1699013004.5290391 1.9347457504272478 0.15 -0.04 0
1699013004.5858846 1.9322338485717792 0.15 -0.04 0
1699013004.6441352 1.9299597549438494 0.15 -0.04 0
1699013004.7004907 1.9276301288604754 0.15 -0.04 0
1699013004.7561681 1.9253752613067645 0.15 -0.04 0
1699013004.8133216 1.9231483554840105 0.15 -0.04 0
1699013004.8721948 1.9208621883392352 0.15 -0.04 0
1699013004.928437 1.91850708961487 0.15 -0.04 0
1699013004.9878192 1.916257390975954 0.15 -0.04 0
1699013005.0449314 1.9138808727264423 0.15 -0.04 0
1699013005.1019404 1.9115976047515888 0.15 -0.04 0
1699013005.158646 1.9093166160583515 0.15 -0.04 0
1699013005.2157266 1.9070499610900897 0.15 -0.04 0
1699013005.2704585 1.9047648525238055 0.15 -0.04 0
1699013005.3296015 1.902574892044069 0.15 -0.04 0
1699013005.3838966 1.9002102088928239 0.15 -0.04 0
1699013005.4449158 1.8980384922027604 0.15 -0.04 0
1699013005.5096927 1.8955993366241473 0.15 -0.04 0
1699013005.5689304 1.8930083274841325 0.15 -0.04 0
1699013005.6249685 1.8906371307373064 0.15 -0.04 0
1699013005.6850877 1.8883973026275653 0.15 -0.04 0
1699013005.7431364 1.885991344451906 0.15 -0.04 0
1699013005.8023045 1.8836700439453142 0.15 -0.04 0
1699013005.8611438 1.8813024997711199 0.15 -0.04 0
1699013005.9178467 1.8789500522613543 0.15 -0.04 0
1699013005.9762537 1.8766807365417497 0.15 -0.04 0
1699013006.0344005 1.8743448257446307 0.15 -0.04 0
1699013006.0895429 1.8720200634002704 0.15 -0.04 0
1699013006.1488051 1.8698101806640643 0.15 -0.04 0
1699013006.2055998 1.86744188308716 0.15 -0.04 0
1699013006.2642167 1.8651687240600603 0.15 -0.04 0
1699013006.3218102 1.8628258705139178 0.15 -0.04 0
1699013006.3832204 1.8605232143402117 0.15 -0.04 0
1699013006.440173 1.8580619335174577 0.15 -0.04 0
1699013006.499012 1.8557875442504899 0.15 -0.04 0
1699013006.5567572 1.8534356880188003 0.15 -0.04 0
1699013006.6136203 1.8511241340637221 0.15 -0.04 0
1699013006.6725695 1.8488512516021742 0.15 -0.04 0
1699013006.7325597 1.8464902019500746 0.15 -0.04 0
1699013006.7889457 1.844089279174806 0.15 -0.04 0
1699013006.8454726 1.8418375396728528 0.15 -0.04 0
1699013006.901716 1.8395678615570081 0.15 -0.04 0
1699013006.9597092 1.8373265933990492 0.15 -0.04 0
1699013007.0245223 1.8348831558227554 0.15 -0.04 0
1699013007.084504 1.832415170669557 0.15 -0.04 0
1699013007.1422381 1.8300123882293715 0.15 -0.04 0
1699013007.1982684 1.827701282501222 0.15 -0.04 0
1699013007.2552676 1.8254638767242444 0.15 -0.04 0
1699013007.3127832 1.8231840419769298 0.15 -0.04 0
1699013007.3702307 1.820876865386964 0.15 -0.04 0
1699013007.428142 1.8185858535766612 0.15 -0.04 0
1699013007.4878013 1.8162685871124278 0.15 -0.04 0
1699013007.5453954 1.813882532119752 0.15 -0.04 0
1699013007.60351 1.8115784645080577 0.15 -0.04 0
1699013007.662341 1.8092540740966807 0.15 -0.04 0
1699013007.7199335 1.8068991947174082 0.15 -0.04 0
1699013007.777202 1.8045977020263682 0.15 -0.04 0
1699013007.8365877 1.8023069763183603 0.15 -0.04 0
1699013007.8944492 1.7999318599700938 0.15 -0.04 0
1699013007.9518452 1.7976181888580332 0.15 -0.04 0
1699013008.009042 1.7953208923339854 0.15 -0.04 0
1699013008.0655565 1.7930294799804698 0.15 -0.04 0
1699013008.1204646 1.7907738876342785 0.15 -0.04 0
1699013008.1781209 1.7885763359069835 0.15 -0.04 0
1699013008.2333739 1.786265687942506 0.15 -0.04 0
1699013008.3025715 1.7840579891204846 0.15 -0.04 0
1699013008.3578758 1.7812895298004163 0.15 -0.04 0
1699013008.4136376 1.7790811920166028 0.15 -0.04 0
1699013008.4710903 1.7768494510650648 0.15 -0.04 0
1699013008.526129 1.774548320770265 0.15 -0.04 0
1699013008.5815568 1.7723506164550795 0.15 -0.04 0
1699013008.6383836 1.7701325035095228 0.15 -0.04 0
1699013008.6946588 1.7678579711914075 0.15 -0.04 0
1699013008.7522383 1.7656082344055188 0.15 -0.04 0
1699013008.8109105 1.763305130004884 0.15 -0.04 0
1699013008.8683574 1.7609564590454114 0.15 -0.04 0
1699013008.9254546 1.758661813735963 0.15 -0.04 0
1699013008.9838617 1.7563766956329356 0.15 -0.04 0
1699013009.0419004 1.754038257598878 0.15 -0.04 0
1699013009.0967963 1.7517181777954112 0.15 -0.04 0
1699013009.1522577 1.7495234107971203 0.15 -0.04 0
1699013009.2070792 1.747305374145509 0.15 -0.04 0
1699013009.2641573 1.7451118755340587 0.15 -0.04 0
1699013009.3203917 1.7428259468078624 0.15 -0.04 0
1699013009.3754218 1.7405783653259288 0.15 -0.04 0
1699013009.4302168 1.7383767700195323 0.15 -0.04 0
1699013009.4873812 1.7361858463287363 0.15 -0.04 0
1699013009.5454304 1.733898172378541 0.15 -0.04 0
1699013009.610502 1.7314884090423592 0.15 -0.04 0
1699013009.6685076 1.7289755535125741 0.15 -0.04 0
1699013009.7266278 1.7266554355621346 0.15 -0.04 0
1699013009.7830029 1.7243288516998299 0.15 -0.04 0
1699013009.8402374 1.722073059082032 0.15 -0.04 0
1699013009.8978262 1.7197853660583502 0.15 -0.04 0
1699013009.9562993 1.71748218536377 0.15 -0.04 0
1699013010.014907 1.7151431179046637 0.15 -0.04 0
1699013010.0721354 1.7127984237670904 0.15 -0.04 0
1699013010.1309206 1.7105093860626226 0.15 -0.04 0
1699013010.1879826 1.7081582069396979 0.15 -0.04 0
1699013010.244863 1.7058752918243414 0.15 -0.04 0
1699013010.3046298 1.7036013126373297 0.15 -0.04 0
1699013010.3596456 1.7012099075317388 0.15 -0.04 0
1699013010.414946 1.6990064620971685 0.15 -0.04 0
1699013010.4718013 1.696795148849488 0.15 -0.04 0
1699013010.5273898 1.6945230102539068 0.15 -0.04 0
1699013010.5833886 1.692298889160157 0.15 -0.04 0
1699013010.6459892 1.6900585174560554 0.15 -0.04 0
1699013010.703551 1.687556114196778 0.15 -0.04 0
1699013010.7587533 1.6852540493011483 0.15 -0.04 0
1699013010.8159158 1.6830454158782968 0.15 -0.04 0
1699013010.8701673 1.680757303237916 0.15 -0.04 0
1699013010.9266222 1.678588981628419 0.15 -0.04 0
1699013010.9818213 1.6763282203674326 0.15 -0.04 0
1699013011.037784 1.674118423461915 0.15 -0.04 0
1699013011.0946581 1.6718816089630137 0.15 -0.04 0
1699013011.1529968 1.6696084308624277 0.15 -0.04 0
1699013011.2109451 1.6672762966156016 0.15 -0.04 0
1699013011.2672138 1.6649583530426035 0.15 -0.04 0
1699013011.3269286 1.6627062797546397 0.15 -0.04 0
1699013011.3819194 1.6603171348571788 0.15 -0.04 0
1699013011.4367976 1.6581181144714365 0.15 -0.04 0
1699013011.494929 1.6559214878082285 0.15 -0.04 0
1699013011.5520618 1.6535972499847422 0.15 -0.04 0
1699013011.6069481 1.6513100910186778 0.15 -0.04 0
1699013011.6642246 1.6491179084777843 0.15 -0.04 0
1699013011.7199702 1.6468241500854504 0.15 -0.04 0
1699013011.7783446 1.6445973014831554 0.15 -0.04 0
1699013011.834411 1.64226079940796 0.15 -0.04 0
1699013011.891238 1.6400189876556408 0.15 -0.04 0
1699013011.9486845 1.6377429389953624 0.15 -0.04 0
1699013012.0143507 1.6354419231414805 0.15 -0.04 0
1699013012.0691462 1.6328220748901376 0.15 -0.04 0
1699013012.126975 1.6306295490264902 0.15 -0.04 0
1699013012.184446 1.6283163833618173 0.15 -0.04 0
1699013012.2395234 1.626018199920655 0.15 -0.04 0
1699013012.2949212 1.6238152027130135 0.15 -0.04 0
1699013012.3545628 1.6215980720520027 0.15 -0.04 0
1699013012.4114087 1.6192126178741462 0.15 -0.04 0
1699013012.468264 1.6169391918182379 0.15 -0.04 0
1699013012.5257444 1.6146646976470953 0.15 -0.04 0
1699013012.5820181 1.612366037368775 0.15 -0.04 0
1699013012.6375713 1.6101142406463629 0.15 -0.04 0
1699013012.6934738 1.6078912639617926 0.15 -0.04 0
1699013012.7492957 1.6056571292877204 0.15 -0.04 0
1699013012.8044975 1.6034236621856697 0.15 -0.04 0
1699013012.8609507 1.6012145137786873 0.15 -0.04 0
1699013012.917251 1.5989563560485847 0.15 -0.04 0
1699013012.9715202 1.596700811386109 0.15 -0.04 0
1699013013.029395 1.5945350646972662 0.15 -0.04 0
1699013013.0847123 1.5922195434570319 0.15 -0.04 0
1699013013.1410658 1.5900044536590583 0.15 -0.04 0
1699013013.1995108 1.5877449798583991 0.15 -0.04 0
1699013013.2553015 1.5854156494140632 0.15 -0.04 0
1699013013.3114974 1.583183202743531 0.15 -0.04 0
1699013013.3691325 1.5809323120117196 0.15 -0.04 0
1699013013.4257874 1.5786262416839607 0.15 -0.04 0
1699013013.4903276 1.576306810379029 0.15 -0.04 0
1699013013.5460932 1.5737830734252936 0.15 -0.04 0
1699013013.6026757 1.5715523338317876 0.15 -0.04 0
1699013013.6585758 1.5692843532562262 0.15 -0.04 0
1699013013.7146206 1.56705213546753 0.15 -0.04 0
1699013013.7700372 1.5648098945617683 0.15 -0.04 0
1699013013.8266857 1.5625936412811288 0.15 -0.04 0
1699013013.8816676 1.560327682495118 0.15 -0.04 0
1699013013.9380453 1.5581284236907966 0.15 -0.04 0
1699013013.9957542 1.555872879028321 0.15 -0.04 0
1699013014.0537724 1.5535607051849372 0.15 -0.04 0
1699013014.112548 1.5512350559234624 0.15 -0.04 0
1699013014.1714377 1.5488935756683355 0.15 -0.04 0
1699013014.2278678 1.5465347862243657 0.15 -0.04 0
1699013014.286699 1.5442802619934086 0.15 -0.04 0
1699013014.3464491 1.5419272708892826 0.15 -0.04 0
1699013014.404264 1.5395380496978763 0.15 -0.04 0
1699013014.4602015 1.5372227478027347 0.15 -0.04 0
1699013014.517882 1.5349835491180424 0.15 -0.04 0
1699013014.5738027 1.5326800155639653 0.15 -0.04 0
1699013014.6314778 1.530443563461304 0.15 -0.04 0
1699013014.691342 1.5281355190277104 0.15 -0.04 0
1699013014.747193 1.5257408142089848 0.15 -0.04 0
1699013014.8147743 1.5235033512115483 0.15 -0.04 0
1699013014.8737903 1.5208042812347418 0.15 -0.04 0
1699013014.9302406 1.5184439086914068 0.15 -0.04 0
1699013014.9865124 1.5161840343475348 0.15 -0.04 0
1699013015.0424514 1.5139316844940192 0.15 -0.04 0
1699013015.099776 1.5116980361938483 0.15 -0.04 0
1699013015.1579783 1.5094041919708259 0.15 -0.04 0
1699013015.2138834 1.507076902389527 0.15 -0.04 0
1699013015.2713163 1.504839944839478 0.15 -0.04 0
1699013015.3299353 1.5025399684906011 0.15 -0.04 0
1699013015.387253 1.500197362899781 0.15 -0.04 0
1699013015.4456437 1.4979050731658943 0.15 -0.04 0
1699013015.5044014 1.4955672073364266 0.15 -0.04 0
1699013015.5621867 1.493217430114747 0.15 -0.04 0
1699013015.6198485 1.4909080123901375 0.15 -0.04 0
1699013015.6779664 1.4886009311676034 0.15 -0.04 0
1699013015.7359993 1.486277322769166 0.15 -0.04 0
1699013015.7938592 1.483955144882203 0.15 -0.04 0
1699013015.8531575 1.4816411304473887 0.15 -0.04 0
1699013015.9076653 1.4792692947387704 0.15 -0.04 0
1699013015.9636793 1.4770888519287118 0.15 -0.04 0
1699013016.020794 1.4748417758941659 0.15 -0.04 0
1699013016.078301 1.4725632953643808 0.15 -0.04 0
1699013016.1351097 1.470262985229493 0.15 -0.04 0
1699013016.192208 1.4679890537261973 0.15 -0.04 0
1699013016.2574584 1.4657040214538584 0.15 -0.04 0
1699013016.3146071 1.4630976867675791 0.15 -0.04 0
1699013016.3741474 1.4608118724823007 0.15 -0.04 0
1699013016.4292994 1.4584201431274424 0.15 -0.04 0
1699013016.4869885 1.4562215614318859 0.15 -0.04 0
1699013016.5444992 1.4539133262634287 0.15 -0.04 0
1699013016.6023798 1.451614990234376 0.15 -0.04 0
1699013016.6599393 1.449299774169923 0.15 -0.04 0
1699013016.7167368 1.446997470855714 0.15 -0.04 0
1699013016.7729456 1.4447267055511486 0.15 -0.04 0
1699013016.8298075 1.4424768638610852 0.15 -0.04 0
1699013016.8876333 1.4402020263671886 0.15 -0.04 0
1699013016.9410367 1.4378878593444835 0.15 -0.04 0
1699013016.995306 1.4357535362243663 0.15 -0.04 0
1699013017.052192 1.43358141899109 0.15 -0.04 0
1699013017.1077468 1.4313003349304212 0.15 -0.04 0
1699013017.1622481 1.429084796905519 0.15 -0.04 0
1699013017.2212584 1.426905326843263 0.15 -0.04 0
1699013017.2769344 1.424543609619142 0.15 -0.04 0
1699013017.3338902 1.422317743301393 0.15 -0.04 0
1699013017.3908043 1.4200384521484388 0.15 -0.04 0
1699013017.4455047 1.4177626132965102 0.15 -0.04 0
1699013017.501301 1.4155738353729261 0.15 -0.04 0
1699013017.5635636 1.4133440971374525 0.15 -0.04 0
1699013017.623008 1.4107364559173596 0.15 -0.04 0
1699013017.6784816 1.4084758090972913 0.15 -0.04 0
1699013017.7362032 1.4062526893615734 0.15 -0.04 0
1699013017.7937415 1.403943958282472 0.15 -0.04 0
1699013017.8492954 1.4016450405120862 0.15 -0.04 0
1699013017.9078302 1.399423818588258 0.15 -0.04 0
1699013017.9646387 1.397081766128541 0.15 -0.04 0
1699013018.0210311 1.394809274673463 0.15 -0.04 0
1699013018.077372 1.3925547790527355 0.15 -0.04 0
1699013018.133953 1.390294647216798 0.15 -0.04 0
1699013018.191669 1.3880348491668713 0.15 -0.04 0
1699013018.2538576 1.3857283782958996 0.15 -0.04 0
1699013018.3120587 1.3832299804687511 0.15 -0.04 0
1699013018.3675463 1.3809132862091076 0.15 -0.04 0
1699013018.4282598 1.378690938949586 0.15 -0.04 0
1699013018.4838653 1.376264810562135 0.15 -0.04 0
1699013018.5390818 1.3740392017364513 0.15 -0.04 0
1699013018.5962498 1.3718323612213146 0.15 -0.04 0
1699013018.6544354 1.3695432662963878 0.15 -0.04 0
1699013018.7120843 1.3672150325775156 0.15 -0.04 0
1699013018.7732296 1.364910135269166 0.15 -0.04 0
1699013018.8332403 1.3624261665344248 0.15 -0.04 0
1699013018.890126 1.3600664806365976 0.15 -0.04 0
1699013018.94702 1.3577911281585704 0.15 -0.04 0
1699013019.0023022 1.3555153369903574 0.15 -0.04 0
1699013019.0562205 1.353304090499879 0.15 -0.04 0
1699013019.1135027 1.351146230697633 0.15 -0.04 0
1699013019.1702244 1.3488543701171887 0.15 -0.04 0
1699013019.2262247 1.3465862464904796 0.15 -0.04 0
1699013019.2827399 1.3443468189239514 0.15 -0.04 0
1699013019.339421 1.3420794200897228 0.15 -0.04 0
1699013019.395545 1.3398187637329113 0.15 -0.04 0
1699013019.452037 1.33757405281067 0.15 -0.04 0
1699013019.5083632 1.3353123569488536 0.15 -0.04 0
1699013019.5656137 1.3330604076385508 0.15 -0.04 0
1699013019.6235883 1.3307701110839854 0.15 -0.04 0
1699013019.6789854 1.328451738357545 0.15 -0.04 0
1699013019.7354827 1.3262348270416269 0.15 -0.04 0
1699013019.7914732 1.323974323272706 0.15 -0.04 0
1699013019.8482761 1.3217334461212167 0.15 -0.04 0
1699013019.9038596 1.3194647216796884 0.15 -0.04 0
1699013019.960532 1.3172269344329843 0.15 -0.04 0
1699013020.0179584 1.314973793029786 0.15 -0.04 0
1699013020.074368 1.3126745414733896 0.15 -0.04 0
1699013020.1309085 1.3104208946228035 0.15 -0.04 0
1699013020.1926067 1.308158206939698 0.15 -0.04 0
1699013020.2566543 1.3056128311157233 0.15 -0.04 0
1699013020.314141 1.303128509521485 0.15 -0.04 0
1699013020.369566 1.3008305835723883 0.15 -0.04 0
1699013020.4298038 1.298609876632691 0.15 -0.04 0
1699013020.486593 1.2962037467956549 0.15 -0.04 0
1699013020.5448072 1.2939293766021733 0.15 -0.04 0
1699013020.6735494 1.2916018772125248 0.15 -0.04 0
1699013020.7290092 1.286451673507691 0.15 -0.04 0
1699013020.7858098 1.2842357826232915 0.15 -0.04 0
1699013020.8400466 1.2819637775421147 0.15 -0.04 0
1699013020.894292 1.2797933769226078 0.15 -0.04 0
1699013020.9493573 1.2776234340667727 0.15 -0.04 0
1699013021.0055628 1.2754207420349124 0.15 -0.04 0
1699013021.0613048 1.273172359466553 0.15 -0.04 0
1699013021.1174076 1.2709434032440188 0.15 -0.04 0
1699013021.174184 1.2686974334716798 0.15 -0.04 0
1699013021.2293255 1.2664284038543703 0.15 -0.04 0
1699013021.285701 1.2642211532592775 0.15 -0.04 0
1699013021.3409636 1.2619680786132814 0.15 -0.04 0
1699013021.3982801 1.2597561836242677 0.15 -0.04 0
1699013021.4552946 1.2574645137786866 0.15 -0.04 0
1699013021.5094366 1.2551828575134278 0.15 -0.04 0
1699013021.5641837 1.2530180740356447 0.15 -0.04 0
1699013021.622187 1.2508276081085206 0.15 -0.04 0
1699013021.67779 1.2485055160522462 0.15 -0.04 0
1699013021.7346265 1.2462758159637453 0.15 -0.04 0
1699013021.7935624 1.244009304046631 0.15 -0.04 0
1699013021.8545876 1.2416122341156006 0.15 -0.04 0
1699013021.9116876 1.2392092514038087 0.15 -0.04 0
1699013021.969205 1.2369281959533691 0.15 -0.04 0
1699013022.024461 1.2346263790130616 0.15 -0.04 0
1699013022.0823832 1.232416467666626 0.15 -0.04 0
1699013022.1387408 1.2300975227355957 0.15 -0.04 0
1699013022.195734 1.2278455924987792 0.15 -0.04 0
1699013022.2521338 1.2255656147003173 0.15 -0.04 0
1699013022.3099205 1.2233096504211425 0.15 -0.04 0
1699013022.364457 1.2209976863861083 0.15 -0.04 0
1699013022.419997 1.2188168239593504 0.15 -0.04 0
1699013022.4778805 1.2165923595428465 0.15 -0.04 0
1699013022.535831 1.2142803955078123 0.15 -0.04 0
1699013022.592499 1.2119617271423337 0.15 -0.04 0
1699013022.6484942 1.2096954345703124 0.15 -0.04 0
1699013022.70276 1.2074546909332273 0.15 -0.04 0
1699013022.7571313 1.2052847766876218 0.15 -0.04 0
1699013022.8134947 1.203105421066284 0.15 -0.04 0
1699013022.8720884 1.2008544731140134 0.15 -0.04 0
1699013022.927331 1.1985123443603514 0.15 -0.04 0
1699013022.9857397 1.196300115585327 0.15 -0.04 0
1699013023.0506318 1.1938696002960203 0.15 -0.04 0
1699013023.1086597 1.1913587093353268 0.15 -0.04 0
1699013023.1672635 1.18904839515686 0.15 -0.04 0
1699013023.224443 1.186702432632446 0.15 -0.04 0
1699013023.2809258 1.1844183540344235 0.15 -0.04 0
1699013023.3381498 1.182158212661743 0.15 -0.04 0
1699013023.394255 1.1798689556121824 0.15 -0.04 0
1699013023.4489298 1.1776235198974607 0.15 -0.04 0
1699013023.5052335 1.1754371070861813 0.15 -0.04 0
1699013023.5615625 1.1731858348846433 0.15 -0.04 0
1699013023.6184893 1.170926694869995 0.15 -0.04 0
1699013023.6732197 1.1686553001403808 0.15 -0.04 0
1699013023.727722 1.1664653873443602 0.15 -0.04 0
1699013023.7829995 1.1642860221862792 0.15 -0.04 0
1699013023.8396616 1.1620738315582275 0.15 -0.04 0
1699013023.895045 1.1598088932037354 0.15 -0.04 0
1699013023.9507709 1.157593755722046 0.15 -0.04 0
1699013024.0064235 1.155363998413086 0.15 -0.04 0
1699013024.0604548 1.1531391906738282 0.15 -0.04 0
1699013024.114496 1.1509779167175294 0.15 -0.04 0
1699013024.172253 1.148813352584839 0.15 -0.04 0
1699013024.2382183 1.1464895820617678 0.15 -0.04 0
1699013024.2931228 1.1438641643524172 0.15 -0.04 0
1699013024.3515854 1.1416711997985842 0.15 -0.04 0
1699013024.4077363 1.139331569671631 0.15 -0.04 0
1699013024.4643767 1.137084302902222 0.15 -0.04 0
1699013024.5250275 1.1348198795318607 0.15 -0.04 0
1699013024.5802863 1.1323927688598636 0.15 -0.04 0
1699013024.6334364 1.1301841545104985 0.15 -0.04 0
1699013024.6916199 1.128058652877808 0.15 -0.04 0
1699013024.7483134 1.1257306194305423 0.15 -0.04 0
1699013024.8040814 1.123462533950806 0.15 -0.04 0
1699013024.8604627 1.121231908798218 0.15 -0.04 0
1699013024.9180481 1.1189764404296878 0.15 -0.04 0
1699013024.9729805 1.1166709136962893 0.15 -0.04 0
1699013025.0305443 1.1144764900207522 0.15 -0.04 0
1699013025.0872958 1.1121732616424562 0.15 -0.04 0
1699013025.1430368 1.1099035072326662 0.15 -0.04 0
1699013025.2004158 1.1076738166809084 0.15 -0.04 0
1699013025.2586715 1.105378580093384 0.15 -0.04 0
1699013025.3141563 1.1030460357666017 0.15 -0.04 0
1699013025.3721406 1.1008276557922365 0.15 -0.04 0
1699013025.4285462 1.098510446548462 0.15 -0.04 0
1699013025.4846835 1.0962542533874513 0.15 -0.04 0
1699013025.5410874 1.0940070819854737 0.15 -0.04 0
1699013025.597331 1.0917519664764406 0.15 -0.04 0
1699013025.6539426 1.0895027732849123 0.15 -0.04 0
1699013025.711125 1.0872378921508792 0.15 -0.04 0
1699013025.7658768 1.0849507331848147 0.15 -0.04 0
1699013025.8233507 1.0827599716186527 0.15 -0.04 0
1699013025.880402 1.0804540920257573 0.15 -0.04 0
1699013025.9499128 1.0781782341003423 0.15 -0.04 0
1699013026.0070834 1.0753942775726324 0.15 -0.04 0
1699013026.1000853 1.0731125545501714 0.15 -0.04 0
1699013026.1061504 1.0693907642364506 0.15 -0.04 0
1699013026.1500776 1.0691489505767826 0.15 -0.04 0
1699013026.2001202 1.0673817062377933 0.15 -0.04 0
1699013026.2551143 1.0653840827941898 0.15 -0.04 0
1699013026.301301 1.0629711437225347 0.15 -0.04 0
1699013026.3564854 1.0613439941406255 0.15 -0.04 0
1699013026.4020283 1.0591223049163823 0.15 -0.04 0
1699013026.4857938 1.0573122978210454 0.15 -0.04 0
1699013026.5054007 1.0539621162414556 0.15 -0.04 0
1699013026.5551374 1.052917852401734 0.15 -0.04 0
1699013026.615013 1.0511048984527593 0.15 -0.04 0
1699013026.691714 1.048795547485352 0.15 -0.04 0
1699013026.699963 1.0457253837585454 0.15 -0.04 0
1699013026.7500248 1.045396642684937 0.15 -0.04 0
1699013026.8070817 1.0433925151824957 0.15 -0.04 0
1699013026.8803902 1.041104230880738 0.15 -0.04 0
1699013026.9050796 1.038177690505982 0.15 -0.04 0
1699013026.9519389 1.037102890014649 0.15 -0.04 0
1699013027.0236793 1.0353010177612312 0.15 -0.04 0
1699013027.0977528 1.0324474906921395 0.15 -0.04 0
1699013027.1039262 1.0294846248626717 0.15 -0.04 0
1699013027.1500728 1.0292378711700447 0.15 -0.04 0
1699013027.2000628 1.027358303070069 0.15 -0.04 0
1699013027.2900362 1.024820575714112 0.15 -0.04 0
1699013027.3652933 1.0217940044403082 0.15 -0.04 0
1699013027.3715653 1.0187843894958502 0.15 -0.04 0
1699013027.4000301 1.018533029556275 0.15 -0.04 0
1699013027.450125 1.0172984027862553 0.15 -0.04 0
1699013027.5050824 1.0153817749023442 0.15 -0.04 0
1699013027.5551107 1.012942924499512 0.15 -0.04 0
1699013027.6305516 1.0111034679412845 0.15 -0.04 0
1699013027.6861777 1.008173637390137 0.15 -0.04 0
1699013027.7026346 1.005948181152344 0.15 -0.04 0
1699013027.750019 1.005289697647095 0.15 -0.04 0
1699013027.8221807 1.0033891582489016 0.15 -0.04 0
1699013027.8500137 1.0005080127716066 0.15 -0.04 0
1699013027.916418 0.9993940925598146 0.15 -0.04 0
1699013027.9499848 0.9967376804351809 0.15 -0.04 0
1699013028.0000408 0.9953889751434328 0.15 -0.04 0
1699013028.0505817 0.9933918952941897 0.15 -0.04 0
1699013028.1000156 0.9913710880279544 0.15 -0.04 0
1699013028.1499846 0.9893880176544192 0.15 -0.04 0
1699013028.2009072 0.9873891448974612 0.15 -0.04 0
1699013028.2545118 0.9853586769104007 0.15 -0.04 0
1699013028.3000038 0.9832073974609378 0.15 -0.04 0
1699013028.3510833 0.9813956737518313 0.15 -0.04 0
1699013028.3999794 0.9791911602020267 0.15 -0.04 0
1699013028.4520297 0.9773956584930423 0.15 -0.04 0
1699013028.4999788 0.9750689506530765 0.15 -0.04 0
1699013028.5499885 0.9733927440643314 0.15 -0.04 0
1699013028.6000173 0.9713956260681156 0.15 -0.04 0
1699013028.6551073 0.9693921184539799 0.15 -0.04 0
1699013028.7000165 0.9671591186523442 0.15 -0.04 0
1699013028.7569115 0.9653874969482426 0.15 -0.04 0
1699013028.803795 0.9631154727935795 0.15 -0.04 0
1699013028.8524423 0.9612407588958743 0.15 -0.04 0
1699013028.9013937 0.9590703392028812 0.15 -0.04 0
1699013028.9500103 0.9573371219635013 0.15 -0.04 0
1699013029.0000167 0.9553866863250735 0.15 -0.04 0
1699013029.0681763 0.9533926200866701 0.15 -0.04 0
1699013029.1051087 0.9506689167022707 0.15 -0.04 0
1699013029.1530917 0.9489941406250002 0.15 -0.04 0
1699013029.2284153 0.9472698211669924 0.15 -0.04 0
1699013029.2500262 0.944259366989136 0.15 -0.04 0
1699013029.302451 0.943393421173096 0.15 -0.04 0
1699013029.3811066 0.9408142280578616 0.15 -0.04 0
1699013029.4445183 0.9381516838073733 0.15 -0.04 0
1699013029.4512558 0.9356124591827396 0.15 -0.04 0
1699013029.5069854 0.9353449058532718 0.15 -0.04 0
1699013029.5718536 0.9331080150604251 0.15 -0.04 0
1699013029.6000392 0.9305212593078616 0.15 -0.04 0
1699013029.6576486 0.9293915557861331 0.15 -0.04 0
1699013029.6999924 0.9270894718170168 0.15 -0.04 0
1699013029.7755451 0.9253927803039553 0.15 -0.04 0
1699013029.801478 0.9223725223541263 0.15 -0.04 0
1699013029.855107 0.9208401489257815 0.15 -0.04 0
1699013029.9185526 0.9189491271972658 0.15 -0.04 0
1699013029.9856558 0.9166538619995119 0.15 -0.04 0
1699013030.0024865 0.9139685058593752 0.15 -0.04 0
1699013030.0500276 0.9132954978942873 0.15 -0.04 0
1699013030.1161768 0.9113917732238772 0.15 -0.04 0
1699013030.1500213 0.908747367858887 0.15 -0.04 0
1699013030.2060902 0.9073834514617922 0.15 -0.04 0
1699013030.2529244 0.9051514244079593 0.15 -0.04 0
1699013030.3189514 0.9032774257659915 0.15 -0.04 0
1699013030.3534617 0.900635452270508 0.15 -0.04 0
1699013030.4000194 0.8992544937133791 0.15 -0.04 0
1699013030.4500158 0.897390937805176 0.15 -0.04 0
1699013030.5028493 0.8953940296173097 0.15 -0.04 0
1699013030.5571768 0.8932763957977297 0.15 -0.04 0
1699013030.6027465 0.8911016082763673 0.15 -0.04 0
1699013030.6576014 0.8892807483673096 0.15 -0.04 0
1699013030.7014725 0.8870845222473145 0.15 -0.04 0
1699013030.7503345 0.8853327751159669 0.15 -0.04 0
1699013030.8000176 0.8833781337738038 0.15 -0.04 0
1699013030.850019 0.881393165588379 0.15 -0.04 0
1699013030.899999 0.8793935585021974 0.15 -0.04 0
1699013030.9502869 0.877392749786377 0.15 -0.04 0
1699013031.0032728 0.875367774963379 0.15 -0.04 0
1699013031.0499911 0.8732585048675539 0.15 -0.04 0
1699013031.1023064 0.8713940525054933 0.15 -0.04 0
1699013031.1500015 0.8693016052246095 0.15 -0.04 0
1699013031.2063835 0.8673009777069093 0.15 -0.04 0
1699013031.2551088 0.8648675346374513 0.15 -0.04 0
1699013031.3025923 0.863065118789673 0.15 -0.04 0
1699013031.3781075 0.8612869167327882 0.15 -0.04 0
1699013031.4001994 0.8582707118988039 0.15 -0.04 0
1699013031.4561632 0.8573149871826173 0.15 -0.04 0
1699013031.5197034 0.8548739719390871 0.15 -0.04 0
1699013031.5839612 0.852607469558716 0.15 -0.04 0
1699013031.6005938 0.8500368309020998 0.15 -0.04 0
1699013031.6507351 0.8493717956542971 0.15 -0.04 0
1699013031.734284 0.8473334407806399 0.15 -0.04 0
1699013031.7908275 0.8440177154541018 0.15 -0.04 0
1699013031.7999613 0.8417628383636476 0.15 -0.04 0
1699013031.8512087 0.8413963699340822 0.15 -0.04 0
1699013031.9067595 0.8393446922302248 0.15 -0.04 0
1699013031.9513521 0.8371235466003419 0.15 -0.04 0
1699013032.0158963 0.8353401470184327 0.15 -0.04 0
1699013032.0500176 0.8327598476409913 0.15 -0.04 0
1699013032.1268232 0.8313845157623292 0.15 -0.04 0
1699013032.1542358 0.8283219623565675 0.15 -0.04 0
1699013032.2006018 0.8271568489074709 0.15 -0.04 0
1699013032.2729378 0.825364284515381 0.15 -0.04 0
1699013032.3051023 0.822475633621216 0.15 -0.04 0
1699013032.3551064 0.8209673500061037 0.15 -0.04 0
1699013032.4239638 0.8191729736328126 0.15 -0.04 0
1699013032.4823565 0.8164373493194581 0.15 -0.04 0
1699013032.4999886 0.8140986824035645 0.15 -0.04 0
1699013032.5540035 0.8133936023712159 0.15 -0.04 0
1699013032.6165962 0.811204128265381 0.15 -0.04 0
1699013032.6500149 0.8087311267852785 0.15 -0.04 0
1699013032.7000144 0.8073902320861818 0.15 -0.04 0
1699013032.7505374 0.8053936862945558 0.15 -0.04 0
1699013032.801034 0.8033737277984621 0.15 -0.04 0
1699013032.849978 0.8012389850616457 0.15 -0.04 0
1699013032.9003744 0.799394054412842 0.15 -0.04 0
1699013032.956829 0.7972189807891847 0.15 -0.04 0
1699013033.0016842 0.7951127052307131 0.15 -0.04 0
1699013033.0499792 0.7932434844970705 0.15 -0.04 0
1699013033.0999882 0.7913887691497804 0.15 -0.04 0
1699013033.1508706 0.7893958568573 0.15 -0.04 0
1699013033.1999876 0.7873577976226808 0.15 -0.04 0
1699013033.2502482 0.785395736694336 0.15 -0.04 0
1699013033.3026655 0.783384304046631 0.15 -0.04 0
1699013033.350116 0.781002540588379 0.15 -0.04 0
1699013033.3999853 0.7793899154663088 0.15 -0.04 0
1699013033.4499981 0.777395124435425 0.15 -0.04 0
1699013033.5036263 0.7753845500946047 0.15 -0.04 0
1699013033.5500247 0.7732477474212649 0.15 -0.04 0
1699013033.630385 0.7713853740692141 0.15 -0.04 0
1699013033.6551025 0.7681785106658938 0.15 -0.04 0
1699013033.7029493 0.7670220088958742 0.15 -0.04 0
1699013033.7706082 0.7652600193023684 0.15 -0.04 0
1699013033.8361378 0.7625714588165285 0.15 -0.04 0
1699013033.852758 0.759949531555176 0.15 -0.04 0
1699013033.900095 0.7592843818664553 0.15 -0.04 0
1699013033.9585984 0.7573594856262209 0.15 -0.04 0
1699013034.0000107 0.7545292377471926 0.15 -0.04 0
1699013034.0750124 0.7533813095092776 0.15 -0.04 0
1699013034.1000693 0.7499274635314944 0.15 -0.04 0
1699013034.1812835 0.7493883228302005 0.15 -0.04 0
1699013034.200167 0.7461432361602787 0.15 -0.04 0
1699013034.251777 0.7453562164306644 0.15 -0.04 0
1699013034.3382034 0.7428851222991947 0.15 -0.04 0
1699013034.4159148 0.7398671436309818 0.15 -0.04 0
1699013034.421945 0.7367584705352787 0.15 -0.04 0
1699013034.4550529 0.7365171527862552 0.15 -0.04 0
1699013034.502794 0.7350273704528811 0.15 -0.04 0
1699013034.5818057 0.7332673168182375 0.15 -0.04 0
1699013034.6476414 0.7301231575012209 0.15 -0.04 0
1699013034.6539845 0.7274888992309573 0.15 -0.04 0
1699013034.7083395 0.7272343349456789 0.15 -0.04 0
1699013034.7859054 0.7250568103790285 0.15 -0.04 0
1699013034.800058 0.721958875656128 0.15 -0.04 0
1699013034.8551328 0.7209219646453858 0.15 -0.04 0
1699013034.9251668 0.7190391921997071 0.15 -0.04 0
1699013034.9986665 0.7163828659057618 0.15 -0.04 0
1699013035.004982 0.7134445667266847 0.15 -0.04 0
1699013035.050101 0.7131940937042237 0.15 -0.04 0
1699013035.1050508 0.7113887882232667 0.15 -0.04 0
1699013035.157968 0.7091013336181642 0.15 -0.04 0
1699013035.230512 0.7070695781707765 0.15 -0.04 0
1699013035.2504516 0.7041751861572267 0.15 -0.04 0
1699013035.3000505 0.7029717540740968 0.15 -0.04 0
1699013035.3764954 0.7013859653472903 0.15 -0.04 0
1699013035.4000144 0.698335180282593 0.15 -0.04 0
1699013035.4500294 0.6973796844482424 0.15 -0.04 0
1699013035.5006888 0.6953934669494631 0.15 -0.04 0
1699013035.5500453 0.6933661460876467 0.15 -0.04 0
1699013035.6000202 0.6913780307769778 0.15 -0.04 0
1699013035.6510215 0.6893817996978763 0.15 -0.04 0
1699013035.7000272 0.6872011470794681 0.15 -0.04 0
1699013035.7502215 0.6853828811645511 0.15 -0.04 0
1699013035.8016448 0.6833812522888187 0.15 -0.04 0
1699013035.8499858 0.6813290786743168 0.15 -0.04 0
1699013035.900915 0.6793959712982182 0.15 -0.04 0
1699013035.950014 0.6773574638366703 0.15 -0.04 0
1699013036.000021 0.6753946876525883 0.15 -0.04 0
1699013036.0500252 0.6733939266204838 0.15 -0.04 0
1699013036.105315 0.6713936519622807 0.15 -0.04 0
1699013036.1517434 0.6691771125793462 0.15 -0.04 0
1699013036.1999745 0.6672059917449956 0.15 -0.04 0
1699013036.253692 0.665396175384522 0.15 -0.04 0
1699013036.3007052 0.6632380008697515 0.15 -0.04 0
1699013036.3499696 0.6613667583465581 0.15 -0.04 0
1699013036.4055233 0.6593970870971685 0.15 -0.04 0
1699013036.4534686 0.65717119216919 0.15 -0.04 0
1699013036.4999743 0.6551706027984624 0.15 -0.04 0
1699013036.557839 0.6533959484100347 0.15 -0.04 0
1699013036.6009326 0.6510744762420659 0.15 -0.04 0
1699013036.6514702 0.6493587303161626 0.15 -0.04 0
1699013036.709073 0.6473314476013189 0.15 -0.04 0
1699013036.7509103 0.6450288200378423 0.15 -0.04 0
1699013036.800698 0.6432212448120123 0.15 -0.04 0
1699013036.856624 0.6413676071166997 0.15 -0.04 0
1699013036.9018767 0.6391247463226323 0.15 -0.04 0
1699013036.9499707 0.6373180103302006 0.15 -0.04 0
1699013037.0056994 0.6353971862792973 0.15 -0.04 0
1699013037.0503542 0.6331662273406987 0.15 -0.04 0
1699013037.0999675 0.6312202358245854 0.15 -0.04 0
1699013037.1561332 0.6293962574005132 0.15 -0.04 0
1699013037.1999927 0.6271351432800298 0.15 -0.04 0
1699013037.2511692 0.6253942012786871 0.15 -0.04 0
1699013037.2999713 0.6233424186706549 0.15 -0.04 0
1699013037.3542082 0.6213960838317877 0.15 -0.04 0
1699013037.4011323 0.6192269039154058 0.15 -0.04 0
1699013037.4499693 0.6173104476928716 0.15 -0.04 0
1699013037.5053322 0.6153972530364995 0.15 -0.04 0
1699013037.5508366 0.6131739616394047 0.15 -0.04 0
1699013037.6005192 0.6112395954132085 0.15 -0.04 0
1699013037.65701 0.6093733119964605 0.15 -0.04 0
1699013037.7014346 0.6071135044097906 0.15 -0.04 0
1699013037.750144 0.6052971363067633 0.15 -0.04 0
1699013037.805558 0.6033879661560064 0.15 -0.04 0
1699013037.8500068 0.6011690807342535 0.15 -0.04 0
1699013037.8999732 0.5993957710266119 0.15 -0.04 0
1699013037.9544952 0.597396087646485 0.15 -0.04 0
1699013038.0016875 0.5952056694030768 0.15 -0.04 0
1699013038.0499732 0.5931723403930671 0.15 -0.04 0
1699013038.1059892 0.5913971042633064 0.15 -0.04 0
1699013038.1501534 0.5891514778137215 0.15 -0.04 0
1699013038.1999679 0.5872260189056404 0.15 -0.04 0
1699013038.253309 0.5853973484039314 0.15 -0.04 0
1699013038.3013475 0.5832578563690193 0.15 -0.04 0
1699013038.3499699 0.5812610244750984 0.15 -0.04 0
1699013038.405022 0.5793972969055183 0.15 -0.04 0
1699013038.4509315 0.5771839904785164 0.15 -0.04 0
1699013038.4999874 0.5752780246734627 0.15 -0.04 0
1699013038.554304 0.5733965015411384 0.15 -0.04 0
1699013038.602492 0.5712201595306403 0.15 -0.04 0
1699013038.649971 0.569252367019654 0.15 -0.04 0
1699013038.7057822 0.5673971748352057 0.15 -0.04 0
1699013038.751535 0.5651571273803717 0.15 -0.04 0
1699013038.799975 0.5632481288909919 0.15 -0.04 0
1699013038.856481 0.5613969802856452 0.15 -0.04 0
1699013038.9062066 0.5591270256042488 0.15 -0.04 0
1699013038.9515715 0.5569866752624519 0.15 -0.04 0
1699013039.00608 0.555330476760865 0.15 -0.04 0
1699013039.0505323 0.553147974014283 0.15 -0.04 0
1699013039.099998 0.5512517738342292 0.15 -0.04 0
1699013039.154525 0.5493960952758796 0.15 -0.04 0
1699013039.2008448 0.54721158027649 0.15 -0.04 0
1699013039.2499707 0.5452854919433601 0.15 -0.04 0
1699013039.3057923 0.5433972644805916 0.15 -0.04 0
1699013039.3503914 0.541156539916993 0.15 -0.04 0
1699013039.4010968 0.5391911697387703 0.15 -0.04 0
1699013039.457927 0.5373498535156258 0.15 -0.04 0
1699013039.5008328 0.5350713729858406 0.15 -0.04 0
1699013039.5514727 0.5333610534667976 0.15 -0.04 0
1699013039.608829 0.5313301086425789 0.15 -0.04 0
1699013039.6509979 0.5290379619598397 0.15 -0.04 0
1699013039.701476 0.5273547840118417 0.15 -0.04 0
1699013039.7500434 0.5253284168243416 0.15 -0.04 0
1699013039.801773 0.5233899879455575 0.15 -0.04 0
1699013039.8499694 0.5212835407257088 0.15 -0.04 0
1699013039.9056325 0.5193965911865243 0.15 -0.04 0
1699013039.95101 0.5171636867523202 0.15 -0.04 0
1699013039.9999778 0.5151969432830819 0.15 -0.04 0
1699013040.0550268 0.513396530151368 0.15 -0.04 0
1699013040.102567 0.5111878871917732 0.15 -0.04 0
1699013040.1500092 0.5091654109954842 0.15 -0.04 0
1699013040.2062802 0.5073957347869881 0.15 -0.04 0
1699013040.2499719 0.5051368522644051 0.15 -0.04 0
1699013040.300767 0.5033927726745613 0.15 -0.04 0
1699013040.356948 0.5013595581054695 0.15 -0.04 0
1699013040.4022553 0.4991109180450447 0.15 -0.04 0
1699013040.451741 0.4970106983184822 0.15 -0.04 0
1699013040.5053332 0.49532648086547926 0.15 -0.04 0
1699013040.550782 0.493178319931031 0.15 -0.04 0
1699013040.6000082 0.49136474609375075 0.15 -0.04 0
1699013040.6539168 0.4893941783905037 0.15 -0.04 0
1699013040.7000306 0.48723803520202713 0.15 -0.04 0
1699013040.7499743 0.4853111362457283 0.15 -0.04 0
1699013040.8000522 0.48339611053466874 0.15 -0.04 0
1699013040.851024 0.4813898468017586 0.15 -0.04 0
1699013040.9000216 0.4793003273010262 0.15 -0.04 0
1699013040.9510262 0.4773775196075447 0.15 -0.04 0
1699013041.0005062 0.47519807815551834 0.15 -0.04 0
1699013041.0553608 0.47336252212524493 0.15 -0.04 0
1699013041.1013782 0.4711792469024666 0.15 -0.04 0
1699013041.1535113 0.46926198005676345 0.15 -0.04 0
1699013041.1999867 0.46724874496460034 0.15 -0.04 0
1699013041.2539213 0.4653855895996101 0.15 -0.04 0
1699013041.3027756 0.46323788642883373 0.15 -0.04 0
1699013041.358283 0.46122591972351146 0.15 -0.04 0
1699013041.400484 0.45905418395996167 0.15 -0.04 0
1699013041.4503367 0.4573765659332283 0.15 -0.04 0
1699013041.4999712 0.45522646903991776 0.15 -0.04 0
1699013041.5557837 0.453397111892701 0.15 -0.04 0
1699013041.6013556 0.45116134643554767 0.15 -0.04 0
1699013041.6508775 0.44906477928161703 0.15 -0.04 0
1699013041.708741 0.44736003875732505 0.15 -0.04 0
1699013041.753694 0.445036048889161 0.15 -0.04 0
1699013041.8009722 0.4432464599609383 0.15 -0.04 0
1699013041.8499727 0.44127368927002036 0.15 -0.04 0
1699013041.9052594 0.43939706802368245 0.15 -0.04 0
1699013041.9510477 0.43718268394470294 0.15 -0.04 0
1699013041.999988 0.4353528118133553 0.15 -0.04 0
1699013042.0572624 0.4333907413482674 0.15 -0.04 0
1699013042.100702 0.4311039161682137 0.15 -0.04 0
1699013042.150996 0.42936720848083576 0.15 -0.04 0
1699013042.1999743 0.4272912883758553 0.15 -0.04 0
1699013042.250941 0.42539607048034744 0.15 -0.04 0
1699013042.3000174 0.42327164649963456 0.15 -0.04 0
1699013042.3524513 0.4213931655883797 0.15 -0.04 0
1699013042.4000182 0.41928095817565997 0.15 -0.04 0
1699013042.450885 0.4173921203613289 0.15 -0.04 0
1699013042.5000455 0.41523944854736405 0.15 -0.04 0
1699013042.5562153 0.4133937931060799 0.15 -0.04 0
1699013042.6012542 0.41113698959350664 0.15 -0.04 0
1699013042.6543946 0.4092171192169197 0.15 -0.04 0
1699013042.6999764 0.4072203159332283 0.15 -0.04 0
1699013042.7516112 0.40539605140686114 0.15 -0.04 0
1699013042.8027484 0.4032413387298592 0.15 -0.04 0
1699013042.8499792 0.4012860965728768 0.15 -0.04 0
1699013042.9013147 0.3993923759460457 0.15 -0.04 0
1699013042.9520307 0.3971699047088631 0.15 -0.04 0
1699013043.007883 0.3953145694732674 0.15 -0.04 0
1699013043.052204 0.39307140350341874 0.15 -0.04 0
1699013043.1699011 0.39130698204040604 0.15 -0.04 0
1699013043.2123084 0.38659918785095293 0.15 -0.04 0
1699013043.2542937 0.3849019336700447 0.15 -0.04 0
1699013043.2995093 0.3832222270965584 0.15 -0.04 0
1699013043.3478053 0.38137062072753986 0.15 -0.04 0
1699013043.389147 0.37948092460632404 0.15 -0.04 0
1699013043.431891 0.3778302001953133 0.15 -0.04 0
1699013043.4728603 0.37611908912658776 0.15 -0.04 0
1699013043.515911 0.3744815826416024 0.15 -0.04 0
1699013043.5571423 0.37275884628295985 0.15 -0.04 0
1699013043.6003087 0.3711090564727792 0.15 -0.04 0
1699013043.6515334 0.36938201904296963 0.15 -0.04 0
1699013043.7019246 0.367333059310914 0.15 -0.04 0
1699013043.7499785 0.3651950454711923 0.15 -0.04 0
1699013043.8032749 0.363396816253663 0.15 -0.04 0
1699013043.8514037 0.36126361846923916 0.15 -0.04 0
1699013043.8999956 0.3592074966430673 0.15 -0.04 0
1699013043.9580579 0.35739534378051846 0.15 -0.04 0
1699013044.0012798 0.3550664138793954 0.15 -0.04 0
1699013044.0506618 0.3533420848846444 0.15 -0.04 0
1699013044.0999706 0.35122745513916104 0.15 -0.04 0
1699013044.1499894 0.34939706802368253 0.15 -0.04 0
1699013044.202629 0.347395315170289 0.15 -0.04 0
1699013044.2502322 0.34528368949890226 0.15 -0.04 0
1699013044.3022876 0.3433854103088388 0.15 -0.04 0
1699013044.351224 0.3412986373901376 0.15 -0.04 0
1699013044.3999708 0.3393464279174814 0.15 -0.04 0
1699013044.457449 0.33739704132080167 0.15 -0.04 0
1699013044.5020058 0.3350800418853769 0.15 -0.04 0
1699013044.5506861 0.333310670852662 0.15 -0.04 0
1699013044.5999746 0.3312257289886484 0.15 -0.04 0
1699013044.651018 0.3293959140777597 0.15 -0.04 0
1699013044.7028117 0.3273542976379404 0.15 -0.04 0
1699013044.7499738 0.32527377128601165 0.15 -0.04 0
1699013044.8017848 0.3233931827545175 0.15 -0.04 0
1699013044.8499715 0.3212846374511728 0.15 -0.04 0
1699013044.9065669 0.31939723014831634 0.15 -0.04 0
1699013044.949979 0.3171318054199228 0.15 -0.04 0
1699013045.0035648 0.3153964614868173 0.15 -0.04 0
1699013045.0585327 0.31324902534484955 0.15 -0.04 0
1699013045.1004584 0.31104321479797453 0.15 -0.04 0
1699013045.150098 0.3093777561187753 0.15 -0.04 0
1699013045.2053745 0.30739166259765716 0.15 -0.04 0
1699013045.2515051 0.30517526626587005 0.15 -0.04 0
1699013045.2999754 0.3031797504425058 0.15 -0.04 0
1699013045.351191 0.30139587402343837 0.15 -0.04 0
1699013045.402237 0.2993472576141366 0.15 -0.04 0
1699013045.449994 0.29730575561523526 0.15 -0.04 0
1699013045.5059712 0.29539630889892665 0.15 -0.04 0
1699013045.5508735 0.2931503391265878 0.15 -0.04 0
1699013045.6023972 0.2912067222595223 0.15 -0.04 0
1699013045.6556005 0.28930027008056725 0.15 -0.04 0
1699013045.7023258 0.28716775894165125 0.15 -0.04 0
1699013045.7501938 0.2851481151580819 0.15 -0.04 0
1699013045.806046 0.28338162422180263 0.15 -0.04 0
1699013045.850323 0.28113908767700285 0.15 -0.04 0
1699013045.9004338 0.2792218303680429 0.15 -0.04 0
1699013045.9575562 0.2773779010772714 0.15 -0.04 0
1699013046.0015094 0.27508490562439053 0.15 -0.04 0
1699013046.0499737 0.2731448078155526 0.15 -0.04 0
1699013046.105564 0.27139637947082607 0.15 -0.04 0
1699013046.151096 0.26916832923889245 0.15 -0.04 0
1699013046.2004175 0.2672252750396737 0.15 -0.04 0
1699013046.2574208 0.26537581443786706 0.15 -0.04 0
1699013046.3000078 0.26309734344482505 0.15 -0.04 0
1699013046.350702 0.2613922119140633 0.15 -0.04 0
1699013046.4082687 0.2593644428253182 0.15 -0.04 0
1699013046.4507165 0.25705806732177816 0.15 -0.04 0
1699013046.502435 0.2553657627105721 0.15 -0.04 0
1699013046.5499895 0.2532917881011971 0.15 -0.04 0
1699013046.6003695 0.25139366149902426 0.15 -0.04 0
1699013046.6512585 0.2493801784515389 0.15 -0.04 0
1699013046.6999757 0.24733718872070393 0.15 -0.04 0
1699013046.751543 0.24539551734924397 0.15 -0.04 0
1699013046.8000395 0.2432445526123055 0.15 -0.04 0
1699013046.8556879 0.24138461112976153 0.15 -0.04 0
1699013046.902245 0.23916523933410724 0.15 -0.04 0
1699013046.949972 0.23726399421691974 0.15 -0.04 0
1699013047.0069215 0.23539708137512286 0.15 -0.04 0
1699013047.049971 0.23311772346496662 0.15 -0.04 0
1699013047.1000118 0.2313967227935799 0.15 -0.04 0
1699013047.1557767 0.22939488410949788 0.15 -0.04 0
1699013047.2000449 0.22716145515441974 0.15 -0.04 0
1699013047.2509205 0.22539341926574785 0.15 -0.04 0
1699013047.2999866 0.22331384658813555 0.15 -0.04 0
1699013047.3515508 0.22139274597168046 0.15 -0.04 0
1699013047.3999724 0.2191222572326668 0.15 -0.04 0
1699013047.4550216 0.2173960971832283 0.15 -0.04 0
1699013047.5055912 0.2151945304870613 0.15 -0.04 0
1699013047.549973 0.21316403388977126 0.15 -0.04 0
1699013047.6050475 0.2113970565795906 0.15 -0.04 0
1699013047.6545787 0.20918755531311112 0.15 -0.04 0
1699013047.6999722 0.20720892906189042 0.15 -0.04 0
1699013047.7522478 0.20539587974548418 0.15 -0.04 0
1699013047.8018315 0.20330211639404375 0.15 -0.04 0
1699013047.8499756 0.2012773609161385 0.15 -0.04 0
1699013047.9017467 0.19939522743225177 0.15 -0.04 0
1699013047.951351 0.19732501983642659 0.15 -0.04 0
1699013048.0000217 0.1953299903869637 0.15 -0.04 0
1699013048.0510218 0.193386125564576 0.15 -0.04 0
1699013048.0999734 0.1911921977996834 0.15 -0.04 0
1699013048.1531284 0.18939709663391194 0.15 -0.04 0
1699013048.202837 0.1872596549987801 0.15 -0.04 0
1699013048.2499762 0.18527523040771565 0.15 -0.04 0
1699013048.302598 0.1833927059173592 0.15 -0.04 0
1699013048.34998 0.18128619194030843 0.15 -0.04 0
1699013048.4005322 0.17939202308654867 0.15 -0.04 0
1699013048.456751 0.17736425399780356 0.15 -0.04 0
1699013048.499973 0.17511797904968343 0.15 -0.04 0
1699013048.5499768 0.1733955192565926 0.15 -0.04 0
1699013048.603172 0.17139649391174397 0.15 -0.04 0
1699013048.6507595 0.16926778793335043 0.15 -0.04 0
1699013048.6999736 0.16732011795044027 0.15 -0.04 0
1699013048.7565274 0.16539703369140707 0.15 -0.04 0
1699013048.8004692 0.16312780380249106 0.15 -0.04 0
1699013048.8499742 0.1613758468627938 0.15 -0.04 0
1699013048.9044623 0.15939682960510337 0.15 -0.04 0
1699013048.950689 0.15721312522888267 0.15 -0.04 0
1699013048.99997 0.15532417297363366 0.15 -0.04 0
1699013049.0527503 0.15339732170105064 0.15 -0.04 0
1699013049.1024017 0.1512846374511727 0.15 -0.04 0
1699013049.149968 0.14920802116394127 0.15 -0.04 0
1699013049.2053928 0.14739741325378503 0.15 -0.04 0
1699013049.2509067 0.14517505645752038 0.15 -0.04 0
1699013049.2999716 0.14324353218078698 0.15 -0.04 0
1699013049.3554165 0.14139719009399498 0.15 -0.04 0
1699013049.4018474 0.13917754173278893 0.15 -0.04 0
1699013049.4499762 0.13724455833435142 0.15 -0.04 0
1699013049.501907 0.1353969192504891 0.15 -0.04 0
1699013049.550574 0.1333062076568612 0.15 -0.04 0
1699013049.5999734 0.13121184349060142 0.15 -0.04 0
1699013049.6550727 0.12939707756042562 0.15 -0.04 0
1699013049.7008512 0.12718984603881917 0.15 -0.04 0
1699013049.750344 0.12536150932312093 0.15 -0.04 0
1699013049.8064673 0.12337892532348714 0.15 -0.04 0
1699013049.8504848 0.12113154411315999 0.15 -0.04 0
1699013049.9009929 0.11922153472900472 0.15 -0.04 0
1699013049.9567502 0.1173539447784432 0.15 -0.04 0
1699013050.000035 0.11510305404663168 0.15 -0.04 0
1699013050.050726 0.1133912277221688 0.15 -0.04 0
1699013050.1000357 0.11135787010192953 0.15 -0.04 0
1699013050.1500883 0.10939075469970785 0.15 -0.04 0
1699013050.2062302 0.10739173889160239 0.15 -0.04 0
1699013050.2500145 0.10513812065124595 0.15 -0.04 0
1699013050.2999773 0.10339416503906333 0.15 -0.04 0
1699013050.3551528 0.10139636993408287 0.15 -0.04 0
1699013050.4017487 0.09918671607971274 0.15 -0.04 0
1699013050.4506648 0.09728566169738853 0.15 -0.04 0
1699013050.5056598 0.09536274909973227 0.15 -0.04 0
1699013050.5515137 0.09316033363342369 0.15 -0.04 0
1699013050.5999708 0.0912484931945809 0.15 -0.04 0
1699013050.6555343 0.08939729690551841 0.15 -0.04 0
1699013050.7008374 0.08716509819030845 0.15 -0.04 0
1699013050.749973 0.08520829200744712 0.15 -0.04 0
1699013050.8055413 0.08339704513549888 0.15 -0.04 0
1699013050.850794 0.08116671562194908 0.15 -0.04 0
1699013050.9010644 0.07917405128479087 0.15 -0.04 0
1699013050.956597 0.07735313415527427 0.15 -0.04 0
1699013051.0000443 0.07513043403625572 0.15 -0.04 0
1699013051.0504003 0.07319898605346763 0.15 -0.04 0
1699013051.1064878 0.0713801193237313 0.15 -0.04 0
1699013051.1503308 0.06912574768066489 0.15 -0.04 0
1699013051.2010458 0.06718537330627523 0.15 -0.04 0
1699013051.2550876 0.06535427093505941 0.15 -0.04 0
1699013051.3025599 0.06318044662475668 0.15 -0.04 0
1699013051.3499694 0.061252498626709805 0.15 -0.04 0
1699013051.405336 0.05939734458923422 0.15 -0.04 0
1699013051.4505486 0.0571784305572518 0.15 -0.04 0
1699013051.4999692 0.05525936126709067 0.15 -0.04 0
1699013051.5537832 0.053397283554077975 0.15 -0.04 0
1699013051.601901 0.0512361812591561 0.15 -0.04 0
1699013051.6499732 0.04924482345581137 0.15 -0.04 0
1699013051.7048793 0.047397098541260584 0.15 -0.04 0
1699013051.7506156 0.04518229484558187 0.15 -0.04 0
1699013051.800012 0.04321516990661703 0.15 -0.04 0
1699013051.8571844 0.04139255523681722 0.15 -0.04 0
1699013051.9000075 0.03910027503967367 0.15 -0.04 0
1699013051.9510405 0.03739185333252035 0.15 -0.04 0
1699013051.9999812 0.03527388572692953 0.15 -0.04 0
1699013052.0542152 0.03339391708374105 0.15 -0.04 0
1699013052.1009114 0.03122408866882406 0.15 -0.04 0
1699013052.1499727 0.029281806945801597 0.15 -0.04 0
1699013052.2069504 0.027396984100342612 0.15 -0.04 0
1699013052.253296 0.025114574432373863 0.15 -0.04 0
1699013052.3008418 0.023264265060425622 0.15 -0.04 0
1699013052.3500845 0.02128432273864828 0.15 -0.04 0
1699013052.4047427 0.019392242431641442 0.15 -0.04 0
1699013052.451325 0.0172015953063973 0.15 -0.04 0
1699013052.499975 0.015226640701294761 0.15 -0.04 0
1699013052.5572472 0.013397073745728355 0.15 -0.04 0
1699013052.6039312 0.011099948883057455 0.15 -0.04 0
1699013052.6513908 0.009122457504273276 0.15 -0.04 0
1699013052.7095797 0.00733164787292562 0.15 -0.04 0
1699013052.7531972 0.004998750686646323 0.15 -0.04 0
1699013052.8009408 0.0032647609710701507 0.15 -0.04 0
1699013052.8499892 0.0012816715240486663 0.15 -0.04 0
1699013052.9078987 -0.0006035614013663727 0.15 -0.04 0
1699013052.9499788 -0.0029246330261222322 0.15 -0.04 0
1699013053.002276 -0.004610166549681802 0.15 -0.04 0
1699013053.0501006 -0.0066976928710929355 0.15 -0.04 0
1699013053.102214 -0.00860855102538981 0.15 -0.04 0
1699013053.1508982 -0.010732440948485513 0.15 -0.04 0
1699013053.208123 -0.012642593383788248 0.15 -0.04 0
1699013053.2507427 -0.014933328628539225 0.15 -0.04 0
1699013053.3019707 -0.016634988784789227 0.15 -0.04 0
1699013053.358062 -0.0186936855316154 0.15 -0.04 0
1699013053.4012527 -0.02093701362609782 0.15 -0.04 0
1699013053.4511356 -0.022735128402709148 0.15 -0.04 0
1699013053.4999783 -0.024653854370116374 0.15 -0.04 0
1699013053.5515676 -0.02660396575927653 0.15 -0.04 0
1699013053.5999823 -0.02875577926635661 0.15 -0.04 0
1699013053.6538117 -0.03060374259948649 0.15 -0.04 0
1699013053.7034793 -0.0327576446533195 0.15 -0.04 0
1699013053.7499747 -0.034863672256468914 0.15 -0.04 0
1699013053.8039134 -0.036602983474730635 0.15 -0.04 0
1699013053.850967 -0.03876160621642986 0.15 -0.04 0
1699013053.8999794 -0.04080142021179119 0.15 -0.04 0
1699013053.9519813 -0.0426043415069572 0.15 -0.04 0
1699013053.9999716 -0.04490261077880779 0.15 -0.04 0
1699013054.0584102 -0.04660287857055584 0.15 -0.04 0
1699013054.1005394 -0.04894577980041424 0.15 -0.04 0
1699013054.1524618 -0.0506304931640617 0.15 -0.04 0
1699013054.1999831 -0.052707042694090996 0.15 -0.04 0
1699013054.2509181 -0.05460474967956463 0.15 -0.04 0
1699013054.3001409 -0.05668225288391033 0.15 -0.04 0
1699013054.3517175 -0.05861023902892986 0.15 -0.04 0
1699013054.4005442 -0.06067473411559978 0.15 -0.04 0
1699013054.4567442 -0.06263440132141032 0.15 -0.04 0
1699013054.4999893 -0.0648781108856193 0.15 -0.04 0
1699013054.5501418 -0.06684593200683513 0.15 -0.04 0
