1699013090.9446263 3.5 0.15 -0.04 0
1699013091.0941052 3.4998445320129394 0.15 -0.04 0
1699013091.1539695 3.4938810157775877 0.15 -0.04 0
1699013091.208541 3.491485786437988 0.15 -0.04 0
1699013091.2666788 3.489303693771362 0.15 -0.04 0
1699013091.3251104 3.4869780921936036 0.15 -0.04 0
1699013091.383922 3.4846402549743654 0.15 -0.04 0
1699013091.4411094 3.482285499572754 0.15 -0.04 0
1699013091.5012693 3.479997253417969 0.15 -0.04 0
1699013091.5611198 3.477594356536865 0.15 -0.04 0
1699013091.6168175 3.475200443267822 0.15 -0.04 0
1699013091.6732268 3.4729725646972653 0.15 -0.04 0
1699013091.7316942 3.470716218948364 0.15 -0.04 0
1699013091.7885027 3.4683774852752682 0.15 -0.04 0
1699013091.8451881 3.4661050796508786 0.15 -0.04 0
1699013091.9015148 3.463836107254028 0.15 -0.04 0
1699013091.9584742 3.4615846729278563 0.15 -0.04 0
1699013092.015008 3.459306344985962 0.15 -0.04 0
1699013092.0721292 3.457044048309326 0.15 -0.04 0
1699013092.1267166 3.4547582244873047 0.15 -0.04 0
1699013092.1815019 3.452576713562012 0.15 -0.04 0
1699013092.2363026 3.45038405418396 0.15 -0.04 0
1699013092.292563 3.4481922340393067 0.15 -0.04 0
1699013092.349393 3.445942249298096 0.15 -0.04 0
1699013092.4078062 3.4436683368682863 0.15 -0.04 0
1699013092.4631813 3.441333055496216 0.15 -0.04 0
1699013092.5188496 3.4391173458099367 0.15 -0.04 0
1699013092.573791 3.4368887329101563 0.15 -0.04 0
1699013092.6287062 3.4346935081481935 0.15 -0.04 0
1699013092.6865783 3.4324933815002443 0.15 -0.04 0
1699013092.8152452 3.4301787757873536 0.15 -0.04 0
1699013092.8729024 3.4250338935852054 0.15 -0.04 0
1699013092.9290993 3.42272819519043 0.15 -0.04 0
1699013092.9849608 3.4204712677001954 0.15 -0.04 0
1699013093.040475 3.418242292404175 0.15 -0.04 0
1699013093.0958028 3.416024522781372 0.15 -0.04 0
1699013093.1532695 3.4138097095489504 0.15 -0.04 0
1699013093.2088013 3.411512966156006 0.15 -0.04 0
1699013093.2749484 3.409292974472046 0.15 -0.04 0
1699013093.3321202 3.406646852493286 0.15 -0.04 0
1699013093.389313 3.4043603706359864 0.15 -0.04 0
1699013093.4454098 3.4020633411407473 0.15 -0.04 0
1699013093.502585 3.399824781417847 0.15 -0.04 0
1699013093.557899 3.397541599273682 0.15 -0.04 0
1699013093.6127224 3.39532868385315 0.15 -0.04 0
1699013093.6684294 3.3931289196014407 0.15 -0.04 0
1699013093.7234972 3.390906744003296 0.15 -0.04 0
1699013093.7813742 3.3887041568756104 0.15 -0.04 0
1699013093.8378522 3.3863893508911134 0.15 -0.04 0
1699013093.8930662 3.3841312789916995 0.15 -0.04 0
1699013093.9486992 3.381921148300171 0.15 -0.04 0
1699013094.0055737 3.379697322845459 0.15 -0.04 0
1699013094.0617702 3.3774190616607664 0.15 -0.04 0
1699013094.1171238 3.37517258644104 0.15 -0.04 0
1699013094.1727772 3.372958946228027 0.15 -0.04 0
1699013094.2292485 3.3707341670989988 0.15 -0.04 0
1699013094.2837372 3.368474655151367 0.15 -0.04 0
1699013094.3405204 3.366295251846313 0.15 -0.04 0
1699013094.3957686 3.364021825790405 0.15 -0.04 0
1699013094.4595444 3.3618119716644284 0.15 -0.04 0
1699013094.5160117 3.3591760730743405 0.15 -0.04 0
1699013094.571358 3.3570048904418943 0.15 -0.04 0
1699013094.6280296 3.35479097366333 0.15 -0.04 0
1699013094.6842487 3.352523031234741 0.15 -0.04 0
1699013094.7387471 3.3502754592895507 0.15 -0.04 0
1699013094.7936158 3.348092288970947 0.15 -0.04 0
1699013094.848986 3.3458989620208737 0.15 -0.04 0
1699013094.9055133 3.3436816883087155 0.15 -0.04 0
1699013094.9591491 3.3414216995239254 0.15 -0.04 0
1699013095.0154104 3.3392794227600096 0.15 -0.04 0
1699013095.0694063 3.3370288562774655 0.15 -0.04 0
1699013095.126122 3.3348677825927733 0.15 -0.04 0
1699013095.1818526 3.332596807479858 0.15 -0.04 0
1699013095.237431 3.330369787216186 0.15 -0.04 0
1699013095.2930367 3.3281451034545895 0.15 -0.04 0
1699013095.3467216 3.3259205245971675 0.15 -0.04 0
1699013095.4011989 3.3237738990783687 0.15 -0.04 0
1699013095.4564896 3.3215969848632807 0.15 -0.04 0
1699013095.512137 3.319384384155273 0.15 -0.04 0
1699013095.5658884 3.3171592521667472 0.15 -0.04 0
1699013095.6207857 3.3150096607208246 0.15 -0.04 0
1699013095.67601 3.3128138828277582 0.15 -0.04 0
1699013095.7307937 3.3106000137329095 0.15 -0.04 0
1699013095.7869067 3.308410396575927 0.15 -0.04 0
1699013095.8470376 3.3061604976654047 0.15 -0.04 0
1699013095.90643 3.303638725280761 0.15 -0.04 0
1699013095.9621744 3.3013868999481195 0.15 -0.04 0
1699013096.018067 3.2991534137725824 0.15 -0.04 0
1699013096.0728257 3.296920385360717 0.15 -0.04 0
1699013096.129759 3.294731359481811 0.15 -0.04 0
1699013096.1871557 3.2924523735046383 0.15 -0.04 0
1699013096.2418303 3.2901590538024896 0.15 -0.04 0
1699013096.2972736 3.2879721927642818 0.15 -0.04 0
1699013096.3542035 3.2857532405853265 0.15 -0.04 0
1699013096.4101768 3.28347578048706 0.15 -0.04 0
1699013096.4669125 3.2812328529357906 0.15 -0.04 0
1699013096.5223732 3.2789599132537837 0.15 -0.04 0
1699013096.5767138 3.276750402450561 0.15 -0.04 0
1699013096.6349242 3.2745748901367184 0.15 -0.04 0
1699013096.6899838 3.2722469806671137 0.15 -0.04 0
1699013096.7462478 3.270043907165527 0.15 -0.04 0
1699013096.8015907 3.2677937412261957 0.15 -0.04 0
1699013096.8575013 3.2655800819396967 0.15 -0.04 0
1699013096.91498 3.263342714309692 0.15 -0.04 0
1699013096.9704428 3.261038475036621 0.15 -0.04 0
1699013097.0274599 3.258826742172241 0.15 -0.04 0
1699013097.0833974 3.2565435409545898 0.15 -0.04 0
1699013097.1379426 3.2543094158172607 0.15 -0.04 0
1699013097.1937869 3.2521228408813476 0.15 -0.04 0
1699013097.249213 3.249892568588257 0.15 -0.04 0
1699013097.3102777 3.2476767253875733 0.15 -0.04 0
1699013097.3696287 3.2451406383514407 0.15 -0.04 0
1699013097.4250906 3.2428602790832524 0.15 -0.04 0
1699013097.4825265 3.240636034011841 0.15 -0.04 0
1699013097.5387588 3.2383412361145023 0.15 -0.04 0
1699013097.5948875 3.2360930156707766 0.15 -0.04 0
1699013097.6496322 3.233849582672119 0.15 -0.04 0
1699013097.706148 3.231659145355225 0.15 -0.04 0
1699013097.761363 3.2293871593475343 0.15 -0.04 0
1699013097.816912 3.2271894454956054 0.15 -0.04 0
1699013097.8722115 3.2249685287475587 0.15 -0.04 0
1699013097.9263487 3.2227564334869387 0.15 -0.04 0
1699013097.982795 3.2205908393859866 0.15 -0.04 0
1699013098.0391176 3.218330297470093 0.15 -0.04 0
1699013098.0947125 3.216080598831177 0.15 -0.04 0
1699013098.149285 3.2138563251495365 0.15 -0.04 0
1699013098.2072587 3.2116721343994143 0.15 -0.04 0
1699013098.2629046 3.2093518829345706 0.15 -0.04 0
1699013098.3193665 3.207128829956055 0.15 -0.04 0
1699013098.377112 3.2048652172088627 0.15 -0.04 0
1699013098.4336576 3.2025570964813235 0.15 -0.04 0
1699013098.4892151 3.200298290252686 0.15 -0.04 0
1699013098.545947 3.198071737289429 0.15 -0.04 0
1699013098.6008327 3.195805234909058 0.15 -0.04 0
1699013098.6674445 3.193560543060303 0.15 -0.04 0
1699013098.7227018 3.1909290122985845 0.15 -0.04 0
1699013098.7770443 3.188736658096314 0.15 -0.04 0
1699013098.8331587 3.186563568115235 0.15 -0.04 0
1699013098.8888292 3.18431869506836 0.15 -0.04 0
1699013098.9447746 3.182090606689454 0.15 -0.04 0
1699013099.0028956 3.1798535442352303 0.15 -0.04 0
1699013099.0606844 3.1775208473205576 0.15 -0.04 0
1699013099.1145172 3.175216474533082 0.15 -0.04 0
1699013099.1712804 3.173064489364625 0.15 -0.04 0
1699013099.2271051 3.1707924938201915 0.15 -0.04 0
1699013099.283195 3.168559675216676 0.15 -0.04 0
1699013099.3406262 3.166316261291505 0.15 -0.04 0
1699013099.3953848 3.1640203857421887 0.15 -0.04 0
1699013099.450422 3.161828956604005 0.15 -0.04 0
1699013099.5098538 3.159626102447511 0.15 -0.04 0
1699013099.5661292 3.157250194549562 0.15 -0.04 0
1699013099.620026 3.154997701644899 0.15 -0.04 0
1699013099.6741865 3.1528414535522473 0.15 -0.04 0
1699013099.7293065 3.150676727294923 0.15 -0.04 0
1699013099.786994 3.1484725666046156 0.15 -0.04 0
1699013099.8445544 3.1461643791198743 0.15 -0.04 0
1699013099.899255 3.1438608264923107 0.15 -0.04 0
1699013099.9548059 3.141671638488771 0.15 -0.04 0
1699013100.0119185 3.139453115463258 0.15 -0.04 0
1699013100.075867 3.136965312957765 0.15 -0.04 0
1699013100.1310706 3.134604701995851 0.15 -0.04 0
1699013100.1874614 3.132396907806398 0.15 -0.04 0
1699013100.243072 3.1301396846771254 0.15 -0.04 0
1699013100.2979324 3.1279215335845962 0.15 -0.04 0
1699013100.3522046 3.125728092193605 0.15 -0.04 0
1699013100.4073951 3.123554553985597 0.15 -0.04 0
1699013100.4613428 3.1213484859466565 0.15 -0.04 0
1699013100.5167658 3.1191910648345957 0.15 -0.04 0
1699013100.5700874 3.116974744796754 0.15 -0.04 0
1699013100.625897 3.1148419284820568 0.15 -0.04 0
1699013100.682269 3.1126076126098643 0.15 -0.04 0
1699013100.7388082 3.1103533363342297 0.15 -0.04 0
1699013100.7947466 3.108091096878053 0.15 -0.04 0
1699013100.8495917 3.105854463577272 0.15 -0.04 0
1699013100.9046445 3.103661155700685 0.15 -0.04 0
1699013100.9601336 3.1014585876464857 0.15 -0.04 0
1699013101.017537 3.09923930168152 0.15 -0.04 0
1699013101.0713253 3.0969397449493425 0.15 -0.04 0
1699013101.1283164 3.0947919845581073 0.15 -0.04 0
1699013101.18375 3.0925095844268817 0.15 -0.04 0
1699013101.2373655 3.0902933692932146 0.15 -0.04 0
1699013101.2970436 3.0881508064270036 0.15 -0.04 0
1699013101.3568614 3.085763320922853 0.15 -0.04 0
1699013101.4121652 3.0833709812164325 0.15 -0.04 0
1699013101.4688885 3.0811588001251238 0.15 -0.04 0
1699013101.5295923 3.078886919021608 0.15 -0.04 0
1699013101.5842755 3.076460924148561 0.15 -0.04 0
1699013101.6382742 3.0742726898193378 0.15 -0.04 0
1699013101.693616 3.0721135520935077 0.15 -0.04 0
1699013101.74927 3.069899559020998 0.15 -0.04 0
1699013101.805571 3.067670116424562 0.15 -0.04 0
1699013101.8625913 3.065403938293459 0.15 -0.04 0
1699013101.9175255 3.0631408786773697 0.15 -0.04 0
1699013101.9717422 3.0609380912780777 0.15 -0.04 0
1699013102.0272121 3.058772754669191 0.15 -0.04 0
1699013102.081477 3.056555843353273 0.15 -0.04 0
1699013102.1359203 3.054384794235231 0.15 -0.04 0
1699013102.191935 3.0522055053710955 0.15 -0.04 0
1699013102.2464492 3.049967107772829 0.15 -0.04 0
1699013102.3012545 3.0477868270874042 0.15 -0.04 0
1699013102.3574572 3.0455878829956076 0.15 -0.04 0
1699013102.4146204 3.04334294319153 0.15 -0.04 0
1699013102.4718726 3.041058416366579 0.15 -0.04 0
1699013102.5380373 3.03871967315674 0.15 -0.04 0
1699013102.5928826 3.0361230945587176 0.15 -0.04 0
1699013102.6496172 3.033929691314699 0.15 -0.04 0
1699013102.7048461 3.031657962799074 0.15 -0.04 0
1699013102.7603009 3.029451122283937 0.15 -0.04 0
1699013102.8160496 3.027232036590578 0.15 -0.04 0
1699013102.871303 3.0250000095367446 0.15 -0.04 0
1699013102.927371 3.0227925586700453 0.15 -0.04 0
1699013102.9823637 3.020550527572633 0.15 -0.04 0
1699013103.0388145 3.018350152969362 0.15 -0.04 0
1699013103.0934386 3.016092786788942 0.15 -0.04 0
1699013103.149592 3.013906688690187 0.15 -0.04 0
1699013103.2064574 3.0116602611541765 0.15 -0.04 0
1699013103.2609122 3.009387149810793 0.15 -0.04 0
1699013103.316263 3.0072082996368428 0.15 -0.04 0
1699013103.371594 3.004993762969973 0.15 -0.04 0
1699013103.4269373 3.002780399322512 0.15 -0.04 0
1699013103.4808278 3.0005676460266133 0.15 -0.04 0
1699013103.5398026 2.9984112548828143 0.15 -0.04 0
1699013103.594435 2.996052837371828 0.15 -0.04 0
1699013103.6494358 2.9938659095764177 0.15 -0.04 0
1699013103.705392 2.9916660118103047 0.15 -0.04 0
1699013103.7605903 2.9894290828704855 0.15 -0.04 0
1699013103.8151584 2.9872217369079612 0.15 -0.04 0
1699013103.8762066 2.9850389766693137 0.15 -0.04 0
1699013103.9365962 2.982480812072756 0.15 -0.04 0
1699013103.9918835 2.980179204940798 0.15 -0.04 0
1699013104.0481484 2.977968587875368 0.15 -0.04 0
1699013104.1046937 2.975718259811403 0.15 -0.04 0
1699013104.1597486 2.973454780578615 0.15 -0.04 0
1699013104.216787 2.9712527847290056 0.15 -0.04 0
1699013104.2708359 2.968973178863527 0.15 -0.04 0
1699013104.3263621 2.9668106746673604 0.15 -0.04 0
1699013104.3823395 2.9645850658416766 0.15 -0.04 0
1699013104.4359918 2.962351837158205 0.15 -0.04 0
1699013104.4911466 2.9602047157287616 0.15 -0.04 0
1699013104.547042 2.9579995346069357 0.15 -0.04 0
1699013104.601062 2.9557625770568867 0.15 -0.04 0
1699013104.6549091 2.9536016845703146 0.15 -0.04 0
1699013104.7112854 2.9514471912384055 0.15 -0.04 0
1699013104.7664452 2.9491940116882347 0.15 -0.04 0
1699013104.8210118 2.946985950469973 0.15 -0.04 0
1699013104.8757813 2.9448049736022974 0.15 -0.04 0
1699013104.9301484 2.942612609863284 0.15 -0.04 0
1699013104.9867635 2.9404376411438014 0.15 -0.04 0
1699013105.0427976 2.93817490577698 0.15 -0.04 0
1699013105.0963001 2.9359332561492946 0.15 -0.04 0
1699013105.1512277 2.9337926197052027 0.15 -0.04 0
1699013105.2062416 2.9315924549102808 0.15 -0.04 0
1699013105.2621803 2.9293947505950952 0.15 -0.04 0
1699013105.321586 2.9271575164794945 0.15 -0.04 0
1699013105.3861036 2.924703111648562 0.15 -0.04 0
1699013105.442701 2.9221989345550563 0.15 -0.04 0
1699013105.4966514 2.91993723869324 0.15 -0.04 0
1699013105.5578165 2.917777194976809 0.15 -0.04 0
1699013105.61187 2.915331382751467 0.15 -0.04 0
1699013105.667926 2.9131695938110376 0.15 -0.04 0
1699013105.7951877 2.9109273910522484 0.15 -0.04 0
1699013105.8504303 2.905837850570681 0.15 -0.04 0
1699013105.9068627 2.903627662658694 0.15 -0.04 0
1699013105.9612288 2.9013614845275906 0.15 -0.04 0
1699013106.016405 2.8991958332061794 0.15 -0.04 0
1699013106.0723932 2.8969879436492945 0.15 -0.04 0
1699013106.1267796 2.894746837615969 0.15 -0.04 0
1699013106.1828232 2.8925719833374046 0.15 -0.04 0
1699013106.236613 2.890331430435183 0.15 -0.04 0
1699013106.2984815 2.88817939758301 0.15 -0.04 0
1699013106.3571403 2.8857056999206567 0.15 -0.04 0
1699013106.414845 2.8833512973785425 0.15 -0.04 0
1699013106.473665 2.881051464080813 0.15 -0.04 0
1699013106.531032 2.878693742752078 0.15 -0.04 0
1699013106.5879474 2.8764006042480497 0.15 -0.04 0
1699013106.6454227 2.8741249752044706 0.15 -0.04 0
1699013106.7008195 2.8718272018432645 0.15 -0.04 0
1699013106.7560272 2.8696119689941435 0.15 -0.04 0
1699013106.8121328 2.8674018478393584 0.15 -0.04 0
1699013106.8692844 2.865157766342166 0.15 -0.04 0
1699013106.9270828 2.8628714656829866 0.15 -0.04 0
1699013106.9853542 2.8605534267425567 0.15 -0.04 0
1699013107.0426 2.858226194381717 0.15 -0.04 0
1699013107.1006 2.8559412384033234 0.15 -0.04 0
1699013107.1563146 2.8536196422576934 0.15 -0.04 0
