1699013275.5349722 3.5 0.15 -0.04 0
1699013275.6773057 3.4998525619506835 0.15 -0.04 0
1699013275.7341616 3.4941737937927244 0.15 -0.04 0
1699013275.7884183 3.4918997955322264 0.15 -0.04 0
1699013275.8430457 3.489729433059692 0.15 -0.04 0
1699013275.8996096 3.487544374465942 0.15 -0.04 0
1699013275.9544668 3.4852817440032955 0.15 -0.04 0
1699013276.0095623 3.483086891174316 0.15 -0.04 0
1699013276.0662353 3.4808836936950676 0.15 -0.04 0
1699013276.1220787 3.478616361618041 0.15 -0.04 0
1699013276.179942 3.4763807773590076 0.15 -0.04 0
1699013276.2341623 3.474068031311034 0.15 -0.04 0
1699013276.2908468 3.471899051666259 0.15 -0.04 0
1699013276.3459866 3.4696314716339103 0.15 -0.04 0
1699013276.4009452 3.4674254417419426 0.15 -0.04 0
1699013276.457227 3.4652283000946036 0.15 -0.04 0
1699013276.5127342 3.4629770755767812 0.15 -0.04 0
1699013276.5686872 3.4607526111602773 0.15 -0.04 0
1699013276.6245284 3.458518714904784 0.15 -0.04 0
1699013276.6823537 3.4562849617004385 0.15 -0.04 0
1699013276.7382333 3.453972034454345 0.15 -0.04 0
1699013276.7939878 3.451736164093017 0.15 -0.04 0
1699013276.8484821 3.449499197006225 0.15 -0.04 0
1699013276.904791 3.447325534820556 0.15 -0.04 0
1699013276.9604993 3.445071773529052 0.15 -0.04 0
1699013277.0160284 3.4428461170196525 0.15 -0.04 0
1699013277.071283 3.440625047683715 0.15 -0.04 0
1699013277.125427 3.4384089088439933 0.15 -0.04 0
1699013277.1821196 3.436242027282714 0.15 -0.04 0
1699013277.2352672 3.4339813041687 0.15 -0.04 0
1699013277.2914138 3.4318533325195304 0.15 -0.04 0
1699013277.4166787 3.42960859298706 0.15 -0.04 0
1699013277.4700513 3.424597282409667 0.15 -0.04 0
1699013277.5236204 3.4224623489379873 0.15 -0.04 0
1699013277.5792937 3.4203153610229484 0.15 -0.04 0
1699013277.6347313 3.41809320449829 0.15 -0.04 0
1699013277.68774 3.4158757400512685 0.15 -0.04 0
1699013277.7421474 3.41375521659851 0.15 -0.04 0
1699013277.7974253 3.4115801811218254 0.15 -0.04 0
1699013277.8536212 3.4093682765960684 0.15 -0.04 0
1699013277.9188569 3.407118549346923 0.15 -0.04 0
1699013277.9759293 3.40450548171997 0.15 -0.04 0
1699013278.034183 3.40222897529602 0.15 -0.04 0
1699013278.0906625 3.3998983287811275 0.15 -0.04 0
1699013278.1448934 3.3976392745971675 0.15 -0.04 0
1699013278.1992047 3.3954651451110833 0.15 -0.04 0
1699013278.2551527 3.3932964897155755 0.15 -0.04 0
1699013278.310556 3.3910577869415275 0.15 -0.04 0
1699013278.3643968 3.388842658996581 0.15 -0.04 0
1699013278.4206753 3.3866878890991203 0.15 -0.04 0
1699013278.4746876 3.3844349956512443 0.15 -0.04 0
1699013278.531188 3.382276067733764 0.15 -0.04 0
1699013278.5872946 3.380014448165893 0.15 -0.04 0
1699013278.6428795 3.377773256301879 0.15 -0.04 0
1699013278.697926 3.375550394058227 0.15 -0.04 0
1699013278.752052 3.373347148895263 0.15 -0.04 0
1699013278.8070178 3.371180562973022 0.15 -0.04 0
1699013278.8658648 3.36898359298706 0.15 -0.04 0
1699013278.9245884 3.3666306781768793 0.15 -0.04 0
1699013278.9812355 3.3642805480957025 0.15 -0.04 0
1699013279.0487626 3.361961193084716 0.15 -0.04 0
1699013279.108675 3.359308490753173 0.15 -0.04 0
1699013279.1691265 3.3569163990020745 0.15 -0.04 0
1699013279.2300913 3.3544983577728265 0.15 -0.04 0
1699013279.2877362 3.3520606613159174 0.15 -0.04 0
1699013279.3428154 3.349755764007568 0.15 -0.04 0
1699013279.4002285 3.3475534725189204 0.15 -0.04 0
1699013279.4577332 3.3452560806274407 0.15 -0.04 0
1699013279.51476 3.3429563999176017 0.15 -0.04 0
1699013279.5740547 3.340674123764037 0.15 -0.04 0
1699013279.632891 3.3383033084869376 0.15 -0.04 0
1699013279.6906414 3.3359440326690666 0.15 -0.04 0
1699013279.7473633 3.3336403083801263 0.15 -0.04 0
1699013279.8044732 3.331370420455932 0.15 -0.04 0
1699013279.8608782 3.329087190628051 0.15 -0.04 0
1699013279.9201856 3.3268309497833246 0.15 -0.04 0
1699013279.97845 3.324456872940063 0.15 -0.04 0
1699013280.0369582 3.322119054794311 0.15 -0.04 0
1699013280.0955276 3.319786520004272 0.15 -0.04 0
1699013280.154437 3.3174438381195066 0.15 -0.04 0
1699013280.2123249 3.315088539123535 0.15 -0.04 0
1699013280.2706053 3.3127684020996093 0.15 -0.04 0
1699013280.334804 3.3104366207122804 0.15 -0.04 0
1699013280.3966937 3.307792854309082 0.15 -0.04 0
1699013280.4553864 3.305394926071167 0.15 -0.04 0
1699013280.5134132 3.3030482578277587 0.15 -0.04 0
1699013280.5725777 3.3007281970977784 0.15 -0.04 0
1699013280.6286116 3.2983549690246585 0.15 -0.04 0
1699013280.6849234 3.296116628646851 0.15 -0.04 0
1699013280.7411506 3.293868026733399 0.15 -0.04 0
1699013280.7982101 3.291619377136231 0.15 -0.04 0
1699013280.8533072 3.2893327522277835 0.15 -0.04 0
1699013280.9094303 3.2871322917938235 0.15 -0.04 0
1699013280.9635055 3.2848878955841068 0.15 -0.04 0
1699013281.0189056 3.2827223014831546 0.15 -0.04 0
1699013281.075368 3.2805090999603275 0.15 -0.04 0
1699013281.130313 3.278243274688721 0.15 -0.04 0
1699013281.1843605 3.27605131149292 0.15 -0.04 0
1699013281.2392423 3.2738909530639653 0.15 -0.04 0
1699013281.2963622 3.2716941738128664 0.15 -0.04 0
1699013281.3508034 3.269409046173096 0.15 -0.04 0
1699013281.4066987 3.267232532501221 0.15 -0.04 0
1699013281.4611957 3.264995746612549 0.15 -0.04 0
1699013281.517823 3.262816905975342 0.15 -0.04 0
1699013281.5821059 3.2604983615875245 0.15 -0.04 0
1699013281.6390724 3.2579811668395995 0.15 -0.04 0
1699013281.6967587 3.255699996948242 0.15 -0.04 0
1699013281.7558396 3.2533912181854245 0.15 -0.04 0
1699013281.813299 3.251030149459839 0.15 -0.04 0
1699013281.871339 3.2487333965301515 0.15 -0.04 0
1699013281.93422 3.2464108562469485 0.15 -0.04 0
1699013281.9924846 3.2438900470733647 0.15 -0.04 0
1699013282.0488975 3.241566019058228 0.15 -0.04 0
1699013282.1064825 3.2393068885803227 0.15 -0.04 0
1699013282.1710548 3.237002935409546 0.15 -0.04 0
1699013282.2287838 3.2344227981567384 0.15 -0.04 0
1699013282.2865942 3.23211389541626 0.15 -0.04 0
1699013282.3409662 3.229801073074341 0.15 -0.04 0
1699013282.3976684 3.2276259231567384 0.15 -0.04 0
1699013282.4542682 3.22535475730896 0.15 -0.04 0
1699013282.5111635 3.223094720840454 0.15 -0.04 0
1699013282.5678399 3.2208174324035643 0.15 -0.04 0
1699013282.624619 3.218551044464111 0.15 -0.04 0
1699013282.6799996 3.2162791633605954 0.15 -0.04 0
1699013282.7360644 3.214064493179321 0.15 -0.04 0
1699013282.7917984 3.211820030212402 0.15 -0.04 0
1699013282.8458042 3.209593124389648 0.15 -0.04 0
1699013282.9027617 3.207433595657348 0.15 -0.04 0
1699013282.9600244 3.205152416229247 0.15 -0.04 0
1699013283.0132904 3.2028640270233146 0.15 -0.04 0
1699013283.0702202 3.2007328414916985 0.15 -0.04 0
1699013283.1253026 3.1984538364410393 0.15 -0.04 0
1699013283.1789286 3.196253652572631 0.15 -0.04 0
1699013283.23605 3.194106378555297 0.15 -0.04 0
1699013283.2953217 3.1918182945251456 0.15 -0.04 0
1699013283.360178 3.1893153095245355 0.15 -0.04 0
1699013283.416783 3.1868554878234856 0.15 -0.04 0
1699013283.4737136 3.184593305587768 0.15 -0.04 0
1699013283.5323083 3.182312326431274 0.15 -0.04 0
1699013283.5917425 3.17997218132019 0.15 -0.04 0
1699013283.6480715 3.1775944995880123 0.15 -0.04 0
1699013283.7058408 3.175338144302368 0.15 -0.04 0
1699013283.7602038 3.1730290889739985 0.15 -0.04 0
1699013283.8143096 3.170855102539062 0.15 -0.04 0
1699013283.871827 3.1686887264251706 0.15 -0.04 0
1699013283.9291427 3.1663889217376706 0.15 -0.04 0
1699013283.9842641 3.1641003417968747 0.15 -0.04 0
1699013284.0391295 3.1618937778472898 0.15 -0.04 0
1699013284.0941348 3.1597009086608883 0.15 -0.04 0
1699013284.1490748 3.1574986839294428 0.15 -0.04 0
1699013284.204187 3.1553020572662347 0.15 -0.04 0
1699013284.2598817 3.1530970096588127 0.15 -0.04 0
1699013284.3158064 3.1508701610565177 0.15 -0.04 0
1699013284.374079 3.1486333560943596 0.15 -0.04 0
1699013284.4327052 3.1463017368316644 0.15 -0.04 0
1699013284.4878979 3.143957777023315 0.15 -0.04 0
1699013284.5438845 3.1417492008209225 0.15 -0.04 0
1699013284.5973418 3.139508771896362 0.15 -0.04 0
1699013284.654958 3.137371730804443 0.15 -0.04 0
1699013284.7185836 3.1349780941009517 0.15 -0.04 0
1699013284.7767062 3.1325227451324458 0.15 -0.04 0
1699013284.8317964 3.130197877883911 0.15 -0.04 0
1699013284.8883169 3.1279923343658442 0.15 -0.04 0
1699013284.9436214 3.1257328224182124 0.15 -0.04 0
1699013284.999337 3.1235188102722162 0.15 -0.04 0
1699013285.0559838 3.1212851715087884 0.15 -0.04 0
1699013285.1119976 3.11902585029602 0.15 -0.04 0
1699013285.1668706 3.1167837810516352 0.15 -0.04 0
1699013285.2208748 3.1145870208740227 0.15 -0.04 0
1699013285.2754157 3.1124295043945307 0.15 -0.04 0
1699013285.3315578 3.1102414131164546 0.15 -0.04 0
1699013285.3880208 3.1080007171630855 0.15 -0.04 0
1699013285.4438336 3.105741577148437 0.15 -0.04 0
1699013285.4988163 3.103511590957641 0.15 -0.04 0
1699013285.5531785 3.1013117885589594 0.15 -0.04 0
1699013285.6089313 3.099131412506103 0.15 -0.04 0
1699013285.6630576 3.09690725326538 0.15 -0.04 0
1699013285.7188714 3.094743289947509 0.15 -0.04 0
1699013285.775846 3.092509946823119 0.15 -0.04 0
1699013285.8305566 3.0902313804626456 0.15 -0.04 0
1699013285.8972895 3.088041458129882 0.15 -0.04 0
1699013285.9527247 3.085369338989257 0.15 -0.04 0
1699013286.0082738 3.083155632019042 0.15 -0.04 0
1699013286.0630991 3.0809336662292472 0.15 -0.04 0
1699013286.1176894 3.078740215301513 0.15 -0.04 0
1699013286.174849 3.076557130813598 0.15 -0.04 0
1699013286.2295284 3.0742702007293694 0.15 -0.04 0
1699013286.2828465 3.072084197998046 0.15 -0.04 0
1699013286.3403244 3.0699510574340816 0.15 -0.04 0
1699013286.3994315 3.0676522731781 0.15 -0.04 0
1699013286.4564402 3.0652878570556634 0.15 -0.04 0
1699013286.5118985 3.0630072498321526 0.15 -0.04 0
1699013286.569893 3.0607888793945306 0.15 -0.04 0
1699013286.6242785 3.0584671974182123 0.15 -0.04 0
1699013286.6787968 3.0562926864624016 0.15 -0.04 0
1699013286.735165 3.054111614227294 0.15 -0.04 0
1699013286.7913902 3.0518585872650137 0.15 -0.04 0
1699013286.8479855 3.049609260559081 0.15 -0.04 0
1699013286.9033616 3.0473456954956046 0.15 -0.04 0
1699013286.9628973 3.045126132965087 0.15 -0.04 0
1699013287.0216854 3.0425869846343985 0.15 -0.04 0
1699013287.0803688 3.040385055541991 0.15 -0.04 0
1699013287.1349525 3.0380506992340077 0.15 -0.04 0
1699013287.189432 3.0358665466308583 0.15 -0.04 0
1699013287.244044 3.0336888694763173 0.15 -0.04 0
1699013287.2985582 3.0315027618408195 0.15 -0.04 0
1699013287.3525577 3.0293221664428702 0.15 -0.04 0
1699013287.4095066 3.0271638584136955 0.15 -0.04 0
1699013287.4635012 3.024885864257812 0.15 -0.04 0
1699013287.5176694 3.022721500396728 0.15 -0.04 0
1699013287.57433 3.02055790901184 0.15 -0.04 0
1699013287.6289158 3.0182898521423334 0.15 -0.04 0
1699013287.6839623 3.016109437942504 0.15 -0.04 0
1699013287.7404308 3.0139065551757804 0.15 -0.04 0
1699013287.7949202 3.011648921966552 0.15 -0.04 0
1699013287.851105 3.00946792602539 0.15 -0.04 0
1699013287.9086957 3.007220087051391 0.15 -0.04 0
1699013287.9624681 3.004918298721313 0.15 -0.04 0
1699013288.018957 3.002767372131347 0.15 -0.04 0
1699013288.0759065 3.0005053138732904 0.15 -0.04 0
1699013288.1312602 2.9982273674011224 0.15 -0.04 0
1699013288.1866114 2.996014690399169 0.15 -0.04 0
1699013288.2419028 2.9938005924224846 0.15 -0.04 0
1699013288.2970273 2.991587104797363 0.15 -0.04 0
1699013288.3529546 2.9893841266632073 0.15 -0.04 0
1699013288.4152493 2.98714427947998 0.15 -0.04 0
1699013288.477193 2.9845744132995597 0.15 -0.04 0
1699013288.5326984 2.982178363800048 0.15 -0.04 0
1699013288.589163 2.979954757690429 0.15 -0.04 0
1699013288.6450813 2.977698745727538 0.15 -0.04 0
1699013288.7002418 2.975462884902953 0.15 -0.04 0
1699013288.756599 2.9732547664642324 0.15 -0.04 0
1699013288.8119597 2.971000690460204 0.15 -0.04 0
1699013288.8675423 2.9687848472595206 0.15 -0.04 0
1699013288.9228399 2.9665636157989494 0.15 -0.04 0
1699013288.9773853 2.9643491077423088 0.15 -0.04 0
1699013289.0315006 2.9621700763702385 0.15 -0.04 0
1699013289.0859513 2.9600050163269036 0.15 -0.04 0
1699013289.1419218 2.9578265666961663 0.15 -0.04 0
1699013289.196766 2.955589294433593 0.15 -0.04 0
1699013289.2527285 2.9533938503265373 0.15 -0.04 0
1699013289.3080475 2.951155471801757 0.15 -0.04 0
1699013289.3629508 2.9489422321319574 0.15 -0.04 0
1699013289.4195836 2.946744222640991 0.15 -0.04 0
1699013289.474734 2.9444828224182125 0.15 -0.04 0
1699013289.5303736 2.9422760868072504 0.15 -0.04 0
1699013289.5857325 2.9400505733489983 0.15 -0.04 0
1699013289.6414106 2.9378364562988275 0.15 -0.04 0
1699013289.6958845 2.935608720779418 0.15 -0.04 0
1699013289.7511516 2.9334305572509756 0.15 -0.04 0
1699013289.8073618 2.9312121868133536 0.15 -0.04 0
1699013289.8622286 2.9289674377441397 0.15 -0.04 0
1699013289.9276347 2.9267717456817617 0.15 -0.04 0
1699013289.981865 2.9241530036926258 0.15 -0.04 0
1699013290.037997 2.9219914817810047 0.15 -0.04 0
1699013290.095982 2.9197442913055407 0.15 -0.04 0
1699013290.1517813 2.9174250793457017 0.15 -0.04 0
1699013290.2080588 2.915194005966185 0.15 -0.04 0
1699013290.2651606 2.9129414558410627 0.15 -0.04 0
1699013290.3194468 2.910659122467039 0.15 -0.04 0
1699013290.3742623 2.9084844779968244 0.15 -0.04 0
1699013290.433619 2.9062955093383773 0.15 -0.04 0
1699013290.4873302 2.9039200592041 0.15 -0.04 0
1699013290.5408757 2.9017717742919906 0.15 -0.04 0
1699013290.6643844 2.8996310615539533 0.15 -0.04 0
1699013290.7193513 2.8946901702880843 0.15 -0.04 0
1699013290.776032 2.8924908161163314 0.15 -0.04 0
1699013290.8298326 2.890223083496092 0.15 -0.04 0
1699013290.8865287 2.8880720710754377 0.15 -0.04 0
1699013290.9426012 2.8858049869537337 0.15 -0.04 0
1699013291.0001955 2.883557233810423 0.15 -0.04 0
1699013291.0547926 2.8812540340423567 0.15 -0.04 0
1699013291.1106508 2.879073705673216 0.15 -0.04 0
1699013291.166896 2.8768383026123026 0.15 -0.04 0
1699013291.231351 2.874584856033323 0.15 -0.04 0
1699013291.2883298 2.8720021820068338 0.15 -0.04 0
1699013291.3471432 2.8697329902648905 0.15 -0.04 0
1699013291.4044764 2.8673787117004372 0.15 -0.04 0
1699013291.4592807 2.8650870609283423 0.15 -0.04 0
1699013291.5161579 2.862893486022947 0.15 -0.04 0
1699013291.573903 2.8606186008453345 0.15 -0.04 0
1699013291.628247 2.8583093452453587 0.15 -0.04 0
1699013291.683958 2.8561362075805636 0.15 -0.04 0
1699013291.738386 2.853906745910642 0.15 -0.04 0
1699013291.7945218 2.8517289161682102 0.15 -0.04 0
1699013291.8499033 2.8494830799102755 0.15 -0.04 0
1699013291.9052603 2.847267751693723 0.15 -0.04 0
1699013291.9715602 2.8450544357299776 0.15 -0.04 0
1699013292.02857 2.842401113510129 0.15 -0.04 0
1699013292.0867405 2.840123281478879 0.15 -0.04 0
1699013292.1430495 2.837795515060422 0.15 -0.04 0
1699013292.1994035 2.8355427074432344 0.15 -0.04 0
1699013292.2581084 2.833285932540891 0.15 -0.04 0
1699013292.315447 2.8309407329559297 0.15 -0.04 0
1699013292.3723083 2.82864749908447 0.15 -0.04 0
1699013292.4287152 2.826370315551755 0.15 -0.04 0
1699013292.484141 2.8241160869598363 0.15 -0.04 0
1699013292.538365 2.821897573471067 0.15 -0.04 0
1699013292.5995357 2.819730434417722 0.15 -0.04 0
1699013292.6532955 2.817283735275266 0.15 -0.04 0
1699013292.7095466 2.8151329135894754 0.15 -0.04 0
1699013292.7652702 2.8128790760040263 0.15 -0.04 0
1699013292.820437 2.8106536388397196 0.15 -0.04 0
1699013292.8760018 2.8084480762481667 0.15 -0.04 0
1699013292.9326708 2.806225013732908 0.15 -0.04 0
1699013292.9903185 2.8039583015441876 0.15 -0.04 0
1699013293.0479832 2.80165199279785 0.15 -0.04 0
1699013293.1049101 2.799345092773436 0.15 -0.04 0
1699013293.1642492 2.797063426971434 0.15 -0.04 0
1699013293.2289267 2.7946949386596662 0.15 -0.04 0
1699013293.2882874 2.792105302810667 0.15 -0.04 0
1699013293.3452027 2.7897331619262675 0.15 -0.04 0
1699013293.4017553 2.78745575904846 0.15 -0.04 0
1699013293.4575415 2.78519522666931 0.15 -0.04 0
1699013293.5132842 2.782963457107542 0.15 -0.04 0
1699013293.569695 2.780734043121336 0.15 -0.04 0
1699013293.6249754 2.7784762763977033 0.15 -0.04 0
1699013293.6788416 2.7762664127349836 0.15 -0.04 0
1699013293.7362998 2.774109468460081 0.15 -0.04 0
1699013293.793811 2.771812286376951 0.15 -0.04 0
1699013293.8494911 2.7695122909545877 0.15 -0.04 0
1699013293.907874 2.7672824668884255 0.15 -0.04 0
1699013293.9646246 2.764949836730955 0.15 -0.04 0
1699013294.0197198 2.7626782035827615 0.15 -0.04 0
1699013294.077951 2.760473165512083 0.15 -0.04 0
1699013294.134068 2.7581465435028054 0.15 -0.04 0
1699013294.1893642 2.7559026050567605 0.15 -0.04 0
1699013294.2463064 2.7536907291412334 0.15 -0.04 0
1699013294.3002214 2.7514070129394512 0.15 -0.04 0
1699013294.3546374 2.7492543888092023 0.15 -0.04 0
1699013294.4127476 2.747071285247801 0.15 -0.04 0
1699013294.4764059 2.7447510051727275 0.15 -0.04 0
1699013294.5346107 2.7422042655944803 0.15 -0.04 0
1699013294.5936332 2.7398697376251198 0.15 -0.04 0
1699013294.6489048 2.7375181293487527 0.15 -0.04 0
1699013294.7050762 2.7353081321716286 0.15 -0.04 0
1699013294.7616904 2.7330600547790507 0.15 -0.04 0
1699013294.81716 2.7307878112792947 0.15 -0.04 0
1699013294.872336 2.728578462600706 0.15 -0.04 0
1699013294.9284227 2.7263723373413065 0.15 -0.04 0
1699013294.983117 2.7241285610198953 0.15 -0.04 0
1699013295.0393853 2.7219377517700174 0.15 -0.04 0
1699013295.094831 2.7196895599365214 0.15 -0.04 0
1699013295.149598 2.717472896575926 0.15 -0.04 0
1699013295.2053587 2.7152822303771953 0.15 -0.04 0
1699013295.2620766 2.7130488681793192 0.15 -0.04 0
1699013295.3163369 2.7107807636260968 0.15 -0.04 0
1699013295.3713822 2.708611822128294 0.15 -0.04 0
1699013295.4263134 2.706407804489134 0.15 -0.04 0
1699013295.4827414 2.7042117023468 0.15 -0.04 0
1699013295.5373888 2.701955518722533 0.15 -0.04 0
1699013295.5952437 2.69976930618286 0.15 -0.04 0
