1699263914.9668682 3.5 0.1 -0.04 0
1699263916.1538527 3.491800000000003 0.1 0.0 0
1699263916.8746347 3.491800000000003 0.1 0.0 0
1699263916.9654567 3.491800000000003 0.1 0.0 0
1699263917.09119 3.491800000000003 0.1 0.0 0
1699263917.2420995 3.491800000000003 0.1 0.0 0
1699263917.396027 3.491800000000003 0.1 0.0 0
1699263917.550567 3.491800000000003 0.1 0.0 0
1699263917.6616378 3.491800000000003 0.1 0.0 0
1699263917.8315895 3.491800000000003 0.1 0.0 0
1699263917.9886165 3.491800000000003 0.1 0.0 0
1699263918.1088693 3.491800000000003 0.1 0.0 0
1699263918.2551312 3.491800000000003 0.1 0.0 0
1699263918.4244418 3.491800000000003 0.1 0.0 0
1699263918.5646229 3.491800000000003 0.1 0.0 0
1699263918.7387755 3.491800000000003 0.1 0.0 0
1699263918.893654 3.491800000000003 0.1 0.0 0
1699263918.9954188 3.491800000000003 0.1 0.0 0
1699263919.1547568 3.491800000000003 0.1 0.0 0
1699263919.3184755 3.491800000000003 0.1 0.0 0
1699263919.4511611 3.491800000000003 0.1 0.0 0
1699263919.597396 3.491800000000003 0.1 0.0 0
1699263919.7655535 3.491800000000003 0.1 0.0 0
1699263919.919039 3.491800000000003 0.1 0.0 0
1699263920.0644107 3.491800000000003 0.1 0.0 0
1699263920.1682565 3.491800000000003 0.1 0.0 0
1699263920.280013 3.491800000000003 0.1 0.0 0
1699263920.4375007 3.491800000000003 0.1 0.0 0
1699263920.525659 3.491800000000003 0.1 0.0 0
1699263920.6693547 3.491800000000003 0.1 0.0 0
1699263920.810323 3.491800000000003 0.1 0.0 0
1699263920.9015794 3.491800000000003 0.1 0.0 0
1699263921.0147238 3.491800000000003 0.1 0.0 0
1699263921.2043328 3.491800000000003 0.1 0.0 0
1699263921.3846014 3.491800000000003 0.1 0.0 0
1699263921.5358264 3.491800000000003 0.1 0.0 0
1699263921.6990302 3.491800000000003 0.1 0.0 0
1699263921.784107 3.491800000000003 0.1 0.0 0
1699263921.8817189 3.491800000000003 0.1 0.0 0
1699263922.0615754 3.491800000000003 0.1 0.0 0
1699263922.2479565 3.491800000000003 0.1 0.0 0
1699263922.3971045 3.491800000000003 0.1 0.0 0
1699263922.5509586 3.491800000000003 0.1 0.0 0
1699263922.7251258 3.491800000000003 0.1 0.0 0
1699263922.8346632 3.491800000000003 0.1 0.0 0
1699263923.0079336 3.491800000000003 0.1 0.0 0
1699263923.1783323 3.491800000000003 0.1 0.0 0
1699263923.336292 3.491800000000003 0.1 0.0 0
1699263923.5090594 3.491800000000003 0.1 0.0 0
1699263923.6763034 3.491800000000003 0.1 0.0 0
1699263923.783631 3.491800000000003 0.1 0.0 0
1699263923.9661753 3.491800000000003 0.1 0.0 0
1699263924.1401582 3.491800000000003 0.1 0.0 0
1699263924.2290618 3.491800000000003 0.1 0.0 0
1699263924.3798068 3.491800000000003 0.1 0.0 0
1699263924.5761364 3.491800000000003 0.1 0.0 0
1699263924.6997416 3.491800000000003 0.1 0.0 0
1699263924.8403714 3.491800000000003 0.1 0.0 0
1699263925.0241358 3.491800000000003 0.1 0.0 0
1699263925.1563642 3.491800000000003 0.1 0.0 0
1699263925.274847 3.491800000000003 0.1 0.0 0
1699263925.4655402 3.491800000000003 0.1 0.0 0
1699263925.6534245 3.491800000000003 0.1 0.0 0
1699263925.7816577 3.491800000000003 0.1 0.0 0
1699263925.9217396 3.491800000000003 0.1 0.0 0
1699263926.0549345 3.491800000000003 0.1 0.0 0
1699263926.1844609 3.491800000000003 0.1 0.0 0
1699263926.3376853 3.491800000000003 0.1 0.0 0
1699263926.4802918 3.491800000000003 0.1 0.0 0
1699263926.6586406 3.491800000000003 0.1 0.0 0
1699263926.81725 3.491800000000003 0.1 0.0 0
1699263926.9051173 3.491800000000003 0.1 0.0 0
1699263927.038975 3.491800000000003 0.1 0.0 0
1699263927.143957 3.491800000000003 0.1 0.0 0
1699263927.2916927 3.491800000000003 0.1 0.0 0
1699263927.4053159 3.491800000000003 0.1 0.0 0
1699263927.5144389 3.491800000000003 0.1 0.0 0
1699263927.6502275 3.491800000000003 0.1 0.0 0
1699263927.8241432 3.491800000000003 0.1 0.0 0
1699263927.9168491 3.491800000000003 0.1 0.0 0
1699263928.081157 3.491800000000003 0.1 0.0 0
1699263928.2503932 3.491800000000003 0.1 0.0 0
1699263928.4309616 3.491800000000003 0.1 0.0 0
1699263928.5296085 3.491800000000003 0.1 0.0 0
1699263928.6728244 3.491800000000003 0.1 0.0 0
1699263928.798571 3.491800000000003 0.1 0.0 0
1699263928.9373925 3.491800000000003 0.1 0.0 0
1699263929.0268295 3.491800000000003 0.1 0.0 0
1699263929.18051 3.491800000000003 0.1 0.0 0
1699263929.3467062 3.491800000000003 0.1 0.0 0
1699263929.527565 3.491800000000003 0.1 0.0 0
1699263929.6889904 3.491800000000003 0.1 0.0 0
1699263929.7952435 3.491800000000003 0.1 0.0 0
1699263929.9319072 3.491800000000003 0.1 0.0 0
1699263930.079788 3.491800000000003 0.1 0.0 0
1699263930.1825688 3.491800000000003 0.1 0.0 0
1699263930.3560343 3.491800000000003 0.1 0.0 0
1699263930.5131538 3.491800000000003 0.1 0.0 0
1699263930.6916635 3.491800000000003 0.1 0.0 0
1699263930.845765 3.491800000000003 0.1 0.0 0
1699263930.9959126 3.491800000000003 0.1 0.0 0
1699263931.1364472 3.491800000000003 0.1 0.0 0
1699263931.2553647 3.491800000000003 0.1 0.0 0
1699263931.4123206 3.491800000000003 0.1 0.0 0
1699263931.5452137 3.491800000000003 0.1 0.0 0
1699263931.6836462 3.491800000000003 0.1 0.0 0
1699263931.8272383 3.491800000000003 0.1 0.0 0
1699263932.037899 3.491800000000003 0.1 0.0 0
1699263932.2560503 3.491800000000003 0.1 0.0 0
1699263932.3790922 3.491800000000003 0.1 0.0 0
1699263932.5469682 3.491800000000003 0.1 0.0 0
1699263932.758332 3.491800000000003 0.1 0.0 0
1699263932.8937845 3.491800000000003 0.1 0.0 0
1699263933.0698225 3.491800000000003 0.1 0.0 0
1699263933.1943939 3.491800000000003 0.1 0.0 0
1699263933.330729 3.491800000000003 0.1 0.0 0
1699263933.55444 3.491800000000003 0.1 0.0 0
1699263933.705778 3.491800000000003 0.1 0.0 0
1699263933.9296656 3.491800000000003 0.1 0.0 0
1699263934.1540549 3.491800000000003 0.1 0.0 0
1699263934.2829783 3.491800000000003 0.1 0.0 0
1699263934.5135736 3.491800000000003 0.1 0.0 0
1699263934.6368883 3.491800000000003 0.1 0.0 0
1699263934.818829 3.491800000000003 0.1 0.0 0
1699263934.9586723 3.491800000000003 0.1 0.0 0
1699263935.1917737 3.491800000000003 0.1 0.0 0
1699263935.3142862 3.491800000000003 0.1 0.0 0
1699263935.458311 3.491800000000003 0.1 0.0 0
1699263935.7014487 3.491800000000003 0.1 0.0 0
1699263935.8706756 3.491800000000003 0.1 0.0 0
1699263936.0199797 3.491800000000003 0.1 0.0 0
1699263936.170522 3.491800000000003 0.1 0.0 0
1699263936.3611965 3.491800000000003 0.1 0.0 0
1699263936.5736325 3.491800000000003 0.1 0.0 0
1699263936.709475 3.491800000000003 0.1 0.0 0
1699263936.9421782 3.491800000000003 0.1 0.0 0
1699263937.0698802 3.491800000000003 0.1 0.0 0
1699263937.2073743 3.491800000000003 0.1 0.0 0
1699263937.3744686 3.491800000000003 0.1 0.0 0
1699263937.501927 3.491800000000003 0.1 0.0 0
1699263937.6673155 3.491800000000003 0.1 0.0 0
1699263937.7759001 3.491800000000003 0.1 0.0 0
1699263937.8575366 3.491800000000003 0.1 0.0 0
1699263938.0049388 3.491800000000003 0.1 0.0 0
1699263938.108951 3.491800000000003 0.1 0.0 0
1699263938.2499216 3.491800000000003 0.1 0.0 0
1699263938.3827662 3.491800000000003 0.1 0.0 0
