1699095810.6390517 3.5 0.15 -0.04 0
1699095810.7780945 3.4998511981964113 0.15 -0.04 0
1699095810.8335736 3.4943047809600833 0.15 -0.04 0
1699095810.8862996 3.4920858478546144 0.15 -0.04 0
1699095810.9389951 3.4899768352508547 0.15 -0.04 0
1699095810.9916472 3.4878689861297607 0.15 -0.04 0
1699095811.0445538 3.485762939453125 0.15 -0.04 0
1699095811.0987895 3.4836466312408447 0.15 -0.04 0
1699095811.1523032 3.481477279663086 0.15 -0.04 0
1699095811.2056057 3.479336633682251 0.15 -0.04 0
1699095811.2615335 3.4772032833099367 0.15 -0.04 0
1699095811.3135288 3.4749673843383793 0.15 -0.04 0
1699095811.3682392 3.47288763999939 0.15 -0.04 0
1699095811.4216976 3.470699157714844 0.15 -0.04 0
1699095811.474174 3.468560905456543 0.15 -0.04 0
1699095811.52714 3.466461811065674 0.15 -0.04 0
1699095811.5805495 3.464343185424805 0.15 -0.04 0
1699095811.6343982 3.462206802368164 0.15 -0.04 0
1699095811.688386 3.4600528717041015 0.15 -0.04 0
1699095811.7426832 3.457893352508545 0.15 -0.04 0
1699095811.7951403 3.4557214736938477 0.15 -0.04 0
1699095811.84855 3.453623208999634 0.15 -0.04 0
1699095811.9637682 3.451486797332764 0.15 -0.04 0
1699095812.0151494 3.446877946853638 0.15 -0.04 0
1699095812.068273 3.444822797775269 0.15 -0.04 0
1699095812.1205273 3.4426978683471683 0.15 -0.04 0
1699095812.1751149 3.4406077003479005 0.15 -0.04 0
1699095812.2300382 3.438424215316773 0.15 -0.04 0
1699095812.2827451 3.43622727394104 0.15 -0.04 0
1699095812.334688 3.4341189861297607 0.15 -0.04 0
1699095812.3868368 3.4320412731170653 0.15 -0.04 0
1699095812.4395764 3.429955310821533 0.15 -0.04 0
1699095812.494039 3.4278444576263425 0.15 -0.04 0
1699095812.5487475 3.42566722869873 0.15 -0.04 0
1699095812.6004083 3.423478918075561 0.15 -0.04 0
1699095812.654465 3.4214124679565425 0.15 -0.04 0
1699095812.7073927 3.419250221252441 0.15 -0.04 0
1699095812.7608979 3.417133102416992 0.15 -0.04 0
1699095812.8143878 3.4149928855895992 0.15 -0.04 0
1699095812.8683527 3.412853155136108 0.15 -0.04 0
1699095812.920027 3.4106946182250972 0.15 -0.04 0
1699095812.9718034 3.40862771987915 0.15 -0.04 0
1699095813.025863 3.4065566825866695 0.15 -0.04 0
1699095813.0795214 3.4043942546844477 0.15 -0.04 0
1699095813.1339848 3.402247982025146 0.15 -0.04 0
1699095813.1858187 3.400069427490234 0.15 -0.04 0
1699095813.2373412 3.397996072769165 0.15 -0.04 0
1699095813.29091 3.395935192108154 0.15 -0.04 0
1699095813.3451602 3.3937917900085446 0.15 -0.04 0
1699095813.399828 3.3916223812103268 0.15 -0.04 0
1699095813.4503615 3.3894356727600092 0.15 -0.04 0
1699095813.5027337 3.3874143505096432 0.15 -0.04 0
1699095813.5564866 3.38531943321228 0.15 -0.04 0
1699095813.6089575 3.383169336318969 0.15 -0.04 0
1699095813.6613271 3.381070547103881 0.15 -0.04 0
1699095813.714508 3.3789757251739494 0.15 -0.04 0
1699095813.7678118 3.37684847831726 0.15 -0.04 0
1699095813.8198886 3.374716329574584 0.15 -0.04 0
1699095813.8723166 3.3726332378387442 0.15 -0.04 0
1699095813.926534 3.3705361270904532 0.15 -0.04 0
1699095813.9793377 3.368367490768432 0.15 -0.04 0
1699095814.031733 3.3662552928924554 0.15 -0.04 0
1699095814.0842805 3.364159488677978 0.15 -0.04 0
1699095814.1375895 3.3620575904846186 0.15 -0.04 0
1699095814.1923988 3.35992522239685 0.15 -0.04 0
1699095814.2442935 3.35773283958435 0.15 -0.04 0
1699095814.2979712 3.3556570911407464 0.15 -0.04 0
1699095814.3532867 3.3535099411010734 0.15 -0.04 0
1699095814.4066837 3.351297302246093 0.15 -0.04 0
1699095814.461355 3.3491614627838127 0.15 -0.04 0
1699095814.512889 3.3469745922088614 0.15 -0.04 0
1699095814.567922 3.3449132347106922 0.15 -0.04 0
1699095814.6217535 3.342711896896361 0.15 -0.04 0
1699095814.675811 3.340558681488036 0.15 -0.04 0
1699095814.7295537 3.3383962726593004 0.15 -0.04 0
1699095814.7823858 3.336246652603148 0.15 -0.04 0
1699095814.8369129 3.3341333770751937 0.15 -0.04 0
1699095814.8894482 3.331952276229857 0.15 -0.04 0
1699095814.9432092 3.329850854873656 0.15 -0.04 0
1699095814.9969208 3.327700433731078 0.15 -0.04 0
1699095815.0498679 3.3255519580841053 0.15 -0.04 0
1699095815.1011584 3.3234341049194325 0.15 -0.04 0
1699095815.1542487 3.321382474899291 0.15 -0.04 0
1699095815.2078319 3.3192588710784903 0.15 -0.04 0
1699095815.259361 3.317115583419799 0.15 -0.04 0
1699095815.3119557 3.315054273605346 0.15 -0.04 0
1699095815.3640878 3.312950544357299 0.15 -0.04 0
1699095815.4171126 3.310865230560302 0.15 -0.04 0
1699095815.4695697 3.3087442970275873 0.15 -0.04 0
1699095815.5230918 3.306646013259887 0.15 -0.04 0
1699095815.5765085 3.30450511932373 0.15 -0.04 0
1699095815.628114 3.302368440628051 0.15 -0.04 0
1699095815.6814432 3.3003042507171623 0.15 -0.04 0
1699095815.734735 3.2981710338592523 0.15 -0.04 0
1699095815.7900429 3.2960394096374506 0.15 -0.04 0
1699095815.8439088 3.2938270854949945 0.15 -0.04 0
1699095815.897003 3.2916724395751946 0.15 -0.04 0
1699095815.9504983 3.2895486545562735 0.15 -0.04 0
1699095816.0039673 3.287408847808837 0.15 -0.04 0
1699095816.0572672 3.285270061492919 0.15 -0.04 0
1699095816.1110625 3.2831381130218498 0.15 -0.04 0
1699095816.1653984 3.2809862899780264 0.15 -0.04 0
1699095816.2178035 3.2788128757476795 0.15 -0.04 0
1699095816.2727957 3.276716661453246 0.15 -0.04 0
1699095816.3243537 3.2745169639587393 0.15 -0.04 0
1699095816.3773944 3.2724546432495107 0.15 -0.04 0
1699095816.430918 3.2703330326080313 0.15 -0.04 0
1699095816.4842873 3.268192071914672 0.15 -0.04 0
1699095816.5386653 3.2660573196411122 0.15 -0.04 0
1699095816.5957503 3.263882188796996 0.15 -0.04 0
1699095816.6490371 3.2615986919403066 0.15 -0.04 0
1699095816.7066925 3.2594673347473133 0.15 -0.04 0
1699095816.7603714 3.2571610641479483 0.15 -0.04 0
1699095816.8148577 3.255013952255248 0.15 -0.04 0
1699095816.867059 3.2528345108032215 0.15 -0.04 0
1699095816.9214349 3.25074644088745 0.15 -0.04 0
1699095816.9743366 3.248571367263793 0.15 -0.04 0
1699095817.0301552 3.246455316543578 0.15 -0.04 0
1699095817.083429 3.244222583770751 0.15 -0.04 0
1699095817.1377704 3.2420916271209705 0.15 -0.04 0
1699095817.195228 3.239917888641356 0.15 -0.04 0
1699095817.2508788 3.237619600296019 0.15 -0.04 0
1699095817.3036482 3.2353923225402816 0.15 -0.04 0
1699095817.3566463 3.2332828235626203 0.15 -0.04 0
1699095817.4092333 3.2311629486083966 0.15 -0.04 0
1699095817.4620173 3.229059457778929 0.15 -0.04 0
1699095817.5158482 3.226948118209837 0.15 -0.04 0
1699095817.570384 3.2247948646545392 0.15 -0.04 0
1699095817.62588 3.2226134300231917 0.15 -0.04 0
1699095817.6811438 3.2203935337066634 0.15 -0.04 0
1699095817.7341394 3.2181829547882064 0.15 -0.04 0
1699095817.7862453 3.2160632324218734 0.15 -0.04 0
1699095817.8399498 3.2139789676666246 0.15 -0.04 0
1699095817.8933036 3.2118308067321766 0.15 -0.04 0
1699095817.9466553 3.20969663619995 0.15 -0.04 0
1699095818.000655 3.2075625705718984 0.15 -0.04 0
1699095818.0538635 3.2054025173187246 0.15 -0.04 0
1699095818.1066403 3.2032742309570303 0.15 -0.04 0
1699095818.16067 3.2011631774902334 0.15 -0.04 0
1699095818.2148042 3.1990019798278797 0.15 -0.04 0
1699095818.269502 3.1968356227874746 0.15 -0.04 0
1699095818.3230126 3.194645767211913 0.15 -0.04 0
1699095818.3766418 3.192508268356322 0.15 -0.04 0
1699095818.4308136 3.1903628158569326 0.15 -0.04 0
1699095818.4841614 3.1881962490081777 0.15 -0.04 0
1699095818.5397034 3.1860623264312733 0.15 -0.04 0
1699095818.5927439 3.1838400745391833 0.15 -0.04 0
1699095818.6479068 3.181719036102294 0.15 -0.04 0
1699095818.702143 3.179512500762938 0.15 -0.04 0
1699095818.757287 3.1773429870605456 0.15 -0.04 0
1699095818.8117666 3.1751373291015614 0.15 -0.04 0
1699095818.8674428 3.1729581356048575 0.15 -0.04 0
1699095818.9215436 3.170731096267699 0.15 -0.04 0
1699095818.973923 3.1685670471191396 0.15 -0.04 0
1699095819.0286534 3.166471891403197 0.15 -0.04 0
1699095819.0827096 3.1642826175689684 0.15 -0.04 0
1699095819.1407387 3.162120437622069 0.15 -0.04 0
1699095819.1948185 3.1597992610931382 0.15 -0.04 0
1699095819.2473104 3.1576360702514634 0.15 -0.04 0
1699095819.3018038 3.1555363559722887 0.15 -0.04 0
1699095819.3572638 3.1533566379547104 0.15 -0.04 0
1699095819.4099953 3.151138191223143 0.15 -0.04 0
1699095819.4637802 3.14902898788452 0.15 -0.04 0
1699095819.5164871 3.146877593994139 0.15 -0.04 0
1699095819.5696576 3.1447692871093733 0.15 -0.04 0
1699095819.6239104 3.1426424884796127 0.15 -0.04 0
1699095819.67812 3.1404723358154283 0.15 -0.04 0
1699095819.7304704 3.1383039855957016 0.15 -0.04 0
1699095819.7841341 3.1362099552154525 0.15 -0.04 0
1699095819.835797 3.1340634250640855 0.15 -0.04 0
1699095819.8890457 3.131996850967406 0.15 -0.04 0
1699095819.9438925 3.1298669719696033 0.15 -0.04 0
1699095819.9975808 3.1276730918884263 0.15 -0.04 0
1699095820.0517623 3.125525522232054 0.15 -0.04 0
1699095820.1057088 3.1233582592010483 0.15 -0.04 0
1699095820.158955 3.1212004375457747 0.15 -0.04 0
1699095820.211637 3.119070596694945 0.15 -0.04 0
1699095820.2670496 3.116963281631468 0.15 -0.04 0
1699095820.3223183 3.1147467517852765 0.15 -0.04 0
1699095820.377151 3.112536039352415 0.15 -0.04 0
1699095820.4311786 3.1103427028655988 0.15 -0.04 0
1699095820.4860551 3.1081813430786114 0.15 -0.04 0
1699095820.5399866 3.105986557006834 0.15 -0.04 0
1699095820.593508 3.103829288482664 0.15 -0.04 0
1699095820.646244 3.1016884231567365 0.15 -0.04 0
1699095820.6988764 3.0995790004730206 0.15 -0.04 0
1699095820.7538528 3.0974736785888655 0.15 -0.04 0
1699095820.8077962 3.0952745628356917 0.15 -0.04 0
1699095820.8625371 3.093116922378538 0.15 -0.04 0
1699095820.9171238 3.0909272956848124 0.15 -0.04 0
1699095820.9695218 3.0887438488006573 0.15 -0.04 0
1699095821.0221462 3.0866479110717755 0.15 -0.04 0
1699095821.0784054 3.0845429611206034 0.15 -0.04 0
1699095821.133404 3.08229254722595 0.15 -0.04 0
1699095821.1875682 3.0800925827026346 0.15 -0.04 0
1699095821.2413702 3.0779258441925026 0.15 -0.04 0
1699095821.294188 3.0757740116119363 0.15 -0.04 0
1699095821.3461838 3.073661251068113 0.15 -0.04 0
1699095821.4002926 3.0715814495086646 0.15 -0.04 0
1699095821.4532056 3.0694170761108377 0.15 -0.04 0
1699095821.5058784 3.067300577163694 0.15 -0.04 0
1699095821.5605159 3.065193529129026 0.15 -0.04 0
1699095821.6130064 3.0630081462860086 0.15 -0.04 0
1699095821.6673088 3.060908546447752 0.15 -0.04 0
1699095821.720687 3.0587364292144756 0.15 -0.04 0
1699095821.7752066 3.056601362228392 0.15 -0.04 0
1699095821.8286316 3.054420537948607 0.15 -0.04 0
1699095821.8816206 3.052283496856688 0.15 -0.04 0
1699095821.9340324 3.0501639842987043 0.15 -0.04 0
1699095821.9865186 3.048067493438719 0.15 -0.04 0
1699095822.0390656 3.0459680938720686 0.15 -0.04 0
1699095822.0907724 3.043866176605223 0.15 -0.04 0
1699095822.144048 3.041797857284544 0.15 -0.04 0
1699095822.1979206 3.039666852951048 0.15 -0.04 0
1699095822.250914 3.037511968612669 0.15 -0.04 0
1699095822.305532 3.0353922176361063 0.15 -0.04 0
1699095822.3601086 3.0332073879241923 0.15 -0.04 0
1699095822.4126844 3.0310243606567364 0.15 -0.04 0
1699095822.4665854 3.028921413421629 0.15 -0.04 0
1699095822.5200665 3.0267653846740705 0.15 -0.04 0
1699095822.5737228 3.024626150131224 0.15 -0.04 0
1699095822.6296813 3.0224798965454087 0.15 -0.04 0
1699095822.6831043 3.020241537094115 0.15 -0.04 0
1699095822.7368283 3.0181046390533433 0.15 -0.04 0
1699095822.7905538 3.015955657958983 0.15 -0.04 0
1699095822.8443372 3.0138066101074203 0.15 -0.04 0
1699095822.8964193 3.0116553115844713 0.15 -0.04 0
1699095822.9506032 3.009572019577025 0.15 -0.04 0
1699095823.0069535 3.007404661178587 0.15 -0.04 0
1699095823.0610085 3.0051506328582747 0.15 -0.04 0
1699095823.1126282 3.0029884147644026 0.15 -0.04 0
1699095823.2312522 3.000923643112181 0.15 -0.04 0
1699095823.2884688 2.9961786079406725 0.15 -0.04 0
1699095823.3436046 2.9938899421691882 0.15 -0.04 0
1699095823.3958557 2.991682910919188 0.15 -0.04 0
1699095823.4495041 2.989594554901122 0.15 -0.04 0
1699095823.501948 2.9874485969543443 0.15 -0.04 0
1699095823.5591285 2.9853508663177477 0.15 -0.04 0
1699095823.6133597 2.9830635643005357 0.15 -0.04 0
1699095823.6688113 2.9808944129943833 0.15 -0.04 0
1699095823.7233994 2.978676214218138 0.15 -0.04 0
1699095823.776543 2.976492786407469 0.15 -0.04 0
1699095823.8294709 2.9743670749664286 0.15 -0.04 0
1699095823.8837416 2.9722499561309794 0.15 -0.04 0
1699095823.9375567 2.970079116821287 0.15 -0.04 0
1699095823.9909697 2.9679265308380107 0.15 -0.04 0
1699095824.0454013 2.9657887268066387 0.15 -0.04 0
1699095824.099093 2.9636127281188944 0.15 -0.04 0
1699095824.1514828 2.9614650535583475 0.15 -0.04 0
1699095824.2055783 2.9593695068359356 0.15 -0.04 0
1699095824.2601016 2.957205696105955 0.15 -0.04 0
1699095824.3130457 2.9550246906280497 0.15 -0.04 0
1699095824.3676345 2.9529069137573223 0.15 -0.04 0
1699095824.4196546 2.9507221603393536 0.15 -0.04 0
1699095824.475074 2.948642549514769 0.15 -0.04 0
1699095824.5295835 2.9464257431030254 0.15 -0.04 0
1699095824.5817306 2.9442454528808573 0.15 -0.04 0
1699095824.638383 2.942159557342527 0.15 -0.04 0
1699095824.6895196 2.9398934936523413 0.15 -0.04 0
1699095824.7414896 2.9378480148315407 0.15 -0.04 0
1699095824.7951949 2.935769233703611 0.15 -0.04 0
1699095824.8506014 2.933621015548704 0.15 -0.04 0
1699095824.905251 2.931404743194578 0.15 -0.04 0
1699095824.959056 2.9292186832427958 0.15 -0.04 0
1699095825.011868 2.9270665550231914 0.15 -0.04 0
1699095825.064852 2.9249540996551495 0.15 -0.04 0
1699095825.1177473 2.9228347110748274 0.15 -0.04 0
1699095825.1708167 2.9207189369201645 0.15 -0.04 0
1699095825.2248175 2.91859610557556 0.15 -0.04 0
1699095825.2777886 2.9164360904693587 0.15 -0.04 0
1699095825.3321679 2.9143172454833968 0.15 -0.04 0
1699095825.3850157 2.9121420860290512 0.15 -0.04 0
1699095825.4373028 2.910028171539305 0.15 -0.04 0
1699095825.491294 2.907934894561766 0.15 -0.04 0
1699095825.545829 2.9057770633697495 0.15 -0.04 0
1699095825.5986173 2.903595638275145 0.15 -0.04 0
1699095825.652623 2.901484117507933 0.15 -0.04 0
1699095825.7045991 2.8993237876892075 0.15 -0.04 0
1699095825.76113 2.897244834899901 0.15 -0.04 0
1699095825.8176408 2.894983520507811 0.15 -0.04 0
1699095825.8707805 2.892723073959349 0.15 -0.04 0
1699095825.921882 2.8905975627899156 0.15 -0.04 0
1699095825.9751618 2.888553543090819 0.15 -0.04 0
1699095826.028091 2.886422328948973 0.15 -0.04 0
1699095826.082765 2.8843052005767804 0.15 -0.04 0
1699095826.1366055 2.882117900848387 0.15 -0.04 0
1699095826.1904156 2.87996459007263 0.15 -0.04 0
1699095826.2430055 2.877812185287474 0.15 -0.04 0
1699095826.2960236 2.875708570480345 0.15 -0.04 0
1699095826.3503983 2.873587865829466 0.15 -0.04 0
1699095826.4028096 2.871412868499754 0.15 -0.04 0
1699095826.4553611 2.869316425323485 0.15 -0.04 0
1699095826.5085506 2.867214384078978 0.15 -0.04 0
1699095826.5623658 2.865086755752562 0.15 -0.04 0
1699095826.6157172 2.8629341506957995 0.15 -0.04 0
1699095826.6673372 2.8608001232147204 0.15 -0.04 0
1699095826.7208326 2.858735322952269 0.15 -0.04 0
1699095826.7759516 2.8565954971313463 0.15 -0.04 0
1699095826.8281093 2.8543907356262195 0.15 -0.04 0
1699095826.8799071 2.8523044395446764 0.15 -0.04 0
1699095826.9337723 2.850232534408568 0.15 -0.04 0
1699095826.9868631 2.848077917098998 0.15 -0.04 0
1699095827.0401032 2.8459541606903067 0.15 -0.04 0
1699095827.0933313 2.84382469177246 0.15 -0.04 0
1699095827.1456769 2.8416955661773673 0.15 -0.04 0
1699095827.1990597 2.839600467681884 0.15 -0.04 0
1699095827.251933 2.8374664211273184 0.15 -0.04 0
1699095827.305263 2.8353514671325675 0.15 -0.04 0
1699095827.3581295 2.8332183074951165 0.15 -0.04 0
1699095827.4104903 2.831103610992431 0.15 -0.04 0
1699095827.4640107 2.829009189605712 0.15 -0.04 0
1699095827.5173519 2.826868343353271 0.15 -0.04 0
1699095827.5701544 2.824734735488891 0.15 -0.04 0
1699095827.622931 2.822622594833373 0.15 -0.04 0
1699095827.675494 2.820511579513549 0.15 -0.04 0
1699095827.728718 2.8184089851379386 0.15 -0.04 0
1699095827.7815924 2.8162800598144524 0.15 -0.04 0
1699095827.8374858 2.8141650772094717 0.15 -0.04 0
1699095827.8904636 2.8119293785095207 0.15 -0.04 0
1699095827.9440224 2.8098102378845207 0.15 -0.04 0
1699095827.9970744 2.8076678943634024 0.15 -0.04 0
1699095828.0522416 2.8055457210540764 0.15 -0.04 0
1699095828.107887 2.8033390331268304 0.15 -0.04 0
1699095828.161081 2.801112689971923 0.15 -0.04 0
1699095828.2137978 2.798985548019408 0.15 -0.04 0
1699095828.2674918 2.796876821517943 0.15 -0.04 0
1699095828.3227665 2.7947291374206533 0.15 -0.04 0
1699095828.3752515 2.792518138885497 0.15 -0.04 0
1699095828.4275358 2.79041874885559 0.15 -0.04 0
1699095828.4791682 2.78832736968994 0.15 -0.04 0
1699095828.5339742 2.7862620735168444 0.15 -0.04 0
1699095828.5874135 2.7840698528289782 0.15 -0.04 0
1699095828.6422935 2.781932268142699 0.15 -0.04 0
1699095828.699187 2.77973702430725 0.15 -0.04 0
1699095828.7532334 2.777461290359496 0.15 -0.04 0
1699095828.8075023 2.775299415588378 0.15 -0.04 0
1699095828.8647175 2.7731280040740955 0.15 -0.04 0
1699095828.916919 2.7708399772644032 0.15 -0.04 0
1699095828.970015 2.768752040863036 0.15 -0.04 0
1699095829.02188 2.7666281700134268 0.15 -0.04 0
1699095829.0759566 2.764553623199462 0.15 -0.04 0
1699095829.1287663 2.7623905181884756 0.15 -0.04 0
1699095829.1842558 2.760278148651122 0.15 -0.04 0
1699095829.2377117 2.758058557510375 0.15 -0.04 0
1699095829.2908928 2.7559203338623037 0.15 -0.04 0
1699095829.3442357 2.753791103363036 0.15 -0.04 0
1699095829.4007418 2.7516579246520987 0.15 -0.04 0
1699095829.4738235 2.7493933868408194 0.15 -0.04 0
1699095829.5281446 2.7464758300781242 0.15 -0.04 0
1699095829.583755 2.7443029785156243 0.15 -0.04 0
1699095829.6363697 2.7420785713195794 0.15 -0.04 0
1699095829.6913106 2.7399740123748773 0.15 -0.04 0
1699095829.7455142 2.7377763462066644 0.15 -0.04 0
1699095829.7989743 2.735608196258544 0.15 -0.04 0
1699095829.8518174 2.733469829559325 0.15 -0.04 0
1699095829.9047709 2.7313561153411854 0.15 -0.04 0
1699095829.9578085 2.7292379665374744 0.15 -0.04 0
1699095830.0125432 2.727116479873656 0.15 -0.04 0
1699095830.0661972 2.72492594718933 0.15 -0.04 0
1699095830.120719 2.722780904769896 0.15 -0.04 0
1699095830.1731517 2.7205998039245594 0.15 -0.04 0
1699095830.2259283 2.7185027217864977 0.15 -0.04 0
1699095830.2814608 2.716391677856444 0.15 -0.04 0
1699095830.3353817 2.7141703796386705 0.15 -0.04 0
1699095830.3890975 2.7120135307311997 0.15 -0.04 0
1699095830.441417 2.7098649024963364 0.15 -0.04 0
1699095830.497353 2.707772130966185 0.15 -0.04 0
1699095830.5522258 2.7055345726013167 0.15 -0.04 0
1699095830.605283 2.7033397388458233 0.15 -0.04 0
1699095830.662471 2.701217441558836 0.15 -0.04 0
1699095830.7178771 2.698929920196531 0.15 -0.04 0
1699095830.7704608 2.6967137145996074 0.15 -0.04 0
1699095830.8241444 2.694610357284544 0.15 -0.04 0
1699095830.8751862 2.6924630355834944 0.15 -0.04 0
1699095830.927909 2.6904213809967024 0.15 -0.04 0
1699095830.9818022 2.688312454223631 0.15 -0.04 0
1699095831.0339978 2.686156692504881 0.15 -0.04 0
1699095831.0866814 2.684068117141722 0.15 -0.04 0
1699095831.1413326 2.681961536407469 0.15 -0.04 0
1699095831.1953256 2.679775495529173 0.15 -0.04 0
1699095831.2488284 2.67761577606201 0.15 -0.04 0
1699095831.303624 2.675475654602049 0.15 -0.04 0
1699095831.3556347 2.6732831859588604 0.15 -0.04 0
1699095831.4097643 2.67120274543762 0.15 -0.04 0
1699095831.4633262 2.6690382289886454 0.15 -0.04 0
1699095831.5166452 2.6668957233428934 0.15 -0.04 0
1699095831.5711248 2.664763002395628 0.15 -0.04 0
1699095831.6259131 2.662583818435667 0.15 -0.04 0
1699095831.6799796 2.6603922367095927 0.15 -0.04 0
1699095831.7329586 2.6582295989990214 0.15 -0.04 0
1699095831.7867799 2.656110486984251 0.15 -0.04 0
1699095831.8417351 2.653957567214964 0.15 -0.04 0
1699095831.8929746 2.651759376525877 0.15 -0.04 0
1699095831.9464066 2.649709806442259 0.15 -0.04 0
1699095832.0012476 2.6475725173950178 0.15 -0.04 0
1699095832.0553045 2.6453788566589336 0.15 -0.04 0
1699095832.1084418 2.643216619491575 0.15 -0.04 0
1699095832.1605763 2.6410911273956277 0.15 -0.04 0
1699095832.2157931 2.6390057373046854 0.15 -0.04 0
1699095832.2689967 2.636797075271604 0.15 -0.04 0
1699095832.322618 2.634668912887571 0.15 -0.04 0
1699095832.3763728 2.6325240898132303 0.15 -0.04 0
1699095832.4307358 2.6303738689422587 0.15 -0.04 0
1699095832.481903 2.628199300765989 0.15 -0.04 0
1699095832.5350072 2.626152629852293 0.15 -0.04 0
1699095832.5904586 2.6240284156799296 0.15 -0.04 0
1699095832.6433628 2.621810407638548 0.15 -0.04 0
1699095832.696153 2.619694252014158 0.15 -0.04 0
1699095832.750514 2.6175827026367164 0.15 -0.04 0
1699095832.8036215 2.615408182144163 0.15 -0.04 0
1699095832.8580775 2.6132832813262916 0.15 -0.04 0
1699095832.913504 2.6111056709289526 0.15 -0.04 0
1699095832.9671915 2.608888616561887 0.15 -0.04 0
1699095833.0205448 2.6067410659790013 0.15 -0.04 0
1699095833.0757647 2.6046069812774633 0.15 -0.04 0
1699095833.1290448 2.6023981666564917 0.15 -0.04 0
1699095833.1810396 2.600266971588132 0.15 -0.04 0
1699095833.2353337 2.59818718910217 0.15 -0.04 0
1699095833.2888825 2.596015424728391 0.15 -0.04 0
1699095833.3429453 2.593873500823972 0.15 -0.04 0
1699095833.3961341 2.5917109870910617 0.15 -0.04 0
1699095833.4503596 2.5895834255218477 0.15 -0.04 0
1699095833.5047488 2.5874131584167452 0.15 -0.04 0
1699095833.5581837 2.5852388000488253 0.15 -0.04 0
1699095833.6121087 2.583101434707639 0.15 -0.04 0
1699095833.6638408 2.5809444141387914 0.15 -0.04 0
1699095833.7175355 2.5788751602172826 0.15 -0.04 0
1699095833.7723486 2.5767273712158176 0.15 -0.04 0
1699095833.8242693 2.5745345687866186 0.15 -0.04 0
1699095833.8803596 2.5724573802947974 0.15 -0.04 0
1699095833.9340286 2.5702143192291236 0.15 -0.04 0
1699095833.9869719 2.568067665100095 0.15 -0.04 0
1699095834.0409749 2.5659499359130833 0.15 -0.04 0
1699095834.0939126 2.5637897872924778 0.15 -0.04 0
1699095834.1487892 2.5616723060607884 0.15 -0.04 0
1699095834.2016497 2.559477224349973 0.15 -0.04 0
1699095834.2548556 2.5573628044128394 0.15 -0.04 0
1699095834.3071437 2.5552345371246314 0.15 -0.04 0
1699095834.3641152 2.5531430721282935 0.15 -0.04 0
1699095834.416938 2.5508641338348363 0.15 -0.04 0
1699095834.4704506 2.5487512302398656 0.15 -0.04 0
1699095834.5262105 2.5466106796264625 0.15 -0.04 0
1699095834.577873 2.5443803024291967 0.15 -0.04 0
1699095834.629905 2.5423139190673805 0.15 -0.04 0
1699095834.6824682 2.5402326202392556 0.15 -0.04 0
1699095834.7350714 2.5381300449371316 0.15 -0.04 0
1699095834.789346 2.5360259342193583 0.15 -0.04 0
1699095834.8440456 2.5338549518585185 0.15 -0.04 0
1699095834.8963428 2.531666955947874 0.15 -0.04 0
1699095834.9505181 2.5295750427246078 0.15 -0.04 0
1699095835.003683 2.5274080944061263 0.15 -0.04 0
1699095835.0565112 2.525281448364256 0.15 -0.04 0
1699095835.1081107 2.523168373107908 0.15 -0.04 0
1699095835.160637 2.5211044025421123 0.15 -0.04 0
1699095835.2135735 2.5190033340454083 0.15 -0.04 0
1699095835.2662983 2.5168858337402327 0.15 -0.04 0
1699095835.319358 2.5147768402099593 0.15 -0.04 0
1699095835.3732588 2.51265447616577 0.15 -0.04 0
1699095835.4261734 2.5104983520507798 0.15 -0.04 0
1699095835.4797351 2.508381824493407 0.15 -0.04 0
1699095835.5324457 2.5062393951416 0.15 -0.04 0
1699095835.5859046 2.504130935668944 0.15 -0.04 0
1699095835.6384683 2.501992597579955 0.15 -0.04 0
1699095835.691701 2.49989005088806 0.15 -0.04 0
1699095835.7448602 2.497760772705077 0.15 -0.04 0
1699095835.799259 2.4956343650817856 0.15 -0.04 0
1699095835.8534825 2.493456897735594 0.15 -0.04 0
1699095835.9069154 2.4912894725799544 0.15 -0.04 0
1699095835.9603558 2.4891521263122542 0.15 -0.04 0
1699095836.0136201 2.4870145702362043 0.15 -0.04 0
1699095836.0672483 2.4848839759826644 0.15 -0.04 0
1699095836.1230474 2.4827388572692857 0.15 -0.04 0
1699095836.1793642 2.480506906509398 0.15 -0.04 0
1699095836.2351153 2.4782542133331282 0.15 -0.04 0
1699095836.2886794 2.476024093627928 0.15 -0.04 0
1699095836.3423858 2.473880043029783 0.15 -0.04 0
1699095836.3949862 2.4717333698272683 0.15 -0.04 0
1699095836.4539847 2.469629268646238 0.15 -0.04 0
1699095836.5070052 2.467269306182859 0.15 -0.04 0
1699095836.560799 2.4651485061645486 0.15 -0.04 0
1699095836.616721 2.462996768951414 0.15 -0.04 0
1699095836.670901 2.460759868621824 0.15 -0.04 0
1699095836.7242186 2.4585927486419656 0.15 -0.04 0
1699095836.7781806 2.456460008621214 0.15 -0.04 0
1699095836.8320205 2.4543015670776347 0.15 -0.04 0
1699095836.8847547 2.4521479511260966 0.15 -0.04 0
1699095836.937757 2.4500385189056377 0.15 -0.04 0
1699095836.993084 2.4479184818267803 0.15 -0.04 0
1699095837.0469022 2.445705432891844 0.15 -0.04 0
1699095837.0998383 2.4435527038574203 0.15 -0.04 0
1699095837.1536498 2.4414352512359603 0.15 -0.04 0
1699095837.207117 2.439282732009886 0.15 -0.04 0
1699095837.2600904 2.4371440792083723 0.15 -0.04 0
1699095837.3145854 2.435025100708006 0.15 -0.04 0
1699095837.3666747 2.4328453636169414 0.15 -0.04 0
1699095837.4213624 2.430761775970457 0.15 -0.04 0
1699095837.4733253 2.4285743141174296 0.15 -0.04 0
1699095837.5268512 2.426495790481565 0.15 -0.04 0
1699095837.5797608 2.424354734420774 0.15 -0.04 0
1699095837.6334121 2.4222383594512915 0.15 -0.04 0
1699095837.6871755 2.420092325210569 0.15 -0.04 0
1699095837.7434142 2.4179417514801003 0.15 -0.04 0
1699095837.796926 2.4156921958923316 0.15 -0.04 0
1699095837.84917 2.413551750183103 0.15 -0.04 0
1699095837.9039845 2.411462011337278 0.15 -0.04 0
1699095837.960411 2.4092694091796854 0.15 -0.04 0
1699095838.0122979 2.407012243270872 0.15 -0.04 0
1699095838.0662236 2.4049368095397927 0.15 -0.04 0
1699095838.1205232 2.4027798557281472 0.15 -0.04 0
1699095838.1736605 2.400607852935789 0.15 -0.04 0
1699095838.2288668 2.3984824085235577 0.15 -0.04 0
1699095838.2808056 2.3962740993499736 0.15 -0.04 0
1699095838.3331869 2.394196596145628 0.15 -0.04 0
1699095838.3892808 2.392101345062254 0.15 -0.04 0
1699095838.4424138 2.3898575305938703 0.15 -0.04 0
1699095838.4956133 2.3877322387695297 0.15 -0.04 0
1699095838.5496264 2.385603647232054 0.15 -0.04 0
1699095838.6035008 2.3834437370300274 0.15 -0.04 0
1699095838.656442 2.3812887573242167 0.15 -0.04 0
1699095838.710731 2.3791711330413796 0.15 -0.04 0
1699095838.7634478 2.376999568939207 0.15 -0.04 0
1699095838.8161976 2.374890899658201 0.15 -0.04 0
1699095838.8702817 2.372780904769895 0.15 -0.04 0
1699095838.9224868 2.3706175327301002 0.15 -0.04 0
1699095838.9749763 2.3685293483734107 0.15 -0.04 0
1699095839.0295541 2.3664297389984106 0.15 -0.04 0
1699095839.0815861 2.364246616363523 0.15 -0.04 0
1699095839.1340346 2.3621653556823707 0.15 -0.04 0
1699095839.1891973 2.360067396163938 0.15 -0.04 0
1699095839.243868 2.3578609085082984 0.15 -0.04 0
1699095839.2974455 2.3556740856170633 0.15 -0.04 0
1699095839.3492205 2.353530988693235 0.15 -0.04 0
1699095839.4027162 2.351459980010984 0.15 -0.04 0
1699095839.454775 2.3493201541900612 0.15 -0.04 0
1699095839.5098486 2.3472378349304175 0.15 -0.04 0
1699095839.5618954 2.3450337696075416 0.15 -0.04 0
1699095839.615151 2.3429530239105203 0.15 -0.04 0
1699095839.6710358 2.3408227348327615 0.15 -0.04 0
1699095839.724538 2.3385873794555643 0.15 -0.04 0
1699095839.7761815 2.3364472770690896 0.15 -0.04 0
1699095839.83221 2.334381303787229 0.15 -0.04 0
1699095839.884342 2.3321402835845926 0.15 -0.04 0
1699095839.9394188 2.3300551319122293 0.15 -0.04 0
1699095839.99269 2.3278520107269265 0.15 -0.04 0
1699095840.046689 2.32572121620178 0.15 -0.04 0
1699095840.1012642 2.3235611915588357 0.15 -0.04 0
1699095840.1538057 2.3213782405853247 0.15 -0.04 0
1699095840.2066212 2.319276494979856 0.15 -0.04 0
1699095840.2614186 2.3171639442443825 0.15 -0.04 0
1699095840.3215628 2.3149720287322975 0.15 -0.04 0
1699095840.3758 2.3125662422180153 0.15 -0.04 0
1699095840.4289944 2.310396795272825 0.15 -0.04 0
1699095840.4812686 2.3082690334320044 0.15 -0.04 0
1699095840.5343099 2.3061780834197974 0.15 -0.04 0
1699095840.5861495 2.304056415557859 0.15 -0.04 0
1699095840.6382723 2.301982812881467 0.15 -0.04 0
1699095840.6915715 2.2998979187011694 0.15 -0.04 0
1699095840.743745 2.2977657032012915 0.15 -0.04 0
1699095840.7966855 2.295678968429563 0.15 -0.04 0
1699095840.8525047 2.2935612583160374 0.15 -0.04 0
1699095840.9049804 2.2913285827636694 0.15 -0.04 0
1699095840.9601429 2.2892295742034885 0.15 -0.04 0
1699095841.0130262 2.2870230674743626 0.15 -0.04 0
1699095841.0658221 2.2849077606201145 0.15 -0.04 0
1699095841.118695 2.282795877456662 0.15 -0.04 0
1699095841.17345 2.280680990219113 0.15 -0.04 0
1699095841.2267601 2.278490791320798 0.15 -0.04 0
1699095841.2806385 2.2763583946228 0.15 -0.04 0
1699095841.3341966 2.2742032432556125 0.15 -0.04 0
1699095841.3873413 2.2720608520507786 0.15 -0.04 0
1699095841.443108 2.269934864044187 0.15 -0.04 0
1699095841.4974804 2.2676968288421606 0.15 -0.04 0
1699095841.5522535 2.2655288505554174 0.15 -0.04 0
1699095841.6064565 2.263338603973386 0.15 -0.04 0
1699095841.6606584 2.261170520782468 0.15 -0.04 0
1699095841.7156692 2.2589930248260472 0.15 -0.04 0
1699095841.7708957 2.256801986694333 0.15 -0.04 0
1699095841.8260071 2.254592952728269 0.15 -0.04 0
1699095841.8803496 2.2523884582519504 0.15 -0.04 0
1699095841.934677 2.2502147865295385 0.15 -0.04 0
1699095841.9885201 2.248041658401487 0.15 -0.04 0
1699095842.042526 2.245887937545774 0.15 -0.04 0
1699095842.0963743 2.243727712631223 0.15 -0.04 0
1699095842.1502795 2.241573791503904 0.15 -0.04 0
1699095842.207774 2.239417610168455 0.15 -0.04 0
1699095842.261627 2.2371177768707255 0.15 -0.04 0
1699095842.3164065 2.234963731765745 0.15 -0.04 0
1699095842.434287 2.232772531509397 0.15 -0.04 0
1699095842.4874353 2.228057126998899 0.15 -0.04 0
1699095842.540917 2.225931348800657 0.15 -0.04 0
1699095842.5938048 2.223791522979734 0.15 -0.04 0
1699095842.6491423 2.221676578521726 0.15 -0.04 0
1699095842.7038724 2.2194630241394018 0.15 -0.04 0
1699095842.7610915 2.217273778915403 0.15 -0.04 0
1699095842.814781 2.214985074996946 0.15 -0.04 0
1699095842.8669693 2.212837562561033 0.15 -0.04 0
1699095842.9196439 2.2107500362396215 0.15 -0.04 0
1699095842.9765594 2.208642492294309 0.15 -0.04 0
1699095843.028632 2.206366348266599 0.15 -0.04 0
1699095843.0824304 2.204283514022825 0.15 -0.04 0
1699095843.1363978 2.20213159561157 0.15 -0.04 0
1699095843.190611 2.1999728870391824 0.15 -0.04 0
1699095843.2447734 2.197803430557249 0.15 -0.04 0
1699095843.2979324 2.195637855529783 0.15 -0.04 0
1699095843.351122 2.1935114669799782 0.15 -0.04 0
1699095843.4039812 2.1913839244842506 0.15 -0.04 0
1699095843.4582 2.1892695236206032 0.15 -0.04 0
1699095843.5126538 2.187100152969358 0.15 -0.04 0
1699095843.5666273 2.1849226093292216 0.15 -0.04 0
1699095843.6197104 2.1827636814117413 0.15 -0.04 0
1699095843.6738737 2.1806403923034647 0.15 -0.04 0
1699095843.7277277 2.178471288681028 0.15 -0.04 0
1699095843.780444 2.176319713592527 0.15 -0.04 0
1699095843.8333917 2.1742110443115212 0.15 -0.04 0
1699095843.8866787 2.172093114852903 0.15 -0.04 0
1699095843.9394999 2.169961585998533 0.15 -0.04 0
1699095843.9929736 2.1678487682342507 0.15 -0.04 0
1699095844.047322 2.1657098484039286 0.15 -0.04 0
1699095844.1031048 2.1635358905792215 0.15 -0.04 0
1699095844.1551063 2.1613045787811256 0.15 -0.04 0
1699095844.2077317 2.159224510192869 0.15 -0.04 0
1699095844.2630105 2.157119512557981 0.15 -0.04 0
1699095844.3164902 2.154908342361448 0.15 -0.04 0
1699095844.3695416 2.1527691650390604 0.15 -0.04 0
1699095844.422654 2.1506471443176247 0.15 -0.04 0
1699095844.475562 2.14852262496948 0.15 -0.04 0
1699095844.5284517 2.1464060211181617 0.15 -0.04 0
1699095844.5814266 2.1442906951904273 0.15 -0.04 0
1699095844.6352272 2.1421717262268043 0.15 -0.04 0
1699095844.6894033 2.1400197315216043 0.15 -0.04 0
1699095844.7428765 2.137852659225462 0.15 -0.04 0
1699095844.7944872 2.1357137489318827 0.15 -0.04 0
1699095844.8495588 2.1336493110656716 0.15 -0.04 0
1699095844.9069235 2.131446418762205 0.15 -0.04 0
1699095844.9604657 2.129148960113523 0.15 -0.04 0
1699095845.013099 2.127010164260862 0.15 -0.04 0
1699095845.0669467 2.12490485191345 0.15 -0.04 0
1699095845.1192007 2.1227508544921854 0.15 -0.04 0
1699095845.171357 2.12066075325012 0.15 -0.04 0
1699095845.2242918 2.118574504852293 0.15 -0.04 0
1699095845.2788382 2.1164571380615214 0.15 -0.04 0
1699095845.3320606 2.1142752361297585 0.15 -0.04 0
1699095845.385352 2.1121463871002177 0.15 -0.04 0
1699095845.4382083 2.1100146770477277 0.15 -0.04 0
1699095845.4904594 2.1079004669189434 0.15 -0.04 0
1699095845.5451279 2.1058104133605937 0.15 -0.04 0
1699095845.5993428 2.103623695373533 0.15 -0.04 0
1699095845.651499 2.1014549732208234 0.15 -0.04 0
1699095845.7040286 2.099368839263914 0.15 -0.04 0
1699095845.7557957 2.0972676277160627 0.15 -0.04 0
1699095845.8083942 2.0951969432830793 0.15 -0.04 0
1699095845.8609674 2.0930929946899397 0.15 -0.04 0
1699095845.9158595 2.0909901237487776 0.15 -0.04 0
1699095845.9678268 2.088794393539427 0.15 -0.04 0
1699095846.0233986 2.086715717315672 0.15 -0.04 0
1699095846.0781567 2.0844927501678447 0.15 -0.04 0
1699095846.1312728 2.0823025512695295 0.15 -0.04 0
1699095846.186451 2.0801778793334944 0.15 -0.04 0
1699095846.2387447 2.077970762252806 0.15 -0.04 0
1699095846.2945046 2.075878992080687 0.15 -0.04 0
1699095846.348171 2.0736485099792463 0.15 -0.04 0
1699095846.4009898 2.0715019226074203 0.15 -0.04 0
1699095846.4543169 2.069389219284056 0.15 -0.04 0
1699095846.5079896 2.067256097793577 0.15 -0.04 0
1699095846.5650883 2.0651091957092267 0.15 -0.04 0
1699095846.6227996 2.0628250312805156 0.15 -0.04 0
1699095846.6811125 2.06051652908325 0.15 -0.04 0
1699095846.7373333 2.0581840705871564 0.15 -0.04 0
1699095846.7913268 2.0559354209899885 0.15 -0.04 0
1699095846.843776 2.0537756443023665 0.15 -0.04 0
1699095846.8957 2.051677742004393 0.15 -0.04 0
1699095846.9490743 2.0496007251739483 0.15 -0.04 0
1699095847.0022018 2.0474658203124982 0.15 -0.04 0
1699095847.0560837 2.0453406524658186 0.15 -0.04 0
1699095847.1084146 2.0431854438781722 0.15 -0.04 0
1699095847.160799 2.0410921955108625 0.15 -0.04 0
1699095847.2134612 2.038996801376341 0.15 -0.04 0
1699095847.2686913 2.0368903160095195 0.15 -0.04 0
1699095847.323224 2.0346811389923074 0.15 -0.04 0
1699095847.3751836 2.032499828338621 0.15 -0.04 0
1699095847.430477 2.030421447753904 0.15 -0.04 0
1699095847.484126 2.0282097148895244 0.15 -0.04 0
1699095847.5377638 2.0260611629486065 0.15 -0.04 0
1699095847.5900254 2.0239182567596417 0.15 -0.04 0
1699095847.6433632 2.021827783584593 0.15 -0.04 0
1699095847.6953142 2.0196942138671856 0.15 -0.04 0
1699095847.7480693 2.017616233825682 0.15 -0.04 0
1699095847.8008935 2.015505990982054 0.15 -0.04 0
1699095847.853403 2.0133930397033675 0.15 -0.04 0
1699095847.9072642 2.011292648315428 0.15 -0.04 0
1699095847.9641762 2.009138212203978 0.15 -0.04 0
1699095848.020317 2.0068616962432846 0.15 -0.04 0
1699095848.0719807 2.0046160030364977 0.15 -0.04 0
1699095848.125663 2.0025495338439927 0.15 -0.04 0
1699095848.1790535 2.0004022502899157 0.15 -0.04 0
1699095848.2312665 1.998266630172728 0.15 -0.04 0
1699095848.284156 1.9961781311035143 0.15 -0.04 0
1699095848.3365552 1.994062528610228 0.15 -0.04 0
1699095848.3886995 1.9919666004180894 0.15 -0.04 0
1699095848.4434726 1.9898808002471908 0.15 -0.04 0
1699095848.495911 1.9876898670196517 0.15 -0.04 0
1699095848.5490422 1.9855922985076888 0.15 -0.04 0
1699095848.6029613 1.9834671020507797 0.15 -0.04 0
1699095848.6571074 1.9813103389739974 0.15 -0.04 0
1699095848.711494 1.979144496917723 0.15 -0.04 0
1699095848.7641296 1.9769688987731917 0.15 -0.04 0
1699095848.8181877 1.9748636054992659 0.15 -0.04 0
1699095848.87258 1.9727007198333724 0.15 -0.04 0
1699095848.9254339 1.9705255603790266 0.15 -0.04 0
1699095848.9795623 1.9684114170074445 0.15 -0.04 0
1699095849.0338676 1.9662461185455304 0.15 -0.04 0
1699095849.0879822 1.9640740776061993 0.15 -0.04 0
1699095849.1423898 1.9619094371795636 0.15 -0.04 0
1699095849.1954472 1.959732894897459 0.15 -0.04 0
1699095849.247227 1.9576109218597393 0.15 -0.04 0
1699095849.3022668 1.9555397319793681 0.15 -0.04 0
1699095849.356375 1.953338098525999 0.15 -0.04 0
1699095849.4091694 1.9511737728118876 0.15 -0.04 0
1699095849.4613976 1.949061975479124 0.15 -0.04 0
1699095849.5165222 1.9469716835021953 0.15 -0.04 0
1699095849.5686083 1.944767827987669 0.15 -0.04 0
1699095849.6225462 1.9426841926574687 0.15 -0.04 0
1699095849.676327 1.940526943206785 0.15 -0.04 0
1699095849.7297518 1.9383757209777812 0.15 -0.04 0
1699095849.7828581 1.9362387466430644 0.15 -0.04 0
1699095849.83829 1.9341144943237285 0.15 -0.04 0
1699095849.8970344 1.931897153854368 0.15 -0.04 0
1699095849.9494345 1.9295473766326885 0.15 -0.04 0
1699095850.0036526 1.9274514198303203 0.15 -0.04 0
1699095850.0566356 1.9252825927734356 0.15 -0.04 0
1699095850.1105957 1.9231633949279767 0.15 -0.04 0
1699095850.1637783 1.921004981994627 0.15 -0.04 0
1699095850.2192628 1.9188776493072492 0.15 -0.04 0
1699095850.2719595 1.9166583061218245 0.15 -0.04 0
1699095850.324872 1.9145503997802717 0.15 -0.04 0
1699095850.3788745 1.9124339103698713 0.15 -0.04 0
1699095850.4313703 1.9102738380432112 0.15 -0.04 0
1699095850.4868505 1.9081740093231183 0.15 -0.04 0
1699095850.539939 1.905954761505125 0.15 -0.04 0
1699095850.5948966 1.9038312721252424 0.15 -0.04 0
1699095850.6495214 1.9016329002380354 0.15 -0.04 0
1699095850.7044618 1.8994466018676741 0.15 -0.04 0
1699095850.7565806 1.8972503089904769 0.15 -0.04 0
1699095850.8112397 1.8951655673980696 0.15 -0.04 0
1699095850.8653743 1.892979202270506 0.15 -0.04 0
1699095850.9194741 1.890813846588133 0.15 -0.04 0
1699095850.9725928 1.888649826049803 0.15 -0.04 0
1699095851.0253668 1.8865250587463362 0.15 -0.04 0
1699095851.078488 1.8844140815734847 0.15 -0.04 0
1699095851.1320593 1.882289266586302 0.15 -0.04 0
1699095851.1855047 1.8801463890075667 0.15 -0.04 0
1699095851.2400267 1.8780085659027084 0.15 -0.04 0
1699095851.2939103 1.8758276557922346 0.15 -0.04 0
1699095851.3470678 1.873672380447386 0.15 -0.04 0
1699095851.399664 1.871546087265013 0.15 -0.04 0
1699095851.4536417 1.8694422531127912 0.15 -0.04 0
1699095851.5076764 1.8672831344604475 0.15 -0.04 0
1699095851.560404 1.8651217174530013 0.15 -0.04 0
1699095851.6129062 1.8630126285552961 0.15 -0.04 0
1699095851.6662996 1.8609125328063947 0.15 -0.04 0
1699095851.7192862 1.8587767982482892 0.15 -0.04 0
1699095851.7717304 1.8566573238372786 0.15 -0.04 0
1699095851.828807 1.8545595645904525 0.15 -0.04 0
1699095851.8817713 1.8522765064239486 0.15 -0.04 0
1699095851.9357624 1.8501579380035384 0.15 -0.04 0
1699095851.9899778 1.8479983329772933 0.15 -0.04 0
1699095852.0446262 1.8458296966552719 0.15 -0.04 0
1699095852.0970302 1.8436437892913802 0.15 -0.04 0
1699095852.152585 1.8415475845336897 0.15 -0.04 0
1699095852.2048013 1.8393253707885726 0.15 -0.04 0
1699095852.2566547 1.837236700057982 0.15 -0.04 0
1699095852.3114629 1.835162620544432 0.15 -0.04 0
1699095852.363765 1.832970247268675 0.15 -0.04 0
1699095852.417043 1.8308782005310043 0.15 -0.04 0
1699095852.47068 1.8287470817565903 0.15 -0.04 0
1699095852.5251687 1.8266014862060531 0.15 -0.04 0
1699095852.579158 1.8244220352172835 0.15 -0.04 0
1699095852.6320398 1.8222618103027328 0.15 -0.04 0
1699095852.6844826 1.8201471710205062 0.15 -0.04 0
1699095852.7354157 1.8180494880676252 0.15 -0.04 0
1699095852.7884092 1.8160122013092024 0.15 -0.04 0
1699095852.8404486 1.8138924217224104 0.15 -0.04 0
1699095852.8936062 1.8118108463287337 0.15 -0.04 0
1699095852.9490263 1.8096845531463606 0.15 -0.04 0
1699095853.0015268 1.807467775344847 0.15 -0.04 0
1699095853.0573928 1.8053677368164045 0.15 -0.04 0
1699095853.1113822 1.8031324005126936 0.15 -0.04 0
1699095853.164603 1.8009735298156722 0.15 -0.04 0
1699095853.2175775 1.7988447093963607 0.15 -0.04 0
1699095853.270854 1.7967256641387923 0.15 -0.04 0
1699095853.32489 1.794594650268553 0.15 -0.04 0
1699095853.3776603 1.7924331665039046 0.15 -0.04 0
1699095853.431145 1.790322418212889 0.15 -0.04 0
1699095853.4840078 1.7881829738616926 0.15 -0.04 0
1699095853.5379534 1.7860684871673567 0.15 -0.04 0
1699095853.5930066 1.7839106559753402 0.15 -0.04 0
1699095853.646012 1.7817085266113264 0.15 -0.04 0
1699095853.6991055 1.779588308334349 0.15 -0.04 0
1699095853.7561455 1.777464580535887 0.15 -0.04 0
1699095853.8072112 1.7751829433441146 0.15 -0.04 0
1699095853.8600073 1.7731403732299789 0.15 -0.04 0
1699095853.9135394 1.7710284805297836 0.15 -0.04 0
1699095853.9674468 1.768887214660643 0.15 -0.04 0
1699095854.0184407 1.7667309284210189 0.15 -0.04 0
1699095854.0734732 1.7646911811828596 0.15 -0.04 0
1699095854.12599 1.7624899005889876 0.15 -0.04 0
1699095854.1792438 1.7603892326354964 0.15 -0.04 0
1699095854.2321506 1.7582590484619125 0.15 -0.04 0
1699095854.2838457 1.7561427688598616 0.15 -0.04 0
1699095854.3371563 1.7540749835968001 0.15 -0.04 0
1699095854.390459 1.7519425392150862 0.15 -0.04 0
1699095854.4452264 1.7498104381561264 0.15 -0.04 0
1699095854.4975317 1.7476197433471663 0.15 -0.04 0
1699095854.5510836 1.7455275440216047 0.15 -0.04 0
1699095854.6043828 1.743385448455809 0.15 -0.04 0
1699095854.6576757 1.7412534999847396 0.15 -0.04 0
1699095854.7117743 1.7391217517852766 0.15 -0.04 0
1699095854.7664042 1.736957225799559 0.15 -0.04 0
1699095854.818722 1.7347726154327376 0.15 -0.04 0
1699095854.8723295 1.7326798915863022 0.15 -0.04 0
1699095854.92391 1.7305355834960923 0.15 -0.04 0
1699095854.9769685 1.72847234725952 0.15 -0.04 0
1699095855.0315692 1.726350059509276 0.15 -0.04 0
1699095855.0853639 1.724165115356444 0.15 -0.04 0
1699095855.1389828 1.7220142555236801 0.15 -0.04 0
1699095855.194089 1.7198695087432847 0.15 -0.04 0
1699095855.2468455 1.7176652622222885 0.15 -0.04 0
1699095855.2986732 1.715554981231688 0.15 -0.04 0
1699095855.3517947 1.7134818649291976 0.15 -0.04 0
1699095855.4036741 1.7113569736480696 0.15 -0.04 0
1699095855.4570231 1.709281854629515 0.15 -0.04 0
1699095855.510936 1.707147884368895 0.15 -0.04 0
1699095855.5639074 1.7049912929534896 0.15 -0.04 0
1699095855.61674 1.702872467041014 0.15 -0.04 0
1699095855.6740406 1.7007591629028305 0.15 -0.04 0
1699095855.7265527 1.6984609317779524 0.15 -0.04 0
1699095855.7801867 1.6963667106628402 0.15 -0.04 0
1699095855.8335714 1.6942213153839094 0.15 -0.04 0
1699095855.8870378 1.692085933685301 0.15 -0.04 0
1699095855.940602 1.689947271347044 0.15 -0.04 0
1699095855.9951446 1.6878047275543193 0.15 -0.04 0
1699095856.0492966 1.685622959136961 0.15 -0.04 0
1699095856.103035 1.6834569358825664 0.15 -0.04 0
1699095856.1558602 1.6813073635101299 0.15 -0.04 0
1699095856.21061 1.6791944313049296 0.15 -0.04 0
1699095856.2660515 1.677004337310789 0.15 -0.04 0
1699095856.3210366 1.6747867584228495 0.15 -0.04 0
1699095856.3758497 1.6725873279571513 0.15 -0.04 0
1699095856.4294677 1.670394811630247 0.15 -0.04 0
1699095856.481795 1.668250093460081 0.15 -0.04 0
1699095856.5330305 1.666156997680662 0.15 -0.04 0
1699095856.5851383 1.6641075706481914 0.15 -0.04 0
1699095856.6389983 1.6620232582092265 0.15 -0.04 0
1699095856.6919131 1.6598688888549784 0.15 -0.04 0
1699095856.7447758 1.6577522850036601 0.15 -0.04 0
1699095856.8017378 1.6556375408172588 0.15 -0.04 0
1699095856.8540494 1.653359251022337 0.15 -0.04 0
1699095856.905804 1.6512668323516826 0.15 -0.04 0
1699095856.9607172 1.6491966152191142 0.15 -0.04 0
1699095857.0136921 1.6470001029968242 0.15 -0.04 0
1699095857.0672455 1.644881114959715 0.15 -0.04 0
1699095857.1224933 1.6427388954162578 0.15 -0.04 0
1699095857.1762333 1.6405290699005108 0.15 -0.04 0
1699095857.2287154 1.638379478454588 0.15 -0.04 0
1699095857.28504 1.6362800884246806 0.15 -0.04 0
1699095857.3381212 1.6340271759033183 0.15 -0.04 0
1699095857.3910995 1.6319039440155008 0.15 -0.04 0
1699095857.446782 1.6297848606109597 0.15 -0.04 0
1699095857.5014648 1.6275573921203592 0.15 -0.04 0
1699095857.5552351 1.6253702163696269 0.15 -0.04 0
1699095857.6115377 1.6232194232940653 0.15 -0.04 0
1699095857.665582 1.620967149734495 0.15 -0.04 0
1699095857.719769 1.618805513381956 0.15 -0.04 0
1699095857.7710567 1.6166380405426006 0.15 -0.04 0
1699095857.82305 1.6145865440368634 0.15 -0.04 0
1699095857.8771365 1.6125068092346173 0.15 -0.04 0
1699095857.930793 1.6103433799743634 0.15 -0.04 0
1699095857.983197 1.6081970882415753 0.15 -0.04 0
1699095858.034804 1.6060993099212628 0.15 -0.04 0
1699095858.0919125 1.6040366077423078 0.15 -0.04 0
1699095858.1436455 1.6017522048950177 0.15 -0.04 0
1699095858.1964595 1.5996829414367657 0.15 -0.04 0
1699095858.251411 1.5975704288482648 0.15 -0.04 0
1699095858.3028083 1.5953722858428938 0.15 -0.04 0
1699095858.3568153 1.5933164978027328 0.15 -0.04 0
1699095858.4145815 1.5911561775207503 0.15 -0.04 0
1699095858.4675786 1.5888455581665022 0.15 -0.04 0
1699095858.5193808 1.5867254543304425 0.15 -0.04 0
1699095858.5729709 1.5846535682678204 0.15 -0.04 0
1699095858.6252756 1.582509984970091 0.15 -0.04 0
1699095858.6777728 1.580417766571043 0.15 -0.04 0
1699095858.7319944 1.5783178710937482 0.15 -0.04 0
1699095858.7842107 1.576149015426634 0.15 -0.04 0
1699095858.838059 1.5740603065490706 0.15 -0.04 0
1699095858.8926015 1.571906433105467 0.15 -0.04 0
1699095858.9452806 1.5697247314453109 0.15 -0.04 0
1699095858.9982524 1.5676175975799544 0.15 -0.04 0
1699095859.0511088 1.565498666763304 0.15 -0.04 0
1699095859.104434 1.5633844280242903 0.15 -0.04 0
1699095859.1571064 1.5612514114379867 0.15 -0.04 0
1699095859.2094758 1.559144554138182 0.15 -0.04 0
1699095859.2615027 1.5570495414733871 0.15 -0.04 0
1699095859.3140647 1.554968700408934 0.15 -0.04 0
1699095859.3669338 1.5528661918640123 0.15 -0.04 0
1699095859.4201274 1.550751447677611 0.15 -0.04 0
1699095859.471936 1.548623704910277 0.15 -0.04 0
1699095859.5279949 1.5465513801574693 0.15 -0.04 0
1699095859.581414 1.54430899620056 0.15 -0.04 0
1699095859.6357427 1.542170906066893 0.15 -0.04 0
1699095859.68736 1.539999094009398 0.15 -0.04 0
1699095859.7391975 1.5379344081878648 0.15 -0.04 0
1699095859.7913833 1.5358609008789048 0.15 -0.04 0
1699095859.8435285 1.5337734031677233 0.15 -0.04 0
1699095859.8971345 1.5316876983642564 0.15 -0.04 0
1699095859.950378 1.5295434093475329 0.15 -0.04 0
1699095860.0063362 1.5274137115478503 0.15 -0.04 0
1699095860.0601063 1.5251753234863268 0.15 -0.04 0
1699095860.1141202 1.523024520874022 0.15 -0.04 0
1699095860.168258 1.52086399078369 0.15 -0.04 0
1699095860.2210083 1.518698511123656 0.15 -0.04 0
1699095860.2730596 1.5165884113311754 0.15 -0.04 0
1699095860.3256512 1.5145064067840563 0.15 -0.04 0
1699095860.3784208 1.5124027252197252 0.15 -0.04 0
1699095860.4319623 1.51029194831848 0.15 -0.04 0
1699095860.4853919 1.5081502914428697 0.15 -0.04 0
1699095860.5373485 1.5060131072998033 0.15 -0.04 0
1699095860.59105 1.5039348316192613 0.15 -0.04 0
1699095860.6449227 1.5017868137359605 0.15 -0.04 0
1699095860.6989315 1.4996318817138656 0.15 -0.04 0
1699095860.7522411 1.4974715328216537 0.15 -0.04 0
1699095860.805549 1.4953391742706283 0.15 -0.04 0
1699095860.857825 1.4932068252563462 0.15 -0.04 0
1699095860.9090748 1.4911157989501937 0.15 -0.04 0
1699095860.9610777 1.4890658092498763 0.15 -0.04 0
1699095861.0139968 1.486985702514647 0.15 -0.04 0
1699095861.0661643 1.4848689079284652 0.15 -0.04 0
1699095861.119947 1.4827822685241683 0.15 -0.04 0
1699095861.172549 1.4806309318542463 0.15 -0.04 0
1699095861.2247813 1.4785268783569319 0.15 -0.04 0
1699095861.2793274 1.4764375591278058 0.15 -0.04 0
1699095861.3303018 1.4742557334899884 0.15 -0.04 0
1699095861.383485 1.4722167110443096 0.15 -0.04 0
1699095861.440702 1.4700894260406474 0.15 -0.04 0
1699095861.4945111 1.4678006839752178 0.15 -0.04 0
1699095861.5494034 1.4656483459472638 0.15 -0.04 0
1699095861.6682477 1.4634526157379133 0.15 -0.04 0
1699095861.7219176 1.4586988162994368 0.15 -0.04 0
1699095861.7736082 1.4565521049499495 0.15 -0.04 0
1699095861.82568 1.4544844818115217 0.15 -0.04 0
1699095861.8797808 1.4524016094207746 0.15 -0.04 0
1699095861.931321 1.4502375221252424 0.15 -0.04 0
1699095861.9857802 1.4481759357452375 0.15 -0.04 0
1699095862.0403776 1.4459975242614729 0.15 -0.04 0
1699095862.0924315 1.4438121700286848 0.15 -0.04 0
1699095862.1458697 1.4417315673828108 0.15 -0.04 0
1699095862.1984408 1.4395940113067611 0.15 -0.04 0
1699095862.2521203 1.4374911689758285 0.15 -0.04 0
1699095862.3051794 1.4353440093994125 0.15 -0.04 0
1699095862.358732 1.4332216453552231 0.15 -0.04 0
1699095862.4133492 1.4310794353485092 0.15 -0.04 0
1699095862.4651756 1.4288948440551743 0.15 -0.04 0
1699095862.5178506 1.4268217468261704 0.15 -0.04 0
1699095862.5729947 1.4247148036956772 0.15 -0.04 0
1699095862.6249704 1.4225090026855454 0.15 -0.04 0
1699095862.6781032 1.4204299831390366 0.15 -0.04 0
1699095862.7295787 1.4183046722412094 0.15 -0.04 0
1699095862.7839859 1.416245613098143 0.15 -0.04 0
1699095862.8370523 1.4140693664550765 0.15 -0.04 0
1699095862.8893566 1.411945018768309 0.15 -0.04 0
1699095862.9437382 1.4098545169830305 0.15 -0.04 0
1699095863.000662 1.4076792335510238 0.15 -0.04 0
1699095863.0560126 1.405402240753172 0.15 -0.04 0
1699095863.108524 1.4031882667541486 0.15 -0.04 0
1699095863.1604316 1.4010877895355207 0.15 -0.04 0
1699095863.213837 1.3990115356445294 0.15 -0.04 0
1699095863.267432 1.396875343322752 0.15 -0.04 0
1699095863.3225615 1.3947315216064435 0.15 -0.04 0
1699095863.3775148 1.3925263500213605 0.15 -0.04 0
1699095863.4306548 1.3903281402587873 0.15 -0.04 0
1699095863.485276 1.388202543258665 0.15 -0.04 0
1699095863.5386412 1.3860177421569806 0.15 -0.04 0
1699095863.5926924 1.3838831233978253 0.15 -0.04 0
1699095863.6464026 1.381721124649046 0.15 -0.04 0
1699095863.6987028 1.3795726680755596 0.15 -0.04 0
1699095863.7512474 1.3774806690216044 0.15 -0.04 0
1699095863.8043404 1.375378885269163 0.15 -0.04 0
1699095863.8603387 1.373255205154417 0.15 -0.04 0
1699095863.9136918 1.3710152530670145 0.15 -0.04 0
1699095863.9667506 1.3688811206817606 0.15 -0.04 0
1699095864.0190072 1.3667587280273417 0.15 -0.04 0
1699095864.0761797 1.3646685218811014 0.15 -0.04 0
1699095864.1301932 1.3623813724517801 0.15 -0.04 0
1699095864.1847565 1.360221071243284 0.15 -0.04 0
1699095864.2372441 1.3580385017394998 0.15 -0.04 0
1699095864.2906632 1.3559390449523905 0.15 -0.04 0
1699095864.3437395 1.353801450729368 0.15 -0.04 0
1699095864.395295 1.351679229736326 0.15 -0.04 0
1699095864.4484203 1.3496169757842997 0.15 -0.04 0
1699095864.5020978 1.347491741180418 0.15 -0.04 0
1699095864.5546033 1.3453448581695537 0.15 -0.04 0
1699095864.606302 1.3432434177398662 0.15 -0.04 0
1699095864.6613555 1.3411767101287821 0.15 -0.04 0
1699095864.7171335 1.338974542617796 0.15 -0.04 0
1699095864.7716825 1.3367433643341045 0.15 -0.04 0
1699095864.8235953 1.3345615196228007 0.15 -0.04 0
1699095864.8772047 1.3324848747253397 0.15 -0.04 0
1699095864.9312007 1.3303394889831521 0.15 -0.04 0
1699095864.9850457 1.328180761337278 0.15 -0.04 0
1699095865.0387154 1.3260268783569313 0.15 -0.04 0
1699095865.0930047 1.3238801002502418 0.15 -0.04 0
1699095865.1474056 1.3217085552215553 0.15 -0.04 0
1699095865.2012277 1.3195325660705544 0.15 -0.04 0
1699095865.2549033 1.31737968444824 0.15 -0.04 0
1699095865.3104062 1.3152326297759986 0.15 -0.04 0
1699095865.3628852 1.3130125236511208 0.15 -0.04 0
1699095865.4159632 1.3109120655059792 0.15 -0.04 0
1699095865.468499 1.3087902450561502 0.15 -0.04 0
1699095865.5227828 1.3066888427734353 0.15 -0.04 0
1699095865.57709 1.3045174407958964 0.15 -0.04 0
1699095865.6307333 1.3023451709747293 0.15 -0.04 0
1699095865.683931 1.3001994800567607 0.15 -0.04 0
1699095865.7376692 1.2980714988708475 0.15 -0.04 0
1699095865.7940695 1.2959220409393288 0.15 -0.04 0
1699095865.8471973 1.2936660099029518 0.15 -0.04 0
1699095865.9000633 1.2915408515930153 0.15 -0.04 0
1699095865.9558392 1.289426231384275 0.15 -0.04 0
1699095866.0090992 1.2871952342987036 0.15 -0.04 0
1699095866.0615063 1.2850647926330543 0.15 -0.04 0
1699095866.115901 1.2829685688018775 0.15 -0.04 0
1699095866.1693077 1.280792779922483 0.15 -0.04 0
1699095866.2261577 1.2786565303802466 0.15 -0.04 0
1699095866.2803924 1.2763824844360327 0.15 -0.04 0
1699095866.3320103 1.2742131233215308 0.15 -0.04 0
1699095866.386673 1.272148408889768 0.15 -0.04 0
1699095866.4406967 1.2699618148803686 0.15 -0.04 0
1699095866.4937463 1.2678009700775121 0.15 -0.04 0
1699095866.546947 1.2656789493560765 0.15 -0.04 0
