1699097212.7339137 3.5 -0.15 -0.04 0
1699097212.8793669 3.499868335723877 -0.15 -0.04 0
1699097212.940507 3.4940530681610107 -0.15 -0.04 0
1699097213.0012205 3.491606397628784 -0.15 -0.04 0
1699097213.0611758 3.4891788578033447 -0.15 -0.04 0
1699097213.1223605 3.486779947280884 -0.15 -0.04 0
1699097213.1845636 3.484331521987915 -0.15 -0.04 0
1699097213.2491343 3.481844825744629 -0.15 -0.04 0
1699097213.3130233 3.4792605209350587 -0.15 -0.04 0
1699097213.377156 3.4767060947418216 -0.15 -0.04 0
1699097213.4438362 3.474142293930054 -0.15 -0.04 0
1699097213.5120945 3.4714704895019537 -0.15 -0.04 0
1699097213.5764298 3.4687440776824956 -0.15 -0.04 0
1699097213.6434324 3.466165275573731 -0.15 -0.04 0
1699097213.7064297 3.463489542007447 -0.15 -0.04 0
1699097213.7726848 3.4609712696075445 -0.15 -0.04 0
1699097213.838484 3.4583179378509525 -0.15 -0.04 0
1699097213.9037588 3.4556884384155278 -0.15 -0.04 0
1699097213.9694269 3.4530781173706058 -0.15 -0.04 0
1699097214.1031344 3.450441255569458 -0.15 -0.04 0
1699097214.1643903 3.445101375579834 -0.15 -0.04 0
1699097214.2272139 3.44265061378479 -0.15 -0.04 0
1699097214.2889142 3.440137462615967 -0.15 -0.04 0
1699097214.3555202 3.437658338546753 -0.15 -0.04 0
1699097214.41871 3.435007667541504 -0.15 -0.04 0
1699097214.4817698 3.4324722480773926 -0.15 -0.04 0
1699097214.5470197 3.429952049255371 -0.15 -0.04 0
1699097214.6104016 3.427347707748413 -0.15 -0.04 0
1699097214.6748333 3.4248109436035152 -0.15 -0.04 0
1699097214.7382016 3.422227516174316 -0.15 -0.04 0
1699097214.8007812 3.4197004604339596 -0.15 -0.04 0
1699097214.864962 3.4171901130676265 -0.15 -0.04 0
1699097214.9278479 3.4146182632446287 -0.15 -0.04 0
1699097214.990335 3.4121114444732665 -0.15 -0.04 0
1699097215.0537386 3.4096127414703368 -0.15 -0.04 0
1699097215.1189961 3.4070741748809814 -0.15 -0.04 0
1699097215.1829965 3.4044659900665284 -0.15 -0.04 0
1699097215.2461116 3.4018994140625 -0.15 -0.04 0
1699097215.309809 3.399355220794678 -0.15 -0.04 0
1699097215.373534 3.3968283367156986 -0.15 -0.04 0
1699097215.449086 3.394243021011353 -0.15 -0.04 0
1699097215.5151455 3.391257295608521 -0.15 -0.04 0
1699097215.5803318 3.3886187458038335 -0.15 -0.04 0
1699097215.6449232 3.386011486053467 -0.15 -0.04 0
1699097215.7091963 3.3834279632568363 -0.15 -0.04 0
1699097215.7735713 3.3808521842956547 -0.15 -0.04 0
1699097215.8400884 3.3782824039459234 -0.15 -0.04 0
1699097215.9045029 3.3756135463714605 -0.15 -0.04 0
1699097215.9671276 3.3730363655090336 -0.15 -0.04 0
1699097216.0284667 3.3705403804779057 -0.15 -0.04 0
1699097216.093164 3.3680842113494878 -0.15 -0.04 0
1699097216.1562045 3.3654980373382575 -0.15 -0.04 0
1699097216.2190626 3.3629684543609626 -0.15 -0.04 0
1699097216.2819846 3.3604639911651617 -0.15 -0.04 0
1699097216.3436515 3.3579469490051275 -0.15 -0.04 0
1699097216.4062002 3.355482378005982 -0.15 -0.04 0
1699097216.4707315 3.352975769042969 -0.15 -0.04 0
1699097216.5310175 3.3503935337066655 -0.15 -0.04 0
1699097216.596256 3.3479843425750735 -0.15 -0.04 0
1699097216.6601994 3.3453725147247315 -0.15 -0.04 0
1699097216.734908 3.3428133296966553 -0.15 -0.04 0
1699097216.7999482 3.3398204231262207 -0.15 -0.04 0
1699097216.8631253 3.337225399017334 -0.15 -0.04 0
1699097216.9271877 3.3347020816802977 -0.15 -0.04 0
1699097216.9912832 3.332135028839111 -0.15 -0.04 0
1699097217.056037 3.3295764541625976 -0.15 -0.04 0
1699097217.1197343 3.326983652114868 -0.15 -0.04 0
1699097217.1823177 3.3244368839263916 -0.15 -0.04 0
1699097217.2437828 3.3219322681427004 -0.15 -0.04 0
1699097217.3073814 3.319473924636841 -0.15 -0.04 0
1699097217.3699167 3.316931953430176 -0.15 -0.04 0
1699097217.4329407 3.3144263458251957 -0.15 -0.04 0
1699097217.4965305 3.311902017593384 -0.15 -0.04 0
1699097217.5614407 3.3093596649169923 -0.15 -0.04 0
1699097217.6256886 3.3067669582366945 -0.15 -0.04 0
1699097217.691764 3.3041975975036624 -0.15 -0.04 0
1699097217.7556508 3.3015489006042484 -0.15 -0.04 0
1699097217.8200686 3.2990014266967775 -0.15 -0.04 0
1699097217.8823333 3.296424140930176 -0.15 -0.04 0
1699097217.9579196 3.29389705657959 -0.15 -0.04 0
1699097218.020912 3.290907545089722 -0.15 -0.04 0
1699097218.0846703 3.288375101089478 -0.15 -0.04 0
1699097218.1474223 3.2858373546600346 -0.15 -0.04 0
1699097218.2106018 3.283329372406006 -0.15 -0.04 0
1699097218.272869 3.280799713134766 -0.15 -0.04 0
1699097218.335361 3.2783099651336673 -0.15 -0.04 0
1699097218.398553 3.2758123779296877 -0.15 -0.04 0
1699097218.4628549 3.2732750797271732 -0.15 -0.04 0
1699097218.5235603 3.2706973838806155 -0.15 -0.04 0
1699097218.5909762 3.268283491134644 -0.15 -0.04 0
1699097218.6537776 3.265582141876221 -0.15 -0.04 0
1699097218.714819 3.263077354431153 -0.15 -0.04 0
1699097218.7761672 3.2606315135955817 -0.15 -0.04 0
1699097218.8401527 3.2581671810150152 -0.15 -0.04 0
1699097218.9021637 3.255614671707154 -0.15 -0.04 0
1699097218.9654768 3.2531398296356207 -0.15 -0.04 0
1699097219.027811 3.2506045246124273 -0.15 -0.04 0
1699097219.0928545 3.2481145286560063 -0.15 -0.04 0
1699097219.1572897 3.2454997253417974 -0.15 -0.04 0
1699097219.2186182 3.242936916351319 -0.15 -0.04 0
1699097219.2800202 3.240483932495118 -0.15 -0.04 0
1699097219.3434157 3.238025159835816 -0.15 -0.04 0
1699097219.4050236 3.2354891967773445 -0.15 -0.04 0
1699097219.4661353 3.2330249977111825 -0.15 -0.04 0
1699097219.5297456 3.2305789089202888 -0.15 -0.04 0
1699097219.5922496 3.2280308628082284 -0.15 -0.04 0
1699097219.6557705 3.2255369758605967 -0.15 -0.04 0
1699097219.7194152 3.2229964447021495 -0.15 -0.04 0
1699097219.7766185 3.2204500198364268 -0.15 -0.04 0
1699097219.8385482 3.2181615829467782 -0.15 -0.04 0
1699097219.9007583 3.2156818294525156 -0.15 -0.04 0
1699097219.9626627 3.2131939411163337 -0.15 -0.04 0
1699097220.0255208 3.210720624923707 -0.15 -0.04 0
1699097220.0898924 3.208205118179322 -0.15 -0.04 0
1699097220.1840775 3.205632829666138 -0.15 -0.04 0
1699097220.2465115 3.2018642044067387 -0.15 -0.04 0
1699097220.3105254 3.199334554672242 -0.15 -0.04 0
1699097220.3755527 3.1968041133880623 -0.15 -0.04 0
1699097220.4373662 3.194203033447266 -0.15 -0.04 0
1699097220.500978 3.1917317581176765 -0.15 -0.04 0
1699097220.5618818 3.189185400009156 -0.15 -0.04 0
1699097220.6247306 3.186726646423341 -0.15 -0.04 0
1699097220.6853788 3.1842346286773693 -0.15 -0.04 0
1699097220.7493732 3.1817784595489513 -0.15 -0.04 0
1699097220.8152752 3.179221544265748 -0.15 -0.04 0
1699097220.8794253 3.176614637374879 -0.15 -0.04 0
1699097220.9413452 3.174050121307374 -0.15 -0.04 0
1699097221.003586 3.1715714168548597 -0.15 -0.04 0
1699097221.0664403 3.169081621170045 -0.15 -0.04 0
1699097221.1303124 3.1665596389770516 -0.15 -0.04 0
1699097221.1912243 3.1640152359008797 -0.15 -0.04 0
1699097221.2539914 3.161578149795533 -0.15 -0.04 0
1699097221.31878 3.15904112815857 -0.15 -0.04 0
1699097221.3797963 3.156464042663575 -0.15 -0.04 0
1699097221.4389215 3.15403247833252 -0.15 -0.04 0
1699097221.5027766 3.151668310165406 -0.15 -0.04 0
1699097221.5647721 3.1491160106658946 -0.15 -0.04 0
1699097221.628007 3.146630210876466 -0.15 -0.04 0
1699097221.6924226 3.1441005992889415 -0.15 -0.04 0
1699097221.755068 3.1415287971496593 -0.15 -0.04 0
1699097221.8197746 3.1390031242370617 -0.15 -0.04 0
1699097221.882088 3.1364341831207287 -0.15 -0.04 0
1699097221.944312 3.1339363098144544 -0.15 -0.04 0
1699097222.0062473 3.1314534282684336 -0.15 -0.04 0
1699097222.0693867 3.128959341049195 -0.15 -0.04 0
1699097222.1427035 3.126059207916261 -0.15 -0.04 0
1699097222.205112 3.123518524169923 -0.15 -0.04 0
1699097222.270272 3.1210186958313 -0.15 -0.04 0
1699097222.333587 3.118415098190309 -0.15 -0.04 0
1699097222.3953905 3.1158771419525157 -0.15 -0.04 0
1699097222.4625716 3.113412036895753 -0.15 -0.04 0
1699097222.5244794 3.110724868774415 -0.15 -0.04 0
1699097222.5865846 3.108243494033814 -0.15 -0.04 0
1699097222.650506 3.1057626342773443 -0.15 -0.04 0
1699097222.7132018 3.103205242156983 -0.15 -0.04 0
1699097222.7747438 3.100697631835938 -0.15 -0.04 0
1699097222.8391173 3.0982317733764653 -0.15 -0.04 0
1699097222.900522 3.095658617019654 -0.15 -0.04 0
1699097222.9603906 3.0932040882110603 -0.15 -0.04 0
1699097223.0241463 3.0908120632171636 -0.15 -0.04 0
1699097223.087826 3.088259286880494 -0.15 -0.04 0
1699097223.1500068 3.0857083225250252 -0.15 -0.04 0
1699097223.2128062 3.083225240707398 -0.15 -0.04 0
1699097223.2758734 3.0807075214385993 -0.15 -0.04 0
1699097223.3402717 3.0781891345977788 -0.15 -0.04 0
1699097223.404189 3.075612945556641 -0.15 -0.04 0
1699097223.4681644 3.0730558872222904 -0.15 -0.04 0
1699097223.5305529 3.070499830245972 -0.15 -0.04 0
1699097223.5949616 3.067995729446411 -0.15 -0.04 0
1699097223.656014 3.065425910949707 -0.15 -0.04 0
1699097223.719513 3.0629864501953126 -0.15 -0.04 0
1699097223.7820187 3.060445785522461 -0.15 -0.04 0
1699097223.8451617 3.057946605682373 -0.15 -0.04 0
1699097223.9085617 3.055420227050781 -0.15 -0.04 0
1699097223.9720535 3.0528824615478514 -0.15 -0.04 0
1699097224.035378 3.050345344543457 -0.15 -0.04 0
1699097224.0956185 3.0478106784820556 -0.15 -0.04 0
1699097224.1573322 3.045401973724365 -0.15 -0.04 0
1699097224.2203064 3.0429290390014647 -0.15 -0.04 0
1699097224.2844725 3.040413732528686 -0.15 -0.04 0
1699097224.349315 3.0378428936004633 -0.15 -0.04 0
1699097224.4133904 3.035254516601562 -0.15 -0.04 0
1699097224.4767606 3.032690172195434 -0.15 -0.04 0
1699097224.5398839 3.0301555538177483 -0.15 -0.04 0
1699097224.6032238 3.0276292324066154 -0.15 -0.04 0
1699097224.666503 3.025095796585082 -0.15 -0.04 0
1699097224.7350848 3.0225646686553946 -0.15 -0.04 0
1699097224.7974787 3.0198227882385247 -0.15 -0.04 0
1699097224.858046 3.017314271926879 -0.15 -0.04 0
1699097224.9207494 3.014901275634765 -0.15 -0.04 0
1699097224.983794 3.0123953723907464 -0.15 -0.04 0
1699097225.0465124 3.0098710727691644 -0.15 -0.04 0
1699097225.1107168 3.007362728118896 -0.15 -0.04 0
1699097225.1715083 3.0047958469390865 -0.15 -0.04 0
1699097225.2323003 3.0023656082153316 -0.15 -0.04 0
1699097225.2939284 2.9999351978301996 -0.15 -0.04 0
1699097225.3549888 2.997464580535888 -0.15 -0.04 0
1699097225.4188874 2.9950259876251217 -0.15 -0.04 0
1699097225.4848995 2.9923774242401118 -0.15 -0.04 0
1699097225.548905 2.98980803489685 -0.15 -0.04 0
1699097225.6124754 2.987271118164062 -0.15 -0.04 0
1699097225.6744316 2.984722356796264 -0.15 -0.04 0
1699097225.7386494 2.9822435951232906 -0.15 -0.04 0
1699097225.801988 2.979675273895263 -0.15 -0.04 0
1699097225.8670914 2.9771360015869135 -0.15 -0.04 0
1699097225.9298897 2.974542570114135 -0.15 -0.04 0
1699097225.992042 2.9720306301116937 -0.15 -0.04 0
1699097226.0556834 2.9695460033416743 -0.15 -0.04 0
1699097226.1188047 2.9669973182678215 -0.15 -0.04 0
1699097226.1815588 2.964473800659179 -0.15 -0.04 0
1699097226.2433376 2.961964101791381 -0.15 -0.04 0
1699097226.3079538 2.9594944286346427 -0.15 -0.04 0
1699097226.3694816 2.9569070911407462 -0.15 -0.04 0
1699097226.4323797 2.954446144104003 -0.15 -0.04 0
1699097226.49411 2.9519072437286367 -0.15 -0.04 0
1699097226.559244 2.9494394969940174 -0.15 -0.04 0
1699097226.6377614 2.9468568420410146 -0.15 -0.04 0
1699097226.751534 2.943714027404784 -0.15 -0.04 0
1699097226.8016098 2.9391656303405753 -0.15 -0.04 0
1699097226.872826 2.937162370681762 -0.15 -0.04 0
1699097226.9067142 2.934313640594482 -0.15 -0.04 0
1699097226.9551342 2.932939834594726 -0.15 -0.04 0
1699097227.0285525 2.931021175384521 -0.15 -0.04 0
1699097227.0520616 2.9280838680267327 -0.15 -0.04 0
1699097227.1067169 2.926648349761962 -0.15 -0.04 0
1699097227.1878464 2.9249171733856194 -0.15 -0.04 0
1699097227.3001661 2.9217143630981437 -0.15 -0.04 0
1699097227.3173606 2.917214345932006 -0.15 -0.04 0
1699097227.326223 2.9165327167510977 -0.15 -0.04 0
1699097227.3516805 2.9161777782440175 -0.15 -0.04 0
1699097227.4016526 2.915160455703734 -0.15 -0.04 0
1699097227.451641 2.913150815963744 -0.15 -0.04 0
1699097227.631341 2.9111579608917224 -0.15 -0.04 0
1699097227.6830254 2.9039728355407703 -0.15 -0.04 0
1699097227.7887535 2.901904764175414 -0.15 -0.04 0
1699097227.8032727 2.8976765060424796 -0.15 -0.04 0
1699097227.8314645 2.8970943355560292 -0.15 -0.04 0
1699097227.934555 2.895968837738036 -0.15 -0.04 0
1699097227.9487224 2.8918405628204336 -0.15 -0.04 0
1699097227.9814456 2.891275529861449 -0.15 -0.04 0
1699097228.0871534 2.889969415664672 -0.15 -0.04 0
1699097228.101074 2.8857350635528554 -0.15 -0.04 0
1699097228.1364992 2.8851842021942127 -0.15 -0.04 0
1699097228.1864054 2.8836887168884267 -0.15 -0.04 0
1699097228.2866414 2.8817694759368884 -0.15 -0.04 0
1699097228.2999306 2.877762746810912 -0.15 -0.04 0
1699097228.331408 2.87723117828369 -0.15 -0.04 0
1699097228.4369738 2.875971117019652 -0.15 -0.04 0
1699097228.4549325 2.8717440891265857 -0.15 -0.04 0
1699097228.4842036 2.8710296630859364 -0.15 -0.04 0
1699097228.53499 2.8698457241058337 -0.15 -0.04 0
1699097228.6406546 2.86781581878662 -0.15 -0.04 0
1699097228.7408652 2.8636000061035145 -0.15 -0.04 0
1699097228.7909827 2.8595913887023916 -0.15 -0.04 0
1699097228.8970332 2.8575865840911856 -0.15 -0.04 0
1699097228.913876 2.8533402729034414 -0.15 -0.04 0
1699097228.9432466 2.8526673984527577 -0.15 -0.04 0
1699097228.992907 2.85148449897766 -0.15 -0.04 0
1699097229.0963242 2.849501256942748 -0.15 -0.04 0
1699097229.1972973 2.8453744888305654 -0.15 -0.04 0
1699097229.2504632 2.8413352012634268 -0.15 -0.04 0
1699097229.3530145 2.839205484390258 -0.15 -0.04 0
1699097229.3665986 2.835106763839721 -0.15 -0.04 0
1699097229.3976965 2.834560070037841 -0.15 -0.04 0
1699097229.502761 2.833318090438842 -0.15 -0.04 0
1699097229.5161436 2.8291167449951162 -0.15 -0.04 0
1699097229.5515099 2.828579635620116 -0.15 -0.04 0
1699097229.5973806 2.8271554565429677 -0.15 -0.04 0
1699097229.698795 2.825331029891967 -0.15 -0.04 0
1699097229.7172487 2.8212748336791984 -0.15 -0.04 0
1699097229.7545123 2.8205356121063225 -0.15 -0.04 0
1699097229.8608782 2.8190459537506096 -0.15 -0.04 0
1699097229.8747318 2.8147894859313958 -0.15 -0.04 0
1699097229.8975549 2.8142377662658684 -0.15 -0.04 0
1699097229.952762 2.8133250427246086 -0.15 -0.04 0
1699097230.064059 2.810947704315185 -0.15 -0.04 0
1699097230.1652203 2.8066634559631343 -0.15 -0.04 0
1699097230.216796 2.8026178646087643 -0.15 -0.04 0
1699097230.3209732 2.80055097579956 -0.15 -0.04 0
1699097230.3384259 2.7963833904266355 -0.15 -0.04 0
1699097230.367941 2.795686979293823 -0.15 -0.04 0
1699097230.4683414 2.794510335922241 -0.15 -0.04 0
1699097230.4818556 2.7904947853088378 -0.15 -0.04 0
1699097230.519325 2.7899511814117433 -0.15 -0.04 0
1699097230.5652833 2.788443956375122 -0.15 -0.04 0
1699097230.6721413 2.786614570617676 -0.15 -0.04 0
1699097230.6899471 2.7823376655578613 -0.15 -0.04 0
1699097230.7217793 2.7816295623779297 -0.15 -0.04 0
1699097230.7685273 2.7802045726776123 -0.15 -0.04 0
1699097230.8735895 2.7784833812713625 -0.15 -0.04 0
1699097230.8901875 2.774279193878174 -0.15 -0.04 0
1699097230.9203322 2.773617877960205 -0.15 -0.04 0
1699097230.9652865 2.7723955059051515 -0.15 -0.04 0
1699097231.0728269 2.7706154346466065 -0.15 -0.04 0
1699097231.0895221 2.766313591003418 -0.15 -0.04 0
1699097231.1156838 2.7656427001953126 -0.15 -0.04 0
1699097231.1652517 2.7644035148620607 -0.15 -0.04 0
1699097231.2696168 2.762617120742798 -0.15 -0.04 0
1699097231.28671 2.7584408378601077 -0.15 -0.04 0
1699097231.3159294 2.757757253646851 -0.15 -0.04 0
1699097231.4170218 2.7565871810913087 -0.15 -0.04 0
1699097231.4347968 2.752544994354248 -0.15 -0.04 0
1699097231.470156 2.751835632324219 -0.15 -0.04 0
1699097231.5152967 2.7504082393646243 -0.15 -0.04 0
1699097231.6217008 2.748615131378174 -0.15 -0.04 0
1699097231.6390676 2.7443566989898684 -0.15 -0.04 0
1699097231.6717181 2.7436608409881593 -0.15 -0.04 0
1699097231.7222197 2.742182121276856 -0.15 -0.04 0
1699097231.835565 2.7401095676422123 -0.15 -0.04 0
1699097231.9407134 2.7357974910736087 -0.15 -0.04 0
1699097231.9907978 2.7315907669067387 -0.15 -0.04 0
1699097232.0972655 2.729591541290284 -0.15 -0.04 0
1699097232.1116765 2.7253304100036626 -0.15 -0.04 0
1699097232.1407976 2.724756546020508 -0.15 -0.04 0
1699097232.2473812 2.7235955142974855 -0.15 -0.04 0
1699097232.2611587 2.7193320655822757 -0.15 -0.04 0
1699097232.2908094 2.7187804889678957 -0.15 -0.04 0
1699097232.3966658 2.7175938415527345 -0.15 -0.04 0
1699097232.4140868 2.7133590888977053 -0.15 -0.04 0
1699097232.441422 2.7126550674438477 -0.15 -0.04 0
1699097232.4908302 2.7115538120269775 -0.15 -0.04 0
1699097232.5937638 2.709592752456665 -0.15 -0.04 0
1699097232.6075923 2.7054751682281495 -0.15 -0.04 0
1699097232.6408222 2.7049216175079347 -0.15 -0.04 0
1699097232.7464948 2.70359468460083 -0.15 -0.04 0
1699097232.763472 2.699366264343262 -0.15 -0.04 0
1699097232.7920473 2.698688325881958 -0.15 -0.04 0
1699097232.8407984 2.6973789978027343 -0.15 -0.04 0
1699097232.945753 2.6955952930450437 -0.15 -0.04 0
1699097232.9591503 2.691390323638916 -0.15 -0.04 0
1699097232.9908206 2.6908598232269285 -0.15 -0.04 0
1699097233.0979369 2.689592933654785 -0.15 -0.04 0
1699097233.1115544 2.685306406021118 -0.15 -0.04 0
1699097233.141624 2.6847643184661862 -0.15 -0.04 0
1699097233.246165 2.6835611248016353 -0.15 -0.04 0
1699097233.263314 2.679362869262695 -0.15 -0.04 0
1699097233.2924502 2.6786940002441404 -0.15 -0.04 0
1699097233.3459847 2.67742205619812 -0.15 -0.04 0
1699097233.450507 2.675374231338501 -0.15 -0.04 0
1699097233.555931 2.67120285987854 -0.15 -0.04 0
1699097233.6069946 2.6669840240478515 -0.15 -0.04 0
1699097233.7121108 2.664936981201172 -0.15 -0.04 0
1699097233.7266412 2.6607421016693116 -0.15 -0.04 0
1699097233.7561069 2.6601584243774417 -0.15 -0.04 0
1699097233.858856 2.6589818954467774 -0.15 -0.04 0
1699097233.872559 2.6548706817626955 -0.15 -0.04 0
1699097233.906048 2.6543232631683353 -0.15 -0.04 0
1699097234.007444 2.6529855060577394 -0.15 -0.04 0
1699097234.0215635 2.648928270339966 -0.15 -0.04 0
1699097234.057015 2.6483631801605227 -0.15 -0.04 0
1699097234.1610854 2.646945095062256 -0.15 -0.04 0
1699097234.1745856 2.6427832221984864 -0.15 -0.04 0
1699097234.206001 2.642242794036865 -0.15 -0.04 0
1699097234.3075624 2.6409875774383544 -0.15 -0.04 0
1699097234.3239102 2.6369221115112302 -0.15 -0.04 0
1699097234.3559842 2.636267213821411 -0.15 -0.04 0
1699097234.46319 2.6349848270416256 -0.15 -0.04 0
1699097234.4798105 2.6306986618041988 -0.15 -0.04 0
1699097234.5124984 2.6300326156616207 -0.15 -0.04 0
1699097234.559393 2.6287187767028803 -0.15 -0.04 0
1699097234.6610296 2.6267635917663568 -0.15 -0.04 0
1699097234.7618852 2.6227743148803704 -0.15 -0.04 0
1699097234.8120327 2.618749361038207 -0.15 -0.04 0
1699097234.919489 2.6167402648925773 -0.15 -0.04 0
1699097234.936779 2.6124430656433097 -0.15 -0.04 0
1699097234.9646513 2.6117531776428216 -0.15 -0.04 0
1699097235.0680711 2.610637073516845 -0.15 -0.04 0
1699097235.0811508 2.606499996185302 -0.15 -0.04 0
1699097235.1120348 2.6059775352478023 -0.15 -0.04 0
1699097235.219788 2.6047419548034663 -0.15 -0.04 0
1699097235.2373936 2.6004341602325436 -0.15 -0.04 0
1699097235.2712593 2.5997309684753414 -0.15 -0.04 0
1699097235.317422 2.5983520412445062 -0.15 -0.04 0
1699097235.425526 2.596357460021972 -0.15 -0.04 0
1699097235.5278728 2.5922039699554436 -0.15 -0.04 0
1699097235.5781305 2.58811086654663 -0.15 -0.04 0
1699097235.6799467 2.5860985565185537 -0.15 -0.04 0
1699097235.693188 2.582029094696044 -0.15 -0.04 0
1699097235.7279773 2.5814993762969958 -0.15 -0.04 0
1699097235.8301432 2.580108423233031 -0.15 -0.04 0
1699097235.8465517 2.576020689010619 -0.15 -0.04 0
1699097235.8805678 2.575364761352538 -0.15 -0.04 0
1699097235.985137 2.5739979743957506 -0.15 -0.04 0
1699097235.997825 2.569822540283202 -0.15 -0.04 0
1699097236.0283659 2.5693116378784167 -0.15 -0.04 0
1699097236.1300664 2.5680918407440174 -0.15 -0.04 0
1699097236.1467357 2.5640203666687 -0.15 -0.04 0
1699097236.177971 2.5633562755584705 -0.15 -0.04 0
1699097236.2811828 2.5621087932586657 -0.15 -0.04 0
1699097236.2943668 2.55797206878662 -0.15 -0.04 0
1699097236.3306112 2.557450218200682 -0.15 -0.04 0
1699097236.431599 2.5560026359558092 -0.15 -0.04 0
1699097236.444402 2.551963081359862 -0.15 -0.04 0
1699097236.477939 2.5514464664459218 -0.15 -0.04 0
1699097236.5794373 2.5501097679138174 -0.15 -0.04 0
1699097236.596174 2.546047954559325 -0.15 -0.04 0
1699097236.627946 2.5453800010681142 -0.15 -0.04 0
1699097236.7325552 2.544109640121459 -0.15 -0.04 0
1699097236.7465217 2.539923601150512 -0.15 -0.04 0
1699097236.7830455 2.5393631076812735 -0.15 -0.04 0
1699097236.833035 2.537802791595458 -0.15 -0.04 0
1699097236.9397008 2.5358212757110588 -0.15 -0.04 0
1699097237.0432243 2.5316386508941644 -0.15 -0.04 0
1699097237.0952725 2.5274981880187983 -0.15 -0.04 0
1699097237.1966283 2.525415334701538 -0.15 -0.04 0
1699097237.213774 2.521360464096069 -0.15 -0.04 0
1699097237.243321 2.5206750869750976 -0.15 -0.04 0
1699097237.3453107 2.519493999481201 -0.15 -0.04 0
1699097237.358786 2.515413360595703 -0.15 -0.04 0
1699097237.3933256 2.514874887466431 -0.15 -0.04 0
1699097237.4973235 2.5134944248199464 -0.15 -0.04 0
1699097237.514273 2.5093303298950196 -0.15 -0.04 0
1699097237.5480144 2.5086541748046876 -0.15 -0.04 0
1699097237.6533496 2.507303991317749 -0.15 -0.04 0
1699097237.6664474 2.5030940532684327 -0.15 -0.04 0
1699097237.6971445 2.502569217681885 -0.15 -0.04 0
1699097237.7998068 2.501337795257568 -0.15 -0.04 0
1699097237.8128648 2.497235651016235 -0.15 -0.04 0
1699097237.8483653 2.4967112445831297 -0.15 -0.04 0
1699097237.8984265 2.495210790634155 -0.15 -0.04 0
1699097238.006732 2.493105535507202 -0.15 -0.04 0
1699097238.112427 2.4889584922790524 -0.15 -0.04 0
1699097238.16255 2.4847220325469968 -0.15 -0.04 0
1699097238.2698379 2.4827240562438964 -0.15 -0.04 0
1699097238.2867196 2.478433609008789 -0.15 -0.04 0
1699097238.3153691 2.4777558708190917 -0.15 -0.04 0
1699097238.3676007 2.476537570953369 -0.15 -0.04 0
1699097238.4713497 2.47451904296875 -0.15 -0.04 0
1699097238.5748925 2.4703744411468502 -0.15 -0.04 0
1699097238.6255999 2.466225414276123 -0.15 -0.04 0
1699097238.7296822 2.464199991226196 -0.15 -0.04 0
1699097238.7474635 2.4600356197357174 -0.15 -0.04 0
1699097238.7768552 2.4593276214599604 -0.15 -0.04 0
1699097238.8249714 2.458143272399902 -0.15 -0.04 0
1699097238.930138 2.45622838973999 -0.15 -0.04 0
1699097238.9434094 2.452016506195068 -0.15 -0.04 0
1699097238.974943 2.45149109840393 -0.15 -0.04 0
1699097239.079829 2.4502291297912593 -0.15 -0.04 0
1699097239.096454 2.446032199859619 -0.15 -0.04 0
1699097239.1259604 2.445367383956909 -0.15 -0.04 0
1699097239.2254295 2.444187660217285 -0.15 -0.04 0
1699097239.2424045 2.440209970474243 -0.15 -0.04 0
1699097239.2749457 2.4395294284820555 -0.15 -0.04 0
1699097239.3760843 2.4382295703887937 -0.15 -0.04 0
1699097239.3894198 2.4341822338104246 -0.15 -0.04 0
1699097239.4249468 2.4336496448516844 -0.15 -0.04 0
1699097239.5242543 2.4322296619415282 -0.15 -0.04 0
1699097239.5380237 2.428248863220215 -0.15 -0.04 0
1699097239.5749161 2.427702560424805 -0.15 -0.04 0
1699097239.6818435 2.426230802536011 -0.15 -0.04 0
1699097239.6988227 2.4219509887695314 -0.15 -0.04 0
1699097239.7277505 2.4212718963623048 -0.15 -0.04 0
1699097239.7780082 2.4201026153564453 -0.15 -0.04 0
1699097239.8867362 2.4181035995483398 -0.15 -0.04 0
1699097239.9004524 2.413754072189331 -0.15 -0.04 0
1699097239.9304547 2.413209009170532 -0.15 -0.04 0
1699097239.979933 2.4119953727722168 -0.15 -0.04 0
1699097240.0850954 2.410015821456909 -0.15 -0.04 0
1699097240.1842844 2.4058195114135743 -0.15 -0.04 0
1699097240.2343059 2.4018522167205814 -0.15 -0.04 0
1699097240.2843034 2.3998550796508793 -0.15 -0.04 0
1699097240.3860352 2.3978553676605228 -0.15 -0.04 0
1699097240.4474366 2.393773574829102 -0.15 -0.04 0
1699097240.5109951 2.3913290119171147 -0.15 -0.04 0
1699097240.5750556 2.3887793731689455 -0.15 -0.04 0
1699097240.6337607 2.386223659515381 -0.15 -0.04 0
1699097240.696986 2.383876991271973 -0.15 -0.04 0
1699097240.760331 2.3813449478149415 -0.15 -0.04 0
1699097240.8242064 2.378790273666382 -0.15 -0.04 0
1699097240.887117 2.3762579631805423 -0.15 -0.04 0
1699097240.949689 2.3737410545349125 -0.15 -0.04 0
1699097241.0171437 2.371232376098633 -0.15 -0.04 0
1699097241.077732 2.368539962768555 -0.15 -0.04 0
1699097241.1407344 2.3661180591583255 -0.15 -0.04 0
1699097241.2031798 2.363598251342774 -0.15 -0.04 0
1699097241.2652235 2.3610902881622318 -0.15 -0.04 0
1699097241.3277822 2.3586133480072027 -0.15 -0.04 0
1699097241.3914933 2.3561044979095462 -0.15 -0.04 0
1699097241.4555116 2.353565368652344 -0.15 -0.04 0
1699097241.5193093 2.3510065841674805 -0.15 -0.04 0
1699097241.5818584 2.34845311164856 -0.15 -0.04 0
1699097241.6460278 2.3459344959259036 -0.15 -0.04 0
1699097241.7072759 2.3433815956115724 -0.15 -0.04 0
1699097241.770942 2.340933418273926 -0.15 -0.04 0
1699097241.8329582 2.338379898071289 -0.15 -0.04 0
1699097241.8948345 2.335899534225464 -0.15 -0.04 0
1699097241.9571097 2.3334334564208983 -0.15 -0.04 0
1699097242.0185466 2.3309318351745603 -0.15 -0.04 0
1699097242.0804732 2.3284794425964352 -0.15 -0.04 0
1699097242.1407082 2.326004180908203 -0.15 -0.04 0
1699097242.2029119 2.323597269058227 -0.15 -0.04 0
1699097242.2650023 2.3210929203033444 -0.15 -0.04 0
1699097242.328523 2.3186251831054685 -0.15 -0.04 0
1699097242.3909512 2.316076202392578 -0.15 -0.04 0
1699097242.4535112 2.313576307296753 -0.15 -0.04 0
1699097242.5181212 2.311084938049316 -0.15 -0.04 0
1699097242.5799649 2.308490991592407 -0.15 -0.04 0
1699097242.6465876 2.3059376049041744 -0.15 -0.04 0
1699097242.7060142 2.303363189697265 -0.15 -0.04 0
1699097242.7685719 2.3009849452972406 -0.15 -0.04 0
1699097242.831819 2.298470449447631 -0.15 -0.04 0
1699097242.8921928 2.295953283309936 -0.15 -0.04 0
1699097242.9581447 2.293531312942504 -0.15 -0.04 0
1699097243.0188448 2.2909004402160638 -0.15 -0.04 0
1699097243.0805013 2.2884691905975334 -0.15 -0.04 0
1699097243.1429257 2.2859819221496576 -0.15 -0.04 0
1699097243.2037222 2.2834972667694085 -0.15 -0.04 0
1699097243.2684424 2.2810788822174066 -0.15 -0.04 0
1699097243.3311188 2.2784677505493156 -0.15 -0.04 0
1699097243.391743 2.2759832763671866 -0.15 -0.04 0
1699097243.4534495 2.27355746269226 -0.15 -0.04 0
1699097243.5148132 2.271068878173827 -0.15 -0.04 0
1699097243.5767593 2.2686279010772696 -0.15 -0.04 0
1699097243.643701 2.266146392822265 -0.15 -0.04 0
1699097243.7076883 2.2634768772125238 -0.15 -0.04 0
1699097243.771136 2.260920448303222 -0.15 -0.04 0
1699097243.8337388 2.258380794525146 -0.15 -0.04 0
1699097243.8963609 2.255874166488647 -0.15 -0.04 0
1699097243.957108 2.2533660030364984 -0.15 -0.04 0
1699097244.0189366 2.2509368515014643 -0.15 -0.04 0
1699097244.0803635 2.2484655189514156 -0.15 -0.04 0
1699097244.143719 2.2459987640380854 -0.15 -0.04 0
1699097244.207993 2.2434775447845454 -0.15 -0.04 0
1699097244.272907 2.240904235839843 -0.15 -0.04 0
1699097244.3346605 2.2383033180236813 -0.15 -0.04 0
1699097244.3978138 2.2358292579650874 -0.15 -0.04 0
1699097244.460949 2.2333070659637446 -0.15 -0.04 0
1699097244.5246239 2.2307876968383784 -0.15 -0.04 0
1699097244.587764 2.2282267284393305 -0.15 -0.04 0
1699097244.6519158 2.2257169055938713 -0.15 -0.04 0
1699097244.7149308 2.223150854110717 -0.15 -0.04 0
1699097244.7844148 2.2206308364868153 -0.15 -0.04 0
1699097244.8470542 2.217842149734496 -0.15 -0.04 0
1699097244.9108715 2.215345401763915 -0.15 -0.04 0
1699097244.9738758 2.212781505584716 -0.15 -0.04 0
1699097245.039337 2.210270128250121 -0.15 -0.04 0
1699097245.10363 2.2076540088653553 -0.15 -0.04 0
1699097245.1645904 2.2050826168060293 -0.15 -0.04 0
1699097245.2288501 2.2026425552368156 -0.15 -0.04 0
1699097245.2921493 2.200069913864135 -0.15 -0.04 0
1699097245.355042 2.1975362777709955 -0.15 -0.04 0
1699097245.418817 2.195023593902587 -0.15 -0.04 0
1699097245.4811127 2.1924658393859855 -0.15 -0.04 0
1699097245.542474 2.1899692249298086 -0.15 -0.04 0
1699097245.606868 2.1875249004364004 -0.15 -0.04 0
1699097245.6698947 2.1849512672424307 -0.15 -0.04 0
1699097245.7334745 2.182431812286376 -0.15 -0.04 0
1699097245.7971406 2.1798813247680657 -0.15 -0.04 0
1699097245.860833 2.17733769416809 -0.15 -0.04 0
1699097245.9232206 2.174786186218261 -0.15 -0.04 0
1699097245.9868944 2.172290887832641 -0.15 -0.04 0
1699097246.0497973 2.169738864898681 -0.15 -0.04 0
1699097246.1134896 2.167224073410033 -0.15 -0.04 0
1699097246.1858764 2.1642730617523185 -0.15 -0.04 0
1699097246.3049083 2.161791038513183 -0.15 -0.04 0
1699097246.354982 2.1570243644714346 -0.15 -0.04 0
1699097246.4383433 2.1550284004211417 -0.15 -0.04 0
1699097246.4664288 2.151686878204345 -0.15 -0.04 0
1699097246.5075076 2.1505646610260003 -0.15 -0.04 0
1699097246.561562 2.148918924331664 -0.15 -0.04 0
1699097246.64797 2.1465490341186517 -0.15 -0.04 0
1699097246.7274926 2.143306617736816 -0.15 -0.04 0
1699097246.748446 2.1401258945465083 -0.15 -0.04 0
1699097246.7744563 2.1392905616760247 -0.15 -0.04 0
1699097246.804938 2.138248281478881 -0.15 -0.04 0
1699097246.8549545 2.1370306396484366 -0.15 -0.04 0
1699097246.9061763 2.135027723312377 -0.15 -0.04 0
1699097246.9851694 2.1329787826538076 -0.15 -0.04 0
1699097247.048828 2.1298155879974354 -0.15 -0.04 0
1699097247.111088 2.127262353897094 -0.15 -0.04 0
1699097247.1757052 2.12478190422058 -0.15 -0.04 0
1699097247.2403722 2.122199392318725 -0.15 -0.04 0
1699097247.3054466 2.119612445831298 -0.15 -0.04 0
1699097247.3673313 2.1170066165924064 -0.15 -0.04 0
1699097247.4295056 2.1145321273803703 -0.15 -0.04 0
1699097247.491142 2.1120389938354482 -0.15 -0.04 0
1699097247.5535285 2.1095804023742666 -0.15 -0.04 0
1699097247.6163208 2.1070521450042716 -0.15 -0.04 0
1699097247.6782355 2.104565629959106 -0.15 -0.04 0
1699097247.7432628 2.1020942878723137 -0.15 -0.04 0
1699097247.808299 2.0994967365264885 -0.15 -0.04 0
1699097247.8696256 2.0968943500518793 -0.15 -0.04 0
1699097247.9346647 2.0944366168975823 -0.15 -0.04 0
1699097248.0009243 2.0918404674530025 -0.15 -0.04 0
1699097248.0659847 2.089182434082031 -0.15 -0.04 0
1699097248.128566 2.0865856456756586 -0.15 -0.04 0
1699097248.1950655 2.0840816974639886 -0.15 -0.04 0
1699097248.257955 2.081423187255859 -0.15 -0.04 0
1699097248.322422 2.0789085960388176 -0.15 -0.04 0
1699097248.3863473 2.0763289451599114 -0.15 -0.04 0
1699097248.4496143 2.073761491775512 -0.15 -0.04 0
1699097248.5177581 2.0712391757965083 -0.15 -0.04 0
1699097248.5835547 2.0685148620605465 -0.15 -0.04 0
1699097248.6479135 2.065879173278808 -0.15 -0.04 0
1699097248.7149606 2.0633068943023676 -0.15 -0.04 0
1699097248.780842 2.0606237125396722 -0.15 -0.04 0
1699097248.8451097 2.0579896545410152 -0.15 -0.04 0
1699097248.9104207 2.055422439575195 -0.15 -0.04 0
1699097248.9731467 2.052809391021728 -0.15 -0.04 0
1699097249.038549 2.0502877998352047 -0.15 -0.04 0
1699097249.1014667 2.0476729774475095 -0.15 -0.04 0
1699097249.1661274 2.0451650142669675 -0.15 -0.04 0
1699097249.2313287 2.0425823974609374 -0.15 -0.04 0
1699097249.2940936 2.039972505569458 -0.15 -0.04 0
1699097249.357212 2.03746169090271 -0.15 -0.04 0
1699097249.4217448 2.0349234580993656 -0.15 -0.04 0
1699097249.4840622 2.0323544597625736 -0.15 -0.04 0
1699097249.547474 2.029862565994263 -0.15 -0.04 0
1699097249.612173 2.0273250389099124 -0.15 -0.04 0
1699097249.678155 2.0247332096099857 -0.15 -0.04 0
1699097249.7412121 2.0220950698852542 -0.15 -0.04 0
1699097249.8020592 2.0195771789550783 -0.15 -0.04 0
1699097249.8680737 2.0171415615081787 -0.15 -0.04 0
1699097249.9336967 2.0144363021850586 -0.15 -0.04 0
1699097249.99896 2.011874017715454 -0.15 -0.04 0
1699097250.0644462 2.0092694759368896 -0.15 -0.04 0
1699097250.1286917 2.0066424655914306 -0.15 -0.04 0
1699097250.1933675 2.0040705680847166 -0.15 -0.04 0
1699097250.2590752 2.001493682861328 -0.15 -0.04 0
1699097250.3248758 1.9988576316833493 -0.15 -0.04 0
1699097250.389959 1.9962063407897945 -0.15 -0.04 0
1699097250.4553993 1.9936279964447017 -0.15 -0.04 0
1699097250.5207205 1.991007928848266 -0.15 -0.04 0
1699097250.5847437 1.988372020721435 -0.15 -0.04 0
1699097250.6514785 1.9858373260498041 -0.15 -0.04 0
1699097250.714947 1.983158750534057 -0.15 -0.04 0
1699097250.7791317 1.9806302833557123 -0.15 -0.04 0
1699097250.8431628 1.9780606365203852 -0.15 -0.04 0
1699097250.9069571 1.975500802993774 -0.15 -0.04 0
1699097250.9711664 1.9729309177398677 -0.15 -0.04 0
1699097251.0441346 1.9703779888153072 -0.15 -0.04 0
1699097251.1076958 1.9674531745910642 -0.15 -0.04 0
1699097251.1733854 1.9649206256866452 -0.15 -0.04 0
1699097251.3116672 1.9622879505157467 -0.15 -0.04 0
1699097251.3748662 1.956759004592895 -0.15 -0.04 0
1699097251.4409406 1.9542191696166988 -0.15 -0.04 0
1699097251.5046089 1.9515847778320308 -0.15 -0.04 0
1699097251.5697122 1.9490327167510981 -0.15 -0.04 0
1699097251.6334717 1.9464238262176508 -0.15 -0.04 0
1699097251.6988084 1.9438732814788813 -0.15 -0.04 0
1699097251.764459 1.94127025604248 -0.15 -0.04 0
1699097251.8277802 1.9386351966857904 -0.15 -0.04 0
1699097251.8946862 1.9361129760742182 -0.15 -0.04 0
1699097251.9576206 1.9334402561187738 -0.15 -0.04 0
1699097252.0237129 1.9309103107452386 -0.15 -0.04 0
1699097252.086835 1.9282774639129632 -0.15 -0.04 0
1699097252.151184 1.925752983093261 -0.15 -0.04 0
1699097252.2140942 1.9231712150573723 -0.15 -0.04 0
1699097252.2811267 1.9206613922119133 -0.15 -0.04 0
1699097252.3451908 1.9179782581329339 -0.15 -0.04 0
1699097252.408893 1.9153822517395012 -0.15 -0.04 0
1699097252.4731116 1.9128667354583733 -0.15 -0.04 0
1699097252.5376408 1.9102941608428947 -0.15 -0.04 0
1699097252.6006074 1.9077206611633293 -0.15 -0.04 0
1699097252.6638904 1.9051976203918448 -0.15 -0.04 0
1699097252.7280908 1.9026672649383536 -0.15 -0.04 0
1699097252.7913487 1.9001009750366202 -0.15 -0.04 0
1699097252.8543189 1.897573289871215 -0.15 -0.04 0
1699097252.9171193 1.8950502872467032 -0.15 -0.04 0
1699097252.9825408 1.8925308322906484 -0.15 -0.04 0
1699097253.0466378 1.889921350479125 -0.15 -0.04 0
1699097253.110934 1.8873598670959464 -0.15 -0.04 0
1699097253.173729 1.8847876358032218 -0.15 -0.04 0
1699097253.2325087 1.882271728515624 -0.15 -0.04 0
1699097253.2983847 1.8799258136749257 -0.15 -0.04 0
1699097253.366903 1.877252664566039 -0.15 -0.04 0
1699097253.4336581 1.874546709060668 -0.15 -0.04 0
1699097253.498162 1.871868200302123 -0.15 -0.04 0
1699097253.5629714 1.8692885494232168 -0.15 -0.04 0
1699097253.6283038 1.866702527999877 -0.15 -0.04 0
1699097253.6946902 1.864082031249999 -0.15 -0.04 0
1699097253.759704 1.8614341354370108 -0.15 -0.04 0
1699097253.8222387 1.8588395977020253 -0.15 -0.04 0
1699097253.8858826 1.8563342094421376 -0.15 -0.04 0
1699097253.9510498 1.853780994415282 -0.15 -0.04 0
1699097254.01646 1.8511807346343983 -0.15 -0.04 0
1699097254.0812964 1.848562088012694 -0.15 -0.04 0
1699097254.1481516 1.84596221923828 -0.15 -0.04 0
1699097254.2123113 1.8432825756072986 -0.15 -0.04 0
1699097254.2776532 1.8407329845428455 -0.15 -0.04 0
1699097254.340335 1.8381176471710194 -0.15 -0.04 0
1699097254.4046369 1.8356141471862781 -0.15 -0.04 0
1699097254.468088 1.8330333518981923 -0.15 -0.04 0
1699097254.5340748 1.8304924964904774 -0.15 -0.04 0
1699097254.5999684 1.8278540515899646 -0.15 -0.04 0
1699097254.6646023 1.8252286434173572 -0.15 -0.04 0
1699097254.7285411 1.8226242733001699 -0.15 -0.04 0
1699097254.793789 1.8200835132598867 -0.15 -0.04 0
1699097254.8589435 1.817473678588866 -0.15 -0.04 0
1699097254.9211204 1.814869031906127 -0.15 -0.04 0
1699097254.9832897 1.8123826599121085 -0.15 -0.04 0
1699097255.0478535 1.809895591735839 -0.15 -0.04 0
1699097255.111925 1.8073100090026848 -0.15 -0.04 0
1699097255.1756523 1.8047430229187005 -0.15 -0.04 0
1699097255.238705 1.8022003173828118 -0.15 -0.04 0
1699097255.303734 1.7996780776977532 -0.15 -0.04 0
1699097255.3699262 1.797075414657592 -0.15 -0.04 0
1699097255.4349217 1.7944205284118644 -0.15 -0.04 0
1699097255.5002284 1.7918285846710196 -0.15 -0.04 0
1699097255.5643747 1.7892134761810294 -0.15 -0.04 0
1699097255.6357808 1.7866490554809562 -0.15 -0.04 0
1699097255.7002535 1.7837920475006095 -0.15 -0.04 0
1699097255.7635186 1.7812089443206778 -0.15 -0.04 0
1699097255.8290906 1.7786862945556632 -0.15 -0.04 0
1699097255.8914416 1.7760592746734611 -0.15 -0.04 0
1699097255.9532232 1.7735655975341789 -0.15 -0.04 0
1699097256.0188134 1.7710775661468499 -0.15 -0.04 0
1699097256.0821927 1.7684702491760247 -0.15 -0.04 0
1699097256.1479084 1.7659365177154533 -0.15 -0.04 0
1699097256.2132342 1.7633097648620597 -0.15 -0.04 0
1699097256.2758892 1.7606925773620596 -0.15 -0.04 0
1699097256.3392553 1.7581851959228507 -0.15 -0.04 0
1699097256.4000058 1.7556555461883536 -0.15 -0.04 0
1699097256.461851 1.7532211494445793 -0.15 -0.04 0
1699097256.5239697 1.7507075500488274 -0.15 -0.04 0
1699097256.5882125 1.748264617919921 -0.15 -0.04 0
1699097256.652351 1.745688648223876 -0.15 -0.04 0
1699097256.717072 1.7431144237518301 -0.15 -0.04 0
1699097256.7844179 1.7405411911010733 -0.15 -0.04 0
1699097256.85046 1.7378393268585195 -0.15 -0.04 0
1699097256.9116611 1.735209140777587 -0.15 -0.04 0
1699097256.976067 1.732759656906127 -0.15 -0.04 0
1699097257.0422676 1.730181941986083 -0.15 -0.04 0
1699097257.1048708 1.727526388168334 -0.15 -0.04 0
1699097257.1671286 1.7250191974639884 -0.15 -0.04 0
1699097257.2286334 1.7225379371643057 -0.15 -0.04 0
1699097257.2926476 1.7200675964355459 -0.15 -0.04 0
1699097257.3554058 1.7175086212158193 -0.15 -0.04 0
1699097257.4191082 1.7150104808807363 -0.15 -0.04 0
1699097257.481252 1.7124588966369618 -0.15 -0.04 0
1699097257.5468323 1.7099731063842762 -0.15 -0.04 0
1699097257.6096194 1.7073530292510974 -0.15 -0.04 0
1699097257.6722374 1.7048403739929188 -0.15 -0.04 0
1699097257.7369347 1.7023093318939198 -0.15 -0.04 0
1699097257.8023136 1.6997412395477283 -0.15 -0.04 0
1699097257.864143 1.6971309471130358 -0.15 -0.04 0
1699097257.9340863 1.694593353271483 -0.15 -0.04 0
1699097257.9986866 1.6918449306488024 -0.15 -0.04 0
1699097258.0624201 1.6892762279510485 -0.15 -0.04 0
1699097258.1257417 1.6867267036437974 -0.15 -0.04 0
1699097258.1880958 1.6841904449462877 -0.15 -0.04 0
1699097258.246422 1.6816963100433335 -0.15 -0.04 0
1699097258.310819 1.6793619060516343 -0.15 -0.04 0
1699097258.371888 1.6767905044555649 -0.15 -0.04 0
1699097258.4348433 1.6743509006500228 -0.15 -0.04 0
1699097258.498412 1.671830797195433 -0.15 -0.04 0
1699097258.5615907 1.6692896270751936 -0.15 -0.04 0
1699097258.6257322 1.6667405033111555 -0.15 -0.04 0
1699097258.6891956 1.6641943550109846 -0.15 -0.04 0
1699097258.751403 1.661656131744383 -0.15 -0.04 0
1699097258.8126245 1.6591686248779278 -0.15 -0.04 0
1699097258.8774123 1.6567179107665997 -0.15 -0.04 0
1699097258.940709 1.6541187763214094 -0.15 -0.04 0
1699097259.0032976 1.6515983867645245 -0.15 -0.04 0
1699097259.0763185 1.6490440273284894 -0.15 -0.04 0
1699097259.1419086 1.6461513614654524 -0.15 -0.04 0
1699097259.208279 1.6435484218597396 -0.15 -0.04 0
1699097259.270794 1.6408884811401352 -0.15 -0.04 0
1699097259.336355 1.6383914661407455 -0.15 -0.04 0
1699097259.4001102 1.6357688331603988 -0.15 -0.04 0
1699097259.4635487 1.6332191085815413 -0.15 -0.04 0
1699097259.52695 1.6306828498840316 -0.15 -0.04 0
1699097259.5925531 1.6281452560424787 -0.15 -0.04 0
1699097259.654315 1.6255253124237043 -0.15 -0.04 0
1699097259.719175 1.6230266475677473 -0.15 -0.04 0
1699097259.7841392 1.620448217391966 -0.15 -0.04 0
1699097259.8473432 1.6178569030761702 -0.15 -0.04 0
1699097259.912117 1.6153311824798569 -0.15 -0.04 0
1699097259.9765968 1.6127267932891831 -0.15 -0.04 0
1699097260.0401733 1.6101555252075181 -0.15 -0.04 0
1699097260.1023462 1.6076158523559556 -0.15 -0.04 0
1699097260.1693144 1.6051058387756334 -0.15 -0.04 0
