1699097608.2830658 3.5 -0.15 -0.04 0
1699097608.4296663 3.499742069244385 -0.15 -0.04 0
1699097608.4900296 3.4938933277130126 -0.15 -0.04 0
1699097608.5502317 3.4914781951904295 -0.15 -0.04 0
1699097608.6118085 3.489067974090576 -0.15 -0.04 0
1699097608.67803 3.4866033363342286 -0.15 -0.04 0
1699097608.7410831 3.483958377838135 -0.15 -0.04 0
1699097608.8015153 3.4814367961883548 -0.15 -0.04 0
1699097608.866304 3.4790174674987795 -0.15 -0.04 0
1699097608.932411 3.4764261436462403 -0.15 -0.04 0
1699097608.9966197 3.4737833595275878 -0.15 -0.04 0
1699097609.0617442 3.4712110805511474 -0.15 -0.04 0
1699097609.1241686 3.4685956478118896 -0.15 -0.04 0
1699097609.1860232 3.466112060546875 -0.15 -0.04 0
1699097609.2480805 3.463635663986206 -0.15 -0.04 0
1699097609.310167 3.4611558723449707 -0.15 -0.04 0
1699097609.3732383 3.458673372268677 -0.15 -0.04 0
1699097609.4355476 3.4561471939086914 -0.15 -0.04 0
1699097609.4988966 3.453656635284424 -0.15 -0.04 0
1699097609.6269665 3.451120443344116 -0.15 -0.04 0
1699097609.6896164 3.4459933567047116 -0.15 -0.04 0
1699097609.7515547 3.4434956550598144 -0.15 -0.04 0
1699097609.813369 3.441016864776611 -0.15 -0.04 0
1699097609.874398 3.438543558120727 -0.15 -0.04 0
1699097609.9358563 3.436102142333984 -0.15 -0.04 0
1699097609.9977124 3.433642930984497 -0.15 -0.04 0
1699097610.0566103 3.4311650085449217 -0.15 -0.04 0
1699097610.1183739 3.4288104438781737 -0.15 -0.04 0
1699097610.1823192 3.426340751647949 -0.15 -0.04 0
1699097610.2438815 3.4237856864929195 -0.15 -0.04 0
1699097610.3058305 3.421323204040527 -0.15 -0.04 0
1699097610.3683553 3.4188430690765377 -0.15 -0.04 0
1699097610.4270494 3.4163440990447995 -0.15 -0.04 0
1699097610.4888794 3.4139940166473384 -0.15 -0.04 0
1699097610.5617087 3.4115221500396724 -0.15 -0.04 0
1699097610.6240296 3.408610591888427 -0.15 -0.04 0
1699097610.6871727 3.4061180400848383 -0.15 -0.04 0
1699097610.7498689 3.403591346740722 -0.15 -0.04 0
1699097610.812948 3.4010823631286615 -0.15 -0.04 0
1699097610.8748085 3.3985617446899408 -0.15 -0.04 0
1699097610.9351861 3.3960814094543452 -0.15 -0.04 0
1699097610.9961634 3.393668003082275 -0.15 -0.04 0
1699097611.0572004 3.391231298446655 -0.15 -0.04 0
1699097611.1196747 3.3887795257568354 -0.15 -0.04 0
1699097611.179509 3.3862926101684563 -0.15 -0.04 0
1699097611.2402368 3.383897457122802 -0.15 -0.04 0
1699097611.3004153 3.3814660549163813 -0.15 -0.04 0
1699097611.36221 3.379052762985229 -0.15 -0.04 0
1699097611.4256272 3.3765883636474605 -0.15 -0.04 0
1699097611.4873614 3.3740527248382564 -0.15 -0.04 0
1699097611.550748 3.371585140228271 -0.15 -0.04 0
1699097611.612301 3.369049005508422 -0.15 -0.04 0
1699097611.6754434 3.3665851211547846 -0.15 -0.04 0
1699097611.7354736 3.364060201644897 -0.15 -0.04 0
1699097611.8080525 3.3616476440429683 -0.15 -0.04 0
1699097611.8726296 3.3587574863433836 -0.15 -0.04 0
1699097611.9375763 3.356172933578491 -0.15 -0.04 0
1699097612.001324 3.353576030731201 -0.15 -0.04 0
1699097612.0642142 3.3510224437713623 -0.15 -0.04 0
1699097612.128082 3.3484984970092775 -0.15 -0.04 0
1699097612.1918163 3.3459547233581546 -0.15 -0.04 0
1699097612.2551425 3.343403253555298 -0.15 -0.04 0
1699097612.3161883 3.340872888565064 -0.15 -0.04 0
1699097612.3799055 3.3384301662445073 -0.15 -0.04 0
1699097612.4416163 3.3358810520172124 -0.15 -0.04 0
1699097612.5051963 3.333414916992188 -0.15 -0.04 0
1699097612.5685406 3.3308699035644533 -0.15 -0.04 0
1699097612.6296043 3.3283364868164065 -0.15 -0.04 0
1699097612.6903217 3.3258940219879154 -0.15 -0.04 0
1699097612.754635 3.3234547615051273 -0.15 -0.04 0
1699097612.816503 3.32088942527771 -0.15 -0.04 0
1699097612.8824482 3.318406820297241 -0.15 -0.04 0
1699097612.9539285 3.3157762718200683 -0.15 -0.04 0
1699097613.0181599 3.3129233264923097 -0.15 -0.04 0
1699097613.0820408 3.3103439140319826 -0.15 -0.04 0
1699097613.1446612 3.3077954959869387 -0.15 -0.04 0
1699097613.2059517 3.305288848876953 -0.15 -0.04 0
1699097613.2690089 3.302840690612793 -0.15 -0.04 0
1699097613.329834 3.3003189945220948 -0.15 -0.04 0
1699097613.3903432 3.297884292602539 -0.15 -0.04 0
1699097613.4509778 3.2954634857177734 -0.15 -0.04 0
1699097613.514467 3.293038740158081 -0.15 -0.04 0
1699097613.5753355 3.2904994106292724 -0.15 -0.04 0
1699097613.6343803 3.2880656433105466 -0.15 -0.04 0
1699097613.6977353 3.2856930446624752 -0.15 -0.04 0
1699097613.760895 3.283160066604614 -0.15 -0.04 0
1699097613.8232913 3.280632629394531 -0.15 -0.04 0
1699097613.8864021 3.278147983551025 -0.15 -0.04 0
1699097613.9480827 3.2756212043762205 -0.15 -0.04 0
1699097614.0091543 3.2731529045104977 -0.15 -0.04 0
1699097614.0713756 3.2707063388824458 -0.15 -0.04 0
1699097614.1323915 3.2682231616973874 -0.15 -0.04 0
1699097614.197361 3.2657842826843257 -0.15 -0.04 0
1699097614.2717805 3.263165264129638 -0.15 -0.04 0
1699097614.3335614 3.260191392898559 -0.15 -0.04 0
1699097614.3947186 3.2577365398406974 -0.15 -0.04 0
1699097614.453295 3.25528655052185 -0.15 -0.04 0
1699097614.513417 3.2529450416564933 -0.15 -0.04 0
1699097614.5760012 3.250538549423217 -0.15 -0.04 0
1699097614.6378965 3.2480293846130364 -0.15 -0.04 0
1699097614.7037401 3.2455425453186026 -0.15 -0.04 0
1699097614.7647548 3.242930269241332 -0.15 -0.04 0
1699097614.8295221 3.240486812591552 -0.15 -0.04 0
1699097614.8933296 3.237886543273925 -0.15 -0.04 0
1699097614.9554784 3.2353432178497306 -0.15 -0.04 0
1699097615.0180037 3.232860565185546 -0.15 -0.04 0
1699097615.081175 3.2303583240509024 -0.15 -0.04 0
1699097615.1431308 3.2278330516815177 -0.15 -0.04 0
1699097615.205573 3.225352840423583 -0.15 -0.04 0
1699097615.2681832 3.2228385829925528 -0.15 -0.04 0
1699097615.33538 3.220349807739257 -0.15 -0.04 0
1699097615.3971293 3.217664718627929 -0.15 -0.04 0
1699097615.4614391 3.215193605422973 -0.15 -0.04 0
1699097615.5270228 3.2126189422607414 -0.15 -0.04 0
1699097615.6014054 3.2095489311218253 -0.15 -0.04 0
1699097615.6670403 3.207023916244506 -0.15 -0.04 0
1699097615.730146 3.204397888183593 -0.15 -0.04 0
1699097615.793031 3.2018647193908683 -0.15 -0.04 0
1699097615.8551297 3.1993551158905023 -0.15 -0.04 0
1699097615.9192204 3.1968745994567866 -0.15 -0.04 0
1699097615.9835277 3.1943081092834467 -0.15 -0.04 0
1699097616.04633 3.191737270355224 -0.15 -0.04 0
1699097616.1092818 3.18922396659851 -0.15 -0.04 0
1699097616.1704502 3.1867078590393056 -0.15 -0.04 0
1699097616.2338061 3.1842425537109365 -0.15 -0.04 0
1699097616.2984574 3.181718416213988 -0.15 -0.04 0
1699097616.3600893 3.179137620925902 -0.15 -0.04 0
1699097616.4230278 3.1766693878173817 -0.15 -0.04 0
1699097616.4870167 3.174154739379882 -0.15 -0.04 0
1699097616.5497797 3.1715958976745595 -0.15 -0.04 0
1699097616.6126268 3.169086732864379 -0.15 -0.04 0
1699097616.6772718 3.166572122573852 -0.15 -0.04 0
1699097616.7401252 3.1639831829071037 -0.15 -0.04 0
1699097616.8156223 3.161452798843383 -0.15 -0.04 0
1699097616.9283502 3.158429803848266 -0.15 -0.04 0
1699097616.9784129 3.1539429473876948 -0.15 -0.04 0
1699097617.0283804 3.151938314437866 -0.15 -0.04 0
1699097617.0801969 3.1499426746368404 -0.15 -0.04 0
1699097617.153232 3.1478556728363034 -0.15 -0.04 0
1699097617.1794488 3.144949026107788 -0.15 -0.04 0
1699097617.231932 3.1438871097564696 -0.15 -0.04 0
1699097617.3075287 3.141795892715454 -0.15 -0.04 0
1699097617.3811786 3.138779249191284 -0.15 -0.04 0
1699097617.3981078 3.1358266353607176 -0.15 -0.04 0
1699097617.4285016 3.135155143737793 -0.15 -0.04 0
1699097617.5395682 3.1339340114593504 -0.15 -0.04 0
1699097617.6125607 3.1294947433471676 -0.15 -0.04 0
1699097617.6862981 3.126570892333984 -0.15 -0.04 0
1699097617.7592373 3.1236262226104734 -0.15 -0.04 0
1699097617.8316944 3.1207098102569577 -0.15 -0.04 0
1699097617.9103775 3.1178123188018794 -0.15 -0.04 0
1699097617.983303 3.1146610927581784 -0.15 -0.04 0
1699097618.0534093 3.1117474555969236 -0.15 -0.04 0
1699097618.1264982 3.108938341140747 -0.15 -0.04 0
1699097618.2004914 3.106012201309204 -0.15 -0.04 0
1699097618.273987 3.1030573654174805 -0.15 -0.04 0
1699097618.348171 3.1000966739654543 -0.15 -0.04 0
1699097618.4218104 3.097137212753296 -0.15 -0.04 0
1699097618.4951882 3.094200096130371 -0.15 -0.04 0
1699097618.5690725 3.0912710285186766 -0.15 -0.04 0
1699097618.6442468 3.0883172702789303 -0.15 -0.04 0
1699097618.7307522 3.084944972991943 -0.15 -0.04 0
1699097618.8395095 3.081845464706421 -0.15 -0.04 0
1699097618.9135826 3.077496681213379 -0.15 -0.04 0
1699097618.9866896 3.0745247745513917 -0.15 -0.04 0
1699097619.0628538 3.0716121482849124 -0.15 -0.04 0
1699097619.1398523 3.0685534667968755 -0.15 -0.04 0
1699097619.2123132 3.065484237670899 -0.15 -0.04 0
1699097619.287712 3.0625813198089604 -0.15 -0.04 0
1699097619.3612533 3.0595638561248784 -0.15 -0.04 0
1699097619.433379 3.0566247558593753 -0.15 -0.04 0
1699097619.5046403 3.053742322921753 -0.15 -0.04 0
1699097619.578022 3.0508778858184815 -0.15 -0.04 0
1699097619.6511283 3.0479572868347167 -0.15 -0.04 0
1699097619.7250397 3.045027446746826 -0.15 -0.04 0
1699097619.7982686 3.042074632644653 -0.15 -0.04 0
1699097619.8746583 3.039142951965332 -0.15 -0.04 0
1699097619.959217 3.0356636238098145 -0.15 -0.04 0
1699097620.0685303 3.032711219787598 -0.15 -0.04 0
1699097620.1403496 3.0283354949951176 -0.15 -0.04 0
1699097620.214422 3.0254647350311283 -0.15 -0.04 0
1699097620.2884204 3.0225018119812015 -0.15 -0.04 0
1699097620.364354 3.0195407390594484 -0.15 -0.04 0
1699097620.4385026 3.0165010738372806 -0.15 -0.04 0
1699097620.5137138 3.01353385925293 -0.15 -0.04 0
1699097620.5881872 3.010526514053345 -0.15 -0.04 0
1699097620.6614814 3.0075461769104006 -0.15 -0.04 0
1699097620.7342374 3.004620914459229 -0.15 -0.04 0
1699097620.809713 3.0017072391510013 -0.15 -0.04 0
1699097620.8816926 2.99868748664856 -0.15 -0.04 0
1699097620.957644 2.9958069896698003 -0.15 -0.04 0
1699097621.0317264 2.9927727603912357 -0.15 -0.04 0
1699097621.1053603 2.9898097038269045 -0.15 -0.04 0
1699097621.1792347 2.98685622215271 -0.15 -0.04 0
1699097621.2688012 2.983893051147461 -0.15 -0.04 0
1699097621.3800318 2.9803275775909426 -0.15 -0.04 0
1699097621.4514017 2.9758710098266605 -0.15 -0.04 0
1699097621.5268862 2.9730230045318606 -0.15 -0.04 0
1699097621.5993562 2.9700011920928957 -0.15 -0.04 0
1699097621.6739542 2.967105131149292 -0.15 -0.04 0
1699097621.745882 2.964118061065674 -0.15 -0.04 0
1699097621.8182204 2.96124324798584 -0.15 -0.04 0
1699097621.891486 2.9583478832244876 -0.15 -0.04 0
1699097621.9653823 2.9554201126098634 -0.15 -0.04 0
1699097622.0386572 2.952463665008545 -0.15 -0.04 0
1699097622.113306 2.9495315551757812 -0.15 -0.04 0
1699097622.1853166 2.946543073654175 -0.15 -0.04 0
1699097622.2596605 2.9436577415466307 -0.15 -0.04 0
1699097622.335071 2.9406912326812744 -0.15 -0.04 0
1699097622.4087114 2.93767484664917 -0.15 -0.04 0
1699097622.482209 2.9347215461730958 -0.15 -0.04 0
1699097622.5698655 2.9317533683776857 -0.15 -0.04 0
1699097622.6786542 2.9282680320739747 -0.15 -0.04 0
1699097622.7518077 2.923930063247681 -0.15 -0.04 0
1699097622.826468 2.9210064792633057 -0.15 -0.04 0
1699097622.902169 2.9180108165740966 -0.15 -0.04 0
1699097622.9761112 2.9149894523620605 -0.15 -0.04 0
1699097623.1193664 2.912034578323364 -0.15 -0.04 0
1699097623.1935952 2.90630464553833 -0.15 -0.04 0
1699097623.2680745 2.903333120346069 -0.15 -0.04 0
1699097623.3440702 2.90035530090332 -0.15 -0.04 0
1699097623.4163685 2.897315759658813 -0.15 -0.04 0
1699097623.491129 2.894418048858642 -0.15 -0.04 0
1699097623.5660613 2.8914274787902827 -0.15 -0.04 0
1699097623.638701 2.8884380912780756 -0.15 -0.04 0
1699097623.712726 2.8855282974243157 -0.15 -0.04 0
1699097623.793208 2.8821992683410635 -0.15 -0.04 0
1699097623.8659825 2.8793462848663323 -0.15 -0.04 0
1699097623.938325 2.876439609527587 -0.15 -0.04 0
1699097624.0074625 2.873545207977294 -0.15 -0.04 0
1699097624.080072 2.8707785987853995 -0.15 -0.04 0
1699097624.1528 2.8678751468658437 -0.15 -0.04 0
1699097624.223108 2.8649662685394275 -0.15 -0.04 0
1699097624.2941153 2.8621553516387928 -0.15 -0.04 0
1699097624.3667033 2.8593123149871813 -0.15 -0.04 0
1699097624.4382915 2.8564095115661607 -0.15 -0.04 0
1699097624.5097115 2.8535424137115464 -0.15 -0.04 0
1699097624.5831714 2.850686988830565 -0.15 -0.04 0
1699097624.6539752 2.8477510070800767 -0.15 -0.04 0
1699097624.725836 2.844914751052855 -0.15 -0.04 0
1699097624.7959754 2.842045621871947 -0.15 -0.04 0
1699097624.868999 2.839230670928954 -0.15 -0.04 0
1699097624.9508715 2.8362789249420155 -0.15 -0.04 0
1699097625.0217881 2.8330228996276845 -0.15 -0.04 0
1699097625.0958662 2.8302080726623524 -0.15 -0.04 0
1699097625.1620038 2.8272435569763172 -0.15 -0.04 0
1699097625.235281 2.8245940685272206 -0.15 -0.04 0
1699097625.3065917 2.8216681289672843 -0.15 -0.04 0
1699097625.376529 2.818814811706542 -0.15 -0.04 0
1699097625.4463475 2.8160072803497305 -0.15 -0.04 0
1699097625.5203056 2.8132227993011463 -0.15 -0.04 0
1699097625.5891137 2.8102663230895986 -0.15 -0.04 0
1699097625.6608481 2.8075108432769764 -0.15 -0.04 0
1699097625.731547 2.804644079208373 -0.15 -0.04 0
1699097625.8050823 2.801817684173583 -0.15 -0.04 0
1699097625.87632 2.7988754558563222 -0.15 -0.04 0
1699097625.9469929 2.7960202312469473 -0.15 -0.04 0
1699097626.0182827 2.793184671401977 -0.15 -0.04 0
1699097626.0890348 2.7903399562835687 -0.15 -0.04 0
1699097626.1614454 2.787517004013061 -0.15 -0.04 0
1699097626.24792 2.784596977233886 -0.15 -0.04 0
1699097626.3556733 2.781163215637206 -0.15 -0.04 0
1699097626.4200583 2.776852598190307 -0.15 -0.04 0
1699097626.4811687 2.7742759513854973 -0.15 -0.04 0
1699097626.5431943 2.7718257808685296 -0.15 -0.04 0
1699097626.605678 2.7693500804901117 -0.15 -0.04 0
1699097626.6676714 2.766850223541259 -0.15 -0.04 0
1699097626.7288296 2.7643733406066886 -0.15 -0.04 0
1699097626.7893493 2.761915435791015 -0.15 -0.04 0
1699097626.8498995 2.7594996738433832 -0.15 -0.04 0
1699097626.914514 2.7570808315277096 -0.15 -0.04 0
1699097626.9735527 2.754482841491699 -0.15 -0.04 0
1699097627.0360327 2.752131767272949 -0.15 -0.04 0
1699097627.097644 2.749636306762695 -0.15 -0.04 0
1699097627.1591735 2.7471678924560545 -0.15 -0.04 0
1699097627.2225146 2.7447088241577147 -0.15 -0.04 0
1699097627.2817626 2.742177333831787 -0.15 -0.04 0
1699097627.3422527 2.739808254241943 -0.15 -0.04 0
1699097627.401788 2.7373654460906978 -0.15 -0.04 0
1699097627.4673579 2.7350043487548823 -0.15 -0.04 0
1699097627.538836 2.731985597610473 -0.15 -0.04 0
1699097627.6005983 2.7295223903656 -0.15 -0.04 0
1699097627.6622045 2.7270541954040524 -0.15 -0.04 0
1699097627.722743 2.7245914173126216 -0.15 -0.04 0
1699097627.7838154 2.722163333892822 -0.15 -0.04 0
1699097627.8448126 2.719724102020263 -0.15 -0.04 0
1699097627.9061842 2.7172775363922113 -0.15 -0.04 0
1699097627.9671025 2.7148165607452386 -0.15 -0.04 0
1699097628.027237 2.7123905563354485 -0.15 -0.04 0
1699097628.0899246 2.7099897766113274 -0.15 -0.04 0
1699097628.1525729 2.7074814128875726 -0.15 -0.04 0
1699097628.2152038 2.704974708557128 -0.15 -0.04 0
1699097628.2770624 2.7024681091308587 -0.15 -0.04 0
1699097628.3357775 2.699993705749511 -0.15 -0.04 0
1699097628.398034 2.6976455116271967 -0.15 -0.04 0
1699097628.4587076 2.69515320777893 -0.15 -0.04 0
1699097628.5206113 2.69272720336914 -0.15 -0.04 0
1699097628.582398 2.6902561378478995 -0.15 -0.04 0
1699097628.6522708 2.6877841854095452 -0.15 -0.04 0
1699097628.720984 2.6846863842010493 -0.15 -0.04 0
1699097628.7822633 2.682235250473022 -0.15 -0.04 0
1699097628.8437755 2.679789962768554 -0.15 -0.04 0
1699097628.9050536 2.6773256301879877 -0.15 -0.04 0
1699097628.9663959 2.674871749877929 -0.15 -0.04 0
1699097629.027658 2.672422704696655 -0.15 -0.04 0
1699097629.0872426 2.669971027374267 -0.15 -0.04 0
1699097629.149355 2.6675899791717526 -0.15 -0.04 0
1699097629.212364 2.6651033878326413 -0.15 -0.04 0
1699097629.2740695 2.662575693130493 -0.15 -0.04 0
1699097629.3343503 2.6601115894317626 -0.15 -0.04 0
1699097629.396623 2.6576952934265137 -0.15 -0.04 0
1699097629.4605956 2.6552064037322998 -0.15 -0.04 0
1699097629.5232658 2.6526528453826903 -0.15 -0.04 0
1699097629.583232 2.6501473999023437 -0.15 -0.04 0
1699097629.6445584 2.647748699188232 -0.15 -0.04 0
1699097629.7053356 2.645295524597168 -0.15 -0.04 0
1699097629.7669222 2.6428625488281248 -0.15 -0.04 0
1699097629.828557 2.6403920173645017 -0.15 -0.04 0
1699097629.8887982 2.6379316902160643 -0.15 -0.04 0
1699097629.9499795 2.6355191230773927 -0.15 -0.04 0
1699097630.011872 2.633061771392822 -0.15 -0.04 0
1699097630.0735161 2.6306022739410397 -0.15 -0.04 0
1699097630.1382818 2.628129901885986 -0.15 -0.04 0
1699097630.2093408 2.6255450630187984 -0.15 -0.04 0
1699097630.2731504 2.622701053619384 -0.15 -0.04 0
1699097630.3358545 2.6201534175872796 -0.15 -0.04 0
1699097630.4026713 2.6176455211639396 -0.15 -0.04 0
1699097630.4659195 2.6149681854248037 -0.15 -0.04 0
1699097630.5269127 2.6124419689178455 -0.15 -0.04 0
1699097630.5898027 2.609997329711913 -0.15 -0.04 0
1699097630.6544883 2.607488384246825 -0.15 -0.04 0
1699097630.7199373 2.6048941802978502 -0.15 -0.04 0
1699097630.7819853 2.602281217575072 -0.15 -0.04 0
1699097630.8425472 2.599798612594603 -0.15 -0.04 0
1699097630.9040709 2.5973754882812483 -0.15 -0.04 0
1699097630.9642186 2.594916858673094 -0.15 -0.04 0
1699097631.0294044 2.5925100708007793 -0.15 -0.04 0
1699097631.0902946 2.589899911880491 -0.15 -0.04 0
1699097631.154028 2.5874674797058086 -0.15 -0.04 0
1699097631.218073 2.584916639328001 -0.15 -0.04 0
1699097631.2820745 2.58235228538513 -0.15 -0.04 0
1699097631.3451738 2.5797956466674785 -0.15 -0.04 0
1699097631.4097488 2.5772708797454813 -0.15 -0.04 0
1699097631.4856694 2.5746326637268044 -0.15 -0.04 0
1699097631.59709 2.5716495132446267 -0.15 -0.04 0
1699097631.6472127 2.5671949863433814 -0.15 -0.04 0
1699097631.7177684 2.5651894378662083 -0.15 -0.04 0
1699097631.7472498 2.562365283966062 -0.15 -0.04 0
1699097631.821279 2.5611876201629613 -0.15 -0.04 0
1699097631.8532536 2.5582294559478735 -0.15 -0.04 0
1699097631.9036229 2.556793870925901 -0.15 -0.04 0
1699097631.9819653 2.5547719383239724 -0.15 -0.04 0
1699097632.0966563 2.5518008041381814 -0.15 -0.04 0
1699097632.172736 2.547207565307615 -0.15 -0.04 0
1699097632.2495189 2.5441701793670632 -0.15 -0.04 0
1699097632.3260381 2.5410970115661597 -0.15 -0.04 0
1699097632.3997202 2.5380265140533425 -0.15 -0.04 0
1699097632.4734979 2.535088729858396 -0.15 -0.04 0
1699097632.5465512 2.5321336174011204 -0.15 -0.04 0
1699097632.620057 2.5292153167724583 -0.15 -0.04 0
1699097632.6962748 2.526273059844968 -0.15 -0.04 0
1699097632.769251 2.5232235145568818 -0.15 -0.04 0
1699097632.8415167 2.5203018283843965 -0.15 -0.04 0
1699097632.9147408 2.517416343688962 -0.15 -0.04 0
1699097632.9870553 2.514488344192502 -0.15 -0.04 0
1699097633.0605786 2.511595840454099 -0.15 -0.04 0
1699097633.1378698 2.508656969070432 -0.15 -0.04 0
1699097633.2088428 2.5055554199218726 -0.15 -0.04 0
1699097633.285804 2.5027207756042458 -0.15 -0.04 0
1699097633.3689067 2.499251537322996 -0.15 -0.04 0
1699097633.481099 2.496321163177488 -0.15 -0.04 0
1699097633.5560932 2.491827592849729 -0.15 -0.04 0
1699097633.6291535 2.488830347061155 -0.15 -0.04 0
1699097633.7037373 2.48591276168823 -0.15 -0.04 0
1699097633.7781851 2.4829287433624243 -0.15 -0.04 0
1699097633.8501601 2.479950561523435 -0.15 -0.04 0
1699097633.9249942 2.4770715904235816 -0.15 -0.04 0
1699097633.9960375 2.4740728759765602 -0.15 -0.04 0
1699097634.0697408 2.471236019134519 -0.15 -0.04 0
1699097634.14505 2.468283815383909 -0.15 -0.04 0
1699097634.2172174 2.465277366638181 -0.15 -0.04 0
1699097634.2883978 2.4623859119415257 -0.15 -0.04 0
1699097634.3644004 2.4595435333251925 -0.15 -0.04 0
1699097634.4363294 2.4565032958984347 -0.15 -0.04 0
1699097634.5109057 2.453621282577512 -0.15 -0.04 0
1699097634.587344 2.450640497207639 -0.15 -0.04 0
1699097634.6719618 2.447585449218747 -0.15 -0.04 0
1699097634.7854757 2.444197292327878 -0.15 -0.04 0
1699097634.858939 2.439659614562985 -0.15 -0.04 0
1699097634.932991 2.436719751358029 -0.15 -0.04 0
1699097635.0068965 2.4337518978118866 -0.15 -0.04 0
1699097635.081554 2.4308028602600067 -0.15 -0.04 0
1699097635.1622612 2.427813959121701 -0.15 -0.04 0
1699097635.233542 2.424589214324948 -0.15 -0.04 0
1699097635.3080847 2.421733360290524 -0.15 -0.04 0
1699097635.3812528 2.4187533760070767 -0.15 -0.04 0
1699097635.4555538 2.415824403762814 -0.15 -0.04 0
1699097635.530891 2.4128534030914275 -0.15 -0.04 0
1699097635.6050687 2.409832830429074 -0.15 -0.04 0
1699097635.6789665 2.406875047683713 -0.15 -0.04 0
1699097635.7555454 2.4039170551300018 -0.15 -0.04 0
1699097635.8280082 2.400855093002316 -0.15 -0.04 0
1699097635.9134007 2.397930755615231 -0.15 -0.04 0
1699097636.0257645 2.394542026519772 -0.15 -0.04 0
1699097636.0967088 2.390044355392453 -0.15 -0.04 0
1699097636.1688058 2.3872095680236782 -0.15 -0.04 0
1699097636.2395163 2.3843271446227994 -0.15 -0.04 0
1699097636.3105354 2.3814985370635955 -0.15 -0.04 0
1699097636.383599 2.378653564453122 -0.15 -0.04 0
1699097636.454765 2.3757336044311494 -0.15 -0.04 0
1699097636.5254126 2.3728864097595186 -0.15 -0.04 0
1699097636.5981367 2.3700590229034395 -0.15 -0.04 0
1699097636.6697364 2.3671549034118624 -0.15 -0.04 0
1699097636.7415047 2.3642868423461887 -0.15 -0.04 0
1699097636.813572 2.3614178943634005 -0.15 -0.04 0
1699097636.885692 2.3585340213775607 -0.15 -0.04 0
1699097636.956784 2.3556487941741917 -0.15 -0.04 0
1699097637.0292854 2.35280406951904 -0.15 -0.04 0
1699097637.1029575 2.3499073982238743 -0.15 -0.04 0
1699097637.1772132 2.346957979202268 -0.15 -0.04 0
1699097637.2492228 2.3439872741699195 -0.15 -0.04 0
1699097637.3313348 2.34109023094177 -0.15 -0.04 0
1699097637.445714 2.3378042793273903 -0.15 -0.04 0
1699097637.5166712 2.3332482814788795 -0.15 -0.04 0
1699097637.589171 2.330410985946653 -0.15 -0.04 0
1699097637.6569424 2.3275082015991186 -0.15 -0.04 0
1699097637.729996 2.3247992610931374 -0.15 -0.04 0
1699097637.8022192 2.321876592636106 -0.15 -0.04 0
1699097637.8748016 2.318988523483274 -0.15 -0.04 0
1699097637.947236 2.3160827445983863 -0.15 -0.04 0
1699097638.0172923 2.31318908691406 -0.15 -0.04 0
1699097638.0873206 2.310382280349729 -0.15 -0.04 0
1699097638.1577747 2.3075856304168676 -0.15 -0.04 0
1699097638.2277746 2.3047634315490697 -0.15 -0.04 0
1699097638.2987115 2.3019685840606665 -0.15 -0.04 0
1699097638.371125 2.299113798141477 -0.15 -0.04 0
1699097638.442072 2.2962324237823464 -0.15 -0.04 0
1699097638.524786 2.2933605098724343 -0.15 -0.04 0
1699097638.6294801 2.2900844669342018 -0.15 -0.04 0
1699097638.7040005 2.285897054672239 -0.15 -0.04 0
1699097638.775865 2.282918701171873 -0.15 -0.04 0
1699097638.8479328 2.2800384044647197 -0.15 -0.04 0
1699097638.9201384 2.2771593761444073 -0.15 -0.04 0
1699097638.9939778 2.274264383316038 -0.15 -0.04 0
1699097639.0657923 2.271317377090452 -0.15 -0.04 0
1699097639.1402524 2.2684454917907693 -0.15 -0.04 0
1699097639.2093363 2.265462598800657 -0.15 -0.04 0
1699097639.2849462 2.262703752517698 -0.15 -0.04 0
1699097639.359886 2.2596818637847877 -0.15 -0.04 0
1699097639.431248 2.2566840553283667 -0.15 -0.04 0
1699097639.5011342 2.253822813034055 -0.15 -0.04 0
1699097639.5745544 2.25102693557739 -0.15 -0.04 0
1699097639.6458976 2.2480925083160375 -0.15 -0.04 0
1699097639.7193065 2.245242586135862 -0.15 -0.04 0
1699097639.8053734 2.2423056125640843 -0.15 -0.04 0
1699097639.9121354 2.238864536285398 -0.15 -0.04 0
1699097639.9843037 2.234592494964597 -0.15 -0.04 0
1699097640.0576925 2.231703033447263 -0.15 -0.04 0
1699097640.1306124 2.2287708282470677 -0.15 -0.04 0
1699097640.2023802 2.2258407306671115 -0.15 -0.04 0
1699097640.2745333 2.2229846382141085 -0.15 -0.04 0
1699097640.3490767 2.2200972080230685 -0.15 -0.04 0
1699097640.419996 2.2171135234832735 -0.15 -0.04 0
1699097640.4923184 2.214276351928708 -0.15 -0.04 0
1699097640.5648887 2.211382255554196 -0.15 -0.04 0
1699097640.6365058 2.2084764385223354 -0.15 -0.04 0
1699097640.7083118 2.205619325637814 -0.15 -0.04 0
1699097640.780519 2.2027459430694547 -0.15 -0.04 0
1699097640.8517585 2.1998534202575653 -0.15 -0.04 0
1699097640.9246619 2.1970094203948944 -0.15 -0.04 0
1699097641.00797 2.194092330932614 -0.15 -0.04 0
1699097641.1158707 2.190760450363156 -0.15 -0.04 0
1699097641.1929555 2.186442995071408 -0.15 -0.04 0
1699097641.2673702 2.1833603954315155 -0.15 -0.04 0
1699097641.3413796 2.180384445190427 -0.15 -0.04 0
1699097641.4105213 2.1774238204956027 -0.15 -0.04 0
1699097641.4803607 2.1746576499938937 -0.15 -0.04 0
1699097641.5535736 2.171862897872922 -0.15 -0.04 0
1699097641.627842 2.1689346504211398 -0.15 -0.04 0
1699097641.6973014 2.1659643077850315 -0.15 -0.04 0
1699097641.7696946 2.1631826210021945 -0.15 -0.04 0
1699097641.842202 2.1602864170074434 -0.15 -0.04 0
1699097641.9154387 2.1573907947540256 -0.15 -0.04 0
1699097641.985872 2.154461431503293 -0.15 -0.04 0
1699097642.0598738 2.151645784378049 -0.15 -0.04 0
1699097642.1330178 2.1486850738525365 -0.15 -0.04 0
1699097642.2038827 2.145757513046262 -0.15 -0.04 0
1699097642.2890432 2.14292429924011 -0.15 -0.04 0
1699097642.3967617 2.139515295028684 -0.15 -0.04 0
1699097642.469263 2.135209169387815 -0.15 -0.04 0
1699097642.5402012 2.1323075199127173 -0.15 -0.04 0
1699097642.6127894 2.1294644641876195 -0.15 -0.04 0
1699097642.684062 2.1265655994415256 -0.15 -0.04 0
1699097642.7532227 2.1237165451049775 -0.15 -0.04 0
1699097642.8244958 2.1209486865997285 -0.15 -0.04 0
1699097642.8977609 2.118100175857541 -0.15 -0.04 0
1699097642.9713004 2.1151593494415253 -0.15 -0.04 0
1699097643.0417676 2.1122262096405 -0.15 -0.04 0
1699097643.1204648 2.109404602050778 -0.15 -0.04 0
1699097643.1895885 2.1062599182128876 -0.15 -0.04 0
1699097643.3305368 2.1034875583648653 -0.15 -0.04 0
1699097643.3970768 2.0978493118286106 -0.15 -0.04 0
1699097643.4687636 2.0951898002624483 -0.15 -0.04 0
1699097643.5533547 2.0923262214660614 -0.15 -0.04 0
1699097643.625924 2.0889450168609587 -0.15 -0.04 0
1699097643.7321882 2.086037197113034 -0.15 -0.04 0
1699097643.8057938 2.0817886638641325 -0.15 -0.04 0
1699097643.878631 2.0788475799560513 -0.15 -0.04 0
1699097643.9494913 2.0759344577789274 -0.15 -0.04 0
1699097644.0207806 2.073098173141476 -0.15 -0.04 0
1699097644.0916865 2.0702461147308315 -0.15 -0.04 0
1699097644.1631837 2.0674107742309538 -0.15 -0.04 0
1699097644.2353072 2.064550848007199 -0.15 -0.04 0
1699097644.3076646 2.061665735244748 -0.15 -0.04 0
1699097644.3787 2.0587709236144986 -0.15 -0.04 0
1699097644.4499805 2.0559124946594207 -0.15 -0.04 0
1699097644.51782 2.053067436218259 -0.15 -0.04 0
1699097644.5877779 2.050365619659421 -0.15 -0.04 0
1699097644.6588485 2.0475678253173797 -0.15 -0.04 0
1699097644.731037 2.044715127944943 -0.15 -0.04 0
1699097644.8032007 2.0418382263183563 -0.15 -0.04 0
1699097644.87758 2.0389490699768036 -0.15 -0.04 0
1699097644.962689 2.0356711101531952 -0.15 -0.04 0
1699097645.0748398 2.0325697803497285 -0.15 -0.04 0
1699097645.1472592 2.028084821701047 -0.15 -0.04 0
1699097645.2192185 2.025188579559323 -0.15 -0.04 0
1699097645.2899437 2.022306890487668 -0.15 -0.04 0
1699097645.3614435 2.0194786071777315 -0.15 -0.04 0
1699097645.4333973 2.016617298126218 -0.15 -0.04 0
1699097645.5042107 2.013742418289182 -0.15 -0.04 0
1699097645.578766 2.0109110069274876 -0.15 -0.04 0
1699097645.6504533 2.007925186157224 -0.15 -0.04 0
1699097645.725962 2.0050609779357886 -0.15 -0.04 0
1699097645.80125 2.0020411586761453 -0.15 -0.04 0
1699097645.8768258 1.9990264892578102 -0.15 -0.04 0
1699097645.947754 1.9960063743591285 -0.15 -0.04 0
1699097646.0206356 1.9931684017181373 -0.15 -0.04 0
1699097646.0958192 1.9902490139007545 -0.15 -0.04 0
1699097646.1872716 1.9872475337982154 -0.15 -0.04 0
1699097646.2621572 1.9835448074340796 -0.15 -0.04 0
1699097646.3752134 1.9805723857879614 -0.15 -0.04 0
1699097646.4473672 1.9760694313049292 -0.15 -0.04 0
1699097646.521623 1.9731841087341284 -0.15 -0.04 0
1699097646.5964015 1.9702145957946753 -0.15 -0.04 0
1699097646.6701028 1.967219142913816 -0.15 -0.04 0
1699097646.7466245 1.9642752361297584 -0.15 -0.04 0
1699097646.8179736 1.9612118148803688 -0.15 -0.04 0
1699097646.8913953 1.9583541297912574 -0.15 -0.04 0
1699097646.9667282 1.9554228591918923 -0.15 -0.04 0
1699097647.0409029 1.9524104213714577 -0.15 -0.04 0
1699097647.1126375 1.9494387149810768 -0.15 -0.04 0
1699097647.1871338 1.946564960479734 -0.15 -0.04 0
1699097647.2752936 1.9435745429992652 -0.15 -0.04 0
1699097647.3840833 1.940066585540769 -0.15 -0.04 0
1699097647.456537 1.9357157516479468 -0.15 -0.04 0
1699097647.5336199 1.932814788818357 -0.15 -0.04 0
1699097647.6059635 1.9297346782684304 -0.15 -0.04 0
1699097647.6805215 1.926837749481199 -0.15 -0.04 0
1699097647.751981 1.9238585662841776 -0.15 -0.04 0
1699097647.8260856 1.9209945487976055 -0.15 -0.04 0
1699097647.8972695 1.918034667968748 -0.15 -0.04 0
1699097647.969296 1.9151829910278302 -0.15 -0.04 0
1699097648.0478354 1.9123063850402813 -0.15 -0.04 0
1699097648.1212692 1.9091627979278545 -0.15 -0.04 0
1699097648.1936655 1.9062187576293925 -0.15 -0.04 0
1699097648.2713232 1.9033305644988994 -0.15 -0.04 0
1699097648.3439252 1.9002262783050516 -0.15 -0.04 0
1699097648.4164846 1.8973214054107645 -0.15 -0.04 0
1699097648.485923 1.8944117259979227 -0.15 -0.04 0
1699097648.5594473 1.891639347076414 -0.15 -0.04 0
1699097648.6455576 1.8886727619171122 -0.15 -0.04 0
1699097648.7524743 1.8852392387390116 -0.15 -0.04 0
1699097648.8251762 1.8809803199768045 -0.15 -0.04 0
1699097648.8984275 1.8780704402923563 -0.15 -0.04 0
1699097648.971348 1.8751422214508036 -0.15 -0.04 0
1699097649.0430186 1.872224826812742 -0.15 -0.04 0
1699097649.112208 1.8693527984619118 -0.15 -0.04 0
1699097649.1832335 1.8665912151336648 -0.15 -0.04 0
1699097649.2546139 1.863744955062864 -0.15 -0.04 0
1699097649.3315885 1.8608938884735085 -0.15 -0.04 0
1699097649.4012024 1.857815418243406 -0.15 -0.04 0
1699097649.4724205 1.8550257873535134 -0.15 -0.04 0
1699097649.5447447 1.852176704406736 -0.15 -0.04 0
1699097649.6164265 1.8492891979217507 -0.15 -0.04 0
1699097649.6884096 1.8464190769195534 -0.15 -0.04 0
1699097649.7747333 1.8435391712188698 -0.15 -0.04 0
1699097649.8468647 1.840079660415647 -0.15 -0.04 0
1699097649.954209 1.837197980880735 -0.15 -0.04 0
1699097650.0247164 1.8329065322875955 -0.15 -0.04 0
1699097650.0964093 1.8300873470306376 -0.15 -0.04 0
1699097650.1660614 1.8272213172912577 -0.15 -0.04 0
1699097650.2376537 1.824436092376707 -0.15 -0.04 0
1699097650.3126388 1.821573429107664 -0.15 -0.04 0
1699097650.3851147 1.8185709953308085 -0.15 -0.04 0
1699097650.4576616 1.8156703186035135 -0.15 -0.04 0
1699097650.529706 1.8127511692047098 -0.15 -0.04 0
1699097650.5984123 1.8098890686035136 -0.15 -0.04 0
1699097650.6711292 1.8071398448944072 -0.15 -0.04 0
1699097650.7392998 1.8042330932617168 -0.15 -0.04 0
1699097650.814205 1.8015075302124004 -0.15 -0.04 0
1699097650.8870707 1.798507022857664 -0.15 -0.04 0
1699097650.9577727 1.7955921363830547 -0.15 -0.04 0
1699097651.027344 1.79276036262512 -0.15 -0.04 0
1699097651.1165297 1.7899713230133036 -0.15 -0.04 0
1699097651.2274108 1.786416130065916 -0.15 -0.04 0
1699097651.2985647 1.781981668472288 -0.15 -0.04 0
1699097651.3692217 1.7791361427307109 -0.15 -0.04 0
1699097651.4428327 1.7763094806671123 -0.15 -0.04 0
1699097651.5159712 1.7733624458312969 -0.15 -0.04 0
1699097651.5912893 1.7704383754730204 -0.15 -0.04 0
1699097651.6620204 1.7674278926849345 -0.15 -0.04 0
1699097651.734976 1.7645959949493388 -0.15 -0.04 0
1699097651.8073564 1.7616786289215067 -0.15 -0.04 0
1699097651.879717 1.7587832164764383 -0.15 -0.04 0
1699097651.951609 1.7558915805816628 -0.15 -0.04 0
1699097652.0248284 1.7530149173736551 -0.15 -0.04 0
1699097652.0956874 1.7500847721099833 -0.15 -0.04 0
1699097652.1696773 1.747253074645994 -0.15 -0.04 0
1699097652.2446523 1.7442891788482644 -0.15 -0.04 0
1699097652.3324594 1.740903444290159 -0.15 -0.04 0
1699097652.441225 1.7377791023254372 -0.15 -0.04 0
1699097652.5111225 1.7334264373779273 -0.15 -0.04 0
1699097652.5849946 1.73063106536865 -0.15 -0.04 0
1699097652.6605139 1.7276795482635476 -0.15 -0.04 0
1699097652.7331016 1.7246583461761453 -0.15 -0.04 0
1699097652.806133 1.7217523384094218 -0.15 -0.04 0
1699097652.8782847 1.718826904296873 -0.15 -0.04 0
1699097652.955012 1.7159451580047587 -0.15 -0.04 0
1699097653.026248 1.7128790569305399 -0.15 -0.04 0
1699097653.1009922 1.7100237560272196 -0.15 -0.04 0
1699097653.1722167 1.70703864097595 -0.15 -0.04 0
1699097653.2450361 1.7041911220550514 -0.15 -0.04 0
1699097653.3197749 1.7012612247467018 -0.15 -0.04 0
1699097653.3940234 1.6982888317108131 -0.15 -0.04 0
1699097653.4810054 1.6953021907806374 -0.15 -0.04 0
1699097653.5919387 1.691839256286619 -0.15 -0.04 0
1699097653.6643097 1.6873977184295632 -0.15 -0.04 0
1699097653.7353115 1.6845045948028543 -0.15 -0.04 0
1699097653.8075047 1.681664762496946 -0.15 -0.04 0
1699097653.8795443 1.678777036666868 -0.15 -0.04 0
1699097653.948554 1.6758958339691141 -0.15 -0.04 0
1699097654.0196788 1.6731374073028544 -0.15 -0.04 0
1699097654.08955 1.6702903270721416 -0.15 -0.04 0
1699097654.162083 1.6674913692474347 -0.15 -0.04 0
1699097654.2351818 1.6645936870574933 -0.15 -0.04 0
1699097654.308494 1.661666240692137 -0.15 -0.04 0
1699097654.3784132 1.658736209869383 -0.15 -0.04 0
1699097654.4488254 1.6559371280670148 -0.15 -0.04 0
1699097654.5201187 1.653126258850096 -0.15 -0.04 0
1699097654.5926826 1.6502726554870588 -0.15 -0.04 0
1699097654.6635423 1.6473730659484846 -0.15 -0.04 0
1699097654.7382617 1.6445358753204329 -0.15 -0.04 0
1699097654.8246424 1.6415470600128157 -0.15 -0.04 0
