1699100318.3147457 3.5 -0.15 -0.04 0
1699100318.484571 3.4998554134368898 -0.15 -0.04 0
1699100318.5469348 3.493056869506836 -0.15 -0.04 0
1699100318.6093478 3.4905712604522705 -0.15 -0.04 0
1699100318.6728613 3.4880752086639406 -0.15 -0.04 0
1699100318.7371492 3.4855350399017335 -0.15 -0.04 0
1699100318.7979357 3.482964677810669 -0.15 -0.04 0
1699100318.8637125 3.48053165435791 -0.15 -0.04 0
1699100318.929812 3.4778996562957762 -0.15 -0.04 0
1699100318.9961054 3.4752575397491454 -0.15 -0.04 0
1699100319.0624428 3.472606906890869 -0.15 -0.04 0
1699100319.1269445 3.469950542449951 -0.15 -0.04 0
1699100319.1894302 3.4673693084716795 -0.15 -0.04 0
1699100319.2513137 3.46487340927124 -0.15 -0.04 0
1699100319.3135574 3.4623985576629637 -0.15 -0.04 0
1699100319.3745885 3.4599068641662596 -0.15 -0.04 0
1699100319.4352984 3.457462091445923 -0.15 -0.04 0
1699100319.499242 3.4550376319885254 -0.15 -0.04 0
1699100319.562373 3.452480640411377 -0.15 -0.04 0
1699100319.6937892 3.4499549865722656 -0.15 -0.04 0
1699100319.7574418 3.4446899127960204 -0.15 -0.04 0
1699100319.8216817 3.4421459579467775 -0.15 -0.04 0
1699100319.8851824 3.4395761394500735 -0.15 -0.04 0
1699100319.9491386 3.437040529251099 -0.15 -0.04 0
1699100320.0128713 3.4344794082641608 -0.15 -0.04 0
1699100320.078039 3.43191240310669 -0.15 -0.04 0
1699100320.1418517 3.4293176078796392 -0.15 -0.04 0
1699100320.2079062 3.426767730712891 -0.15 -0.04 0
1699100320.2735004 3.4241321849823003 -0.15 -0.04 0
1699100320.3360817 3.4215075111389166 -0.15 -0.04 0
1699100320.3981512 3.419000501632691 -0.15 -0.04 0
1699100320.46236 3.4165208053588874 -0.15 -0.04 0
1699100320.5256443 3.4139556312561044 -0.15 -0.04 0
1699100320.5893571 3.4114179134368903 -0.15 -0.04 0
1699100320.6537995 3.408873615264893 -0.15 -0.04 0
1699100320.7306857 3.406293563842774 -0.15 -0.04 0
1699100320.7950797 3.4032191467285164 -0.15 -0.04 0
1699100320.8617432 3.400637111663819 -0.15 -0.04 0
1699100320.926801 3.3979798889160167 -0.15 -0.04 0
1699100320.9911814 3.39537341117859 -0.15 -0.04 0
1699100321.0555074 3.392798185348512 -0.15 -0.04 0
1699100321.1214612 3.3902288722991956 -0.15 -0.04 0
1699100321.1839 3.387588739395143 -0.15 -0.04 0
1699100321.2499106 3.3850904083251967 -0.15 -0.04 0
1699100321.3155851 3.382450370788576 -0.15 -0.04 0
1699100321.378964 3.379825286865236 -0.15 -0.04 0
1699100321.4422643 3.377290191650392 -0.15 -0.04 0
1699100321.5071387 3.3747584819793714 -0.15 -0.04 0
1699100321.5700393 3.372160568237306 -0.15 -0.04 0
1699100321.634597 3.369648227691652 -0.15 -0.04 0
1699100321.6986606 3.36706400871277 -0.15 -0.04 0
1699100321.7626758 3.364492044448854 -0.15 -0.04 0
1699100321.8334672 3.3619375514984147 -0.15 -0.04 0
1699100321.9390283 3.3591119766235367 -0.15 -0.04 0
1699100322.0033002 3.3548869991302506 -0.15 -0.04 0
1699100322.0680993 3.352318620681764 -0.15 -0.04 0
1699100322.1319306 3.3497258281707776 -0.15 -0.04 0
1699100322.1928976 3.347168312072755 -0.15 -0.04 0
1699100322.2571454 3.3447283077240004 -0.15 -0.04 0
1699100322.3205385 3.342161073684694 -0.15 -0.04 0
1699100322.3821435 3.339624967575075 -0.15 -0.04 0
1699100322.445878 3.3371594810485856 -0.15 -0.04 0
1699100322.5124042 3.334602966308595 -0.15 -0.04 0
1699100322.5769625 3.3319512462615983 -0.15 -0.04 0
1699100322.6416683 3.3293676853179948 -0.15 -0.04 0
1699100322.7060046 3.3267762851715106 -0.15 -0.04 0
1699100322.7691736 3.3242086696624775 -0.15 -0.04 0
1699100322.8340113 3.321676149368288 -0.15 -0.04 0
1699100322.8967133 3.3190860366821306 -0.15 -0.04 0
1699100322.9604597 3.3165780067443866 -0.15 -0.04 0
1699100323.0230258 3.3140253448486345 -0.15 -0.04 0
1699100323.0869198 3.3115252971649185 -0.15 -0.04 0
1699100323.150264 3.308966331481935 -0.15 -0.04 0
1699100323.2131908 3.3064386177063003 -0.15 -0.04 0
1699100323.2763307 3.303916397094728 -0.15 -0.04 0
1699100323.3401468 3.30138734817505 -0.15 -0.04 0
1699100323.4144542 3.2984937286376965 -0.15 -0.04 0
1699100323.48002 3.2958710098266613 -0.15 -0.04 0
1699100323.543659 3.2932476902008068 -0.15 -0.04 0
1699100323.6075404 3.2907033634185803 -0.15 -0.04 0
1699100323.671869 3.288146505355836 -0.15 -0.04 0
1699100323.7333639 3.285573720932008 -0.15 -0.04 0
1699100323.7987351 3.2831073760986342 -0.15 -0.04 0
1699100323.8678765 3.2804972457885757 -0.15 -0.04 0
1699100323.9303865 3.277735099792482 -0.15 -0.04 0
1699100323.9942267 3.2752342510223404 -0.15 -0.04 0
1699100324.0723586 3.272669591903688 -0.15 -0.04 0
1699100324.1357431 3.2695473098754895 -0.15 -0.04 0
1699100324.2000515 3.267021408081056 -0.15 -0.04 0
1699100324.2633164 3.264440107345582 -0.15 -0.04 0
1699100324.3278432 3.261915798187257 -0.15 -0.04 0
1699100324.394209 3.259335184097291 -0.15 -0.04 0
1699100324.4606183 3.2566705417633064 -0.15 -0.04 0
1699100324.5250854 3.2540233135223398 -0.15 -0.04 0
1699100324.5916545 3.2514350318908702 -0.15 -0.04 0
1699100324.6580896 3.248781423568727 -0.15 -0.04 0
1699100324.7235692 3.2461229038238537 -0.15 -0.04 0
1699100324.787365 3.243504867553712 -0.15 -0.04 0
1699100324.8506212 3.2409551906585707 -0.15 -0.04 0
1699100324.9130418 3.238421010971071 -0.15 -0.04 0
1699100324.9764454 3.235919036865236 -0.15 -0.04 0
1699100325.039067 3.2333899879455585 -0.15 -0.04 0
1699100325.1030493 3.230881595611574 -0.15 -0.04 0
1699100325.1760128 3.228326845169069 -0.15 -0.04 0
1699100325.242394 3.2253966617584244 -0.15 -0.04 0
1699100325.3062935 3.2227514648437516 -0.15 -0.04 0
1699100325.3701367 3.220190277099611 -0.15 -0.04 0
1699100325.4329648 3.217630929946901 -0.15 -0.04 0
1699100325.496959 3.2151307201385513 -0.15 -0.04 0
1699100325.5615706 3.2125666904449477 -0.15 -0.04 0
1699100325.6265512 3.2099836063385023 -0.15 -0.04 0
1699100325.6891491 3.2073864841461197 -0.15 -0.04 0
1699100325.7523658 3.20487313270569 -0.15 -0.04 0
1699100325.8138244 3.202351617813112 -0.15 -0.04 0
1699100325.8769562 3.199893455505373 -0.15 -0.04 0
1699100325.9400847 3.1973661231994646 -0.15 -0.04 0
1699100326.0013168 3.194844284057619 -0.15 -0.04 0
1699100326.0660315 3.192396202087404 -0.15 -0.04 0
1699100326.1291645 3.1898081779479996 -0.15 -0.04 0
1699100326.1917796 3.1872829246521013 -0.15 -0.04 0
1699100326.254412 3.184776105880739 -0.15 -0.04 0
1699100326.3175678 3.182268648147585 -0.15 -0.04 0
1699100326.3787568 3.179743900299074 -0.15 -0.04 0
1699100326.442108 3.1772847175598162 -0.15 -0.04 0
1699100326.5161247 3.174735889434816 -0.15 -0.04 0
1699100326.578739 3.1718041419982925 -0.15 -0.04 0
1699100326.6409264 3.1692950248718277 -0.15 -0.04 0
1699100326.7065203 3.166811017990114 -0.15 -0.04 0
1699100326.7701244 3.164188919067384 -0.15 -0.04 0
1699100326.8343434 3.1616354465484635 -0.15 -0.04 0
1699100326.897899 3.159076061248781 -0.15 -0.04 0
1699100326.9600172 3.1565327358245865 -0.15 -0.04 0
1699100327.0238662 3.1540423679351823 -0.15 -0.04 0
1699100327.0892115 3.1514826869964616 -0.15 -0.04 0
1699100327.1526568 3.1488787651062027 -0.15 -0.04 0
1699100327.2178495 3.146340875625612 -0.15 -0.04 0
1699100327.282033 3.143727874755861 -0.15 -0.04 0
1699100327.3440714 3.1411686325073256 -0.15 -0.04 0
1699100327.4062681 3.138687133789064 -0.15 -0.04 0
1699100327.4694176 3.136196727752687 -0.15 -0.04 0
1699100327.5435297 3.133668594360353 -0.15 -0.04 0
1699100327.6103332 3.1307064342498796 -0.15 -0.04 0
1699100327.6744094 3.128030557632448 -0.15 -0.04 0
1699100327.7380915 3.125469751358034 -0.15 -0.04 0
1699100327.8039877 3.1229074287414567 -0.15 -0.04 0
1699100327.8751912 3.1202689075469987 -0.15 -0.04 0
1699100327.938568 3.1174397087097185 -0.15 -0.04 0
1699100328.001884 3.1148993492126484 -0.15 -0.04 0
1699100328.067742 3.112368516921999 -0.15 -0.04 0
1699100328.1304555 3.109738655090334 -0.15 -0.04 0
1699100328.1959486 3.1072297763824483 -0.15 -0.04 0
1699100328.261981 3.104608268737795 -0.15 -0.04 0
1699100328.324417 3.101961212158205 -0.15 -0.04 0
1699100328.3888624 3.099473295211794 -0.15 -0.04 0
1699100328.4566672 3.0968931007385274 -0.15 -0.04 0
1699100328.5200334 3.0941827964782735 -0.15 -0.04 0
1699100328.5854425 3.0916351795196553 -0.15 -0.04 0
1699100328.6491406 3.0890278720855733 -0.15 -0.04 0
1699100328.7236054 3.08647903442383 -0.15 -0.04 0
1699100328.7904248 3.083503255844118 -0.15 -0.04 0
1699100328.855996 3.0808314418792744 -0.15 -0.04 0
1699100328.9214225 3.078207244873049 -0.15 -0.04 0
1699100328.9959576 3.0755911636352558 -0.15 -0.04 0
1699100329.0744677 3.0725933361053483 -0.15 -0.04 0
1699100329.137612 3.069472255706789 -0.15 -0.04 0
1699100329.2062168 3.0669434165954605 -0.15 -0.04 0
1699100329.2687726 3.0641948699951187 -0.15 -0.04 0
1699100329.3303814 3.0616978168487563 -0.15 -0.04 0
1699100329.3956578 3.059230127334596 -0.15 -0.04 0
1699100329.4596493 3.056619691848756 -0.15 -0.04 0
1699100329.526414 3.0540639877319347 -0.15 -0.04 0
1699100329.5912616 3.0513919353485117 -0.15 -0.04 0
1699100329.6535866 3.0487979793548594 -0.15 -0.04 0
1699100329.716725 3.0463033771514905 -0.15 -0.04 0
1699100329.7812278 3.0437803554534923 -0.15 -0.04 0
1699100329.84326 3.041197786331178 -0.15 -0.04 0
1699100329.9058266 3.0387177658081064 -0.15 -0.04 0
1699100329.9695008 3.0362138748168954 -0.15 -0.04 0
1699100330.0380917 3.033661699295045 -0.15 -0.04 0
1699100330.1012747 3.030920991897584 -0.15 -0.04 0
1699100330.1710536 3.0283961391448986 -0.15 -0.04 0
1699100330.2469282 3.0256077003479014 -0.15 -0.04 0
1699100330.3097641 3.0225689601898202 -0.15 -0.04 0
1699100330.3754127 3.02005771636963 -0.15 -0.04 0
1699100330.4377484 3.017431688308717 -0.15 -0.04 0
1699100330.5002966 3.014940080642701 -0.15 -0.04 0
1699100330.5677726 3.012434091567994 -0.15 -0.04 0
1699100330.6318574 3.0097379970550544 -0.15 -0.04 0
1699100330.6946301 3.0071753406524664 -0.15 -0.04 0
1699100330.7606928 3.0046561050415046 -0.15 -0.04 0
1699100330.823865 3.002017993927003 -0.15 -0.04 0
1699100330.8890193 2.9994923496246346 -0.15 -0.04 0
1699100330.9517944 2.996886215209962 -0.15 -0.04 0
1699100331.0173001 2.9943778133392343 -0.15 -0.04 0
1699100331.0822792 2.9917494297027596 -0.15 -0.04 0
1699100331.1453269 2.989155454635621 -0.15 -0.04 0
1699100331.2097542 2.986630058288575 -0.15 -0.04 0
1699100331.2854855 2.9840587902069102 -0.15 -0.04 0
1699100331.3483505 2.981027650833131 -0.15 -0.04 0
1699100331.4128664 2.9785158061981214 -0.15 -0.04 0
1699100331.4753172 2.975928773880006 -0.15 -0.04 0
1699100331.5387435 2.9734358215332044 -0.15 -0.04 0
1699100331.600827 2.970899648666383 -0.15 -0.04 0
1699100331.6642792 2.9684160232543957 -0.15 -0.04 0
1699100331.7277937 2.965874547958375 -0.15 -0.04 0
1699100331.7904482 2.9633368968963634 -0.15 -0.04 0
1699100331.8527706 2.960830030441285 -0.15 -0.04 0
1699100331.9141977 2.9583363246917735 -0.15 -0.04 0
1699100331.9755461 2.955879545211793 -0.15 -0.04 0
1699100332.0410857 2.9534274101257334 -0.15 -0.04 0
1699100332.1006675 2.9507988357543957 -0.15 -0.04 0
1699100332.1629944 2.9484222221374523 -0.15 -0.04 0
1699100332.227035 2.9459300804138193 -0.15 -0.04 0
1699100332.288387 2.9433645248413094 -0.15 -0.04 0
1699100332.3527179 2.940912628173829 -0.15 -0.04 0
1699100332.4213452 2.938336772918702 -0.15 -0.04 0
1699100332.4937048 2.9355959796905524 -0.15 -0.04 0
1699100332.5575995 2.9327009487152105 -0.15 -0.04 0
1699100332.6910777 2.93014349937439 -0.15 -0.04 0
1699100332.7535713 2.9248028850555423 -0.15 -0.04 0
1699100332.81692 2.9223047542572025 -0.15 -0.04 0
1699100332.8776245 2.919766435623169 -0.15 -0.04 0
1699100332.9387913 2.9173406791687015 -0.15 -0.04 0
1699100333.0012875 2.9148947525024416 -0.15 -0.04 0
1699100333.0666492 2.9123962402343753 -0.15 -0.04 0
1699100333.1280468 2.909782543182373 -0.15 -0.04 0
1699100333.1924891 2.9073269653320315 -0.15 -0.04 0
1699100333.2570314 2.9047490692138673 -0.15 -0.04 0
1699100333.3203163 2.902145576477051 -0.15 -0.04 0
1699100333.3822389 2.8996332836151124 -0.15 -0.04 0
1699100333.4451885 2.8971587371826173 -0.15 -0.04 0
1699100333.5061584 2.8946423625946047 -0.15 -0.04 0
1699100333.5680246 2.892200736999512 -0.15 -0.04 0
1699100333.6322942 2.8897236347198487 -0.15 -0.04 0
1699100333.6945577 2.8871583557128906 -0.15 -0.04 0
1699100333.7581277 2.8846674728393555 -0.15 -0.04 0
1699100333.8218226 2.8821222972869873 -0.15 -0.04 0
1699100333.8936589 2.8795730018615724 -0.15 -0.04 0
1699100333.9587138 2.8766862773895263 -0.15 -0.04 0
1699100334.0218167 2.8740975284576415 -0.15 -0.04 0
1699100334.084759 2.8715708446502686 -0.15 -0.04 0
1699100334.1480093 2.8690570259094237 -0.15 -0.04 0
1699100334.2125356 2.8665288352966307 -0.15 -0.04 0
1699100334.2747376 2.8639387702941894 -0.15 -0.04 0
1699100334.3388946 2.8614516067504883 -0.15 -0.04 0
1699100334.402741 2.858890609741211 -0.15 -0.04 0
1699100334.466328 2.856336832046509 -0.15 -0.04 0
1699100334.53015 2.8537941074371336 -0.15 -0.04 0
1699100334.5987244 2.8512349224090574 -0.15 -0.04 0
1699100334.6616406 2.848498067855835 -0.15 -0.04 0
1699100334.7261317 2.845983715057373 -0.15 -0.04 0
1699100334.7894762 2.843404026031494 -0.15 -0.04 0
1699100334.8532364 2.840870199203491 -0.15 -0.04 0
1699100334.9159887 2.8383216476440425 -0.15 -0.04 0
1699100334.9785256 2.835807476043701 -0.15 -0.04 0
1699100335.0432973 2.8333063507080074 -0.15 -0.04 0
1699100335.114651 2.8307107543945307 -0.15 -0.04 0
1699100335.17794 2.8278402709960933 -0.15 -0.04 0
1699100335.2418299 2.82532751083374 -0.15 -0.04 0
1699100335.3050377 2.822771005630493 -0.15 -0.04 0
1699100335.3690107 2.820241785049438 -0.15 -0.04 0
1699100335.430679 2.8176881122589106 -0.15 -0.04 0
1699100335.4919145 2.8152210712432857 -0.15 -0.04 0
1699100335.5556252 2.81276741027832 -0.15 -0.04 0
1699100335.6186008 2.810224294662475 -0.15 -0.04 0
1699100335.679906 2.807703294754028 -0.15 -0.04 0
1699100335.7456791 2.805248184204101 -0.15 -0.04 0
1699100335.8071637 2.802620000839233 -0.15 -0.04 0
1699100335.8693051 2.800159063339233 -0.15 -0.04 0
1699100335.9322007 2.797669706344604 -0.15 -0.04 0
1699100335.9948776 2.795160226821899 -0.15 -0.04 0
1699100336.057474 2.792651672363281 -0.15 -0.04 0
1699100336.1208901 2.7901497364044183 -0.15 -0.04 0
1699100336.183142 2.78761152267456 -0.15 -0.04 0
1699100336.2460132 2.7851236915588373 -0.15 -0.04 0
1699100336.3173883 2.7825898265838616 -0.15 -0.04 0
1699100336.3822153 2.7796383190155023 -0.15 -0.04 0
1699100336.445244 2.777162246704101 -0.15 -0.04 0
1699100336.5090258 2.7746335601806633 -0.15 -0.04 0
1699100336.570204 2.7720875453948968 -0.15 -0.04 0
1699100336.6311042 2.7696341514587397 -0.15 -0.04 0
1699100336.6932209 2.7672032546997065 -0.15 -0.04 0
1699100336.7555714 2.7647180271148675 -0.15 -0.04 0
1699100336.8173707 2.762222814559936 -0.15 -0.04 0
1699100336.8845448 2.759749794006347 -0.15 -0.04 0
1699100336.9446428 2.7570596694946286 -0.15 -0.04 0
1699100337.0066662 2.754658269882202 -0.15 -0.04 0
1699100337.0709338 2.7521795368194577 -0.15 -0.04 0
1699100337.1324744 2.749611892700195 -0.15 -0.04 0
1699100337.1968148 2.7471518516540523 -0.15 -0.04 0
1699100337.2641768 2.7445711708068843 -0.15 -0.04 0
1699100337.3274844 2.7418816661834713 -0.15 -0.04 0
1699100337.3896155 2.739349927902221 -0.15 -0.04 0
1699100337.4542148 2.736855611801147 -0.15 -0.04 0
1699100337.5267634 2.734257841110229 -0.15 -0.04 0
1699100337.588895 2.7313724803924555 -0.15 -0.04 0
1699100337.6556423 2.7288941192626948 -0.15 -0.04 0
1699100337.7188895 2.7262212848663325 -0.15 -0.04 0
1699100337.7813544 2.723692951202392 -0.15 -0.04 0
1699100337.844572 2.7211931991577143 -0.15 -0.04 0
1699100337.907084 2.7186644554138177 -0.15 -0.04 0
1699100337.9692788 2.7161585807800286 -0.15 -0.04 0
1699100338.0325606 2.7136764240264886 -0.15 -0.04 0
1699100338.0938716 2.7111459445953363 -0.15 -0.04 0
1699100338.1572587 2.7086926364898676 -0.15 -0.04 0
1699100338.2224975 2.7061575412750236 -0.15 -0.04 0
1699100338.2853634 2.703547420501708 -0.15 -0.04 0
1699100338.3478603 2.7010327911376946 -0.15 -0.04 0
1699100338.4121065 2.6985361480712884 -0.15 -0.04 0
1699100338.4726691 2.6959623718261714 -0.15 -0.04 0
1699100338.5361183 2.693539390563964 -0.15 -0.04 0
1699100338.60022 2.6910022640228264 -0.15 -0.04 0
1699100338.6731873 2.6884412574768057 -0.15 -0.04 0
1699100338.7359083 2.6855219554901115 -0.15 -0.04 0
1699100338.7998576 2.683009090423583 -0.15 -0.04 0
1699100338.8614972 2.680456838607787 -0.15 -0.04 0
1699100338.9270873 2.677986764907836 -0.15 -0.04 0
1699100338.98987 2.6753654956817616 -0.15 -0.04 0
1699100339.052586 2.67285111427307 -0.15 -0.04 0
1699100339.1151218 2.6703447914123526 -0.15 -0.04 0
1699100339.1818151 2.6678425598144524 -0.15 -0.04 0
1699100339.2462218 2.6651782226562495 -0.15 -0.04 0
1699100339.317533 2.662318840026855 -0.15 -0.04 0
1699100339.3817236 2.6597434425354 -0.15 -0.04 0
1699100339.4453459 2.657179098129272 -0.15 -0.04 0
1699100339.5095394 2.6546343517303463 -0.15 -0.04 0
1699100339.5724318 2.6520673370361325 -0.15 -0.04 0
1699100339.6358364 2.6495505237579344 -0.15 -0.04 0
1699100339.698791 2.6470152378082275 -0.15 -0.04 0
1699100339.7614794 2.644496421813965 -0.15 -0.04 0
1699100339.825757 2.641986856460571 -0.15 -0.04 0
1699100339.8879669 2.639418497085571 -0.15 -0.04 0
1699100339.9484358 2.6369285297393796 -0.15 -0.04 0
1699100340.011011 2.6345108318328854 -0.15 -0.04 0
1699100340.075125 2.6320040416717525 -0.15 -0.04 0
1699100340.1365085 2.629443731307983 -0.15 -0.04 0
1699100340.201212 2.626988983154296 -0.15 -0.04 0
1699100340.2640483 2.624399690628051 -0.15 -0.04 0
1699100340.3253326 2.6218856525421135 -0.15 -0.04 0
1699100340.388248 2.619433059692382 -0.15 -0.04 0
1699100340.4534662 2.6169171524047843 -0.15 -0.04 0
1699100340.5259836 2.6143065834045403 -0.15 -0.04 0
1699100340.5894847 2.6114083480834953 -0.15 -0.04 0
1699100340.6539044 2.6088663959503164 -0.15 -0.04 0
1699100340.7153914 2.606290216445922 -0.15 -0.04 0
1699100340.7758784 2.603832664489745 -0.15 -0.04 0
1699100340.8388262 2.6014128971099844 -0.15 -0.04 0
1699100340.9006717 2.59889660835266 -0.15 -0.04 0
1699100340.9637022 2.5964166259765613 -0.15 -0.04 0
1699100341.0273259 2.5939003658294664 -0.15 -0.04 0
1699100341.0883203 2.5913571071624744 -0.15 -0.04 0
1699100341.1495583 2.5889163875579824 -0.15 -0.04 0
1699100341.2132127 2.586449728012084 -0.15 -0.04 0
1699100341.2757766 2.58392084121704 -0.15 -0.04 0
1699100341.3383372 2.581417312622069 -0.15 -0.04 0
1699100341.4053683 2.57891369819641 -0.15 -0.04 0
1699100341.46662 2.5762293338775626 -0.15 -0.04 0
1699100341.5248744 2.5737862300872796 -0.15 -0.04 0
1699100341.5894282 2.5714498138427726 -0.15 -0.04 0
1699100341.664004 2.568871250152587 -0.15 -0.04 0
1699100341.728135 2.5658861827850337 -0.15 -0.04 0
1699100341.7907996 2.56332236289978 -0.15 -0.04 0
1699100341.852405 2.560810289382934 -0.15 -0.04 0
1699100341.913588 2.5583505439758296 -0.15 -0.04 0
1699100341.975476 2.5558991527557366 -0.15 -0.04 0
1699100342.0372758 2.5534308242797845 -0.15 -0.04 0
1699100342.1004727 2.5509522056579583 -0.15 -0.04 0
1699100342.164335 2.548427944183349 -0.15 -0.04 0
1699100342.226866 2.5458721828460686 -0.15 -0.04 0
1699100342.2511222 2.543373193740844 -0.15 -0.04 0
1699100342.304591 2.5422787094116206 -0.15 -0.04 0
1699100342.3517506 2.5402613925933832 -0.15 -0.04 0
1699100342.4011743 2.5382889938354487 -0.15 -0.04 0
1699100342.4505327 2.5363971519470208 -0.15 -0.04 0
1699100342.5007882 2.534428873062133 -0.15 -0.04 0
1699100342.550535 2.5324089241027825 -0.15 -0.04 0
1699100342.6005054 2.530422630310058 -0.15 -0.04 0
1699100342.650677 2.528429222106933 -0.15 -0.04 0
1699100342.700525 2.5264071559906 -0.15 -0.04 0
1699100342.7506535 2.524425897598266 -0.15 -0.04 0
1699100342.8006563 2.5224137401580804 -0.15 -0.04 0
1699100342.8506153 2.520424222946166 -0.15 -0.04 0
1699100342.9006157 2.5184221553802484 -0.15 -0.04 0
1699100342.9506576 2.5164249038696282 -0.15 -0.04 0
1699100343.009246 2.514409732818603 -0.15 -0.04 0
1699100343.0506506 2.512079343795776 -0.15 -0.04 0
1699100343.1005495 2.510413675308227 -0.15 -0.04 0
1699100343.1505356 2.5084262084960933 -0.15 -0.04 0
1699100343.2006402 2.5064255332946774 -0.15 -0.04 0
1699100343.2548382 2.5044133567810056 -0.15 -0.04 0
1699100343.3006256 2.5022567272186276 -0.15 -0.04 0
1699100343.354089 2.50041446685791 -0.15 -0.04 0
1699100343.4006133 2.498285408020019 -0.15 -0.04 0
1699100343.4505007 2.4964156150817867 -0.15 -0.04 0
1699100343.5006204 2.4944305610656734 -0.15 -0.04 0
1699100343.5547795 2.492414817810058 -0.15 -0.04 0
1699100343.600636 2.490255737304687 -0.15 -0.04 0
1699100343.6504931 2.4884150981903073 -0.15 -0.04 0
1699100343.700646 2.4864312362670895 -0.15 -0.04 0
1699100343.750543 2.4844142055511473 -0.15 -0.04 0
1699100343.8005867 2.4823748779296873 -0.15 -0.04 0
1699100343.8506572 2.480418472290039 -0.15 -0.04 0
1699100343.9012177 2.47840537071228 -0.15 -0.04 0
1699100343.9506905 2.476402311325073 -0.15 -0.04 0
1699100344.0005665 2.4744118022918697 -0.15 -0.04 0
1699100344.0506222 2.4724278068542476 -0.15 -0.04 0
1699100344.100549 2.470412216186523 -0.15 -0.04 0
1699100344.1506734 2.4684233188629148 -0.15 -0.04 0
1699100344.2059124 2.466412601470947 -0.15 -0.04 0
1699100344.250524 2.4642124557495113 -0.15 -0.04 0
1699100344.3005087 2.46242823600769 -0.15 -0.04 0
1699100344.3506498 2.4604298019409176 -0.15 -0.04 0
1699100344.4091818 2.458414325714111 -0.15 -0.04 0
1699100344.4534178 2.4560822296142577 -0.15 -0.04 0
1699100344.500633 2.454312915802002 -0.15 -0.04 0
1699100344.5505164 2.4524144077301027 -0.15 -0.04 0
1699100344.6006098 2.450430431365967 -0.15 -0.04 0
1699100344.6505425 2.4484156703948976 -0.15 -0.04 0
1699100344.7008011 2.4464274883270267 -0.15 -0.04 0
1699100344.7505095 2.4443927955627447 -0.15 -0.04 0
1699100344.8006337 2.4424294376373297 -0.15 -0.04 0
1699100344.8520494 2.4404225730896 -0.15 -0.04 0
1699100344.9005015 2.4383365345001224 -0.15 -0.04 0
1699100344.9506161 2.4364305591583255 -0.15 -0.04 0
1699100345.0005057 2.4344254016876223 -0.15 -0.04 0
1699100345.0505996 2.432429180145264 -0.15 -0.04 0
1699100345.100682 2.430425529479981 -0.15 -0.04 0
1699100345.1558335 2.4284049701690678 -0.15 -0.04 0
1699100345.2005591 2.4262155532836918 -0.15 -0.04 0
1699100345.2506564 2.4244278907775882 -0.15 -0.04 0
1699100345.3005638 2.4224196624755865 -0.15 -0.04 0
1699100345.3506508 2.420422906875611 -0.15 -0.04 0
1699100345.4039903 2.4184135913848883 -0.15 -0.04 0
1699100345.4506488 2.416283979415894 -0.15 -0.04 0
1699100345.5005078 2.414424562454224 -0.15 -0.04 0
1699100345.5506551 2.4124295043945314 -0.15 -0.04 0
1699100345.6005943 2.410413761138916 -0.15 -0.04 0
1699100345.6505442 2.408419532775879 -0.15 -0.04 0
1699100345.7005365 2.4064202022552488 -0.15 -0.04 0
1699100345.7505333 2.4044284725189207 -0.15 -0.04 0
1699100345.8006153 2.402428464889526 -0.15 -0.04 0
1699100345.8505404 2.4004252052307127 -0.15 -0.04 0
1699100345.9006236 2.3984280204772945 -0.15 -0.04 0
1699100345.950513 2.3964143085479734 -0.15 -0.04 0
1699100346.000738 2.3944305133819577 -0.15 -0.04 0
1699100346.0506155 2.3924193763732906 -0.15 -0.04 0
1699100346.100582 2.3904137516021726 -0.15 -0.04 0
1699100346.1506708 2.3884129619598387 -0.15 -0.04 0
1699100346.2006397 2.3864233779907225 -0.15 -0.04 0
1699100346.2506652 2.384424304962158 -0.15 -0.04 0
1699100346.3039649 2.3824087810516352 -0.15 -0.04 0
1699100346.3506637 2.380286617279052 -0.15 -0.04 0
1699100346.4077663 2.3784129142761223 -0.15 -0.04 0
1699100346.450533 2.376139526367187 -0.15 -0.04 0
1699100346.5005367 2.374426527023315 -0.15 -0.04 0
1699100346.5506625 2.372428541183471 -0.15 -0.04 0
1699100346.6089485 2.3704131698608393 -0.15 -0.04 0
1699100346.650618 2.368089704513549 -0.15 -0.04 0
1699100346.700634 2.366425828933715 -0.15 -0.04 0
1699100346.7598214 2.3644123172760003 -0.15 -0.04 0
1699100346.8006632 2.362054471969604 -0.15 -0.04 0
1699100346.8507874 2.3604234790801994 -0.15 -0.04 0
1699100346.9018836 2.3584006118774408 -0.15 -0.04 0
1699100346.9507384 2.356371717453002 -0.15 -0.04 0
1699100347.0006807 2.3544192123413077 -0.15 -0.04 0
1699100347.0561728 2.3523921680450433 -0.15 -0.04 0
1699100347.100649 2.350201978683471 -0.15 -0.04 0
1699100347.150501 2.348413009643554 -0.15 -0.04 0
1699100347.200504 2.3464305019378653 -0.15 -0.04 0
1699100347.2506635 2.344430141448974 -0.15 -0.04 0
1699100347.3005104 2.3424126052856438 -0.15 -0.04 0
1699100347.3506598 2.3404271602630606 -0.15 -0.04 0
1699100347.4041605 2.3384128284454335 -0.15 -0.04 0
1699100347.4505293 2.336281452178954 -0.15 -0.04 0
1699100347.5005054 2.334428968429564 -0.15 -0.04 0
1699100347.5506558 2.3324298381805404 -0.15 -0.04 0
1699100347.6082304 2.330413637161253 -0.15 -0.04 0
1699100347.6505406 2.3281194972991925 -0.15 -0.04 0
1699100347.7006261 2.326429023742674 -0.15 -0.04 0
1699100347.750544 2.3244142436981186 -0.15 -0.04 0
1699100347.800535 2.322427930831908 -0.15 -0.04 0
1699100347.8505902 2.3204253101348864 -0.15 -0.04 0
1699100347.9005125 2.318426132202147 -0.15 -0.04 0
1699100347.9506857 2.316429357528685 -0.15 -0.04 0
1699100348.0005136 2.3144120693206776 -0.15 -0.04 0
1699100348.0505927 2.3124290561676015 -0.15 -0.04 0
1699100348.100618 2.310425453186034 -0.15 -0.04 0
1699100348.1563976 2.3084063625335682 -0.15 -0.04 0
1699100348.2005012 2.306192512512206 -0.15 -0.04 0
1699100348.250536 2.3044296836853015 -0.15 -0.04 0
1699100348.3005059 2.3024282932281483 -0.15 -0.04 0
1699100348.3506494 2.300429801940917 -0.15 -0.04 0
1699100348.401211 2.2984136104583732 -0.15 -0.04 0
1699100348.4506295 2.2964013957977287 -0.15 -0.04 0
1699100348.5006375 2.294425153732299 -0.15 -0.04 0
1699100348.5619674 2.2924134159088125 -0.15 -0.04 0
1699100348.6006198 2.28996989250183 -0.15 -0.04 0
1699100348.650639 2.2884148979187002 -0.15 -0.04 0
1699100348.7035882 2.286414871215819 -0.15 -0.04 0
1699100348.7506201 2.284306697845458 -0.15 -0.04 0
1699100348.8005824 2.282425489425658 -0.15 -0.04 0
1699100348.850531 2.2804210376739493 -0.15 -0.04 0
1699100348.900658 2.2784289932250967 -0.15 -0.04 0
1699100348.9553754 2.2764078617095937 -0.15 -0.04 0
1699100349.0014374 2.274235944747924 -0.15 -0.04 0
1699100349.0551155 2.2723298263549796 -0.15 -0.04 0
1699100349.1005068 2.27024408340454 -0.15 -0.04 0
1699100349.150717 2.268429784774779 -0.15 -0.04 0
1699100349.2093604 2.2664098167419424 -0.15 -0.04 0
1699100349.250535 2.2640739059448234 -0.15 -0.04 0
1699100349.3006806 2.2624288082122797 -0.15 -0.04 0
1699100349.3632724 2.2604051780700676 -0.15 -0.04 0
1699100349.4006693 2.2579193115234366 -0.15 -0.04 0
1699100349.4504979 2.2564122486114493 -0.15 -0.04 0
1699100349.5030322 2.2544309902191153 -0.15 -0.04 0
1699100349.550657 2.252328004837035 -0.15 -0.04 0
1699100349.6081755 2.2504135036468496 -0.15 -0.04 0
1699100349.6506977 2.248116636276244 -0.15 -0.04 0
1699100349.700501 2.2464113807678214 -0.15 -0.04 0
1699100349.7506576 2.24442714691162 -0.15 -0.04 0
1699100349.8006318 2.242411823272704 -0.15 -0.04 0
1699100349.8546293 2.2404132270812975 -0.15 -0.04 0
1699100349.9005055 2.2382640743255604 -0.15 -0.04 0
1699100349.9506598 2.2364297199249257 -0.15 -0.04 0
1699100350.009811 2.234412317276 -0.15 -0.04 0
1699100350.050669 2.23205768585205 -0.15 -0.04 0
1699100350.1004963 2.230399560928344 -0.15 -0.04 0
1699100350.1506581 2.2284307861328116 -0.15 -0.04 0
1699100350.2006142 2.226423568725585 -0.15 -0.04 0
1699100350.2505105 2.2244153976440417 -0.15 -0.04 0
1699100350.3005004 2.22242781639099 -0.15 -0.04 0
1699100350.3506827 2.220430164337157 -0.15 -0.04 0
1699100350.400661 2.2184225749969473 -0.15 -0.04 0
1699100350.4590547 2.2164123058319083 -0.15 -0.04 0
1699100350.5005777 2.214088783264159 -0.15 -0.04 0
1699100350.550605 2.2124185466766346 -0.15 -0.04 0
1699100350.6005075 2.2104258441925038 -0.15 -0.04 0
1699100350.6506546 2.2084291648864736 -0.15 -0.04 0
1699100350.7005305 2.2064136695861807 -0.15 -0.04 0
1699100350.750656 2.2044284915924064 -0.15 -0.04 0
1699100350.803462 2.202408943176269 -0.15 -0.04 0
1699100350.8506212 2.2003125095367424 -0.15 -0.04 0
1699100350.9005132 2.198417844772338 -0.15 -0.04 0
1699100350.9511607 2.1964263248443596 -0.15 -0.04 0
1699100351.000628 2.1944019985198966 -0.15 -0.04 0
1699100351.0505147 2.1924143409728996 -0.15 -0.04 0
1699100351.1006334 2.1904285335540763 -0.15 -0.04 0
1699100351.1522853 2.1884110164642325 -0.15 -0.04 0
1699100351.200662 2.186355152130126 -0.15 -0.04 0
1699100351.250525 2.184412784576415 -0.15 -0.04 0
1699100351.300668 2.182429618835448 -0.15 -0.04 0
1699100351.35053 2.1804231166839587 -0.15 -0.04 0
1699100351.400623 2.1784292221069324 -0.15 -0.04 0
1699100351.4585233 2.1764139175415025 -0.15 -0.04 0
1699100351.5006378 2.174109268188475 -0.15 -0.04 0
1699100351.5511491 2.172412900924681 -0.15 -0.04 0
1699100351.6006424 2.170403671264647 -0.15 -0.04 0
1699100351.6506011 2.1684221076965318 -0.15 -0.04 0
1699100351.7006292 2.1664261341094955 -0.15 -0.04 0
1699100351.7694502 2.1644137287139875 -0.15 -0.04 0
1699100351.8006334 2.1616656303405746 -0.15 -0.04 0
1699100351.8506448 2.1604249763488754 -0.15 -0.04 0
1699100351.9006793 2.15841393470764 -0.15 -0.04 0
1699100351.9505506 2.1564219188690172 -0.15 -0.04 0
1699100352.000669 2.1544260883331288 -0.15 -0.04 0
1699100352.0544128 2.1524042892456046 -0.15 -0.04 0
1699100352.100613 2.15026982307434 -0.15 -0.04 0
1699100352.1506805 2.148424768447875 -0.15 -0.04 0
1699100352.2005305 2.14640375137329 -0.15 -0.04 0
1699100352.2506855 2.1444239330291737 -0.15 -0.04 0
1699100352.3006372 2.1424073982238756 -0.15 -0.04 0
1699100352.3506556 2.1404246711730943 -0.15 -0.04 0
1699100352.400624 2.138413801193236 -0.15 -0.04 0
1699100352.4545496 2.1364144897460924 -0.15 -0.04 0
1699100352.5005524 2.1342683887481675 -0.15 -0.04 0
1699100352.5506608 2.1324279117584215 -0.15 -0.04 0
1699100352.6005235 2.130413246154784 -0.15 -0.04 0
1699100352.650574 2.1284297657012927 -0.15 -0.04 0
1699100352.7016308 2.126427316665648 -0.15 -0.04 0
1699100352.7505105 2.1243720340728744 -0.15 -0.04 0
1699100352.8023112 2.122428588867186 -0.15 -0.04 0
1699100352.8506563 2.1203552436828597 -0.15 -0.04 0
1699100352.9005744 2.118423118591307 -0.15 -0.04 0
1699100352.950681 2.1164199733734113 -0.15 -0.04 0
1699100353.0006554 2.1144119834899886 -0.15 -0.04 0
1699100353.0506074 2.1124132728576646 -0.15 -0.04 0
1699100353.1006558 2.11042604446411 -0.15 -0.04 0
1699100353.157822 2.1084134769439684 -0.15 -0.04 0
1699100353.2005033 2.1061361026763903 -0.15 -0.04 0
1699100353.2505546 2.1044239234924302 -0.15 -0.04 0
1699100353.3006258 2.1024262809753402 -0.15 -0.04 0
1699100353.3620791 2.100414142608641 -0.15 -0.04 0
1699100353.4006495 2.0979592323303207 -0.15 -0.04 0
1699100353.452914 2.0964128971099836 -0.15 -0.04 0
1699100353.5005352 2.0943344974517806 -0.15 -0.04 0
