1699101120.6696475 3.5 -0.12 -0.04 0
1699101120.8577785 3.4998508358001708 -0.12 -0.04 0
1699101120.9216673 3.4923381519317624 -0.12 -0.04 0
1699101120.9852808 3.4897824668884274 -0.12 -0.04 0
1699101121.0493402 3.48724042892456 -0.12 -0.04 0
1699101121.112072 3.4846765232086176 -0.12 -0.04 0
1699101121.1753569 3.482168159484863 -0.12 -0.04 0
1699101121.2390492 3.479624872207641 -0.12 -0.04 0
1699101121.3007863 3.477089042663574 -0.12 -0.04 0
1699101121.3634756 3.474619617462158 -0.12 -0.04 0
1699101121.4289427 3.472112531661987 -0.12 -0.04 0
1699101121.4920146 3.4694892692565915 -0.12 -0.04 0
1699101121.5526543 3.466971044540405 -0.12 -0.04 0
1699101121.6153877 3.4645404624938965 -0.12 -0.04 0
1699101121.6774762 3.4620361614227293 -0.12 -0.04 0
1699101121.743034 3.4595526218414303 -0.12 -0.04 0
1699101121.805874 3.456927270889282 -0.12 -0.04 0
1699101121.8690588 3.4544146919250487 -0.12 -0.04 0
1699101121.937803 3.4518839931488037 -0.12 -0.04 0
1699101122.0835583 3.4491388988494873 -0.12 -0.04 0
1699101122.1467257 3.4433082580566405 -0.12 -0.04 0
1699101122.2098944 3.440780897140503 -0.12 -0.04 0
1699101122.2750247 3.4382542419433593 -0.12 -0.04 0
1699101122.338447 3.4356461334228516 -0.12 -0.04 0
1699101122.4020221 3.4331127548217775 -0.12 -0.04 0
1699101122.4640706 3.4305691051483156 -0.12 -0.04 0
1699101122.5261304 3.42808762550354 -0.12 -0.04 0
1699101122.5909762 3.425604305267334 -0.12 -0.04 0
1699101122.6534743 3.4230119037628173 -0.12 -0.04 0
1699101122.7163894 3.4205115985870362 -0.12 -0.04 0
1699101122.7809 3.417992115020752 -0.12 -0.04 0
1699101122.842218 3.4154061698913574 -0.12 -0.04 0
1699101122.9060235 3.41296293258667 -0.12 -0.04 0
1699101122.9682732 3.4104086685180666 -0.12 -0.04 0
1699101123.0308177 3.407919092178345 -0.12 -0.04 0
1699101123.090975 3.405411367416382 -0.12 -0.04 0
1699101123.154808 3.4030101299285893 -0.12 -0.04 0
1699101123.2170312 3.4004538059234624 -0.12 -0.04 0
1699101123.2784345 3.3979656600952155 -0.12 -0.04 0
1699101123.3450608 3.3955128765106206 -0.12 -0.04 0
1699101123.410144 3.3928476810455326 -0.12 -0.04 0
1699101123.4747484 3.390238676071167 -0.12 -0.04 0
1699101123.5418174 3.3876580715179445 -0.12 -0.04 0
1699101123.6153398 3.3846978092193605 -0.12 -0.04 0
1699101123.6803608 3.3819973850250244 -0.12 -0.04 0
1699101123.7446134 3.3794358348846436 -0.12 -0.04 0
1699101123.8083835 3.3768647480010987 -0.12 -0.04 0
1699101123.8712697 3.374311466217041 -0.12 -0.04 0
1699101123.9364204 3.3717990589141844 -0.12 -0.04 0
1699101123.999377 3.3691939544677734 -0.12 -0.04 0
1699101124.0640812 3.3666751194000244 -0.12 -0.04 0
1699101124.1250381 3.3640835094451904 -0.12 -0.04 0
1699101124.1894934 3.3616490364074707 -0.12 -0.04 0
1699101124.2525334 3.359071044921875 -0.12 -0.04 0
1699101124.316769 3.356549768447876 -0.12 -0.04 0
1699101124.38003 3.35397871017456 -0.12 -0.04 0
1699101124.4433913 3.3514475154876706 -0.12 -0.04 0
1699101124.5088272 3.348911380767822 -0.12 -0.04 0
1699101124.5715156 3.3462972545623777 -0.12 -0.04 0
1699101124.6351497 3.3437876701354976 -0.12 -0.04 0
1699101124.6970475 3.341243228912353 -0.12 -0.04 0
1699101124.7610602 3.3387657642364497 -0.12 -0.04 0
1699101124.827863 3.3361954116821284 -0.12 -0.04 0
1699101124.9019222 3.3332584762573236 -0.12 -0.04 0
1699101124.9654348 3.330574035644531 -0.12 -0.04 0
1699101125.030915 3.328023080825805 -0.12 -0.04 0
1699101125.0939448 3.325412216186523 -0.12 -0.04 0
1699101125.157234 3.3228917694091793 -0.12 -0.04 0
1699101125.2196178 3.320356922149658 -0.12 -0.04 0
1699101125.2831135 3.317865362167358 -0.12 -0.04 0
1699101125.3459082 3.315326156616211 -0.12 -0.04 0
1699101125.409876 3.3128092861175538 -0.12 -0.04 0
1699101125.4751494 3.3102527332305907 -0.12 -0.04 0
1699101125.5412006 3.3076385688781738 -0.12 -0.04 0
1699101125.6030777 3.3050000572204588 -0.12 -0.04 0
1699101125.6664135 3.3025247383117673 -0.12 -0.04 0
1699101125.7299054 3.299990367889404 -0.12 -0.04 0
1699101125.794746 3.297449350357055 -0.12 -0.04 0
1699101125.8586905 3.2948565483093257 -0.12 -0.04 0
1699101125.921464 3.2922977638244624 -0.12 -0.04 0
1699101125.9851775 3.2897866630554193 -0.12 -0.04 0
1699101126.0476358 3.2872435855865474 -0.12 -0.04 0
1699101126.1102946 3.284744901657104 -0.12 -0.04 0
1699101126.1714137 3.2822352886199946 -0.12 -0.04 0
1699101126.244665 3.27977123260498 -0.12 -0.04 0
1699101126.309013 3.2768528079986567 -0.12 -0.04 0
1699101126.376715 3.2742899417877194 -0.12 -0.04 0
1699101126.440889 3.271582050323486 -0.12 -0.04 0
1699101126.5028238 3.269009399414062 -0.12 -0.04 0
1699101126.5656478 3.266529808044433 -0.12 -0.04 0
1699101126.6302867 3.2640164661407463 -0.12 -0.04 0
1699101126.69555 3.261438035964965 -0.12 -0.04 0
1699101126.7593737 3.258825931549071 -0.12 -0.04 0
1699101126.822744 3.2562753391265855 -0.12 -0.04 0
1699101126.883982 3.2537390899658187 -0.12 -0.04 0
1699101126.9481752 3.2512886047363265 -0.12 -0.04 0
1699101127.0112557 3.248721666336058 -0.12 -0.04 0
1699101127.0748756 3.2462003517150864 -0.12 -0.04 0
1699101127.1376047 3.2436533355712873 -0.12 -0.04 0
1699101127.2052565 3.241123189926146 -0.12 -0.04 0
1699101127.2701223 3.2384345817565903 -0.12 -0.04 0
1699101127.3340547 3.235840110778807 -0.12 -0.04 0
1699101127.392484 3.2332803153991683 -0.12 -0.04 0
1699101127.4549024 3.2309477424621567 -0.12 -0.04 0
1699101127.5267143 3.228148355484007 -0.12 -0.04 0
1699101127.5911555 3.2255784988403304 -0.12 -0.04 0
1699101127.655881 3.223002395629881 -0.12 -0.04 0
1699101127.7185953 3.220414047241209 -0.12 -0.04 0
1699101127.782652 3.2179054641723615 -0.12 -0.04 0
1699101127.8452916 3.2153444290161115 -0.12 -0.04 0
1699101127.9132247 3.2128390884399396 -0.12 -0.04 0
1699101127.9776976 3.2101138877868634 -0.12 -0.04 0
1699101128.040705 3.2075416946411113 -0.12 -0.04 0
1699101128.1021187 3.2050157833099346 -0.12 -0.04 0
1699101128.166388 3.2025570487976056 -0.12 -0.04 0
1699101128.2340128 3.1999929904937727 -0.12 -0.04 0
1699101128.2980306 3.19728486061096 -0.12 -0.04 0
1699101128.357418 3.1947282028198223 -0.12 -0.04 0
1699101128.4223564 3.1923518657684307 -0.12 -0.04 0
1699101128.4848995 3.1897550010681135 -0.12 -0.04 0
1699101128.5507429 3.1872499370574934 -0.12 -0.04 0
1699101128.6138363 3.184619636535643 -0.12 -0.04 0
1699101128.677072 3.182093896865843 -0.12 -0.04 0
1699101128.7424514 3.1795580196380597 -0.12 -0.04 0
1699101128.808587 3.176951847076414 -0.12 -0.04 0
1699101128.8732429 3.174305191040037 -0.12 -0.04 0
1699101128.9383702 3.17171938896179 -0.12 -0.04 0
1699101129.0015676 3.169113550186155 -0.12 -0.04 0
1699101129.063874 3.1665872955322243 -0.12 -0.04 0
1699101129.128683 3.1640831756591776 -0.12 -0.04 0
1699101129.2067544 3.161463174819944 -0.12 -0.04 0
1699101129.270365 3.158379964828489 -0.12 -0.04 0
1699101129.336929 3.155834856033323 -0.12 -0.04 0
1699101129.4034345 3.153173246383665 -0.12 -0.04 0
1699101129.4696271 3.1505127906799295 -0.12 -0.04 0
1699101129.535778 3.1478565406799297 -0.12 -0.04 0
1699101129.599143 3.1452174758911116 -0.12 -0.04 0
1699101129.6639729 3.1426806259155255 -0.12 -0.04 0
1699101129.7283034 3.140088939666746 -0.12 -0.04 0
1699101129.7919314 3.1375144290924055 -0.12 -0.04 0
1699101129.853139 3.134973011016844 -0.12 -0.04 0
1699101129.9192839 3.132523479461668 -0.12 -0.04 0
1699101129.986921 3.1298790454864482 -0.12 -0.04 0
1699101130.0513468 3.1271715354919416 -0.12 -0.04 0
1699101130.120155 3.124595489501951 -0.12 -0.04 0
1699101130.1846626 3.1218425846099835 -0.12 -0.04 0
1699101130.2492418 3.119263782501219 -0.12 -0.04 0
1699101130.3166492 3.1166805553436263 -0.12 -0.04 0
1699101130.3815477 3.1139839649200423 -0.12 -0.04 0
1699101130.4447126 3.111386508941649 -0.12 -0.04 0
1699101130.5048158 3.108850650787352 -0.12 -0.04 0
1699101130.5714197 3.1064528846740704 -0.12 -0.04 0
1699101130.6364164 3.1037936782836897 -0.12 -0.04 0
1699101130.7109847 3.101190042495726 -0.12 -0.04 0
1699101130.7762332 3.098209667205809 -0.12 -0.04 0
1699101130.8414457 3.0955772781372057 -0.12 -0.04 0
1699101130.9087257 3.0929929828643785 -0.12 -0.04 0
1699101130.9748757 3.0902935218811023 -0.12 -0.04 0
1699101131.0397737 3.087654104232787 -0.12 -0.04 0
1699101131.1049569 3.0850594425201403 -0.12 -0.04 0
1699101131.1690452 3.0824520301818836 -0.12 -0.04 0
1699101131.2340293 3.079880361557006 -0.12 -0.04 0
1699101131.2960098 3.0772835445404043 -0.12 -0.04 0
1699101131.3604949 3.07481026649475 -0.12 -0.04 0
1699101131.428188 3.072226381301879 -0.12 -0.04 0
1699101131.4929905 3.069521751403808 -0.12 -0.04 0
1699101131.558466 3.066930685043334 -0.12 -0.04 0
1699101131.626503 3.064305810928344 -0.12 -0.04 0
1699101131.691971 3.061589441299438 -0.12 -0.04 0
1699101131.7559466 3.0589697456359857 -0.12 -0.04 0
1699101131.821058 3.056406736373901 -0.12 -0.04 0
1699101131.8845236 3.0538028526306147 -0.12 -0.04 0
1699101131.9489849 3.0512626743316646 -0.12 -0.04 0
1699101132.0103893 3.048685426712036 -0.12 -0.04 0
1699101132.076394 3.0462334728240963 -0.12 -0.04 0
1699101132.1442 3.0435915279388426 -0.12 -0.04 0
1699101132.2188408 3.0408787536621094 -0.12 -0.04 0
1699101132.2850337 3.037894115447998 -0.12 -0.04 0
1699101132.349927 3.035250129699707 -0.12 -0.04 0
1699101132.4170218 3.0326539039611817 -0.12 -0.04 0
1699101132.4776804 3.0299672508239746 -0.12 -0.04 0
1699101132.5451846 3.0275390338897705 -0.12 -0.04 0
1699101132.6097958 3.0248387813568116 -0.12 -0.04 0
1699101132.6689503 3.022253818511963 -0.12 -0.04 0
1699101132.7298744 3.019889993667603 -0.12 -0.04 0
1699101132.7960885 3.0174450874328618 -0.12 -0.04 0
1699101132.8605714 3.0148028278350836 -0.12 -0.04 0
1699101132.9247959 3.012225093841553 -0.12 -0.04 0
1699101132.9903698 3.009650325775147 -0.12 -0.04 0
1699101133.054522 3.0070346164703374 -0.12 -0.04 0
1699101133.1196344 3.0044670963287357 -0.12 -0.04 0
1699101133.1839938 3.0018653774261477 -0.12 -0.04 0
1699101133.2432 2.9992869091033936 -0.12 -0.04 0
1699101133.3076797 2.9969192695617677 -0.12 -0.04 0
1699101133.3713508 2.9943426990509034 -0.12 -0.04 0
1699101133.4338512 2.9917974758148196 -0.12 -0.04 0
1699101133.4934506 2.9892938804626468 -0.12 -0.04 0
1699101133.5577247 2.986908769607544 -0.12 -0.04 0
1699101133.6223185 2.9843327236175536 -0.12 -0.04 0
1699101133.6889467 2.981755475997925 -0.12 -0.04 0
1699101133.7616596 2.9790753936767578 -0.12 -0.04 0
1699101133.8740728 2.9761820316314695 -0.12 -0.04 0
1699101133.9241707 2.971679582595825 -0.12 -0.04 0
1699101133.9990566 2.9696831512451167 -0.12 -0.04 0
1699101134.0292337 2.966687498092651 -0.12 -0.04 0
1699101134.0793061 2.965421571731567 -0.12 -0.04 0
1699101134.129235 2.9634095191955563 -0.12 -0.04 0
1699101134.1742473 2.9614030456542966 -0.12 -0.04 0
1699101134.2486537 2.9596807861328123 -0.12 -0.04 0
1699101134.3142037 2.9567035198211666 -0.12 -0.04 0
1699101134.3800442 2.9540791797637937 -0.12 -0.04 0
1699101134.4473014 2.951449279785156 -0.12 -0.04 0
1699101134.516413 2.9487589454650878 -0.12 -0.04 0
1699101134.58274 2.9459932041168213 -0.12 -0.04 0
1699101134.6516323 2.943339729309082 -0.12 -0.04 0
1699101134.716861 2.9405848789215088 -0.12 -0.04 0
1699101134.7820916 2.937960624694824 -0.12 -0.04 0
1699101134.9180677 2.935362901687622 -0.12 -0.04 0
1699101134.983224 2.929925661087036 -0.12 -0.04 0
1699101135.0490143 2.9273136615753175 -0.12 -0.04 0
1699101135.110421 2.924689235687256 -0.12 -0.04 0
1699101135.1747446 2.922226037979126 -0.12 -0.04 0
1699101135.2402194 2.9196419143676757 -0.12 -0.04 0
1699101135.3054109 2.9170339775085448 -0.12 -0.04 0
1699101135.3678691 2.9144336795806884 -0.12 -0.04 0
1699101135.4338195 2.9119335556030275 -0.12 -0.04 0
1699101135.4974535 2.909294538497925 -0.12 -0.04 0
1699101135.561602 2.906751585006714 -0.12 -0.04 0
1699101135.6240118 2.9041854000091556 -0.12 -0.04 0
1699101135.6893477 2.901682643890381 -0.12 -0.04 0
1699101135.7537742 2.8990712833404544 -0.12 -0.04 0
1699101135.818906 2.896487808227539 -0.12 -0.04 0
1699101135.892945 2.8938793563842773 -0.12 -0.04 0
1699101135.9775991 2.89093056678772 -0.12 -0.04 0
1699101135.9929607 2.8875455760955813 -0.12 -0.04 0
1699101136.0430336 2.8869306945800783 -0.12 -0.04 0
1699101136.093015 2.8849277687072754 -0.12 -0.04 0
1699101136.1431353 2.882929801940918 -0.12 -0.04 0
1699101136.2033002 2.8809071826934813 -0.12 -0.04 0
1699101136.2430162 2.8785185050964355 -0.12 -0.04 0
1699101136.2930574 2.876930122375488 -0.12 -0.04 0
1699101136.3448784 2.8749281120300294 -0.12 -0.04 0
1699101136.3999333 2.8728084564208984 -0.12 -0.04 0
1699101136.4430122 2.870650539398193 -0.12 -0.04 0
1699101136.5270422 2.868929805755615 -0.12 -0.04 0
1699101136.543071 2.865568971633911 -0.12 -0.04 0
1699101136.5930297 2.864927453994751 -0.12 -0.04 0
1699101136.6430786 2.8629289531707762 -0.12 -0.04 0
1699101136.6930153 2.8609274387359616 -0.12 -0.04 0
1699101136.7430072 2.858930196762085 -0.12 -0.04 0
1699101136.7931304 2.856930160522461 -0.12 -0.04 0
1699101136.8430533 2.854925374984741 -0.12 -0.04 0
1699101136.8930078 2.852927417755127 -0.12 -0.04 0
1699101136.943115 2.850930290222168 -0.12 -0.04 0
1699101136.9931624 2.84892635345459 -0.12 -0.04 0
1699101137.0431273 2.8469237995147707 -0.12 -0.04 0
1699101137.1518428 2.844916210174561 -0.12 -0.04 0
1699101137.1655624 2.8405716419219975 -0.12 -0.04 0
1699101137.193078 2.8400237751007085 -0.12 -0.04 0
1699101137.24314 2.838921556472779 -0.12 -0.04 0
1699101137.2991564 2.836914539337159 -0.12 -0.04 0
1699101137.3431342 2.8346816158294685 -0.12 -0.04 0
1699101137.396323 2.8329111289978033 -0.12 -0.04 0
1699101137.4431384 2.8307939624786385 -0.12 -0.04 0
1699101137.4930997 2.828914632797242 -0.12 -0.04 0
1699101137.543144 2.8269263839721686 -0.12 -0.04 0
1699101137.6005123 2.8249108314514166 -0.12 -0.04 0
1699101137.649258 2.8226291751861576 -0.12 -0.04 0
1699101137.6931558 2.820397090911866 -0.12 -0.04 0
1699101137.7771623 2.8189247226715093 -0.12 -0.04 0
1699101137.7930894 2.81556342124939 -0.12 -0.04 0
1699101137.8431644 2.814926595687867 -0.12 -0.04 0
1699101137.8930752 2.812923660278321 -0.12 -0.04 0
1699101137.9431415 2.810927114486695 -0.12 -0.04 0
1699101137.9931333 2.8089252376556404 -0.12 -0.04 0
1699101138.048858 2.806914777755738 -0.12 -0.04 0
1699101138.0931365 2.804696016311646 -0.12 -0.04 0
1699101138.143135 2.8029234504699714 -0.12 -0.04 0
1699101138.1931498 2.8009248161315923 -0.12 -0.04 0
1699101138.247962 2.798914308547974 -0.12 -0.04 0
1699101138.293121 2.7967201423645025 -0.12 -0.04 0
1699101138.410017 2.794925212860108 -0.12 -0.04 0
1699101138.483954 2.790250682830811 -0.12 -0.04 0
1699101138.5606225 2.7872933864593508 -0.12 -0.04 0
1699101138.6330588 2.784225435256958 -0.12 -0.04 0
1699101138.7117898 2.7813252925872805 -0.12 -0.04 0
1699101138.7862828 2.7781799030303955 -0.12 -0.04 0
1699101138.8613095 2.775198621749878 -0.12 -0.04 0
1699101138.9376237 2.7721974849700928 -0.12 -0.04 0
1699101139.0140743 2.7691455459594727 -0.12 -0.04 0
1699101139.0893273 2.766087350845337 -0.12 -0.04 0
1699101139.1617696 2.763075895309448 -0.12 -0.04 0
1699101139.233203 2.7601736640930175 -0.12 -0.04 0
1699101139.3070254 2.757319164276123 -0.12 -0.04 0
1699101139.381253 2.7543663024902343 -0.12 -0.04 0
1699101139.4589515 2.751397323608398 -0.12 -0.04 0
1699101139.5350313 2.7482910633087156 -0.12 -0.04 0
1699101139.6096947 2.7452480030059814 -0.12 -0.04 0
1699101139.682379 2.7422617149353026 -0.12 -0.04 0
1699101139.757889 2.739352741241455 -0.12 -0.04 0
1699101139.8272026 2.7363289546966554 -0.12 -0.04 0
1699101139.9016514 2.7335587596893314 -0.12 -0.04 0
1699101139.9707363 2.7305786228179936 -0.12 -0.04 0
1699101140.0487444 2.727812700271607 -0.12 -0.04 0
1699101140.1349325 2.724700202941895 -0.12 -0.04 0
1699101140.2502484 2.7212527084350593 -0.12 -0.04 0
1699101140.3250127 2.7166402626037605 -0.12 -0.04 0
1699101140.4030762 2.713649625778199 -0.12 -0.04 0
1699101140.4791713 2.7105271625518803 -0.12 -0.04 0
1699101140.5528736 2.7074830055236823 -0.12 -0.04 0
1699101140.6267073 2.7045323657989506 -0.12 -0.04 0
1699101140.7009199 2.701577949523926 -0.12 -0.04 0
1699101140.77567 2.69861330986023 -0.12 -0.04 0
1699101140.8463342 2.695619802474976 -0.12 -0.04 0
1699101140.9201686 2.6927956581115726 -0.12 -0.04 0
1699101140.9987671 2.6898416805267336 -0.12 -0.04 0
1699101141.0734472 2.6866947650909427 -0.12 -0.04 0
1699101141.1498766 2.683713054656983 -0.12 -0.04 0
1699101141.2282152 2.6806541633605963 -0.12 -0.04 0
1699101141.3034728 2.677521514892579 -0.12 -0.04 0
1699101141.3928556 2.6744898605346688 -0.12 -0.04 0
1699101141.5044758 2.6709360313415536 -0.12 -0.04 0
1699101141.5785775 2.666467533111573 -0.12 -0.04 0
1699101141.6517425 2.663506565093995 -0.12 -0.04 0
1699101141.7260728 2.6605806732177744 -0.12 -0.04 0
1699101141.800051 2.6576072692871104 -0.12 -0.04 0
1699101141.8747315 2.654645881652833 -0.12 -0.04 0
1699101141.9478815 2.651660556793214 -0.12 -0.04 0
1699101142.0236256 2.648731622695924 -0.12 -0.04 0
1699101142.0980403 2.6457036209106457 -0.12 -0.04 0
1699101142.1713712 2.6427251529693616 -0.12 -0.04 0
1699101142.2467859 2.639795179367067 -0.12 -0.04 0
1699101142.3218336 2.6367781734466567 -0.12 -0.04 0
1699101142.3970456 2.633773794174196 -0.12 -0.04 0
1699101142.4708548 2.630767488479616 -0.12 -0.04 0
1699101142.5468683 2.627815551757814 -0.12 -0.04 0
1699101142.6308084 2.624774894714357 -0.12 -0.04 0
1699101142.707845 2.621205701828005 -0.12 -0.04 0
1699101142.821779 2.618337116241457 -0.12 -0.04 0
1699101142.895671 2.613770637512209 -0.12 -0.04 0
1699101142.968223 2.610822772979738 -0.12 -0.04 0
1699101143.0474007 2.6079210090637224 -0.12 -0.04 0
1699101143.121627 2.604753494262697 -0.12 -0.04 0
1699101143.1982942 2.601778860092165 -0.12 -0.04 0
1699101143.2720516 2.5987118530273454 -0.12 -0.04 0
1699101143.3447866 2.5957649612426774 -0.12 -0.04 0
1699101143.4212239 2.592857170104982 -0.12 -0.04 0
1699101143.4956827 2.5898019599914566 -0.12 -0.04 0
1699101143.5757027 2.5868228530883806 -0.12 -0.04 0
1699101143.651132 2.583622140884401 -0.12 -0.04 0
1699101143.724419 2.5806054782867447 -0.12 -0.04 0
1699101143.7969506 2.5776740360260026 -0.12 -0.04 0
1699101143.868884 2.574771814346315 -0.12 -0.04 0
1699101143.9468338 2.571895074844362 -0.12 -0.04 0
1699101144.031903 2.5687776088714616 -0.12 -0.04 0
1699101144.1462355 2.565372934341432 -0.12 -0.04 0
1699101144.2199426 2.5608007717132586 -0.12 -0.04 0
1699101144.294853 2.5578484725952166 -0.12 -0.04 0
1699101144.3711312 2.554855794906618 -0.12 -0.04 0
1699101144.4469938 2.5518041515350363 -0.12 -0.04 0
1699101144.5223265 2.5487689018249533 -0.12 -0.04 0
1699101144.5972724 2.5457545089721703 -0.12 -0.04 0
1699101144.6732008 2.542757377624514 -0.12 -0.04 0
1699101144.748209 2.5397017955780052 -0.12 -0.04 0
1699101144.8221931 2.5367197418212912 -0.12 -0.04 0
1699101144.89824 2.533758602142336 -0.12 -0.04 0
1699101144.9734168 2.5307174968719504 -0.12 -0.04 0
1699101145.0500102 2.5277083587646505 -0.12 -0.04 0
1699101145.1261644 2.5246494770050067 -0.12 -0.04 0
1699101145.2027001 2.5216030693054217 -0.12 -0.04 0
1699101145.281328 2.518543272018434 -0.12 -0.04 0
1699101145.3741446 2.515364675521852 -0.12 -0.04 0
1699101145.4837596 2.511685571670534 -0.12 -0.04 0
1699101145.559621 2.507299699783327 -0.12 -0.04 0
1699101145.6358643 2.5042637825012224 -0.12 -0.04 0
1699101145.7106907 2.501215591430666 -0.12 -0.04 0
1699101145.7859287 2.498222236633303 -0.12 -0.04 0
1699101145.8620653 2.495211677551272 -0.12 -0.04 0
1699101145.9364862 2.4921669960021995 -0.12 -0.04 0
1699101146.0130947 2.48918824195862 -0.12 -0.04 0
1699101146.0838292 2.486125469207766 -0.12 -0.04 0
1699101146.161351 2.4832968521118186 -0.12 -0.04 0
1699101146.2372046 2.480197086334231 -0.12 -0.04 0
1699101146.3074045 2.4771619892120387 -0.12 -0.04 0
1699101146.3839848 2.474352588653567 -0.12 -0.04 0
1699101146.4613156 2.471286249160769 -0.12 -0.04 0
1699101146.553418 2.4681938457489037 -0.12 -0.04 0
1699101146.6620471 2.464507112503054 -0.12 -0.04 0
1699101146.738328 2.4601645183563257 -0.12 -0.04 0
1699101146.81494 2.4571155357360865 -0.12 -0.04 0
1699101146.890476 2.454049425125125 -0.12 -0.04 0
1699101146.966294 2.4510303401947047 -0.12 -0.04 0
1699101147.0391097 2.447996835708621 -0.12 -0.04 0
1699101147.1159606 2.445079727172854 -0.12 -0.04 0
1699101147.193458 2.442011699676516 -0.12 -0.04 0
1699101147.2699096 2.438906040191653 -0.12 -0.04 0
1699101147.3455312 2.4358521652221703 -0.12 -0.04 0
1699101147.423026 2.4328222846984886 -0.12 -0.04 0
1699101147.5012772 2.4297283744812033 -0.12 -0.04 0
1699101147.5788367 2.426599016189577 -0.12 -0.04 0
1699101147.653333 2.4234885597229026 -0.12 -0.04 0
1699101147.7285204 2.4205155086517354 -0.12 -0.04 0
1699101147.805303 2.4175064945220965 -0.12 -0.04 0
1699101147.8823807 2.4144298362731953 -0.12 -0.04 0
1699101147.9706678 2.4113193321228046 -0.12 -0.04 0
1699101148.086131 2.4078215599060075 -0.12 -0.04 0
1699101148.161024 2.4032028102874774 -0.12 -0.04 0
1699101148.2397573 2.400208988189699 -0.12 -0.04 0
1699101148.3152068 2.3970599365234393 -0.12 -0.04 0
1699101148.3887312 2.394042177200319 -0.12 -0.04 0
1699101148.4663062 2.39109853744507 -0.12 -0.04 0
1699101148.5417323 2.387998056411745 -0.12 -0.04 0
1699101148.619797 2.3849799442291277 -0.12 -0.04 0
1699101148.6946626 2.381856994628908 -0.12 -0.04 0
1699101148.768876 2.378862771987917 -0.12 -0.04 0
1699101148.844072 2.375894441604616 -0.12 -0.04 0
1699101148.917862 2.3728839683532734 -0.12 -0.04 0
1699101148.9905488 2.3699324226379415 -0.12 -0.04 0
1699101149.0627627 2.367026205062868 -0.12 -0.04 0
1699101149.1381006 2.3641320991516133 -0.12 -0.04 0
1699101149.228237 2.3606327152252216 -0.12 -0.04 0
1699101149.34069 2.3575140094757097 -0.12 -0.04 0
1699101149.412617 2.353020515441896 -0.12 -0.04 0
1699101149.489157 2.350141792297365 -0.12 -0.04 0
1699101149.5585487 2.347084169387819 -0.12 -0.04 0
1699101149.6334329 2.3443071079254167 -0.12 -0.04 0
1699101149.7050102 2.3413115406036393 -0.12 -0.04 0
1699101149.7836952 2.3384493064880387 -0.12 -0.04 0
1699101149.8564467 2.3353035831451434 -0.12 -0.04 0
1699101149.9284866 2.332387695312502 -0.12 -0.04 0
1699101150.006304 2.32951014518738 -0.12 -0.04 0
1699101150.0794494 2.3263935661315935 -0.12 -0.04 0
1699101150.1552656 2.3234726047515886 -0.12 -0.04 0
1699101150.2298863 2.3204385089874284 -0.12 -0.04 0
1699101150.3032727 2.3174544239044206 -0.12 -0.04 0
1699101150.3788269 2.3145187664032 -0.12 -0.04 0
1699101150.4558873 2.3114945793151875 -0.12 -0.04 0
1699101150.5430057 2.308387145996096 -0.12 -0.04 0
1699101150.659325 2.304929895401003 -0.12 -0.04 0
1699101150.7329276 2.3002771854400654 -0.12 -0.04 0
1699101150.8095732 2.297332897186281 -0.12 -0.04 0
1699101150.886602 2.294266710281374 -0.12 -0.04 0
1699101150.9597254 2.2911862087249775 -0.12 -0.04 0
1699101151.0345073 2.288253669738771 -0.12 -0.04 0
1699101151.1274252 2.285269870758058 -0.12 -0.04 0
1699101151.201919 2.2815416240692152 -0.12 -0.04 0
1699101151.313327 2.2785737705230726 -0.12 -0.04 0
1699101151.3833132 2.274112758636476 -0.12 -0.04 0
1699101151.4553213 2.271316833496095 -0.12 -0.04 0
1699101151.525967 2.2684374809265146 -0.12 -0.04 0
1699101151.6006827 2.2656106758117684 -0.12 -0.04 0
1699101151.677171 2.2626117515563973 -0.12 -0.04 0
1699101151.7510192 2.2595631980896003 -0.12 -0.04 0
1699101151.8280914 2.2566075801849372 -0.12 -0.04 0
1699101151.9014452 2.2535236930847176 -0.12 -0.04 0
1699101151.9745753 2.2505924892425546 -0.12 -0.04 0
1699101152.0475056 2.2476652526855476 -0.12 -0.04 0
1699101152.1158886 2.2447487354278572 -0.12 -0.04 0
1699101152.1885514 2.2420148563385016 -0.12 -0.04 0
1699101152.2642574 2.239106893539429 -0.12 -0.04 0
1699101152.3399587 2.2360798645019537 -0.12 -0.04 0
1699101152.4136097 2.233050251007081 -0.12 -0.04 0
1699101152.4900672 2.2301057243347175 -0.12 -0.04 0
1699101152.5721476 2.2270216464996344 -0.12 -0.04 0
1699101152.6816025 2.223763856887818 -0.12 -0.04 0
1699101152.753772 2.219376726150513 -0.12 -0.04 0
1699101152.8309715 2.2164993667602544 -0.12 -0.04 0
1699101152.90585 2.2134101104736335 -0.12 -0.04 0
1699101152.9827864 2.210413026809693 -0.12 -0.04 0
1699101153.054197 2.2073370170593267 -0.12 -0.04 0
1699101153.1315508 2.2044822978973393 -0.12 -0.04 0
1699101153.2043624 2.2013868427276617 -0.12 -0.04 0
1699101153.2779896 2.198469915390015 -0.12 -0.04 0
1699101153.3487368 2.1955317687988285 -0.12 -0.04 0
1699101153.425142 2.1926979923248293 -0.12 -0.04 0
1699101153.5011482 2.1896447944641118 -0.12 -0.04 0
1699101153.5748537 2.1866040706634524 -0.12 -0.04 0
1699101153.651291 2.1836564445495608 -0.12 -0.04 0
1699101153.726201 2.1805981636047367 -0.12 -0.04 0
1699101153.821895 2.177592248916626 -0.12 -0.04 0
1699101153.9336839 2.173771963119507 -0.12 -0.04 0
1699101154.008722 2.16930139541626 -0.12 -0.04 0
1699101154.0830157 2.166298446655274 -0.12 -0.04 0
1699101154.1586077 2.163330163955689 -0.12 -0.04 0
1699101154.232534 2.160304746627808 -0.12 -0.04 0
1699101154.3076625 2.157348766326905 -0.12 -0.04 0
1699101154.381285 2.154342889785767 -0.12 -0.04 0
1699101154.454152 2.151396446228028 -0.12 -0.04 0
1699101154.5236638 2.1484809589385994 -0.12 -0.04 0
1699101154.59989 2.145702838897706 -0.12 -0.04 0
1699101154.6739635 2.142654523849488 -0.12 -0.04 0
1699101154.7472928 2.1396900463104256 -0.12 -0.04 0
1699101154.817393 2.1367580699920663 -0.12 -0.04 0
1699101154.8871386 2.1339472198486336 -0.12 -0.04 0
1699101154.9641862 2.131164045333863 -0.12 -0.04 0
1699101155.0516634 2.1280823230743415 -0.12 -0.04 0
1699101155.1616206 2.124584045410157 -0.12 -0.04 0
1699101155.2374198 2.1201850700378424 -0.12 -0.04 0
1699101155.3115315 2.117153244018555 -0.12 -0.04 0
1699101155.386036 2.114188146591187 -0.12 -0.04 0
1699101155.4598904 2.111207599639893 -0.12 -0.04 0
1699101155.5341122 2.108252859115601 -0.12 -0.04 0
1699101155.606647 2.105285558700562 -0.12 -0.04 0
1699101155.6792295 2.102383699417115 -0.12 -0.04 0
1699101155.757459 2.0994797420501716 -0.12 -0.04 0
1699101155.830252 2.0963514328002937 -0.12 -0.04 0
1699101155.904859 2.0934384822845464 -0.12 -0.04 0
1699101155.9730906 2.0904540443420414 -0.12 -0.04 0
1699101156.0456412 2.0877255344390875 -0.12 -0.04 0
1699101156.1201882 2.0848221778869633 -0.12 -0.04 0
1699101156.2035916 2.081842832565308 -0.12 -0.04 0
1699101156.291337 2.078506345748902 -0.12 -0.04 0
1699101156.3710809 2.074989547729493 -0.12 -0.04 0
1699101156.4861488 2.071807298660279 -0.12 -0.04 0
1699101156.5599124 2.067202281951905 -0.12 -0.04 0
1699101156.631119 2.0642530918121342 -0.12 -0.04 0
1699101156.7072313 2.0614037132263188 -0.12 -0.04 0
1699101156.780811 2.0583613204956057 -0.12 -0.04 0
1699101156.8532343 2.055417356491089 -0.12 -0.04 0
1699101156.929025 2.0525146961212157 -0.12 -0.04 0
1699101157.0028212 2.0494877529144286 -0.12 -0.04 0
1699101157.075209 2.0465381240844724 -0.12 -0.04 0
1699101157.144091 2.043641653060913 -0.12 -0.04 0
1699101157.2160697 2.0408835983276368 -0.12 -0.04 0
1699101157.2910733 2.038007907867432 -0.12 -0.04 0
1699101157.364244 2.0350069904327395 -0.12 -0.04 0
1699101157.4385161 2.0320807266235352 -0.12 -0.04 0
1699101157.5116122 2.029104890823364 -0.12 -0.04 0
1699101157.5919573 2.0261801433563233 -0.12 -0.04 0
1699101157.6787047 2.0225298595428467 -0.12 -0.04 0
1699101157.857526 2.0194968700408937 -0.12 -0.04 0
1699101157.9342613 2.012343502044678 -0.12 -0.04 0
1699101158.0103614 2.0092673873901368 -0.12 -0.04 0
1699101158.08295 2.006233243942261 -0.12 -0.04 0
1699101158.1561174 2.0033257579803467 -0.12 -0.04 0
1699101158.230664 2.0004022312164307 -0.12 -0.04 0
1699101158.3055515 1.9974187183380128 -0.12 -0.04 0
1699101158.3817596 1.9944278049468995 -0.12 -0.04 0
1699101158.455689 1.9913764953613282 -0.12 -0.04 0
1699101158.53148 1.9884236717224122 -0.12 -0.04 0
1699101158.607111 1.9853914737701417 -0.12 -0.04 0
1699101158.681428 1.982366075515747 -0.12 -0.04 0
1699101158.7562494 1.9793927669525146 -0.12 -0.04 0
1699101158.833608 1.9763989734649658 -0.12 -0.04 0
1699101158.9080412 1.9733047485351562 -0.12 -0.04 0
1699101158.9858797 1.9703291130065919 -0.12 -0.04 0
1699101159.0733624 1.9667529296875002 -0.12 -0.04 0
1699101159.189418 1.9636936092376711 -0.12 -0.04 0
1699101159.2663133 1.9590516376495364 -0.12 -0.04 0
1699101159.3440843 1.955997819900513 -0.12 -0.04 0
1699101159.420822 1.9528852939605716 -0.12 -0.04 0
1699101159.4947207 1.9498174095153813 -0.12 -0.04 0
1699101159.5701559 1.9468605995178228 -0.12 -0.04 0
1699101159.6464248 1.9438419818878179 -0.12 -0.04 0
1699101159.718482 1.9407920551300053 -0.12 -0.04 0
1699101159.796414 1.937904558181763 -0.12 -0.04 0
1699101159.8717854 1.9347905254364017 -0.12 -0.04 0
1699101159.9432395 1.9317795181274418 -0.12 -0.04 0
1699101160.0221257 1.928919839859009 -0.12 -0.04 0
1699101160.0994792 1.9257647418975832 -0.12 -0.04 0
1699101160.176084 1.9226703548431399 -0.12 -0.04 0
1699101160.249174 1.919600811004639 -0.12 -0.04 0
1699101160.3274024 1.916680374145508 -0.12 -0.04 0
1699101160.4030674 1.9135525131225588 -0.12 -0.04 0
1699101160.4911416 1.910501699447632 -0.12 -0.04 0
1699101160.5996685 1.907000961303711 -0.12 -0.04 0
1699101160.6773162 1.9026631927490236 -0.12 -0.04 0
1699101160.753931 1.8995511054992678 -0.12 -0.04 0
1699101160.8308785 1.8964927768707278 -0.12 -0.04 0
1699101160.9088826 1.8934125804901125 -0.12 -0.04 0
1699101160.9848142 1.8902947807312014 -0.12 -0.04 0
1699101161.0600755 1.8872557830810548 -0.12 -0.04 0
1699101161.1345873 1.884242973327637 -0.12 -0.04 0
1699101161.2089458 1.8812649440765383 -0.12 -0.04 0
1699101161.2864418 1.8782923316955569 -0.12 -0.04 0
1699101161.3622074 1.8751932811737062 -0.12 -0.04 0
1699101161.438132 1.8721605968475343 -0.12 -0.04 0
1699101161.5113578 1.8691248416900637 -0.12 -0.04 0
1699101161.587061 1.8661958599090578 -0.12 -0.04 0
1699101161.661806 1.863167486190796 -0.12 -0.04 0
1699101161.7380588 1.8601768779754642 -0.12 -0.04 0
1699101161.812072 1.8571264457702639 -0.12 -0.04 0
