1699101385.3334036 3.5 -0.12 -0.04 0
1699101385.47874 3.4998528385162353 -0.12 -0.04 0
1699101385.5402215 3.4940533161163327 -0.12 -0.04 0
1699101385.601971 3.491595067977905 -0.12 -0.04 0
1699101385.664204 3.4891235351562497 -0.12 -0.04 0
1699101385.7270715 3.486635704040527 -0.12 -0.04 0
1699101385.7894702 3.4841173744201654 -0.12 -0.04 0
1699101385.8533738 3.481623525619506 -0.12 -0.04 0
1699101385.9171534 3.4790682792663565 -0.12 -0.04 0
1699101385.9824429 3.476517105102538 -0.12 -0.04 0
1699101386.0494666 3.473905487060546 -0.12 -0.04 0
1699101386.1169233 3.471224365234374 -0.12 -0.04 0
1699101386.179933 3.4685258007049553 -0.12 -0.04 0
1699101386.2462416 3.4660054588317863 -0.12 -0.04 0
1699101386.3095734 3.4633527088165277 -0.12 -0.04 0
1699101386.3718393 3.460817966461181 -0.12 -0.04 0
1699101386.4342444 3.4583286380767815 -0.12 -0.04 0
1699101386.494413 3.45583306312561 -0.12 -0.04 0
1699101386.559842 3.453415727615356 -0.12 -0.04 0
1699101386.6951587 3.450806503295898 -0.12 -0.04 0
1699101386.7580862 3.445391941070556 -0.12 -0.04 0
1699101386.8166544 3.4428793144226066 -0.12 -0.04 0
1699101386.8821666 3.4405359649658194 -0.12 -0.04 0
1699101386.9476445 3.437911663055419 -0.12 -0.04 0
1699101387.0110714 3.435294876098632 -0.12 -0.04 0
1699101387.0710557 3.432754878997802 -0.12 -0.04 0
1699101387.134124 3.4303530025482174 -0.12 -0.04 0
1699101387.1977515 3.427836923599243 -0.12 -0.04 0
1699101387.2599504 3.425279903411865 -0.12 -0.04 0
1699101387.3174505 3.422796878814697 -0.12 -0.04 0
1699101387.380927 3.4205039119720455 -0.12 -0.04 0
1699101387.4424982 3.417961635589599 -0.12 -0.04 0
1699101387.503339 3.415498313903808 -0.12 -0.04 0
1699101387.5658696 3.413068294525146 -0.12 -0.04 0
1699101387.6295667 3.410534887313842 -0.12 -0.04 0
1699101387.6932588 3.408019075393676 -0.12 -0.04 0
1699101387.7575479 3.4054703712463374 -0.12 -0.04 0
1699101387.821721 3.4028940486907953 -0.12 -0.04 0
1699101387.899695 3.400330610275268 -0.12 -0.04 0
1699101387.9628086 3.397211322784423 -0.12 -0.04 0
1699101388.0291574 3.394669103622436 -0.12 -0.04 0
1699101388.093769 3.392036113739013 -0.12 -0.04 0
1699101388.1607387 3.3894520378112785 -0.12 -0.04 0
1699101388.2255504 3.3867729568481435 -0.12 -0.04 0
1699101388.2892087 3.3841793251037586 -0.12 -0.04 0
1699101388.3504274 3.381633129119872 -0.12 -0.04 0
1699101388.41624 3.379180917739867 -0.12 -0.04 0
1699101388.480361 3.3765528297424305 -0.12 -0.04 0
1699101388.5437467 3.3739880275726306 -0.12 -0.04 0
1699101388.608425 3.3714521026611317 -0.12 -0.04 0
1699101388.6749918 3.3688642120361316 -0.12 -0.04 0
1699101388.7360413 3.3662008762359608 -0.12 -0.04 0
1699101388.7990644 3.3637606811523426 -0.12 -0.04 0
1699101388.862972 3.361235313415526 -0.12 -0.04 0
1699101388.9243617 3.358680496215819 -0.12 -0.04 0
1699101388.9877408 3.3562237739562977 -0.12 -0.04 0
1699101389.0499938 3.353693904876708 -0.12 -0.04 0
1699101389.1129556 3.3512002658843985 -0.12 -0.04 0
1699101389.1723073 3.348682899475097 -0.12 -0.04 0
1699101389.2433686 3.346307888031005 -0.12 -0.04 0
1699101389.3063588 3.3434656047821036 -0.12 -0.04 0
1699101389.3638306 3.34094253540039 -0.12 -0.04 0
1699101389.4208608 3.3386505889892573 -0.12 -0.04 0
1699101389.4785736 3.336368417739868 -0.12 -0.04 0
1699101389.5345943 3.3340585899353026 -0.12 -0.04 0
1699101389.5923824 3.331813278198242 -0.12 -0.04 0
1699101389.6557276 3.3295073890686036 -0.12 -0.04 0
1699101389.7204657 3.326966428756714 -0.12 -0.04 0
1699101389.7845383 3.324384260177612 -0.12 -0.04 0
1699101389.8440197 3.321818342208862 -0.12 -0.04 0
1699101389.8999152 3.3194386482238767 -0.12 -0.04 0
1699101389.9581752 3.3172003078460692 -0.12 -0.04 0
1699101390.0156546 3.314874563217163 -0.12 -0.04 0
1699101390.0740476 3.3125751399993892 -0.12 -0.04 0
1699101390.1357937 3.3102383708953855 -0.12 -0.04 0
1699101390.2000153 3.307766771316528 -0.12 -0.04 0
1699101390.2654965 3.3051967620849605 -0.12 -0.04 0
1699101390.3297603 3.3025790119171137 -0.12 -0.04 0
1699101390.3906453 3.300008525848388 -0.12 -0.04 0
1699101390.4526978 3.2975761604309075 -0.12 -0.04 0
1699101390.5159523 3.29509105682373 -0.12 -0.04 0
1699101390.578409 3.292563343048095 -0.12 -0.04 0
1699101390.6406105 3.290064792633056 -0.12 -0.04 0
1699101390.7129993 3.2875377273559567 -0.12 -0.04 0
1699101390.7717006 3.284678030014038 -0.12 -0.04 0
1699101390.8297477 3.282333478927612 -0.12 -0.04 0
1699101390.889264 3.2800046253204345 -0.12 -0.04 0
1699101390.953842 3.2776318359375 -0.12 -0.04 0
1699101391.0191603 3.2750484943389893 -0.12 -0.04 0
1699101391.0784612 3.2724349308013916 -0.12 -0.04 0
1699101391.1441686 3.2700581645965574 -0.12 -0.04 0
1699101391.2076974 3.2674340534210202 -0.12 -0.04 0
1699101391.2719703 3.2648936271667477 -0.12 -0.04 0
1699101391.3357995 3.2623214817047117 -0.12 -0.04 0
1699101391.39438 3.259770612716675 -0.12 -0.04 0
1699101391.4581234 3.257424097061157 -0.12 -0.04 0
1699101391.5215657 3.2548742961883543 -0.12 -0.04 0
1699101391.5808954 3.2523334980010983 -0.12 -0.04 0
1699101391.6390743 3.2499545764923092 -0.12 -0.04 0
1699101391.7030344 3.2476391601562495 -0.12 -0.04 0
1699101391.7655234 3.2450758934020993 -0.12 -0.04 0
1699101391.8317719 3.242571868896484 -0.12 -0.04 0
1699101391.8948746 3.239926443099975 -0.12 -0.04 0
1699101391.9599965 3.2374077033996578 -0.12 -0.04 0
1699101392.0246458 3.234801359176635 -0.12 -0.04 0
1699101392.1017063 3.2321902370452875 -0.12 -0.04 0
1699101392.165113 3.2291195297241204 -0.12 -0.04 0
1699101392.2281606 3.226591777801513 -0.12 -0.04 0
1699101392.2903323 3.2240731525421134 -0.12 -0.04 0
1699101392.3571837 3.2215888786315907 -0.12 -0.04 0
1699101392.4151278 3.218915338516234 -0.12 -0.04 0
1699101392.4794855 3.2165978717803942 -0.12 -0.04 0
1699101392.5421174 3.21402356147766 -0.12 -0.04 0
1699101392.6047554 3.2115060329437246 -0.12 -0.04 0
1699101392.6649823 3.209009313583373 -0.12 -0.04 0
1699101392.7300444 3.206600561141967 -0.12 -0.04 0
1699101392.7930305 3.203997955322265 -0.12 -0.04 0
1699101392.8525422 3.20148057937622 -0.12 -0.04 0
1699101392.914605 3.1991000080108636 -0.12 -0.04 0
1699101392.9766955 3.1966166400909417 -0.12 -0.04 0
1699101393.039686 3.194127464294433 -0.12 -0.04 0
1699101393.0995204 3.1916104602813715 -0.12 -0.04 0
1699101393.1664238 3.189219818115234 -0.12 -0.04 0
1699101393.232825 3.1865433788299553 -0.12 -0.04 0
1699101393.2973795 3.183887090682983 -0.12 -0.04 0
1699101393.3629599 3.181307430267333 -0.12 -0.04 0
1699101393.4291236 3.1786833572387687 -0.12 -0.04 0
1699101393.494953 3.176037521362304 -0.12 -0.04 0
1699101393.5605357 3.1734044265747063 -0.12 -0.04 0
1699101393.6255932 3.1707798004150383 -0.12 -0.04 0
1699101393.6874986 3.168177089691161 -0.12 -0.04 0
1699101393.7552836 3.1656999397277823 -0.12 -0.04 0
1699101393.8174875 3.1629896926879875 -0.12 -0.04 0
1699101393.8774245 3.1605033397674553 -0.12 -0.04 0
1699101393.9446542 3.1580966472625724 -0.12 -0.04 0
1699101394.0098166 3.155396318435668 -0.12 -0.04 0
1699101394.0753865 3.152807102203368 -0.12 -0.04 0
1699101394.1406236 3.1501862812042227 -0.12 -0.04 0
1699101394.200157 3.1475758934020988 -0.12 -0.04 0
1699101394.264333 3.145164384841918 -0.12 -0.04 0
1699101394.3294537 3.1426243209838858 -0.12 -0.04 0
1699101394.394097 3.140024070739745 -0.12 -0.04 0
1699101394.4604683 3.1374328994750966 -0.12 -0.04 0
1699101394.5401893 3.134308719635009 -0.12 -0.04 0
1699101394.6032512 3.1315954303741447 -0.12 -0.04 0
1699101394.6643229 3.1290714073181145 -0.12 -0.04 0
1699101394.7274916 3.126627988815307 -0.12 -0.04 0
1699101394.7891326 3.1241026020050042 -0.12 -0.04 0
1699101394.8525288 3.1216350078582757 -0.12 -0.04 0
1699101394.9129202 3.119097537994384 -0.12 -0.04 0
1699101394.974847 3.116677169799804 -0.12 -0.04 0
1699101395.0342693 3.114205360412597 -0.12 -0.04 0
1699101395.0917754 3.1118275451660153 -0.12 -0.04 0
1699101395.154918 3.1095273494720455 -0.12 -0.04 0
1699101395.2175953 3.1069986152648923 -0.12 -0.04 0
1699101395.282496 3.1044965934753415 -0.12 -0.04 0
1699101395.3447576 3.1019011497497555 -0.12 -0.04 0
1699101395.4055233 3.0994077587127684 -0.12 -0.04 0
1699101395.4682322 3.096982097625732 -0.12 -0.04 0
1699101395.5314002 3.0944704437255854 -0.12 -0.04 0
1699101395.5953913 3.0919456672668453 -0.12 -0.04 0
1699101395.6589017 3.089387626647949 -0.12 -0.04 0
1699101395.731004 3.0868209648132323 -0.12 -0.04 0
1699101395.7966151 3.0839533233642578 -0.12 -0.04 0
1699101395.8587484 3.081338491439819 -0.12 -0.04 0
1699101395.9255688 3.078851385116577 -0.12 -0.04 0
1699101395.988548 3.076174564361572 -0.12 -0.04 0
1699101396.0523186 3.0736478519439694 -0.12 -0.04 0
1699101396.1133459 3.0711047267913814 -0.12 -0.04 0
1699101396.1775076 3.0686667060852044 -0.12 -0.04 0
1699101396.237078 3.0661002063751215 -0.12 -0.04 0
1699101396.297992 3.063715963363647 -0.12 -0.04 0
1699101396.3609226 3.061272649765014 -0.12 -0.04 0
1699101396.4179904 3.058766012191772 -0.12 -0.04 0
1699101396.4813442 3.0564756965637203 -0.12 -0.04 0
1699101396.5427628 3.0539446735382074 -0.12 -0.04 0
1699101396.6002414 3.0514896774291986 -0.12 -0.04 0
1699101396.6682844 3.0491867256164547 -0.12 -0.04 0
1699101396.7328324 3.0464676856994624 -0.12 -0.04 0
1699101396.796728 3.04388593673706 -0.12 -0.04 0
1699101396.8611088 3.041332693099975 -0.12 -0.04 0
1699101396.925153 3.0387559986114496 -0.12 -0.04 0
1699101396.9865954 3.036187601089477 -0.12 -0.04 0
1699101397.050739 3.0337361526489253 -0.12 -0.04 0
1699101397.1143682 3.0311641883850093 -0.12 -0.04 0
1699101397.1811361 3.028626289367675 -0.12 -0.04 0
1699101397.2528281 3.025604982376098 -0.12 -0.04 0
1699101397.3165693 3.0230852890014646 -0.12 -0.04 0
1699101397.3770726 3.02053804397583 -0.12 -0.04 0
1699101397.4451876 3.018111066818237 -0.12 -0.04 0
1699101397.5121846 3.015395002365112 -0.12 -0.04 0
1699101397.576066 3.0127141189575193 -0.12 -0.04 0
1699101397.6382656 3.010159854888916 -0.12 -0.04 0
1699101397.7023642 3.0076696014404294 -0.12 -0.04 0
1699101397.7665403 3.005104780197143 -0.12 -0.04 0
1699101397.828891 3.0025397014617914 -0.12 -0.04 0
1699101397.892997 3.000037927627563 -0.12 -0.04 0
1699101397.958935 2.9974751091003413 -0.12 -0.04 0
1699101398.0247695 2.9948438549041745 -0.12 -0.04 0
1699101398.0885785 2.992205305099487 -0.12 -0.04 0
1699101398.1545515 2.989657182693481 -0.12 -0.04 0
1699101398.212906 2.987018966674804 -0.12 -0.04 0
1699101398.2771647 2.98468032836914 -0.12 -0.04 0
1699101398.3419294 2.982114706039428 -0.12 -0.04 0
1699101398.4031215 2.9795175838470453 -0.12 -0.04 0
1699101398.4677494 2.9770770549774164 -0.12 -0.04 0
1699101398.5349896 2.974491167068481 -0.12 -0.04 0
1699101398.608918 2.9717751979827876 -0.12 -0.04 0
1699101398.6757023 2.9688440513610836 -0.12 -0.04 0
1699101398.7411776 2.9661755371093745 -0.12 -0.04 0
1699101398.8026834 2.963551454544067 -0.12 -0.04 0
1699101398.8686426 2.961081380844116 -0.12 -0.04 0
1699101398.9394224 2.9584567928314205 -0.12 -0.04 0
1699101399.002928 2.9556231975555414 -0.12 -0.04 0
1699101399.0671337 2.953085393905639 -0.12 -0.04 0
1699101399.2064102 2.9505149269103996 -0.12 -0.04 0
1699101399.2723546 2.944943265914916 -0.12 -0.04 0
1699101399.3389862 2.942306661605834 -0.12 -0.04 0
1699101399.405197 2.939643030166625 -0.12 -0.04 0
1699101399.4697194 2.9369914531707755 -0.12 -0.04 0
1699101399.5343628 2.9344080352783193 -0.12 -0.04 0
1699101399.5982406 2.9318182373046864 -0.12 -0.04 0
1699101399.663136 2.929267425537108 -0.12 -0.04 0
1699101399.7292597 2.9266757678985584 -0.12 -0.04 0
1699101399.790261 2.9240295505523672 -0.12 -0.04 0
1699101399.8542264 2.921591110229491 -0.12 -0.04 0
1699101399.918633 2.9190325736999503 -0.12 -0.04 0
1699101399.9856277 2.9164545154571524 -0.12 -0.04 0
1699101400.050963 2.9137726974487297 -0.12 -0.04 0
1699101400.1267664 2.9111378669738763 -0.12 -0.04 0
1699101400.1930418 2.908131027221679 -0.12 -0.04 0
1699101400.2602046 2.905480012893676 -0.12 -0.04 0
1699101400.3251996 2.90279444694519 -0.12 -0.04 0
1699101400.3919535 2.900186958312988 -0.12 -0.04 0
1699101400.4571016 2.897522716522216 -0.12 -0.04 0
1699101400.51859 2.894918460845947 -0.12 -0.04 0
1699101400.5841186 2.892449522018432 -0.12 -0.04 0
1699101400.6490417 2.889835882186889 -0.12 -0.04 0
1699101400.7124677 2.887239379882812 -0.12 -0.04 0
1699101400.7805843 2.884698152542114 -0.12 -0.04 0
1699101400.839783 2.8819756793975824 -0.12 -0.04 0
1699101400.903282 2.8796100902557367 -0.12 -0.04 0
1699101400.9696503 2.8770680427551265 -0.12 -0.04 0
1699101401.0364494 2.8744171237945553 -0.12 -0.04 0
1699101401.097395 2.871743021011352 -0.12 -0.04 0
1699101401.1608648 2.869298410415649 -0.12 -0.04 0
1699101401.2239797 2.866763172149658 -0.12 -0.04 0
1699101401.2895122 2.864241733551025 -0.12 -0.04 0
1699101401.354233 2.8616213130950925 -0.12 -0.04 0
1699101401.4209995 2.8590258693695065 -0.12 -0.04 0
1699101401.485788 2.8563581562042235 -0.12 -0.04 0
1699101401.5489244 2.853771934509277 -0.12 -0.04 0
1699101401.6157148 2.851239042282104 -0.12 -0.04 0
1699101401.6822426 2.8485677051544185 -0.12 -0.04 0
1699101401.7506683 2.845912017822265 -0.12 -0.04 0
1699101401.8153467 2.8431671810150143 -0.12 -0.04 0
1699101401.8794994 2.8405669879913327 -0.12 -0.04 0
1699101401.9466393 2.8380222606658934 -0.12 -0.04 0
1699101402.0098557 2.8353358078002926 -0.12 -0.04 0
1699101402.0690742 2.8328086757659907 -0.12 -0.04 0
1699101402.132126 2.8304399108886713 -0.12 -0.04 0
1699101402.19699 2.827900924682617 -0.12 -0.04 0
1699101402.2607872 2.8253201198577877 -0.12 -0.04 0
1699101402.3216457 2.8227707767486567 -0.12 -0.04 0
1699101402.3834825 2.8203364658355707 -0.12 -0.04 0
1699101402.4458125 2.8178590679168694 -0.12 -0.04 0
1699101402.5113094 2.815366353988647 -0.12 -0.04 0
1699101402.5714245 2.812749166488647 -0.12 -0.04 0
1699101402.6337624 2.8103451061248776 -0.12 -0.04 0
1699101402.6970367 2.80785135269165 -0.12 -0.04 0
1699101402.7632065 2.805320663452148 -0.12 -0.04 0
1699101402.8235059 2.8026703262329096 -0.12 -0.04 0
1699101402.8875082 2.800259847640991 -0.12 -0.04 0
1699101402.9538176 2.797703399658203 -0.12 -0.04 0
1699101403.0172765 2.7950341701507564 -0.12 -0.04 0
1699101403.0941455 2.7924628639221187 -0.12 -0.04 0
1699101403.2163568 2.7894297981262204 -0.12 -0.04 0
1699101403.2413144 2.784545345306396 -0.12 -0.04 0
1699101403.251353 2.783550300598144 -0.12 -0.04 0
1699101403.278285 2.7831484031677243 -0.12 -0.04 0
1699101403.3513484 2.7820693874359126 -0.12 -0.04 0
1699101403.3733873 2.7791496944427485 -0.12 -0.04 0
1699101403.4173799 2.7782679939270016 -0.12 -0.04 0
1699101403.4920435 2.776507234573364 -0.12 -0.04 0
1699101403.5214508 2.7735167980194086 -0.12 -0.04 0
1699101403.5724418 2.7721271705627437 -0.12 -0.04 0
1699101403.6492534 2.770244941711425 -0.12 -0.04 0
1699101403.7624938 2.767232942581176 -0.12 -0.04 0
1699101403.8335123 2.7627010536193843 -0.12 -0.04 0
1699101403.9072425 2.759859933853149 -0.12 -0.04 0
1699101403.980574 2.756910991668701 -0.12 -0.04 0
1699101404.0535214 2.7539776229858397 -0.12 -0.04 0
1699101404.126501 2.75105411529541 -0.12 -0.04 0
1699101404.2002168 2.748141574859619 -0.12 -0.04 0
1699101404.2746117 2.745193748474121 -0.12 -0.04 0
1699101404.3462543 2.742205190658569 -0.12 -0.04 0
1699101404.4194553 2.739351415634155 -0.12 -0.04 0
1699101404.4924543 2.736424388885498 -0.12 -0.04 0
1699101404.5652936 2.733504295349121 -0.12 -0.04 0
1699101404.6403823 2.7305899715423583 -0.12 -0.04 0
1699101404.7142124 2.727586498260498 -0.12 -0.04 0
1699101404.7912226 2.724623689651489 -0.12 -0.04 0
1699101404.8798225 2.72155234336853 -0.12 -0.04 0
1699101404.952586 2.7179953002929684 -0.12 -0.04 0
1699101405.066341 2.715097074508667 -0.12 -0.04 0
1699101405.1350236 2.7105491542816162 -0.12 -0.04 0
1699101405.2078001 2.707799377441406 -0.12 -0.04 0
1699101405.2831168 2.7048904037475587 -0.12 -0.04 0
1699101405.3550053 2.7018750000000002 -0.12 -0.04 0
1699101405.429106 2.6989985847473146 -0.12 -0.04 0
1699101405.505189 2.6960329723358156 -0.12 -0.04 0
1699101405.578531 2.6929898834228516 -0.12 -0.04 0
1699101405.6514513 2.690061321258545 -0.12 -0.04 0
1699101405.722848 2.6871445560455323 -0.12 -0.04 0
1699101405.7973611 2.6842864322662354 -0.12 -0.04 0
1699101405.8709977 2.681306257247925 -0.12 -0.04 0
1699101405.9436414 2.6783584785461425 -0.12 -0.04 0
1699101406.029651 2.67488299369812 -0.12 -0.04 0
1699101406.1464078 2.6720023822784422 -0.12 -0.04 0
1699101406.2196498 2.6673426723480222 -0.12 -0.04 0
1699101406.2901258 2.6644162082672116 -0.12 -0.04 0
1699101406.3631551 2.661597347259521 -0.12 -0.04 0
1699101406.433789 2.658672580718994 -0.12 -0.04 0
1699101406.505921 2.655841808319092 -0.12 -0.04 0
1699101406.5779076 2.652960948944092 -0.12 -0.04 0
1699101406.6523876 2.6500861167907717 -0.12 -0.04 0
1699101406.7262805 2.647107038497925 -0.12 -0.04 0
1699101406.8002934 2.6441484355926517 -0.12 -0.04 0
1699101406.8742728 2.6411918258666995 -0.12 -0.04 0
1699101406.9455388 2.638230094909668 -0.12 -0.04 0
1699101407.0174084 2.6353801155090335 -0.12 -0.04 0
1699101407.0898705 2.632504634857178 -0.12 -0.04 0
1699101407.1650813 2.629601755142212 -0.12 -0.04 0
1699101407.2504232 2.6265852546691897 -0.12 -0.04 0
1699101407.3610506 2.623185901641846 -0.12 -0.04 0
1699101407.4296873 2.618757009506226 -0.12 -0.04 0
1699101407.500911 2.6160148525238043 -0.12 -0.04 0
1699101407.5721374 2.6131658172607426 -0.12 -0.04 0
1699101407.6449914 2.6103157520294196 -0.12 -0.04 0
1699101407.7134044 2.60739769935608 -0.12 -0.04 0
1699101407.7870388 2.604666595458985 -0.12 -0.04 0
1699101407.8622377 2.601704530715943 -0.12 -0.04 0
1699101407.9311008 2.598711996078492 -0.12 -0.04 0
1699101408.0053198 2.5959572505950934 -0.12 -0.04 0
1699101408.0760999 2.592989578247071 -0.12 -0.04 0
1699101408.1495304 2.5901580333709724 -0.12 -0.04 0
1699101408.2212856 2.587220010757447 -0.12 -0.04 0
1699101408.2944827 2.5843509483337406 -0.12 -0.04 0
1699101408.3670988 2.5814239501953127 -0.12 -0.04 0
1699101408.454921 2.578518466949463 -0.12 -0.04 0
1699101408.5678716 2.5750001144409183 -0.12 -0.04 0
1699101408.6402981 2.5704842376708985 -0.12 -0.04 0
1699101408.7105384 2.567591276168823 -0.12 -0.04 0
1699101408.7852516 2.5647794914245603 -0.12 -0.04 0
1699101408.8591616 2.5617887210845947 -0.12 -0.04 0
1699101408.9349833 2.5588340473175046 -0.12 -0.04 0
1699101409.0069451 2.555799112319946 -0.12 -0.04 0
1699101409.0816314 2.552923517227173 -0.12 -0.04 0
1699101409.1548738 2.549934597015381 -0.12 -0.04 0
1699101409.2282743 2.5470021820068363 -0.12 -0.04 0
1699101409.3023279 2.544069967269898 -0.12 -0.04 0
1699101409.3762348 2.541108732223511 -0.12 -0.04 0
1699101409.4451587 2.5381480884552006 -0.12 -0.04 0
1699101409.5208273 2.5353918552398684 -0.12 -0.04 0
1699101409.594561 2.5323673629760743 -0.12 -0.04 0
1699101409.6683888 2.529419975280762 -0.12 -0.04 0
1699101409.744236 2.5264648628234863 -0.12 -0.04 0
1699101409.826773 2.5234275531768797 -0.12 -0.04 0
1699101409.9442096 2.52011643409729 -0.12 -0.04 0
1699101410.0252976 2.51543062210083 -0.12 -0.04 0
1699101410.1040561 2.5121908187866206 -0.12 -0.04 0
1699101410.1868808 2.5090404510498043 -0.12 -0.04 0
1699101410.2692063 2.5057227134704587 -0.12 -0.04 0
1699101410.3430192 2.502421827316284 -0.12 -0.04 0
1699101410.4196596 2.4994775199890134 -0.12 -0.04 0
1699101410.4977608 2.496414985656738 -0.12 -0.04 0
1699101410.581544 2.4932901859283447 -0.12 -0.04 0
1699101410.6612208 2.4899403762817385 -0.12 -0.04 0
1699101410.7409542 2.4867514514923097 -0.12 -0.04 0
1699101410.8224952 2.483562059402466 -0.12 -0.04 0
1699101410.9038668 2.480299282073975 -0.12 -0.04 0
1699101410.983705 2.4770452117919923 -0.12 -0.04 0
1699101411.078152 2.47373779296875 -0.12 -0.04 0
1699101411.1985295 2.470058174133301 -0.12 -0.04 0
1699101411.280856 2.465253849029541 -0.12 -0.04 0
1699101411.369337 2.4619651222229004 -0.12 -0.04 0
1699101411.449632 2.458427391052246 -0.12 -0.04 0
1699101411.5244422 2.4552126789093016 -0.12 -0.04 0
1699101411.5995347 2.452220077514648 -0.12 -0.04 0
1699101411.6783285 2.449219245910644 -0.12 -0.04 0
1699101411.7616196 2.446058797836303 -0.12 -0.04 0
1699101411.8470042 2.442737398147582 -0.12 -0.04 0
1699101411.9288864 2.4393221378326406 -0.12 -0.04 0
1699101412.0130951 2.4360468101501453 -0.12 -0.04 0
1699101412.0972714 2.4326749038696276 -0.12 -0.04 0
1699101412.1790962 2.4293109798431383 -0.12 -0.04 0
1699101412.262215 2.4260389137268055 -0.12 -0.04 0
1699101412.3550582 2.4227073764801013 -0.12 -0.04 0
1699101412.4400215 2.41898205757141 -0.12 -0.04 0
1699101412.5244503 2.4155951690673816 -0.12 -0.04 0
1699101412.6086679 2.4122212409973134 -0.12 -0.04 0
1699101412.694025 2.408851251602172 -0.12 -0.04 0
1699101412.7737885 2.405435962677001 -0.12 -0.04 0
1699101412.8583689 2.402249402999877 -0.12 -0.04 0
1699101412.9419644 2.3988641071319567 -0.12 -0.04 0
1699101413.0228093 2.3955218029022203 -0.12 -0.04 0
1699101413.1065655 2.3922869014739976 -0.12 -0.04 0
1699101413.1901445 2.3889376926422106 -0.12 -0.04 0
1699101413.2740777 2.3855928325653064 -0.12 -0.04 0
1699101413.3572564 2.3822388172149647 -0.12 -0.04 0
1699101413.4411645 2.37891219139099 -0.12 -0.04 0
1699101413.5245063 2.375552015304564 -0.12 -0.04 0
1699101413.6081975 2.372210025787352 -0.12 -0.04 0
1699101413.7036538 2.3688737010955796 -0.12 -0.04 0
1699101413.7881465 2.365048265457152 -0.12 -0.04 0
1699101413.8738081 2.3616763019561757 -0.12 -0.04 0
1699101413.9450026 2.3582497882843008 -0.12 -0.04 0
1699101414.0225306 2.3553992557525625 -0.12 -0.04 0
1699101414.0938041 2.352300148010253 -0.12 -0.04 0
1699101414.1678953 2.349451379776 -0.12 -0.04 0
1699101414.244297 2.346486349105834 -0.12 -0.04 0
1699101414.3188388 2.343429193496703 -0.12 -0.04 0
1699101414.390617 2.340439224243163 -0.12 -0.04 0
1699101414.4663095 2.337577877044677 -0.12 -0.04 0
1699101414.5392087 2.334550600051879 -0.12 -0.04 0
1699101414.6116745 2.331633472442626 -0.12 -0.04 0
1699101414.6877685 2.328736457824706 -0.12 -0.04 0
1699101414.7666814 2.3256901359558095 -0.12 -0.04 0
1699101414.840571 2.32253487586975 -0.12 -0.04 0
1699101414.9139602 2.3195764923095696 -0.12 -0.04 0
1699101414.9861944 2.3166402816772456 -0.12 -0.04 0
1699101415.067608 2.313740968704223 -0.12 -0.04 0
1699101415.1876295 2.310497417449951 -0.12 -0.04 0
1699101415.2615764 2.3056984615325926 -0.12 -0.04 0
1699101415.335752 2.3027394962310788 -0.12 -0.04 0
1699101415.4078708 2.299765548706054 -0.12 -0.04 0
1699101415.476374 2.2968877124786373 -0.12 -0.04 0
1699101415.547917 2.2941417598724363 -0.12 -0.04 0
1699101415.6212628 2.291281232833862 -0.12 -0.04 0
1699101415.692578 2.2883485126495358 -0.12 -0.04 0
1699101415.7638733 2.28549313545227 -0.12 -0.04 0
1699101415.837622 2.2826438808441156 -0.12 -0.04 0
1699101415.9081445 2.2796977806091303 -0.12 -0.04 0
1699101415.9831486 2.2768741321563715 -0.12 -0.04 0
1699101416.0671356 2.273845539093017 -0.12 -0.04 0
1699101416.137798 2.2705171108245845 -0.12 -0.04 0
1699101416.2092922 2.2676900768280026 -0.12 -0.04 0
1699101416.2783284 2.2648293399810786 -0.12 -0.04 0
1699101416.3494706 2.262069244384765 -0.12 -0.04 0
1699101416.418521 2.25922134399414 -0.12 -0.04 0
1699101416.4825478 2.2564570236206047 -0.12 -0.04 0
1699101416.545839 2.2538935470581047 -0.12 -0.04 0
1699101416.6114252 2.251361474990844 -0.12 -0.04 0
1699101416.6777623 2.2487441062927243 -0.12 -0.04 0
1699101416.7377903 2.246090803146362 -0.12 -0.04 0
1699101416.80188 2.243687944412231 -0.12 -0.04 0
1699101416.8647947 2.2411265373229976 -0.12 -0.04 0
1699101416.9256806 2.238608350753784 -0.12 -0.04 0
1699101416.9897785 2.2361761951446533 -0.12 -0.04 0
1699101417.0533524 2.233608160018921 -0.12 -0.04 0
1699101417.112921 2.2310652828216555 -0.12 -0.04 0
1699101417.1757517 2.228682489395142 -0.12 -0.04 0
1699101417.240162 2.226172256469727 -0.12 -0.04 0
1699101417.303289 2.2235957813262943 -0.12 -0.04 0
1699101417.3659766 2.2210659885406496 -0.12 -0.04 0
1699101417.4286253 2.218556232452393 -0.12 -0.04 0
1699101417.491286 2.2160445785522462 -0.12 -0.04 0
1699101417.5664256 2.213528814315796 -0.12 -0.04 0
1699101417.62562 2.2105415439605713 -0.12 -0.04 0
1699101417.69149 2.2081789493560793 -0.12 -0.04 0
1699101417.7545564 2.2055430603027344 -0.12 -0.04 0
1699101417.8187225 2.203017301559448 -0.12 -0.04 0
1699101417.881744 2.2004515457153317 -0.12 -0.04 0
1699101417.9441006 2.1979312992095945 -0.12 -0.04 0
1699101418.0057817 2.195438861846924 -0.12 -0.04 0
1699101418.0700903 2.192969379425049 -0.12 -0.04 0
1699101418.1293085 2.190400047302246 -0.12 -0.04 0
1699101418.1924496 2.188009719848633 -0.12 -0.04 0
1699101418.252723 2.1855000019073487 -0.12 -0.04 0
1699101418.3172004 2.183089981079102 -0.12 -0.04 0
1699101418.3811996 2.1805136203765874 -0.12 -0.04 0
1699101418.4430408 2.177954597473145 -0.12 -0.04 0
1699101418.5022805 2.175474548339844 -0.12 -0.04 0
1699101418.5609202 2.1731119251251223 -0.12 -0.04 0
1699101418.6254148 2.170763053894043 -0.12 -0.04 0
1699101418.6884084 2.168184995651245 -0.12 -0.04 0
1699101418.75311 2.165657901763916 -0.12 -0.04 0
1699101418.8106635 2.1630773067474363 -0.12 -0.04 0
1699101418.875576 2.1607714271545406 -0.12 -0.04 0
1699101418.943484 2.158177785873413 -0.12 -0.04 0
1699101419.006749 2.1554631137847897 -0.12 -0.04 0
1699101419.143522 2.15292329788208 -0.12 -0.04 0
1699101419.218998 2.147458391189575 -0.12 -0.04 0
1699101419.2811005 2.1444388866424555 -0.12 -0.04 0
1699101419.3455555 2.1419525051116937 -0.12 -0.04 0
1699101419.4084847 2.1393802261352532 -0.12 -0.04 0
1699101419.4690163 2.1368608379364007 -0.12 -0.04 0
1699101419.5315115 2.1344382667541497 -0.12 -0.04 0
1699101419.5928283 2.131936149597167 -0.12 -0.04 0
1699101419.6593428 2.129490499496459 -0.12 -0.04 0
1699101419.724247 2.1268261337280263 -0.12 -0.04 0
1699101419.7859719 2.124228763580321 -0.12 -0.04 0
1699101419.8537095 2.1217590045928945 -0.12 -0.04 0
1699101419.9186432 2.1190484046936024 -0.12 -0.04 0
1699101419.982607 2.1164549446105947 -0.12 -0.04 0
1699101420.0478427 2.113895597457885 -0.12 -0.04 0
1699101420.1123536 2.111286840438842 -0.12 -0.04 0
1699101420.1777706 2.108709468841552 -0.12 -0.04 0
1699101420.24174 2.1060857009887686 -0.12 -0.04 0
1699101420.3083243 2.1035317325592033 -0.12 -0.04 0
1699101420.3734522 2.1008568096160882 -0.12 -0.04 0
1699101420.4360657 2.098261127471923 -0.12 -0.04 0
1699101420.5028374 2.095732803344726 -0.12 -0.04 0
1699101420.5692472 2.0930901336669914 -0.12 -0.04 0
1699101420.6460042 2.090432119369506 -0.12 -0.04 0
1699101420.7106488 2.087358779907226 -0.12 -0.04 0
1699101420.77509 2.0847713470458977 -0.12 -0.04 0
1699101420.8377883 2.082193412780761 -0.12 -0.04 0
1699101420.9013386 2.079666671752929 -0.12 -0.04 0
1699101420.965761 2.07714539527893 -0.12 -0.04 0
1699101421.0325518 2.0745596981048577 -0.12 -0.04 0
1699101421.0949857 2.0718993663787835 -0.12 -0.04 0
1699101421.1600766 2.0693949317932123 -0.12 -0.04 0
1699101421.2252276 2.0667980384826654 -0.12 -0.04 0
1699101421.2896504 2.0641877365112298 -0.12 -0.04 0
1699101421.3542051 2.061614923477172 -0.12 -0.04 0
1699101421.4159982 2.0590330886840813 -0.12 -0.04 0
1699101421.4782667 2.0565622138977044 -0.12 -0.04 0
1699101421.5398748 2.0540672302246086 -0.12 -0.04 0
1699101421.6022308 2.0516012477874748 -0.12 -0.04 0
1699101421.6623242 2.049109001159667 -0.12 -0.04 0
1699101421.7257986 2.046701011657714 -0.12 -0.04 0
1699101421.7878933 2.0441716003417962 -0.12 -0.04 0
1699101421.8472545 2.0416868114471427 -0.12 -0.04 0
1699101421.9100802 2.0393125820159903 -0.12 -0.04 0
1699101421.9737544 2.0367905044555656 -0.12 -0.04 0
1699101422.0376472 2.0342450237274163 -0.12 -0.04 0
1699101422.099659 2.031696071624755 -0.12 -0.04 0
1699101422.1659105 2.0292165470123282 -0.12 -0.04 0
1699101422.238557 2.0262012767791737 -0.12 -0.04 0
1699101422.3013554 2.023638582229613 -0.12 -0.04 0
1699101422.3639657 2.0211307716369618 -0.12 -0.04 0
1699101422.4251602 2.0186341667175283 -0.12 -0.04 0
1699101422.484093 2.016193943023681 -0.12 -0.04 0
1699101422.5471365 2.01383388519287 -0.12 -0.04 0
1699101422.6127052 2.0113168525695793 -0.12 -0.04 0
1699101422.6744218 2.008688268661498 -0.12 -0.04 0
1699101422.7376463 2.0062238788604727 -0.12 -0.04 0
1699101422.801064 2.0036925983428944 -0.12 -0.04 0
1699101422.8604927 2.0011557579040518 -0.12 -0.04 0
1699101422.923538 1.9987783908843983 -0.12 -0.04 0
1699101422.9878025 1.9962592029571522 -0.12 -0.04 0
1699101423.0506434 1.9936903285980214 -0.12 -0.04 0
1699101423.1142898 1.9911694240570057 -0.12 -0.04 0
1699101423.1833334 1.988630781173705 -0.12 -0.04 0
1699101423.2449932 1.9858694839477529 -0.12 -0.04 0
1699101423.3074195 1.9834005737304676 -0.12 -0.04 0
1699101423.3683803 1.9809056091308583 -0.12 -0.04 0
1699101423.4316707 1.9784666347503652 -0.12 -0.04 0
1699101423.494738 1.9759369373321523 -0.12 -0.04 0
1699101423.560954 1.9734128093719472 -0.12 -0.04 0
1699101423.623382 1.9707650375366201 -0.12 -0.04 0
1699101423.6846697 1.9682684707641591 -0.12 -0.04 0
1699101423.7514107 1.9658114624023426 -0.12 -0.04 0
1699101423.8234217 1.9631288242340077 -0.12 -0.04 0
1699101423.8854148 1.9602571392059316 -0.12 -0.04 0
1699101423.9464085 1.9577763175964344 -0.12 -0.04 0
1699101424.0095448 1.9553421401977529 -0.12 -0.04 0
1699101424.0675054 1.9528208351135243 -0.12 -0.04 0
1699101424.128951 1.950498914718627 -0.12 -0.04 0
1699101424.1919599 1.9480406856536856 -0.12 -0.04 0
1699101424.2554953 1.945520725250243 -0.12 -0.04 0
1699101424.3196158 1.9429801368713369 -0.12 -0.04 0
1699101424.3778813 1.9404150772094717 -0.12 -0.04 0
1699101424.4423974 1.9380885696411123 -0.12 -0.04 0
1699101424.503152 1.93550531387329 -0.12 -0.04 0
1699101424.5622466 1.9330719661712636 -0.12 -0.04 0
1699101424.6246052 1.930704870223998 -0.12 -0.04 0
1699101424.6874094 1.9282126808166493 -0.12 -0.04 0
1699101424.747961 1.9257065200805654 -0.12 -0.04 0
1699101424.8101573 1.9232791328430165 -0.12 -0.04 0
1699101424.8695836 1.9207920837402332 -0.12 -0.04 0
1699101424.933131 1.9184137058258046 -0.12 -0.04 0
1699101424.9973085 1.9158778190612782 -0.12 -0.04 0
1699101425.05927 1.9133067512512196 -0.12 -0.04 0
1699101425.1187859 1.910832700729369 -0.12 -0.04 0
1699101425.1826024 1.9084485530853261 -0.12 -0.04 0
1699101425.2556784 1.9058895111083973 -0.12 -0.04 0
1699101425.3739922 1.902975616455077 -0.12 -0.04 0
1699101425.3912518 1.898240499496459 -0.12 -0.04 0
1699101425.407512 1.897548933029174 -0.12 -0.04 0
1699101425.4557502 1.896901731491088 -0.12 -0.04 0
1699101425.5296416 1.8949722480773918 -0.12 -0.04 0
1699101425.5570688 1.8920157241821283 -0.12 -0.04 0
1699101425.605786 1.8908833408355707 -0.12 -0.04 0
1699101425.6787546 1.8889651489257806 -0.12 -0.04 0
1699101425.7414255 1.8860480022430413 -0.12 -0.04 0
1699101425.8049047 1.8835467338562004 -0.12 -0.04 0
1699101425.867784 1.881003227233886 -0.12 -0.04 0
1699101425.9271584 1.8784904003143303 -0.12 -0.04 0
1699101425.9911718 1.8761129283905023 -0.12 -0.04 0
1699101426.0524306 1.873551931381225 -0.12 -0.04 0
1699101426.1158996 1.8711014938354487 -0.12 -0.04 0
1699101426.1799462 1.8685550880432122 -0.12 -0.04 0
1699101426.2480724 1.866004266738891 -0.12 -0.04 0
1699101426.306147 1.8632801532745356 -0.12 -0.04 0
1699101426.3704412 1.8609494304656977 -0.12 -0.04 0
1699101426.4334445 1.8583787822723383 -0.12 -0.04 0
1699101426.4980278 1.8558644866943355 -0.12 -0.04 0
1699101426.5629606 1.85327896118164 -0.12 -0.04 0
1699101426.6250656 1.8506757354736323 -0.12 -0.04 0
1699101426.6869957 1.848197221755981 -0.12 -0.04 0
1699101426.750154 1.845722160339355 -0.12 -0.04 0
1699101426.813876 1.8431935787200924 -0.12 -0.04 0
1699101426.8714104 1.840643043518066 -0.12 -0.04 0
1699101426.931519 1.8383464622497556 -0.12 -0.04 0
1699101426.9961464 1.8359203529357908 -0.12 -0.04 0
1699101427.0613546 1.8333500003814696 -0.12 -0.04 0
1699101427.1240554 1.8307400321960448 -0.12 -0.04 0
1699101427.1904752 1.8282357311248778 -0.12 -0.04 0
1699101427.2580667 1.8254812431335448 -0.12 -0.04 0
1699101427.3262563 1.8228752040863037 -0.12 -0.04 0
1699101427.3935597 1.8201502990722656 -0.12 -0.04 0
1699101427.4578266 1.8174602317810058 -0.12 -0.04 0
1699101427.5179658 1.8148873233795166 -0.12 -0.04 0
1699101427.5817518 1.8124802017211914 -0.12 -0.04 0
1699101427.6455202 1.809930477142334 -0.12 -0.04 0
1699101427.7075737 1.8073804664611817 -0.12 -0.04 0
1699101427.7672281 1.804896001815796 -0.12 -0.04 0
1699101427.829714 1.8025111389160158 -0.12 -0.04 0
1699101427.8950777 1.8000131034851077 -0.12 -0.04 0
1699101427.958932 1.7973960876464847 -0.12 -0.04 0
1699101428.0211523 1.794839715957642 -0.12 -0.04 0
1699101428.0861306 1.792348546981812 -0.12 -0.04 0
1699101428.1495323 1.7897530746459964 -0.12 -0.04 0
1699101428.2140515 1.7872210407257083 -0.12 -0.04 0
1699101428.2803319 1.7846132659912113 -0.12 -0.04 0
1699101428.3439162 1.7819853973388675 -0.12 -0.04 0
1699101428.408471 1.7794375514984133 -0.12 -0.04 0
1699101428.4770732 1.77686243057251 -0.12 -0.04 0
1699101428.5417063 1.774118804931641 -0.12 -0.04 0
1699101428.6065223 1.771534986495972 -0.12 -0.04 0
1699101428.6676426 1.7689395904541019 -0.12 -0.04 0
1699101428.731833 1.766497144699097 -0.12 -0.04 0
1699101428.798673 1.7639239215850833 -0.12 -0.04 0
1699101428.8643048 1.761248474121094 -0.12 -0.04 0
1699101428.9277234 1.7586303234100344 -0.12 -0.04 0
1699101428.9911065 1.7560912132263187 -0.12 -0.04 0
1699101429.0556903 1.7535568046569827 -0.12 -0.04 0
1699101429.1166313 1.7509748268127445 -0.12 -0.04 0
1699101429.184176 1.7485345935821537 -0.12 -0.04 0
1699101429.2490919 1.7458256244659427 -0.12 -0.04 0
1699101429.3186252 1.7432337760925296 -0.12 -0.04 0
1699101429.3825123 1.7404487133026125 -0.12 -0.04 0
1699101429.4467492 1.7378921604156496 -0.12 -0.04 0
1699101429.509568 1.7353229713439944 -0.12 -0.04 0
1699101429.5749855 1.7328193569183352 -0.12 -0.04 0
1699101429.639499 1.7302033901214602 -0.12 -0.04 0
1699101429.7037342 1.7276003074645998 -0.12 -0.04 0
1699101429.7716942 1.7250231647491456 -0.12 -0.04 0
1699101429.837519 1.7223333072662355 -0.12 -0.04 0
1699101429.897341 1.7197015190124514 -0.12 -0.04 0
1699101429.9602606 1.7173088741302491 -0.12 -0.04 0
1699101430.0252252 1.7147874450683596 -0.12 -0.04 0
1699101430.085132 1.7121917629241945 -0.12 -0.04 0
1699101430.1480188 1.7097933578491213 -0.12 -0.04 0
1699101430.2125587 1.707282991409302 -0.12 -0.04 0
1699101430.275172 1.7046961307525637 -0.12 -0.04 0
1699101430.3380055 1.7021831798553468 -0.12 -0.04 0
1699101430.3960438 1.699677095413208 -0.12 -0.04 0
1699101430.460805 1.6973556423187257 -0.12 -0.04 0
1699101430.5250645 1.6947702980041506 -0.12 -0.04 0
1699101430.5868583 1.692200574874878 -0.12 -0.04 0
1699101430.6506422 1.6897279739379885 -0.12 -0.04 0
1699101430.7117903 1.687177782058716 -0.12 -0.04 0
1699101430.7742412 1.6847315883636476 -0.12 -0.04 0
1699101430.837772 1.6822264766693116 -0.12 -0.04 0
1699101430.899895 1.6796831130981447 -0.12 -0.04 0
1699101430.9652336 1.677202606201172 -0.12 -0.04 0
1699101431.0326426 1.674587755203247 -0.12 -0.04 0
1699101431.1023285 1.6718911361694335 -0.12 -0.04 0
1699101431.1644232 1.6691105079650879 -0.12 -0.04 0
1699101431.2313747 1.6666196632385253 -0.12 -0.04 0
1699101431.2914872 1.6639472293853759 -0.12 -0.04 0
1699101431.3554323 1.6615429306030272 -0.12 -0.04 0
1699101431.427133 1.6589842414855955 -0.12 -0.04 0
1699101431.4916472 1.6561147975921628 -0.12 -0.04 0
1699101431.5575206 1.653536214828491 -0.12 -0.04 0
1699101431.6233492 1.6508986091613767 -0.12 -0.04 0
1699101431.6899693 1.6482680892944332 -0.12 -0.04 0
1699101431.7533228 1.6456038379669187 -0.12 -0.04 0
1699101431.816851 1.6430693054199217 -0.12 -0.04 0
1699101431.8785398 1.6405269241333007 -0.12 -0.04 0
1699101431.936375 1.6380503940582274 -0.12 -0.04 0
1699101431.9949155 1.6357440853118894 -0.12 -0.04 0
1699101432.0593462 1.633388328552246 -0.12 -0.04 0
1699101432.1224222 1.6308297824859617 -0.12 -0.04 0
1699101432.1882653 1.6283066749572752 -0.12 -0.04 0
1699101432.2525349 1.6256717967987058 -0.12 -0.04 0
1699101432.3156765 1.6230984878540036 -0.12 -0.04 0
1699101432.3764327 1.6205722522735593 -0.12 -0.04 0
1699101432.4396646 1.6181439208984372 -0.12 -0.04 0
1699101432.5024269 1.615615768432617 -0.12 -0.04 0
1699101432.5687027 1.613097238540649 -0.12 -0.04 0
1699101432.6310434 1.6104526615142818 -0.12 -0.04 0
1699101432.6942117 1.607954349517822 -0.12 -0.04 0
1699101432.7583253 1.605428495407104 -0.12 -0.04 0
1699101432.8217113 1.6028659057617183 -0.12 -0.04 0
1699101432.8886425 1.6003316497802729 -0.12 -0.04 0
1699101432.9519117 1.59765245437622 -0.12 -0.04 0
1699101433.0164387 1.5951218891143792 -0.12 -0.04 0
1699101433.0788858 1.5925338459014886 -0.12 -0.04 0
1699101433.1403883 1.5900449848175042 -0.12 -0.04 0
1699101433.202458 1.5875655937194817 -0.12 -0.04 0
1699101433.2675333 1.5851025676727288 -0.12 -0.04 0
1699101433.3326926 1.5824956607818597 -0.12 -0.04 0
1699101433.3989248 1.5798085975646965 -0.12 -0.04 0
1699101433.464398 1.5772419643402091 -0.12 -0.04 0
1699101433.5273428 1.5746152496337882 -0.12 -0.04 0
1699101433.5844405 1.5721053695678702 -0.12 -0.04 0
1699101433.6476436 1.5698161029815665 -0.12 -0.04 0
1699101433.7182894 1.5672979164123526 -0.12 -0.04 0
1699101433.7806504 1.5644693851470939 -0.12 -0.04 0
1699101433.844693 1.5619709968566886 -0.12 -0.04 0
1699101433.9051747 1.5594084072113028 -0.12 -0.04 0
1699101433.9704468 1.5569902133941642 -0.12 -0.04 0
1699101434.0326688 1.5543775272369376 -0.12 -0.04 0
1699101434.096721 1.5518913078308096 -0.12 -0.04 0
1699101434.159291 1.549331045150756 -0.12 -0.04 0
1699101434.224266 1.5468309783935539 -0.12 -0.04 0
1699101434.2862659 1.54423204421997 -0.12 -0.04 0
1699101434.351712 1.5417496967315667 -0.12 -0.04 0
1699101434.41471 1.5391351795196526 -0.12 -0.04 0
1699101434.4755914 1.5366145515441887 -0.12 -0.04 0
1699101434.536383 1.5341773986816398 -0.12 -0.04 0
1699101434.6019924 1.5317430496215811 -0.12 -0.04 0
1699101434.6667845 1.529121437072753 -0.12 -0.04 0
1699101434.7296906 1.5265284729003898 -0.12 -0.04 0
1699101434.7927144 1.5240073394775382 -0.12 -0.04 0
1699101434.856268 1.5214883422851553 -0.12 -0.04 0
1699101434.9191492 1.5189457035064688 -0.12 -0.04 0
1699101434.9834409 1.516436004638671 -0.12 -0.04 0
1699101435.0479228 1.5138622379302968 -0.12 -0.04 0
1699101435.110295 1.5112855434417714 -0.12 -0.04 0
1699101435.174286 1.5087716484069813 -0.12 -0.04 0
1699101435.2397027 1.5062292385101308 -0.12 -0.04 0
1699101435.297904 1.5036133575439443 -0.12 -0.04 0
1699101435.3630083 1.5012756156921376 -0.12 -0.04 0
1699101435.4229407 1.4986791706085194 -0.12 -0.04 0
1699101435.4865692 1.4962852478027333 -0.12 -0.04 0
1699101435.5500185 1.4937400913238514 -0.12 -0.04 0
1699101435.610496 1.4911966133117665 -0.12 -0.04 0
1699101435.6766038 1.488772153854369 -0.12 -0.04 0
1699101435.7376223 1.4861295413970936 -0.12 -0.04 0
1699101435.7997375 1.483695020675658 -0.12 -0.04 0
1699101435.863803 1.4812133026123036 -0.12 -0.04 0
1699101435.9303539 1.478650732040404 -0.12 -0.04 0
1699101435.992837 1.4759841156005848 -0.12 -0.04 0
1699101436.0526054 1.473487787246703 -0.12 -0.04 0
1699101436.1155028 1.4710982704162585 -0.12 -0.04 0
1699101436.1794045 1.468581790924071 -0.12 -0.04 0
1699101436.2429683 1.4660263824462878 -0.12 -0.04 0
1699101436.3064299 1.4634800720214831 -0.12 -0.04 0
1699101436.3699803 1.4609447002410876 -0.12 -0.04 0
1699101436.4343224 1.4583995723724352 -0.12 -0.04 0
1699101436.4953017 1.4558252525329576 -0.12 -0.04 0
1699101436.5576842 1.4533905410766588 -0.12 -0.04 0
1699101436.621087 1.450895080566405 -0.12 -0.04 0
1699101436.687093 1.4483576869964587 -0.12 -0.04 0
1699101436.7484128 1.4457120895385729 -0.12 -0.04 0
1699101436.8133163 1.4432609367370592 -0.12 -0.04 0
