1699250891.944567 2 0.1 0 0
1699250892.290435 2.0 0.1 0.0 0
1699250892.4464188 2.0 0.1 0.0 0
1699250892.4956143 2.0 0.1 0.0 0
1699250892.547862 2.0 0.1 0.0 0
1699250892.600006 2.0 0.1 0.0 0
1699250892.6584215 2.0 0.1 0.0 0
1699250892.7099657 2.0 0.1 0.0 0
1699250892.7731793 2.0 0.1 0.0 0
1699250892.840034 2.0 0.1 0.0 0
1699250892.8950503 2.0 0.1 0.0 0
1699250892.949646 2.0 0.1 0.0 0
1699250893.0003674 2.0 0.1 0.0 0
1699250893.0609567 2.0 0.1 0.0 0
1699250893.1149251 2.0 0.1 0.0 0
1699250893.1641893 2.0 0.1 0.0 0
1699250893.2091227 2.0 0.1 0.0 0
1699250893.2585351 2.0 0.1 0.0 0
1699250893.3045597 2.0 0.1 0.0 0
1699250893.3452082 2.0 0.1 0.0 0
1699250893.3864112 2.0 0.1 0.0 0
1699250893.4229865 2.0 0.1 0.0 0
1699250893.4609787 2.0 0.1 0.0 0
1699250893.5110762 2.0 0.1 0.0 0
1699250893.561349 2.0 0.1 0.0 0
1699250893.6113572 2.0 0.1 0.0 0
1699250893.66151 2.0 0.1 0.0 0
1699250893.7120273 2.0 0.1 0.0 0
1699250893.7619317 2.0 0.1 0.0 0
1699250893.811936 2.0 0.1 0.0 0
1699250893.8622682 2.0 0.1 0.0 0
1699250893.914593 2.0 0.1 0.0 0
1699250893.9647186 2.0 0.1 0.0 0
1699250894.0159798 2.0 0.1 0.0 0
1699250894.0650754 2.0 0.1 0.0 0
1699250894.1154108 2.0 0.1 0.0 0
1699250894.168754 2.0 0.1 0.0 0
1699250894.2155223 2.0 0.1 0.0 0
1699250894.2668297 2.0 0.1 0.0 0
1699250894.3194294 2.0 0.1 0.0 0
1699250894.3684068 2.0 0.1 0.0 0
1699250894.4180298 2.0 0.1 0.0 0
1699250894.46775 2.0 0.1 0.0 0
1699250894.5177379 2.0 0.1 0.0 0
1699250894.568035 2.0 0.1 0.0 0
1699250894.6181648 2.0 0.1 0.0 0
1699250894.6685965 2.0 0.1 0.0 0
1699250894.7189415 2.0 0.1 0.0 0
1699250894.7684069 2.0 0.1 0.0 0
1699250894.818386 2.0 0.1 0.0 0
1699250894.8685756 2.0 0.1 0.0 0
1699250894.919175 2.0 0.1 0.0 0
1699250894.9686725 2.0 0.1 0.0 0
1699250895.0305617 2.0 0.1 0.0 0
1699250895.0862827 2.0 0.1 0.0 0
1699250895.1215312 2.0 0.1 0.0 0
1699250895.1714275 2.0 0.1 0.0 0
1699250895.2236829 2.0 0.1 0.0 0
1699250895.2729452 2.0 0.1 0.0 0
1699250895.3229141 2.0 0.1 0.0 0
1699250895.3729517 2.0 0.1 0.0 0
1699250895.423204 2.0 0.1 0.0 0
1699250895.4728491 2.0 0.1 0.0 0
1699250895.5230806 2.0 0.1 0.0 0
1699250895.5747337 2.0 0.1 0.0 0
1699250895.6281552 2.0 0.1 0.0 0
1699250895.6766236 2.0 0.1 0.0 0
1699250895.7249098 2.0 0.1 0.0 0
1699250895.774813 2.0 0.1 0.0 0
1699250895.8252285 2.0 0.1 0.0 0
1699250895.874887 2.0 0.1 0.0 0
1699250895.928324 2.0 0.1 0.0 0
1699250895.9787118 2.0 0.1 0.0 0
1699250896.028947 2.0 0.1 0.0 0
1699250896.0789492 2.0 0.1 0.0 0
1699250896.1293855 2.0 0.1 0.0 0
1699250896.1789913 2.0 0.1 0.0 0
1699250896.2292638 2.0 0.1 0.0 0
1699250896.2800589 2.0 0.1 0.0 0
1699250896.3305302 2.0 0.1 0.0 0
1699250896.3808255 2.0 0.1 0.0 0
1699250896.4308941 2.0 0.1 0.0 0
1699250896.4808054 2.0 0.1 0.0 0
1699250896.530915 2.0 0.1 0.0 0
1699250896.5811262 2.0 0.1 0.0 0
1699250896.631497 2.0 0.1 0.0 0
1699250896.6812692 2.0 0.1 0.0 0
1699250896.732061 2.0 0.1 0.0 0
1699250896.7827654 2.0 0.1 0.0 0
1699250896.8328116 2.0 0.1 0.0 0
1699250896.883114 2.0 0.1 0.0 0
1699250896.9352367 2.0 0.1 0.0 0
1699250896.9830403 2.0 0.1 0.0 0
1699250897.033674 2.0 0.1 0.0 0
1699250897.0855634 2.0 0.1 0.0 0
1699250897.1350422 2.0 0.1 0.0 0
1699250897.1858857 2.0 0.1 0.0 0
1699250897.2352204 2.0 0.1 0.0 0
1699250897.2848964 2.0 0.1 0.0 0
1699250897.33595 2.0 0.1 0.0 0
1699250897.3850718 2.0 0.1 0.0 0
1699250897.4354808 2.0 0.1 0.0 0
1699250897.4860618 2.0 0.1 0.0 0
1699250897.5359826 2.0 0.1 0.0 0
1699250897.586259 2.0 0.1 0.0 0
1699250897.6362674 2.0 0.1 0.0 0
1699250897.6867678 2.0 0.1 0.0 0
1699250897.7367089 2.0 0.1 0.0 0
1699250897.7872055 2.0 0.1 0.0 0
1699250897.8371778 2.0 0.1 0.0 0
1699250897.8872929 2.0 0.1 0.0 0
1699250897.9374146 2.0 0.1 0.0 0
1699250897.9875183 2.0 0.1 0.0 0
1699250898.0381281 2.0 0.1 0.0 0
1699250898.0879664 2.0 0.1 0.0 0
1699250898.1384068 2.0 0.1 0.0 0
1699250898.1885383 2.0 0.1 0.0 0
1699250898.238764 2.0 0.1 0.0 0
1699250898.2887204 2.0 0.1 0.0 0
1699250898.338812 2.0 0.1 0.0 0
1699250898.3891282 2.0 0.1 0.0 0
1699250898.440161 2.0 0.1 0.0 0
1699250898.4924242 2.0 0.1 0.0 0
1699250898.5439634 2.0 0.1 0.0 0
1699250898.5939898 2.0 0.1 0.0 0
1699250898.643561 2.0 0.1 0.0 0
1699250898.6973114 2.0 0.1 0.0 0
1699250898.7455723 2.0 0.1 0.0 0
1699250898.7948983 2.0 0.1 0.0 0
1699250898.8445923 2.0 0.1 0.0 0
1699250898.894364 2.0 0.1 0.0 0
1699250898.9444203 2.0 0.1 0.0 0
1699250898.9943097 2.0 0.1 0.0 0
1699250899.0443935 2.0 0.1 0.0 0
1699250899.0949132 2.0 0.1 0.0 0
1699250899.1488318 2.0 0.1 0.0 0
1699250899.1967545 2.0 0.1 0.0 0
1699250899.2466397 2.0 0.1 0.0 0
1699250899.2962334 2.0 0.1 0.0 0
1699250899.3461516 2.0 0.1 0.0 0
1699250899.3960636 2.0 0.1 0.0 0
1699250899.446827 2.0 0.1 0.0 0
1699250899.4968557 2.0 0.1 0.0 0
1699250899.5484474 2.0 0.1 0.0 0
1699250899.597227 2.0 0.1 0.0 0
1699250899.6470726 2.0 0.1 0.0 0
1699250899.6971364 2.0 0.1 0.0 0
1699250899.7477684 2.0 0.1 0.0 0
1699250899.7977955 2.0 0.1 0.0 0
1699250899.8480034 2.0 0.1 0.0 0
1699250899.8981395 2.0 0.1 0.0 0
1699250899.9492812 2.0 0.1 0.0 0
1699250899.9985209 2.0 0.1 0.0 0
1699250900.048762 2.0 0.1 0.0 0
1699250900.0983663 2.0 0.1 0.0 0
1699250900.1485279 2.0 0.1 0.0 0
1699250900.199327 2.0 0.1 0.0 0
1699250900.2499692 2.0 0.1 0.0 0
1699250900.3001978 2.0 0.1 0.0 0
1699250900.3536823 2.0 0.1 0.0 0
1699250900.4012656 2.0 0.1 0.0 0
1699250900.4525297 2.0 0.1 0.0 0
1699250900.5023339 2.0 0.1 0.0 0
1699250900.5553043 2.0 0.1 0.0 0
1699250900.6055856 2.0 0.1 0.0 0
1699250900.655914 2.0 0.1 0.0 0
1699250900.8307688 2.0 0.1 0.0 0
1699250900.8795164 2.0 0.1 0.0 0
1699250900.929465 2.0 0.1 0.0 0
1699250900.9796777 2.0 0.1 0.0 0
1699250901.0297027 2.0 0.1 0.0 0
1699250901.0809639 2.0 0.1 0.0 0
1699250901.1305556 2.0 0.1 0.0 0
1699250901.1808865 2.0 0.1 0.0 0
1699250901.2312245 2.0 0.1 0.0 0
1699250901.281238 2.0 0.1 0.0 0
1699250901.3315816 2.0 0.1 0.0 0
1699250901.3814142 2.0 0.1 0.0 0
1699250901.4319856 2.0 0.1 0.0 0
1699250901.482676 2.0 0.1 0.0 0
1699250901.5324109 2.0 0.1 0.0 0
1699250901.5824752 2.0 0.1 0.0 0
1699250901.6328926 2.0 0.1 0.0 0
1699250901.6831958 2.0 0.1 0.0 0
1699250901.7333171 2.0 0.1 0.0 0
1699250901.7834184 2.0 0.1 0.0 0
1699250901.8339205 2.0 0.1 0.0 0
1699250901.8842564 2.0 0.1 0.0 0
1699250901.9341283 2.0 0.1 0.0 0
1699250901.9843426 2.0 0.1 0.0 0
1699250902.0348907 2.0 0.1 0.0 0
1699250902.0852673 2.0 0.1 0.0 0
1699250902.1352718 2.0 0.1 0.0 0
1699250902.185367 2.0 0.1 0.0 0
1699250902.235573 2.0 0.1 0.0 0
1699250902.2860496 2.0 0.1 0.0 0
1699250902.3361979 2.0 0.1 0.0 0
1699250902.3873148 2.0 0.1 0.0 0
1699250902.4388394 2.0 0.1 0.0 0
1699250902.4894817 2.0 0.1 0.0 0
1699250902.5384884 2.0 0.1 0.0 0
1699250902.588404 2.0 0.1 0.0 0
1699250902.6389089 2.0 0.1 0.0 0
1699250902.688985 2.0 0.1 0.0 0
1699250902.7386146 2.0 0.1 0.0 0
1699250902.7889218 2.0 0.1 0.0 0
1699250902.8396072 2.0 0.1 0.0 0
1699250902.8902574 2.0 0.1 0.0 0
1699250902.9408395 2.0 0.1 0.0 0
1699250902.9910305 2.0 0.1 0.0 0
1699250903.041773 2.0 0.1 0.0 0
1699250903.0919342 2.0 0.1 0.0 0
1699250903.1420665 2.0 0.1 0.0 0
1699250903.1923592 2.0 0.1 0.0 0
1699250903.242346 2.0 0.1 0.0 0
1699250903.2931979 2.0 0.1 0.0 0
1699250903.3436615 2.0 0.1 0.0 0
1699250903.393998 2.0 0.1 0.0 0
1699250903.4434564 2.0 0.1 0.0 0
1699250903.4934685 2.0 0.1 0.0 0
1699250903.54368 2.0 0.1 0.0 0
1699250903.593667 2.0 0.1 0.0 0
1699250903.6438124 2.0 0.1 0.0 0
1699250903.6938875 2.0 0.1 0.0 0
1699250903.7487373 2.0 0.1 0.0 0
1699250903.8005717 2.0 0.1 0.0 0
1699250903.8613873 2.0 0.1 0.0 0
1699250903.924592 2.0 0.1 0.0 0
1699250903.9854138 2.0 0.1 0.0 0
1699250904.0416934 2.0 0.1 0.0 0
1699250904.0962205 2.0 0.1 0.0 0
1699250904.1554549 2.0 0.1 0.0 0
1699250904.2117186 2.0 0.1 0.0 0
1699250904.2706065 2.0 0.1 0.0 0
1699250904.3216996 2.0 0.1 0.0 0
1699250904.3736901 2.0 0.1 0.0 0
1699250904.4259524 2.0 0.1 0.0 0
1699250904.4772933 2.0 0.1 0.0 0
1699250904.5320144 2.0 0.1 0.0 0
1699250904.581413 2.0 0.1 0.0 0
1699250904.6333883 2.0 0.1 0.0 0
1699250904.688312 2.0 0.1 0.0 0
1699250904.7431633 2.0 0.1 0.0 0
1699250904.7982218 2.0 0.1 0.0 0
1699250904.8621933 2.0 0.1 0.0 0
1699250904.9205873 2.0 0.1 0.0 0
1699250904.9775255 2.0 0.1 0.0 0
1699250905.033276 2.0 0.1 0.0 0
1699250905.089956 2.0 0.1 0.0 0
1699250905.1500697 2.0 0.1 0.0 0
1699250905.204133 2.0 0.1 0.0 0
1699250905.2570567 2.0 0.1 0.0 0
1699250905.314989 2.0 0.1 0.0 0
1699250905.3666646 2.0 0.1 0.0 0
1699250905.423408 2.0 0.1 0.0 0
1699250905.481561 2.0 0.1 0.0 0
1699250905.5393424 2.0 0.1 0.0 0
1699250905.5922706 2.0 0.1 0.0 0
1699250905.6449888 2.0 0.1 0.0 0
1699250905.7013195 2.0 0.1 0.0 0
1699250905.749982 2.0 0.1 0.0 0
1699250905.811535 2.0 0.1 0.0 0
1699250905.8659055 2.0 0.1 0.0 0
1699250905.9214683 2.0 0.1 0.0 0
1699250905.9733138 2.0 0.1 0.0 0
1699250906.0211291 2.0 0.1 0.0 0
1699250906.0714712 2.0 0.1 0.0 0
1699250906.2428458 2.0 0.1 0.0 0
1699250906.2926416 2.0 0.1 0.0 0
1699250906.4379597 2.0 0.1 0.0 0
1699250906.4753723 2.0 0.1 0.0 0
1699250906.5139503 2.0 0.1 0.0 0
1699250906.6647298 2.0 0.1 0.0 0
1699250906.7136385 2.0 0.1 0.0 0
1699250906.7634108 2.0 0.1 0.0 0
1699250906.9767277 2.0 0.1 0.0 0
1699250907.1780334 2.0 0.1 0.0 0
1699250907.2278106 2.0 0.1 0.0 0
1699250907.4424608 2.0 0.1 0.0 0
1699250907.492316 2.0 0.1 0.0 0
1699250907.542822 2.0 0.1 0.0 0
1699250907.7489817 2.0 0.1 0.0 0
1699250907.79848 2.0 0.1 0.0 0
1699250907.8490534 2.0 0.1 0.0 0
1699250908.04892 2.0 0.1 0.0 0
1699250908.097581 2.0 0.1 0.0 0
1699250908.1477704 2.0 0.1 0.0 0
1699250908.356131 2.0 0.1 0.0 0
1699250908.4068909 2.0 0.1 0.0 0
1699250908.4569468 2.0 0.1 0.0 0
1699250908.6701245 2.0 0.1 0.0 0
1699250908.7190125 2.0 0.1 0.0 0
1699250908.7689903 2.0 0.1 0.0 0
1699250908.9805672 2.0 0.1 0.0 0
1699250909.0297394 2.0 0.1 0.0 0
1699250909.0798979 2.0 0.1 0.0 0
1699250909.1303077 2.0 0.1 0.0 0
1699250909.3411186 2.0 0.1 0.0 0
1699250909.390172 2.0 0.1 0.0 0
1699250909.4409218 2.0 0.1 0.0 0
1699250909.4926116 2.0 0.1 0.0 0
1699250909.6929054 2.0 0.1 0.0 0
1699250909.7425873 2.0 0.1 0.0 0
1699250909.794976 2.0 0.1 0.0 0
1699250909.842859 2.0 0.1 0.0 0
1699250910.0441127 2.0 0.1 0.0 0
1699250910.0926971 2.0 0.1 0.0 0
1699250910.1431165 2.0 0.1 0.0 0
1699250910.3615627 2.0 0.1 0.0 0
1699250910.4111934 2.0 0.1 0.0 0
1699250910.5300727 2.0 0.1 0.0 0
1699250910.5697951 2.0 0.1 0.0 0
1699250910.7775533 2.0 0.1 0.0 0
1699250911.0017087 2.0 0.1 0.0 0
1699250911.0514476 2.0 0.1 0.0 0
1699250911.2647104 2.0 0.1 0.0 0
1699250911.3145754 2.0 0.1 0.0 0
1699250911.3643975 2.0 0.1 0.0 0
1699250911.5817502 2.0 0.1 0.0 0
1699250911.6315398 2.0 0.1 0.0 0
1699250911.6815844 2.0 0.1 0.0 0
1699250911.731513 2.0 0.1 0.0 0
1699250911.9382691 2.0 0.1 0.0 0
1699250912.137983 2.0 0.1 0.0 0
1699250912.1878135 2.0 0.1 0.0 0
1699250912.396391 2.0 0.1 0.0 0
1699250912.4456086 2.0 0.1 0.0 0
1699250912.4960585 2.0 0.1 0.0 0
1699250912.7108145 2.0 0.1 0.0 0
1699250912.759722 2.0 0.1 0.0 0
1699250912.8114448 2.0 0.1 0.0 0
1699250912.8634338 2.0 0.1 0.0 0
1699250913.0732944 2.0 0.1 0.0 0
1699250913.2970366 2.0 0.1 0.0 0
1699250913.3459122 2.0 0.1 0.0 0
1699250913.5464327 2.0 0.1 0.0 0
1699250913.5949054 2.0 0.1 0.0 0
1699250913.6448867 2.0 0.1 0.0 0
1699250913.8531153 2.0 0.1 0.0 0
1699250913.9018755 2.0 0.1 0.0 0
1699250913.952312 2.0 0.1 0.0 0
1699250914.15187 2.0 0.1 0.0 0
1699250914.2026393 2.0 0.1 0.0 0
1699250914.2530463 2.0 0.1 0.0 0
1699250914.3035033 2.0 0.1 0.0 0
1699250914.512264 2.0 0.1 0.0 0
1699250914.7151098 2.0 0.1 0.0 0
1699250914.7641203 2.0 0.1 0.0 0
1699250914.9681492 2.0 0.1 0.0 0
1699250915.0176222 2.0 0.1 0.0 0
1699250915.0682957 2.0 0.1 0.0 0
1699250915.1178265 2.0 0.1 0.0 0
1699250915.3124256 2.0 0.1 0.0 0
1699250915.3622367 2.0 0.1 0.0 0
1699250915.4124482 2.0 0.1 0.0 0
1699250915.4627292 2.0 0.1 0.0 0
1699250915.683713 2.0 0.1 0.0 0
1699250915.8969278 2.0 0.1 0.0 0
1699250915.9439354 2.0 0.1 0.0 0
1699250916.1614628 2.0 0.1 0.0 0
1699250916.2111828 2.0 0.1 0.0 0
1699250916.262035 2.0 0.1 0.0 0
1699250916.3122063 2.0 0.1 0.0 0
1699250916.5119772 2.0 0.1 0.0 0
1699250916.5612779 2.0 0.1 0.0 0
1699250916.6114008 2.0 0.1 0.0 0
1699250916.6614165 2.0 0.1 0.0 0
1699250916.86831 2.0 0.1 0.0 0
1699250917.074608 2.0 0.1 0.0 0
1699250917.1238198 2.0 0.1 0.0 0
1699250917.344764 2.0 0.1 0.0 0
1699250917.3907547 2.0 0.1 0.0 0
1699250917.4419076 2.0 0.1 0.0 0
1699250917.6617663 2.0 0.1 0.0 0
1699250917.711456 2.0 0.1 0.0 0
1699250917.761641 2.0 0.1 0.0 0
1699250917.8115335 2.0 0.1 0.0 0
1699250918.0240808 2.0 0.1 0.0 0
1699250918.0735972 2.0 0.1 0.0 0
1699250918.123696 2.0 0.1 0.0 0
1699250918.1740077 2.0 0.1 0.0 0
1699250918.4001522 2.0 0.1 0.0 0
1699250918.4488587 2.0 0.1 0.0 0
1699250918.498991 2.0 0.1 0.0 0
1699250918.5495627 2.0 0.1 0.0 0
1699250918.7550714 2.0 0.1 0.0 0
1699250918.8046339 2.0 0.1 0.0 0
1699250918.8549023 2.0 0.1 0.0 0
1699250918.9045312 2.0 0.1 0.0 0
1699250919.105881 2.0 0.1 0.0 0
1699250919.3178113 2.0 0.1 0.0 0
1699250919.366925 2.0 0.1 0.0 0
1699250919.5895617 2.0 0.1 0.0 0
1699250919.6389632 2.0 0.1 0.0 0
1699250919.690031 2.0 0.1 0.0 0
1699250919.9042823 2.0 0.1 0.0 0
1699250919.9541497 2.0 0.1 0.0 0
1699250920.00411 2.0 0.1 0.0 0
1699250920.0552704 2.0 0.1 0.0 0
1699250920.2666798 2.0 0.1 0.0 0
1699250920.3158252 2.0 0.1 0.0 0
1699250920.3660276 2.0 0.1 0.0 0
1699250920.5843987 2.0 0.1 0.0 0
1699250920.635088 2.0 0.1 0.0 0
1699250920.6858778 2.0 0.1 0.0 0
1699250920.8945203 2.0 0.1 0.0 0
1699250920.943756 2.0 0.1 0.0 0
1699250920.9940388 2.0 0.1 0.0 0
1699250921.0439095 2.0 0.1 0.0 0
1699250921.2638817 2.0 0.1 0.0 0
1699250921.4759452 2.0 0.1 0.0 0
1699250921.5259008 2.0 0.1 0.0 0
1699250921.736229 2.0 0.1 0.0 0
1699250921.7862604 2.0 0.1 0.0 0
1699250921.8360248 2.0 0.1 0.0 0
1699250922.0446167 2.0 0.1 0.0 0
1699250922.093552 2.0 0.1 0.0 0
1699250922.14367 2.0 0.1 0.0 0
1699250922.3543997 2.0 0.1 0.0 0
1699250922.4032807 2.0 0.1 0.0 0
1699250922.4533255 2.0 0.1 0.0 0
1699250922.657526 2.0 0.1 0.0 0
1699250922.7066655 2.0 0.1 0.0 0
1699250922.7568083 2.0 0.1 0.0 0
1699250922.9677496 2.0 0.1 0.0 0
1699250923.0174143 2.0 0.1 0.0 0
1699250923.0684876 2.0 0.1 0.0 0
1699250923.2831433 2.0 0.1 0.0 0
1699250923.3328342 2.0 0.1 0.0 0
1699250923.3836539 2.0 0.1 0.0 0
1699250923.435069 2.0 0.1 0.0 0
1699250923.6391416 2.0 0.1 0.0 0
1699250923.8391237 2.0 0.1 0.0 0
1699250923.8881898 2.0 0.1 0.0 0
1699250924.09297 2.0 0.1 0.0 0
1699250924.1415484 2.0 0.1 0.0 0
1699250924.193259 2.0 0.1 0.0 0
1699250924.4190524 2.0 0.1 0.0 0
1699250924.4685724 2.0 0.1 0.0 0
1699250924.5196204 2.0 0.1 0.0 0
1699250924.569553 2.0 0.1 0.0 0
1699250924.7713416 2.0 0.1 0.0 0
1699250924.989604 2.0 0.1 0.0 0
1699250925.038363 2.0 0.1 0.0 0
1699250925.248747 2.0 0.1 0.0 0
1699250925.2979972 2.0 0.1 0.0 0
1699250925.3479624 2.0 0.1 0.0 0
1699250925.3979502 2.0 0.1 0.0 0
1699250925.614878 2.0 0.1 0.0 0
1699250925.6644628 2.0 0.1 0.0 0
1699250925.7154832 2.0 0.1 0.0 0
1699250925.9221663 2.0 0.1 0.0 0
1699250925.9704638 2.0 0.1 0.0 0
1699250926.0207782 2.0 0.1 0.0 0
1699250926.2519076 2.0 0.1 0.0 0
1699250926.3018315 2.0 0.1 0.0 0
1699250926.3519182 2.0 0.1 0.0 0
1699250926.5698788 2.0 0.1 0.0 0
1699250926.618862 2.0 0.1 0.0 0
1699250926.6695802 2.0 0.1 0.0 0
1699250926.7195325 2.0 0.1 0.0 0
1699250926.9302607 2.0 0.1 0.0 0
1699250926.979768 2.0 0.1 0.0 0
1699250927.029711 2.0 0.1 0.0 0
1699250927.2514942 2.0 0.1 0.0 0
1699250927.3016207 2.0 0.1 0.0 0
1699250927.352846 2.0 0.1 0.0 0
1699250927.4022923 2.0 0.1 0.0 0
1699250927.6210911 2.0 0.1 0.0 0
1699250927.6711056 2.0 0.1 0.0 0
1699250927.720972 2.0 0.1 0.0 0
1699250927.929319 2.0 0.1 0.0 0
1699250927.9792857 2.0 0.1 0.0 0
1699250928.0292664 2.0 0.1 0.0 0
1699250928.0794547 2.0 0.1 0.0 0
1699250928.285567 2.0 0.1 0.0 0
1699250928.5039198 2.0 0.1 0.0 0
1699250928.553239 2.0 0.1 0.0 0
1699250928.7552536 2.0 0.1 0.0 0
1699250928.8046582 2.0 0.1 0.0 0
1699250928.8595307 2.0 0.1 0.0 0
1699250928.9084516 2.0 0.1 0.0 0
1699250929.1225624 2.0 0.1 0.0 0
1699250929.1725404 2.0 0.1 0.0 0
1699250929.22442 2.0 0.1 0.0 0
1699250929.4405432 2.0 0.1 0.0 0
1699250929.4896455 2.0 0.1 0.0 0
1699250929.540493 2.0 0.1 0.0 0
1699250929.5915344 2.0 0.1 0.0 0
1699250929.7999113 2.0 0.1 0.0 0
1699250929.8488953 2.0 0.1 0.0 0
1699250929.9014843 2.0 0.1 0.0 0
1699250929.9497805 2.0 0.1 0.0 0
1699250930.1595745 2.0 0.1 0.0 0
1699250930.3629467 2.0 0.1 0.0 0
1699250930.41222 2.0 0.1 0.0 0
1699250930.6077971 2.0 0.1 0.0 0
1699250930.6563818 2.0 0.1 0.0 0
1699250930.7165902 2.0 0.1 0.0 0
1699250930.7586586 2.0 0.1 0.0 0
1699250930.9563935 2.0 0.1 0.0 0
1699250931.005607 2.0 0.1 0.0 0
1699250931.0557282 2.0 0.1 0.0 0
1699250931.1058338 2.0 0.1 0.0 0
1699250931.3220696 2.0 0.1 0.0 0
1699250931.3713565 2.0 0.1 0.0 0
1699250931.4227083 2.0 0.1 0.0 0
1699250931.6427433 2.0 0.1 0.0 0
1699250931.691746 2.0 0.1 0.0 0
1699250931.7420793 2.0 0.1 0.0 0
1699250931.954742 2.0 0.1 0.0 0
1699250932.0045311 2.0 0.1 0.0 0
1699250932.0547652 2.0 0.1 0.0 0
1699250932.2631822 2.0 0.1 0.0 0
1699250932.3127718 2.0 0.1 0.0 0
1699250932.3629682 2.0 0.1 0.0 0
1699250932.583792 2.0 0.1 0.0 0
1699250932.631997 2.0 0.1 0.0 0
1699250932.6823804 2.0 0.1 0.0 0
1699250932.8938866 2.0 0.1 0.0 0
1699250932.9431262 2.0 0.1 0.0 0
1699250932.9931893 2.0 0.1 0.0 0
1699250933.0434914 2.0 0.1 0.0 0
1699250933.2566447 2.0 0.1 0.0 0
1699250933.4578547 2.0 0.1 0.0 0
1699250933.5073 2.0 0.1 0.0 0
1699250933.7218978 2.0 0.1 0.0 0
1699250933.7707858 2.0 0.1 0.0 0
1699250933.821264 2.0 0.1 0.0 0
1699250934.0354764 2.0 0.1 0.0 0
1699250934.0854733 2.0 0.1 0.0 0
1699250934.1355412 2.0 0.1 0.0 0
1699250934.3585763 2.0 0.1 0.0 0
1699250934.397714 2.0 0.1 0.0 0
1699250934.4483886 2.0 0.1 0.0 0
1699250934.6567128 2.0 0.1 0.0 0
1699250934.7062907 2.0 0.1 0.0 0
1699250934.7566032 2.0 0.1 0.0 0
1699250934.9812353 2.0 0.1 0.0 0
1699250935.0306087 2.0 0.1 0.0 0
1699250935.0806427 2.0 0.1 0.0 0
1699250935.1307778 2.0 0.1 0.0 0
1699250935.3433595 2.0 0.1 0.0 0
1699250935.5657628 2.0 0.1 0.0 0
1699250935.6152298 2.0 0.1 0.0 0
1699250935.8188477 2.0 0.1 0.0 0
1699250935.8684514 2.0 0.1 0.0 0
1699250935.9177847 2.0 0.1 0.0 0
1699250936.1145823 2.0 0.1 0.0 0
1699250936.1638303 2.0 0.1 0.0 0
1699250936.2139874 2.0 0.1 0.0 0
1699250936.4272182 2.0 0.1 0.0 0
1699250936.4768488 2.0 0.1 0.0 0
1699250936.5259984 2.0 0.1 0.0 0
1699250936.7398334 2.0 0.1 0.0 0
1699250936.789608 2.0 0.1 0.0 0
1699250936.8398087 2.0 0.1 0.0 0
1699250936.8899236 2.0 0.1 0.0 0
1699250937.0912838 2.0 0.1 0.0 0
1699250937.2977417 2.0 0.1 0.0 0
1699250937.3471873 2.0 0.1 0.0 0
1699250937.5422027 2.0 0.1 0.0 0
1699250937.5942013 2.0 0.1 0.0 0
1699250937.64526 2.0 0.1 0.0 0
1699250937.6948626 2.0 0.1 0.0 0
1699250937.9169345 2.0 0.1 0.0 0
1699250937.9669828 2.0 0.1 0.0 0
1699250938.017197 2.0 0.1 0.0 0
1699250938.223997 2.0 0.1 0.0 0
1699250938.273278 2.0 0.1 0.0 0
1699250938.3235092 2.0 0.1 0.0 0
1699250938.374273 2.0 0.1 0.0 0
1699250938.5830617 2.0 0.1 0.0 0
1699250938.7869496 2.0 0.1 0.0 0
1699250938.8357887 2.0 0.1 0.0 0
1699250939.051311 2.0 0.1 0.0 0
1699250939.1003466 2.0 0.1 0.0 0
1699250939.1507912 2.0 0.1 0.0 0
1699250939.2008386 2.0 0.1 0.0 0
1699250939.396992 2.0 0.1 0.0 0
1699250939.447377 2.0 0.1 0.0 0
1699250939.497906 2.0 0.1 0.0 0
1699250939.5482132 2.0 0.1 0.0 0
1699250939.7554946 2.0 0.1 0.0 0
1699250939.805215 2.0 0.1 0.0 0
1699250939.8554375 2.0 0.1 0.0 0
1699250940.0695202 2.0 0.1 0.0 0
1699250940.1193252 2.0 0.1 0.0 0
1699250940.169023 2.0 0.1 0.0 0
1699250940.399612 2.0 0.1 0.0 0
1699250940.4487734 2.0 0.1 0.0 0
1699250940.4989004 2.0 0.1 0.0 0
1699250940.5492754 2.0 0.1 0.0 0
1699250940.7568228 2.0 0.1 0.0 0
1699250940.956863 2.0 0.1 0.0 0
1699250941.0066335 2.0 0.1 0.0 0
1699250941.207664 2.0 0.1 0.0 0
1699250941.2557826 2.0 0.1 0.0 0
1699250941.3058722 2.0 0.1 0.0 0
1699250941.5217156 2.0 0.1 0.0 0
1699250941.5703638 2.0 0.1 0.0 0
1699250941.620043 2.0 0.1 0.0 0
1699250941.671696 2.0 0.1 0.0 0
1699250941.8781579 2.0 0.1 0.0 0
1699250942.0863657 2.0 0.1 0.0 0
1699250942.1361332 2.0 0.1 0.0 0
1699250942.3507862 2.0 0.1 0.0 0
1699250942.3998 2.0 0.1 0.0 0
1699250942.4498909 2.0 0.1 0.0 0
1699250942.6646762 2.0 0.1 0.0 0
1699250942.7032773 2.0 0.1 0.0 0
1699250942.7439048 2.0 0.1 0.0 0
1699250942.9514215 2.0 0.1 0.0 0
1699250943.0009491 2.0 0.1 0.0 0
1699250943.0515785 2.0 0.1 0.0 0
1699250943.1017518 2.0 0.1 0.0 0
1699250943.3050601 2.0 0.1 0.0 0
1699250943.5077963 2.0 0.1 0.0 0
1699250943.5562449 2.0 0.1 0.0 0
1699250943.7718747 2.0 0.1 0.0 0
1699250943.8218744 2.0 0.1 0.0 0
1699250943.874379 2.0 0.1 0.0 0
1699250944.1038003 2.0 0.1 0.0 0
1699250944.154389 2.0 0.1 0.0 0
1699250944.203983 2.0 0.1 0.0 0
1699250944.4205458 2.0 0.1 0.0 0
1699250944.4709647 2.0 0.1 0.0 0
1699250944.5205941 2.0 0.1 0.0 0
1699250944.5708451 2.0 0.1 0.0 0
1699250944.7898128 2.0 0.1 0.0 0
1699250945.0040207 2.0 0.1 0.0 0
1699250945.0530443 2.0 0.1 0.0 0
1699250945.2621918 2.0 0.1 0.0 0
1699250945.3122833 2.0 0.1 0.0 0
1699250945.3622293 2.0 0.1 0.0 0
1699250945.4123528 2.0 0.1 0.0 0
1699250945.6148903 2.0 0.1 0.0 0
1699250945.6786273 2.0 0.1 0.0 0
1699250945.7156618 2.0 0.1 0.0 0
1699250945.7639184 2.0 0.1 0.0 0
1699250945.987649 2.0 0.1 0.0 0
1699250946.0360014 2.0 0.1 0.0 0
1699250946.0861769 2.0 0.1 0.0 0
1699250946.136449 2.0 0.1 0.0 0
1699250946.4468675 2.0 0.1 0.0 0
1699250946.6612957 2.0 0.1 0.0 0
1699250946.7112107 2.0 0.1 0.0 0
1699250946.9197097 2.0 0.1 0.0 0
1699250946.969344 2.0 0.1 0.0 0
1699250947.0195324 2.0 0.1 0.0 0
1699250947.0711398 2.0 0.1 0.0 0
1699250947.2776954 2.0 0.1 0.0 0
1699250947.4818077 2.0 0.1 0.0 0
1699250947.5310009 2.0 0.1 0.0 0
1699250947.757442 2.0 0.1 0.0 0
1699250947.8056848 2.0 0.1 0.0 0
1699250947.8556404 2.0 0.1 0.0 0
1699250948.0614817 2.0 0.1 0.0 0
1699250948.1118855 2.0 0.1 0.0 0
1699250948.1620433 2.0 0.1 0.0 0
1699250948.2126822 2.0 0.1 0.0 0
1699250948.4314215 2.0 0.1 0.0 0
1699250948.6434493 2.0 0.1 0.0 0
1699250948.693289 2.0 0.1 0.0 0
1699250948.899975 2.0 0.1 0.0 0
1699250948.9500065 2.0 0.1 0.0 0
