1699265211.6739316 3.5 0.1 -0.04 0
1699265212.0897703 3.491840000000002 0.1 0.0 0
1699265212.253599 3.491840000000002 0.1 0.0 0
1699265212.3026698 3.491840000000002 0.1 0.0 0
1699265212.3526094 3.491840000000002 0.1 0.0 0
1699265212.402366 3.491840000000002 0.1 0.0 0
1699265212.4534934 3.491840000000002 0.1 0.0 0
1699265212.503877 3.491840000000002 0.1 0.0 0
1699265212.5540123 3.491840000000002 0.1 0.0 0
1699265212.603573 3.491840000000002 0.1 0.0 0
1699265212.6539018 3.491840000000002 0.1 0.0 0
1699265212.7043276 3.491840000000002 0.1 0.0 0
1699265212.7539465 3.491840000000002 0.1 0.0 0
1699265212.804079 3.491840000000002 0.1 0.0 0
1699265212.8540692 3.491840000000002 0.1 0.0 0
1699265212.904538 3.491840000000002 0.1 0.0 0
1699265212.954465 3.491840000000002 0.1 0.0 0
1699265213.0048072 3.491840000000002 0.1 0.0 0
1699265213.0551472 3.491840000000002 0.1 0.0 0
1699265213.104941 3.491840000000002 0.1 0.0 0
1699265213.1564906 3.491840000000002 0.1 0.0 0
1699265213.2064333 3.491840000000002 0.1 0.0 0
1699265213.2565382 3.491840000000002 0.1 0.0 0
1699265213.307223 3.491840000000002 0.1 0.0 0
1699265213.3571885 3.491840000000002 0.1 0.0 0
1699265213.4067986 3.491840000000002 0.1 0.0 0
1699265213.4569683 3.491840000000002 0.1 0.0 0
1699265213.507843 3.491840000000002 0.1 0.0 0
1699265213.5577946 3.491840000000002 0.1 0.0 0
1699265213.607869 3.491840000000002 0.1 0.0 0
1699265213.6580646 3.491840000000002 0.1 0.0 0
1699265213.7086024 3.491840000000002 0.1 0.0 0
1699265213.7587774 3.491840000000002 0.1 0.0 0
1699265213.808783 3.491840000000002 0.1 0.0 0
1699265213.8588424 3.491840000000002 0.1 0.0 0
1699265213.9088643 3.491840000000002 0.1 0.0 0
1699265213.9590833 3.491840000000002 0.1 0.0 0
1699265214.0093348 3.491840000000002 0.1 0.0 0
1699265214.0596802 3.491840000000002 0.1 0.0 0
1699265214.1098163 3.491840000000002 0.1 0.0 0
1699265214.1603065 3.491840000000002 0.1 0.0 0
1699265214.2102258 3.491840000000002 0.1 0.0 0
1699265214.2601664 3.491840000000002 0.1 0.0 0
1699265214.3104286 3.491840000000002 0.1 0.0 0
1699265214.3604555 3.491840000000002 0.1 0.0 0
1699265214.4110792 3.491840000000002 0.1 0.0 0
1699265214.4607656 3.491840000000002 0.1 0.0 0
1699265214.511181 3.491840000000002 0.1 0.0 0
1699265214.5624964 3.491840000000002 0.1 0.0 0
1699265214.612547 3.491840000000002 0.1 0.0 0
1699265214.6629486 3.491840000000002 0.1 0.0 0
1699265214.7135952 3.491840000000002 0.1 0.0 0
1699265214.7638426 3.491840000000002 0.1 0.0 0
1699265214.8138175 3.491840000000002 0.1 0.0 0
1699265214.8642225 3.491840000000002 0.1 0.0 0
1699265214.913889 3.491840000000002 0.1 0.0 0
1699265214.964191 3.491840000000002 0.1 0.0 0
1699265215.014252 3.491840000000002 0.1 0.0 0
1699265215.0645475 3.491840000000002 0.1 0.0 0
1699265215.1149876 3.491840000000002 0.1 0.0 0
1699265215.1648672 3.491840000000002 0.1 0.0 0
1699265215.2151308 3.491840000000002 0.1 0.0 0
1699265215.2648997 3.491840000000002 0.1 0.0 0
1699265215.3150713 3.491840000000002 0.1 0.0 0
1699265215.3650725 3.491840000000002 0.1 0.0 0
1699265215.4149752 3.491840000000002 0.1 0.0 0
1699265215.465327 3.491840000000002 0.1 0.0 0
1699265215.5158677 3.491840000000002 0.1 0.0 0
1699265215.5660756 3.491840000000002 0.1 0.0 0
1699265215.6161404 3.491840000000002 0.1 0.0 0
1699265215.6661005 3.491840000000002 0.1 0.0 0
1699265215.716322 3.491840000000002 0.1 0.0 0
1699265215.7664738 3.491840000000002 0.1 0.0 0
1699265215.8166387 3.491840000000002 0.1 0.0 0
1699265215.867807 3.491840000000002 0.1 0.0 0
1699265215.9173503 3.491840000000002 0.1 0.0 0
1699265215.967266 3.491840000000002 0.1 0.0 0
1699265216.0173242 3.491840000000002 0.1 0.0 0
1699265216.067308 3.491840000000002 0.1 0.0 0
1699265216.1175568 3.491840000000002 0.1 0.0 0
1699265216.1679497 3.491840000000002 0.1 0.0 0
1699265216.2213292 3.491840000000002 0.1 0.0 0
1699265216.2717264 3.491840000000002 0.1 0.0 0
1699265216.3214517 3.491840000000002 0.1 0.0 0
1699265216.3715544 3.491840000000002 0.1 0.0 0
1699265216.421422 3.491840000000002 0.1 0.0 0
1699265216.4716532 3.491840000000002 0.1 0.0 0
1699265216.5223658 3.491840000000002 0.1 0.0 0
1699265216.5729496 3.491840000000002 0.1 0.0 0
1699265216.624278 3.491840000000002 0.1 0.0 0
1699265216.673291 3.491840000000002 0.1 0.0 0
1699265216.7233179 3.491840000000002 0.1 0.0 0
1699265216.7734866 3.491840000000002 0.1 0.0 0
1699265216.8235524 3.491840000000002 0.1 0.0 0
1699265216.8735862 3.491840000000002 0.1 0.0 0
1699265216.9241595 3.491840000000002 0.1 0.0 0
1699265216.9743142 3.491840000000002 0.1 0.0 0
1699265217.0249212 3.491840000000002 0.1 0.0 0
1699265217.075346 3.491840000000002 0.1 0.0 0
1699265217.1253736 3.491840000000002 0.1 0.0 0
1699265217.175794 3.491840000000002 0.1 0.0 0
1699265217.2267797 3.491840000000002 0.1 0.0 0
1699265217.2763543 3.491840000000002 0.1 0.0 0
1699265217.3262727 3.491840000000002 0.1 0.0 0
1699265217.3764224 3.491840000000002 0.1 0.0 0
1699265217.4280567 3.491840000000002 0.1 0.0 0
1699265217.4775367 3.491840000000002 0.1 0.0 0
1699265217.5272827 3.491840000000002 0.1 0.0 0
1699265217.577587 3.491840000000002 0.1 0.0 0
1699265217.628064 3.491840000000002 0.1 0.0 0
1699265217.677867 3.491840000000002 0.1 0.0 0
1699265217.7279024 3.491840000000002 0.1 0.0 0
1699265217.7778244 3.491840000000002 0.1 0.0 0
1699265217.8278375 3.491840000000002 0.1 0.0 0
1699265217.8779335 3.491840000000002 0.1 0.0 0
1699265217.9279125 3.491840000000002 0.1 0.0 0
1699265217.9788177 3.491840000000002 0.1 0.0 0
1699265218.0295537 3.491840000000002 0.1 0.0 0
1699265218.0795815 3.491840000000002 0.1 0.0 0
1699265218.1294692 3.491840000000002 0.1 0.0 0
1699265218.179513 3.491840000000002 0.1 0.0 0
1699265218.229377 3.491840000000002 0.1 0.0 0
1699265218.2794113 3.491840000000002 0.1 0.0 0
1699265218.3296916 3.491840000000002 0.1 0.0 0
1699265218.3798616 3.491840000000002 0.1 0.0 0
1699265218.4299526 3.491840000000002 0.1 0.0 0
1699265218.480087 3.491840000000002 0.1 0.0 0
1699265218.529991 3.491840000000002 0.1 0.0 0
1699265218.5804262 3.491840000000002 0.1 0.0 0
1699265218.6302557 3.491840000000002 0.1 0.0 0
1699265218.6806743 3.491840000000002 0.1 0.0 0
1699265218.7312531 3.491840000000002 0.1 0.0 0
1699265218.7814908 3.491840000000002 0.1 0.0 0
1699265218.831607 3.491840000000002 0.1 0.0 0
1699265218.8814397 3.491840000000002 0.1 0.0 0
1699265218.931836 3.491840000000002 0.1 0.0 0
1699265218.9818466 3.491840000000002 0.1 0.0 0
1699265219.0319 3.491840000000002 0.1 0.0 0
1699265219.0820267 3.491840000000002 0.1 0.0 0
1699265219.1323805 3.491840000000002 0.1 0.0 0
1699265219.1824405 3.491840000000002 0.1 0.0 0
1699265219.2329178 3.491840000000002 0.1 0.0 0
1699265219.2824686 3.491840000000002 0.1 0.0 0
1699265219.3326366 3.491840000000002 0.1 0.0 0
1699265219.382882 3.491840000000002 0.1 0.0 0
1699265219.433071 3.491840000000002 0.1 0.0 0
1699265219.4837296 3.491840000000002 0.1 0.0 0
1699265219.533403 3.491840000000002 0.1 0.0 0
1699265219.5840456 3.491840000000002 0.1 0.0 0
1699265219.6338696 3.491840000000002 0.1 0.0 0
1699265219.6838965 3.491840000000002 0.1 0.0 0
1699265219.7339609 3.491840000000002 0.1 0.0 0
1699265219.7839475 3.491840000000002 0.1 0.0 0
1699265219.8349116 3.491840000000002 0.1 0.0 0
1699265219.8850784 3.491840000000002 0.1 0.0 0
1699265219.9348962 3.491840000000002 0.1 0.0 0
1699265219.9888215 3.491840000000002 0.1 0.0 0
1699265220.0347543 3.491840000000002 0.1 0.0 0
1699265220.0854461 3.491840000000002 0.1 0.0 0
1699265220.135835 3.491840000000002 0.1 0.0 0
1699265220.1856806 3.491840000000002 0.1 0.0 0
1699265220.2358842 3.491840000000002 0.1 0.0 0
1699265220.2869558 3.491840000000002 0.1 0.0 0
1699265220.336646 3.491840000000002 0.1 0.0 0
1699265220.3867266 3.491840000000002 0.1 0.0 0
1699265220.5514584 3.491840000000002 0.1 0.0 0
1699265220.6012611 3.491840000000002 0.1 0.0 0
1699265220.6519988 3.491840000000002 0.1 0.0 0
1699265220.7021263 3.491840000000002 0.1 0.0 0
1699265220.752211 3.491840000000002 0.1 0.0 0
1699265220.80256 3.491840000000002 0.1 0.0 0
1699265220.853007 3.491840000000002 0.1 0.0 0
1699265220.9029279 3.491840000000002 0.1 0.0 0
1699265220.9529817 3.491840000000002 0.1 0.0 0
1699265221.0038126 3.491840000000002 0.1 0.0 0
1699265221.0534155 3.491840000000002 0.1 0.0 0
1699265221.1035845 3.491840000000002 0.1 0.0 0
1699265221.1537652 3.491840000000002 0.1 0.0 0
1699265221.2040424 3.491840000000002 0.1 0.0 0
1699265221.253802 3.491840000000002 0.1 0.0 0
1699265221.304302 3.491840000000002 0.1 0.0 0
1699265221.3551986 3.491840000000002 0.1 0.0 0
1699265221.4055564 3.491840000000002 0.1 0.0 0
1699265221.4556174 3.491840000000002 0.1 0.0 0
1699265221.5073297 3.491840000000002 0.1 0.0 0
1699265221.5576751 3.491840000000002 0.1 0.0 0
1699265221.6079888 3.491840000000002 0.1 0.0 0
1699265221.6576443 3.491840000000002 0.1 0.0 0
1699265221.7078013 3.491840000000002 0.1 0.0 0
1699265221.7587674 3.491840000000002 0.1 0.0 0
1699265221.809094 3.491840000000002 0.1 0.0 0
1699265221.859498 3.491840000000002 0.1 0.0 0
1699265221.9092884 3.491840000000002 0.1 0.0 0
1699265221.9591088 3.491840000000002 0.1 0.0 0
1699265222.0093203 3.491840000000002 0.1 0.0 0
1699265222.0594354 3.491840000000002 0.1 0.0 0
1699265222.1095223 3.491840000000002 0.1 0.0 0
1699265222.16 3.491840000000002 0.1 0.0 0
1699265222.2098842 3.491840000000002 0.1 0.0 0
1699265222.2598808 3.491840000000002 0.1 0.0 0
1699265222.3100865 3.491840000000002 0.1 0.0 0
1699265222.3602383 3.491840000000002 0.1 0.0 0
1699265222.410535 3.491840000000002 0.1 0.0 0
1699265222.4605677 3.491840000000002 0.1 0.0 0
1699265222.510804 3.491840000000002 0.1 0.0 0
1699265222.5612035 3.491840000000002 0.1 0.0 0
1699265222.6111853 3.491840000000002 0.1 0.0 0
1699265222.660888 3.491840000000002 0.1 0.0 0
1699265222.7111187 3.491840000000002 0.1 0.0 0
1699265222.7613773 3.491840000000002 0.1 0.0 0
1699265222.811751 3.491840000000002 0.1 0.0 0
1699265222.8618329 3.491840000000002 0.1 0.0 0
1699265222.9120934 3.491840000000002 0.1 0.0 0
1699265222.9619832 3.491840000000002 0.1 0.0 0
1699265223.0126843 3.491840000000002 0.1 0.0 0
1699265223.0632741 3.491840000000002 0.1 0.0 0
1699265223.113238 3.491840000000002 0.1 0.0 0
1699265223.1633573 3.491840000000002 0.1 0.0 0
1699265223.2136865 3.491840000000002 0.1 0.0 0
1699265223.264656 3.491840000000002 0.1 0.0 0
1699265223.3138363 3.491840000000002 0.1 0.0 0
1699265223.3647933 3.491840000000002 0.1 0.0 0
1699265223.4147162 3.491840000000002 0.1 0.0 0
1699265223.4648004 3.491840000000002 0.1 0.0 0
1699265223.515218 3.491840000000002 0.1 0.0 0
1699265223.5658493 3.491840000000002 0.1 0.0 0
1699265223.6165218 3.491840000000002 0.1 0.0 0
1699265223.666752 3.491840000000002 0.1 0.0 0
1699265223.7166805 3.491840000000002 0.1 0.0 0
1699265223.7667985 3.491840000000002 0.1 0.0 0
1699265223.8167934 3.491840000000002 0.1 0.0 0
1699265223.8671486 3.491840000000002 0.1 0.0 0
1699265223.9182613 3.491840000000002 0.1 0.0 0
1699265223.9685287 3.491840000000002 0.1 0.0 0
1699265224.0186458 3.491840000000002 0.1 0.0 0
1699265224.068713 3.491840000000002 0.1 0.0 0
1699265224.1187108 3.491840000000002 0.1 0.0 0
1699265224.1695542 3.491840000000002 0.1 0.0 0
1699265224.2197888 3.491840000000002 0.1 0.0 0
1699265224.2696438 3.491840000000002 0.1 0.0 0
1699265224.3196843 3.491840000000002 0.1 0.0 0
1699265224.3695977 3.491840000000002 0.1 0.0 0
1699265224.4197273 3.491840000000002 0.1 0.0 0
1699265224.4707978 3.491840000000002 0.1 0.0 0
1699265224.5199907 3.491840000000002 0.1 0.0 0
1699265224.5700552 3.491840000000002 0.1 0.0 0
1699265224.6212761 3.491840000000002 0.1 0.0 0
1699265224.6717005 3.491840000000002 0.1 0.0 0
1699265224.7214558 3.491840000000002 0.1 0.0 0
1699265224.7718127 3.491840000000002 0.1 0.0 0
1699265224.8219855 3.491840000000002 0.1 0.0 0
1699265224.8721366 3.491840000000002 0.1 0.0 0
1699265224.9221523 3.491840000000002 0.1 0.0 0
1699265224.9730892 3.491840000000002 0.1 0.0 0
1699265225.0243568 3.491840000000002 0.1 0.0 0
1699265225.074128 3.491840000000002 0.1 0.0 0
1699265225.1239948 3.491840000000002 0.1 0.0 0
1699265225.1743584 3.491840000000002 0.1 0.0 0
1699265225.2242675 3.491840000000002 0.1 0.0 0
1699265225.2741623 3.491840000000002 0.1 0.0 0
1699265225.3243463 3.491840000000002 0.1 0.0 0
1699265225.3745613 3.491840000000002 0.1 0.0 0
1699265225.4249332 3.491840000000002 0.1 0.0 0
1699265225.47626 3.491840000000002 0.1 0.0 0
1699265225.5249176 3.491840000000002 0.1 0.0 0
1699265225.57461 3.491840000000002 0.1 0.0 0
1699265225.6249993 3.491840000000002 0.1 0.0 0
1699265225.675119 3.491840000000002 0.1 0.0 0
1699265225.7250135 3.491840000000002 0.1 0.0 0
1699265225.7752426 3.491840000000002 0.1 0.0 0
1699265225.8258283 3.491840000000002 0.1 0.0 0
1699265225.9884293 3.491840000000002 0.1 0.0 0
1699265226.0384705 3.491840000000002 0.1 0.0 0
1699265226.1703415 3.491840000000002 0.1 0.0 0
1699265226.2053356 3.491840000000002 0.1 0.0 0
1699265226.2317693 3.491840000000002 0.1 0.0 0
1699265226.3710368 3.491840000000002 0.1 0.0 0
1699265226.4202242 3.491840000000002 0.1 0.0 0
1699265226.4701726 3.491840000000002 0.1 0.0 0
1699265226.6657975 3.491840000000002 0.1 0.0 0
1699265226.8560967 3.491840000000002 0.1 0.0 0
1699265226.9063349 3.491840000000002 0.1 0.0 0
1699265227.094249 3.491840000000002 0.1 0.0 0
1699265227.143682 3.491840000000002 0.1 0.0 0
1699265227.195409 3.491840000000002 0.1 0.0 0
1699265227.384047 3.491840000000002 0.1 0.0 0
1699265227.43375 3.491840000000002 0.1 0.0 0
1699265227.4843352 3.491840000000002 0.1 0.0 0
1699265227.6656687 3.491840000000002 0.1 0.0 0
1699265227.714758 3.491840000000002 0.1 0.0 0
1699265227.7648935 3.491840000000002 0.1 0.0 0
1699265227.956521 3.491840000000002 0.1 0.0 0
1699265228.0057392 3.491840000000002 0.1 0.0 0
1699265228.0557437 3.491840000000002 0.1 0.0 0
1699265228.2581308 3.491840000000002 0.1 0.0 0
1699265228.308092 3.491840000000002 0.1 0.0 0
1699265228.357643 3.491840000000002 0.1 0.0 0
1699265228.5470064 3.491840000000002 0.1 0.0 0
1699265228.5959644 3.491840000000002 0.1 0.0 0
1699265228.6461396 3.491840000000002 0.1 0.0 0
1699265228.6964595 3.491840000000002 0.1 0.0 0
1699265228.898883 3.491840000000002 0.1 0.0 0
1699265228.9486299 3.491840000000002 0.1 0.0 0
1699265228.998348 3.491840000000002 0.1 0.0 0
1699265229.0492322 3.491840000000002 0.1 0.0 0
1699265229.244112 3.491840000000002 0.1 0.0 0
1699265229.292973 3.491840000000002 0.1 0.0 0
1699265229.3431716 3.491840000000002 0.1 0.0 0
1699265229.3932788 3.491840000000002 0.1 0.0 0
1699265229.587841 3.491840000000002 0.1 0.0 0
1699265229.6379638 3.491840000000002 0.1 0.0 0
1699265229.688377 3.491840000000002 0.1 0.0 0
1699265229.8778112 3.491840000000002 0.1 0.0 0
1699265229.9266286 3.491840000000002 0.1 0.0 0
1699265229.9768963 3.491840000000002 0.1 0.0 0
1699265230.0274558 3.491840000000002 0.1 0.0 0
1699265230.2139769 3.491840000000002 0.1 0.0 0
1699265230.4051008 3.491840000000002 0.1 0.0 0
1699265230.454723 3.491840000000002 0.1 0.0 0
1699265230.6460009 3.491840000000002 0.1 0.0 0
1699265230.6952477 3.491840000000002 0.1 0.0 0
1699265230.7453263 3.491840000000002 0.1 0.0 0
1699265230.9394557 3.491840000000002 0.1 0.0 0
1699265230.989838 3.491840000000002 0.1 0.0 0
1699265231.0405607 3.491840000000002 0.1 0.0 0
1699265231.0907595 3.491840000000002 0.1 0.0 0
1699265231.346855 3.491840000000002 0.1 0.0 0
1699265231.5380175 3.491840000000002 0.1 0.0 0
1699265231.5881157 3.491840000000002 0.1 0.0 0
1699265231.7759109 3.491840000000002 0.1 0.0 0
1699265231.8261538 3.491840000000002 0.1 0.0 0
1699265231.8757517 3.491840000000002 0.1 0.0 0
1699265232.0736275 3.491840000000002 0.1 0.0 0
1699265232.1235685 3.491840000000002 0.1 0.0 0
1699265232.1737685 3.491840000000002 0.1 0.0 0
1699265232.2245584 3.491840000000002 0.1 0.0 0
1699265232.4090514 3.491840000000002 0.1 0.0 0
1699265232.6020389 3.491840000000002 0.1 0.0 0
1699265232.651787 3.491840000000002 0.1 0.0 0
1699265232.841703 3.491840000000002 0.1 0.0 0
1699265232.890771 3.491840000000002 0.1 0.0 0
1699265232.9409068 3.491840000000002 0.1 0.0 0
1699265233.1316464 3.491840000000002 0.1 0.0 0
1699265233.181542 3.491840000000002 0.1 0.0 0
1699265233.233496 3.491840000000002 0.1 0.0 0
1699265233.4141188 3.491840000000002 0.1 0.0 0
1699265233.4634106 3.491840000000002 0.1 0.0 0
1699265233.5134068 3.491840000000002 0.1 0.0 0
1699265233.566313 3.491840000000002 0.1 0.0 0
1699265233.7538676 3.491840000000002 0.1 0.0 0
1699265233.9499412 3.491840000000002 0.1 0.0 0
1699265234.0003753 3.491840000000002 0.1 0.0 0
1699265234.1897702 3.491840000000002 0.1 0.0 0
1699265234.2391436 3.491840000000002 0.1 0.0 0
1699265234.2895892 3.491840000000002 0.1 0.0 0
1699265234.3396194 3.491840000000002 0.1 0.0 0
1699265234.5285056 3.491840000000002 0.1 0.0 0
1699265234.5785713 3.491840000000002 0.1 0.0 0
1699265234.6291502 3.491840000000002 0.1 0.0 0
1699265234.6789296 3.491840000000002 0.1 0.0 0
1699265234.8733394 3.491840000000002 0.1 0.0 0
1699265235.0654788 3.491840000000002 0.1 0.0 0
1699265235.1156414 3.491840000000002 0.1 0.0 0
1699265235.2987902 3.491840000000002 0.1 0.0 0
1699265235.3486044 3.491840000000002 0.1 0.0 0
1699265235.398805 3.491840000000002 0.1 0.0 0
1699265235.4486728 3.491840000000002 0.1 0.0 0
1699265235.6382453 3.491840000000002 0.1 0.0 0
1699265235.687635 3.491840000000002 0.1 0.0 0
1699265235.7378323 3.491840000000002 0.1 0.0 0
1699265235.787929 3.491840000000002 0.1 0.0 0
1699265235.9793172 3.491840000000002 0.1 0.0 0
1699265236.1773927 3.491840000000002 0.1 0.0 0
1699265236.2274168 3.491840000000002 0.1 0.0 0
1699265236.4278376 3.491840000000002 0.1 0.0 0
1699265236.4773788 3.491840000000002 0.1 0.0 0
1699265236.5273688 3.491840000000002 0.1 0.0 0
1699265236.7286232 3.491840000000002 0.1 0.0 0
1699265236.7783203 3.491840000000002 0.1 0.0 0
1699265236.8285394 3.491840000000002 0.1 0.0 0
1699265236.8789227 3.491840000000002 0.1 0.0 0
1699265237.0676804 3.491840000000002 0.1 0.0 0
1699265237.1166987 3.491840000000002 0.1 0.0 0
1699265237.167006 3.491840000000002 0.1 0.0 0
1699265237.2167377 3.491840000000002 0.1 0.0 0
1699265237.423377 3.491840000000002 0.1 0.0 0
1699265237.4729102 3.491840000000002 0.1 0.0 0
1699265237.5240097 3.491840000000002 0.1 0.0 0
1699265237.5729058 3.491840000000002 0.1 0.0 0
1699265237.7622104 3.491840000000002 0.1 0.0 0
1699265237.8116665 3.491840000000002 0.1 0.0 0
1699265237.862051 3.491840000000002 0.1 0.0 0
1699265237.9121437 3.491840000000002 0.1 0.0 0
1699265238.1127727 3.491840000000002 0.1 0.0 0
1699265238.3206124 3.491840000000002 0.1 0.0 0
1699265238.3697274 3.491840000000002 0.1 0.0 0
1699265238.5632007 3.491840000000002 0.1 0.0 0
1699265238.611779 3.491840000000002 0.1 0.0 0
1699265238.6621058 3.491840000000002 0.1 0.0 0
1699265238.8578084 3.491840000000002 0.1 0.0 0
1699265238.9073367 3.491840000000002 0.1 0.0 0
1699265238.957135 3.491840000000002 0.1 0.0 0
1699265239.0074868 3.491840000000002 0.1 0.0 0
1699265239.202921 3.491840000000002 0.1 0.0 0
1699265239.2522986 3.491840000000002 0.1 0.0 0
1699265239.3027604 3.491840000000002 0.1 0.0 0
1699265239.4895508 3.491840000000002 0.1 0.0 0
1699265239.539308 3.491840000000002 0.1 0.0 0
1699265239.5892513 3.491840000000002 0.1 0.0 0
1699265239.784664 3.491840000000002 0.1 0.0 0
1699265239.8352244 3.491840000000002 0.1 0.0 0
1699265239.8851914 3.491840000000002 0.1 0.0 0
1699265239.935547 3.491840000000002 0.1 0.0 0
1699265240.1224434 3.491840000000002 0.1 0.0 0
1699265240.3247898 3.491840000000002 0.1 0.0 0
1699265240.3741775 3.491840000000002 0.1 0.0 0
1699265240.5682101 3.491840000000002 0.1 0.0 0
1699265240.61909 3.491840000000002 0.1 0.0 0
1699265240.668802 3.491840000000002 0.1 0.0 0
1699265240.871588 3.491840000000002 0.1 0.0 0
1699265240.9217374 3.491840000000002 0.1 0.0 0
1699265240.9718516 3.491840000000002 0.1 0.0 0
1699265241.1768737 3.491840000000002 0.1 0.0 0
1699265241.225674 3.491840000000002 0.1 0.0 0
1699265241.2758482 3.491840000000002 0.1 0.0 0
1699265241.465255 3.491840000000002 0.1 0.0 0
1699265241.5150688 3.491840000000002 0.1 0.0 0
1699265241.5646572 3.491840000000002 0.1 0.0 0
1699265241.7472641 3.491840000000002 0.1 0.0 0
1699265241.7963657 3.491840000000002 0.1 0.0 0
1699265241.8458014 3.491840000000002 0.1 0.0 0
1699265242.0342524 3.491840000000002 0.1 0.0 0
1699265242.0841494 3.491840000000002 0.1 0.0 0
1699265242.1343985 3.491840000000002 0.1 0.0 0
1699265242.184427 3.491840000000002 0.1 0.0 0
1699265242.3810902 3.491840000000002 0.1 0.0 0
1699265242.5687382 3.491840000000002 0.1 0.0 0
1699265242.6193666 3.491840000000002 0.1 0.0 0
1699265242.8238127 3.491840000000002 0.1 0.0 0
1699265242.8739285 3.491840000000002 0.1 0.0 0
1699265242.924414 3.491840000000002 0.1 0.0 0
1699265243.1159875 3.491840000000002 0.1 0.0 0
1699265243.1653812 3.491840000000002 0.1 0.0 0
1699265243.2159653 3.491840000000002 0.1 0.0 0
1699265243.2656171 3.491840000000002 0.1 0.0 0
1699265243.4640868 3.491840000000002 0.1 0.0 0
1699265243.645099 3.491840000000002 0.1 0.0 0
1699265243.694816 3.491840000000002 0.1 0.0 0
1699265243.8806653 3.491840000000002 0.1 0.0 0
1699265243.9309833 3.491840000000002 0.1 0.0 0
1699265243.9814622 3.491840000000002 0.1 0.0 0
1699265244.0305305 3.491840000000002 0.1 0.0 0
1699265244.227215 3.491840000000002 0.1 0.0 0
1699265244.277124 3.491840000000002 0.1 0.0 0
1699265244.327499 3.491840000000002 0.1 0.0 0
1699265244.5244458 3.491840000000002 0.1 0.0 0
1699265244.574157 3.491840000000002 0.1 0.0 0
1699265244.6246047 3.491840000000002 0.1 0.0 0
1699265244.8219023 3.491840000000002 0.1 0.0 0
1699265244.8712564 3.491840000000002 0.1 0.0 0
1699265244.9213548 3.491840000000002 0.1 0.0 0
1699265245.136121 3.491840000000002 0.1 0.0 0
1699265245.1847737 3.491840000000002 0.1 0.0 0
1699265245.2348516 3.491840000000002 0.1 0.0 0
1699265245.2851384 3.491840000000002 0.1 0.0 0
1699265245.4730244 3.491840000000002 0.1 0.0 0
1699265245.5229058 3.491840000000002 0.1 0.0 0
1699265245.5734966 3.491840000000002 0.1 0.0 0
1699265245.755752 3.491840000000002 0.1 0.0 0
1699265245.8059022 3.491840000000002 0.1 0.0 0
1699265245.8562376 3.491840000000002 0.1 0.0 0
1699265245.906418 3.491840000000002 0.1 0.0 0
1699265246.1015606 3.491840000000002 0.1 0.0 0
1699265246.1511004 3.491840000000002 0.1 0.0 0
1699265246.2013588 3.491840000000002 0.1 0.0 0
1699265246.4069328 3.491840000000002 0.1 0.0 0
1699265246.45689 3.491840000000002 0.1 0.0 0
1699265246.5071423 3.491840000000002 0.1 0.0 0
1699265246.5571933 3.491840000000002 0.1 0.0 0
1699265246.7727435 3.491840000000002 0.1 0.0 0
1699265246.9584463 3.491840000000002 0.1 0.0 0
1699265247.007949 3.491840000000002 0.1 0.0 0
1699265247.1957395 3.491840000000002 0.1 0.0 0
1699265247.2441735 3.491840000000002 0.1 0.0 0
1699265247.294309 3.491840000000002 0.1 0.0 0
1699265247.3446121 3.491840000000002 0.1 0.0 0
1699265247.5323873 3.491840000000002 0.1 0.0 0
1699265247.5816748 3.491840000000002 0.1 0.0 0
1699265247.6317024 3.491840000000002 0.1 0.0 0
1699265247.825776 3.491840000000002 0.1 0.0 0
1699265247.875295 3.491840000000002 0.1 0.0 0
1699265247.9251626 3.491840000000002 0.1 0.0 0
1699265247.9753716 3.491840000000002 0.1 0.0 0
1699265248.1724274 3.491840000000002 0.1 0.0 0
1699265248.2220979 3.491840000000002 0.1 0.0 0
1699265248.2721648 3.491840000000002 0.1 0.0 0
1699265248.3227694 3.491840000000002 0.1 0.0 0
1699265248.514579 3.491840000000002 0.1 0.0 0
1699265248.7095456 3.491840000000002 0.1 0.0 0
1699265248.759352 3.491840000000002 0.1 0.0 0
1699265248.9490452 3.491840000000002 0.1 0.0 0
1699265248.9989445 3.491840000000002 0.1 0.0 0
1699265249.049288 3.491840000000002 0.1 0.0 0
1699265249.0996475 3.491840000000002 0.1 0.0 0
1699265249.2911592 3.491840000000002 0.1 0.0 0
1699265249.3411312 3.491840000000002 0.1 0.0 0
1699265249.3914793 3.491840000000002 0.1 0.0 0
1699265249.4416296 3.491840000000002 0.1 0.0 0
1699265249.6370487 3.491840000000002 0.1 0.0 0
1699265249.6871817 3.491840000000002 0.1 0.0 0
1699265249.73762 3.491840000000002 0.1 0.0 0
1699265249.9246907 3.491840000000002 0.1 0.0 0
1699265249.97389 3.491840000000002 0.1 0.0 0
1699265250.0239484 3.491840000000002 0.1 0.0 0
1699265250.2146308 3.491840000000002 0.1 0.0 0
1699265250.2637212 3.491840000000002 0.1 0.0 0
1699265250.3138428 3.491840000000002 0.1 0.0 0
1699265250.5084147 3.491840000000002 0.1 0.0 0
1699265250.5577395 3.491840000000002 0.1 0.0 0
1699265250.6082957 3.491840000000002 0.1 0.0 0
1699265250.8169463 3.491840000000002 0.1 0.0 0
1699265250.866821 3.491840000000002 0.1 0.0 0
1699265250.917099 3.491840000000002 0.1 0.0 0
1699265251.1121886 3.491840000000002 0.1 0.0 0
1699265251.1616154 3.491840000000002 0.1 0.0 0
1699265251.2121475 3.491840000000002 0.1 0.0 0
1699265251.2623687 3.491840000000002 0.1 0.0 0
1699265251.470669 3.491840000000002 0.1 0.0 0
1699265251.6654816 3.491840000000002 0.1 0.0 0
1699265251.715278 3.491840000000002 0.1 0.0 0
1699265251.901393 3.491840000000002 0.1 0.0 0
1699265251.9515328 3.491840000000002 0.1 0.0 0
1699265252.000935 3.491840000000002 0.1 0.0 0
1699265252.2104747 3.491840000000002 0.1 0.0 0
1699265252.2605968 3.491840000000002 0.1 0.0 0
1699265252.3104718 3.491840000000002 0.1 0.0 0
1699265252.502964 3.491840000000002 0.1 0.0 0
1699265252.5540128 3.491840000000002 0.1 0.0 0
1699265252.6037376 3.491840000000002 0.1 0.0 0
1699265252.7999496 3.491840000000002 0.1 0.0 0
1699265252.8489525 3.491840000000002 0.1 0.0 0
1699265252.899124 3.491840000000002 0.1 0.0 0
1699265253.0907412 3.491840000000002 0.1 0.0 0
1699265253.1398766 3.491840000000002 0.1 0.0 0
1699265253.1901288 3.491840000000002 0.1 0.0 0
1699265253.2404423 3.491840000000002 0.1 0.0 0
1699265253.4323301 3.491840000000002 0.1 0.0 0
1699265253.6293852 3.491840000000002 0.1 0.0 0
1699265253.6788478 3.491840000000002 0.1 0.0 0
1699265253.8650248 3.491840000000002 0.1 0.0 0
1699265253.9149756 3.491840000000002 0.1 0.0 0
1699265253.9650023 3.491840000000002 0.1 0.0 0
1699265254.1562388 3.491840000000002 0.1 0.0 0
1699265254.2049117 3.491840000000002 0.1 0.0 0
1699265254.2552173 3.491840000000002 0.1 0.0 0
1699265254.4510148 3.491840000000002 0.1 0.0 0
1699265254.5008085 3.491840000000002 0.1 0.0 0
1699265254.5508223 3.491840000000002 0.1 0.0 0
1699265254.7430701 3.491840000000002 0.1 0.0 0
1699265254.7925048 3.491840000000002 0.1 0.0 0
1699265254.8426454 3.491840000000002 0.1 0.0 0
1699265254.8928678 3.491840000000002 0.1 0.0 0
1699265255.091432 3.491840000000002 0.1 0.0 0
1699265255.2830365 3.491840000000002 0.1 0.0 0
1699265255.3327968 3.491840000000002 0.1 0.0 0
1699265255.5264611 3.491840000000002 0.1 0.0 0
1699265255.5764 3.491840000000002 0.1 0.0 0
1699265255.6268208 3.491840000000002 0.1 0.0 0
1699265255.6766698 3.491840000000002 0.1 0.0 0
1699265255.863104 3.491840000000002 0.1 0.0 0
1699265255.9131536 3.491840000000002 0.1 0.0 0
1699265255.963607 3.491840000000002 0.1 0.0 0
1699265256.148778 3.491840000000002 0.1 0.0 0
1699265256.1983526 3.491840000000002 0.1 0.0 0
1699265256.2485378 3.491840000000002 0.1 0.0 0
1699265256.2995057 3.491840000000002 0.1 0.0 0
1699265256.5184042 3.491840000000002 0.1 0.0 0
1699265256.713366 3.491840000000002 0.1 0.0 0
1699265256.763427 3.491840000000002 0.1 0.0 0
1699265256.9552076 3.491840000000002 0.1 0.0 0
1699265257.0050359 3.491840000000002 0.1 0.0 0
1699265257.0552533 3.491840000000002 0.1 0.0 0
1699265257.1060681 3.491840000000002 0.1 0.0 0
1699265257.2895572 3.491840000000002 0.1 0.0 0
1699265257.3381114 3.491840000000002 0.1 0.0 0
1699265257.387894 3.491840000000002 0.1 0.0 0
1699265257.4380236 3.491840000000002 0.1 0.0 0
1699265257.6400933 3.491840000000002 0.1 0.0 0
1699265257.6893485 3.491840000000002 0.1 0.0 0
1699265257.73994 3.491840000000002 0.1 0.0 0
1699265257.939675 3.491840000000002 0.1 0.0 0
1699265257.9892333 3.491840000000002 0.1 0.0 0
1699265258.0393891 3.491840000000002 0.1 0.0 0
1699265258.2333596 3.491840000000002 0.1 0.0 0
1699265258.2831519 3.491840000000002 0.1 0.0 0
1699265258.3328037 3.491840000000002 0.1 0.0 0
1699265258.383407 3.491840000000002 0.1 0.0 0
1699265258.582635 3.491840000000002 0.1 0.0 0
1699265258.776042 3.491840000000002 0.1 0.0 0
1699265258.8258185 3.491840000000002 0.1 0.0 0
1699265259.0214753 3.491840000000002 0.1 0.0 0
1699265259.0710034 3.491840000000002 0.1 0.0 0
1699265259.120987 3.491840000000002 0.1 0.0 0
1699265259.315704 3.491840000000002 0.1 0.0 0
1699265259.364985 3.491840000000002 0.1 0.0 0
1699265259.4152899 3.491840000000002 0.1 0.0 0
1699265259.4656577 3.491840000000002 0.1 0.0 0
1699265259.6558588 3.491840000000002 0.1 0.0 0
1699265259.8426037 3.491840000000002 0.1 0.0 0
1699265259.891916 3.491840000000002 0.1 0.0 0
1699265260.0814247 3.491840000000002 0.1 0.0 0
1699265260.1310418 3.491840000000002 0.1 0.0 0
1699265260.1812437 3.491840000000002 0.1 0.0 0
1699265260.3749428 3.491840000000002 0.1 0.0 0
1699265260.4250154 3.491840000000002 0.1 0.0 0
1699265260.4755602 3.491840000000002 0.1 0.0 0
1699265260.6625473 3.491840000000002 0.1 0.0 0
1699265260.7125478 3.491840000000002 0.1 0.0 0
1699265260.7628431 3.491840000000002 0.1 0.0 0
1699265260.8131435 3.491840000000002 0.1 0.0 0
1699265261.009341 3.491840000000002 0.1 0.0 0
1699265261.2054927 3.491840000000002 0.1 0.0 0
1699265261.2550814 3.491840000000002 0.1 0.0 0
1699265261.4452822 3.491840000000002 0.1 0.0 0
1699265261.4941468 3.491840000000002 0.1 0.0 0
1699265261.5447357 3.491840000000002 0.1 0.0 0
1699265261.730853 3.491840000000002 0.1 0.0 0
1699265261.7802973 3.491840000000002 0.1 0.0 0
1699265261.8303657 3.491840000000002 0.1 0.0 0
1699265262.0552108 3.491840000000002 0.1 0.0 0
1699265262.104859 3.491840000000002 0.1 0.0 0
1699265262.1554291 3.491840000000002 0.1 0.0 0
1699265262.205532 3.491840000000002 0.1 0.0 0
1699265262.4041421 3.491840000000002 0.1 0.0 0
1699265262.5974643 3.491840000000002 0.1 0.0 0
1699265262.6472669 3.491840000000002 0.1 0.0 0
1699265262.8487616 3.491840000000002 0.1 0.0 0
1699265262.8983712 3.491840000000002 0.1 0.0 0
1699265262.9484792 3.491840000000002 0.1 0.0 0
1699265262.9986844 3.491840000000002 0.1 0.0 0
1699265263.1910374 3.491840000000002 0.1 0.0 0
1699265263.2403023 3.491840000000002 0.1 0.0 0
1699265263.2904766 3.491840000000002 0.1 0.0 0
1699265263.3408606 3.491840000000002 0.1 0.0 0
1699265263.5301292 3.491840000000002 0.1 0.0 0
1699265263.5802763 3.491840000000002 0.1 0.0 0
1699265263.6305573 3.491840000000002 0.1 0.0 0
1699265263.680892 3.491840000000002 0.1 0.0 0
1699265263.8802817 3.491840000000002 0.1 0.0 0
1699265264.0707598 3.491840000000002 0.1 0.0 0
1699265264.119932 3.491840000000002 0.1 0.0 0
1699265264.3133903 3.491840000000002 0.1 0.0 0
1699265264.3633845 3.491840000000002 0.1 0.0 0
1699265264.4147196 3.491840000000002 0.1 0.0 0
1699265264.4639955 3.491840000000002 0.1 0.0 0
1699265264.659526 3.491840000000002 0.1 0.0 0
1699265264.8549592 3.491840000000002 0.1 0.0 0
1699265264.9050934 3.491840000000002 0.1 0.0 0
1699265265.092166 3.491840000000002 0.1 0.0 0
1699265265.1418421 3.491840000000002 0.1 0.0 0
1699265265.1922734 3.491840000000002 0.1 0.0 0
1699265265.3943012 3.491840000000002 0.1 0.0 0
1699265265.4438643 3.491840000000002 0.1 0.0 0
1699265265.4938624 3.491840000000002 0.1 0.0 0
1699265265.543697 3.491840000000002 0.1 0.0 0
1699265265.7367182 3.491840000000002 0.1 0.0 0
1699265265.9275668 3.491840000000002 0.1 0.0 0
1699265265.9770818 3.491840000000002 0.1 0.0 0
1699265266.161437 3.491840000000002 0.1 0.0 0
1699265266.2099926 3.491840000000002 0.1 0.0 0
1699265266.2602015 3.491840000000002 0.1 0.0 0
1699265266.4559186 3.491840000000002 0.1 0.0 0
1699265266.5058467 3.491840000000002 0.1 0.0 0
1699265266.5559423 3.491840000000002 0.1 0.0 0
1699265266.606231 3.491840000000002 0.1 0.0 0
1699265266.7953887 3.491840000000002 0.1 0.0 0
1699265266.844705 3.491840000000002 0.1 0.0 0
1699265266.895117 3.491840000000002 0.1 0.0 0
1699265266.945413 3.491840000000002 0.1 0.0 0
1699265267.132211 3.491840000000002 0.1 0.0 0
1699265267.1809247 3.491840000000002 0.1 0.0 0
1699265267.2310998 3.491840000000002 0.1 0.0 0
1699265267.2809389 3.491840000000002 0.1 0.0 0
1699265267.4909399 3.491840000000002 0.1 0.0 0
1699265267.6923587 3.491840000000002 0.1 0.0 0
1699265267.7423477 3.491840000000002 0.1 0.0 0
1699265267.9377892 3.491840000000002 0.1 0.0 0
1699265267.9850686 3.491840000000002 0.1 0.0 0
1699265268.0350986 3.491840000000002 0.1 0.0 0
1699265268.1615865 3.491840000000002 0.1 0.0 0
1699265268.3501432 3.491840000000002 0.1 0.0 0
1699265268.546615 3.491840000000002 0.1 0.0 0
1699265268.5955198 3.491840000000002 0.1 0.0 0
1699265268.6457436 3.491840000000002 0.1 0.0 0
1699265268.6958058 3.491840000000002 0.1 0.0 0
1699265268.7457807 3.491840000000002 0.1 0.0 0
1699265268.7958276 3.491840000000002 0.1 0.0 0
1699265268.8464599 3.491840000000002 0.1 0.0 0
1699265268.896892 3.491840000000002 0.1 0.0 0
1699265268.9462984 3.491840000000002 0.1 0.0 0
1699265268.996324 3.491840000000002 0.1 0.0 0
1699265269.046645 3.491840000000002 0.1 0.0 0
1699265269.096762 3.491840000000002 0.1 0.0 0
1699265269.1471498 3.491840000000002 0.1 0.0 0
1699265269.1970854 3.491840000000002 0.1 0.0 0
1699265269.2471225 3.491840000000002 0.1 0.0 0
1699265269.297334 3.491840000000002 0.1 0.0 0
1699265269.347514 3.491840000000002 0.1 0.0 0
1699265269.397815 3.491840000000002 0.1 0.0 0
1699265269.4480753 3.491840000000002 0.1 0.0 0
1699265269.4981368 3.491840000000002 0.1 0.0 0
1699265269.5485456 3.491840000000002 0.1 0.0 0
1699265269.5990002 3.491840000000002 0.1 0.0 0
1699265269.648972 3.491840000000002 0.1 0.0 0
1699265269.6990223 3.491840000000002 0.1 0.0 0
1699265269.7492976 3.491840000000002 0.1 0.0 0
1699265269.7992897 3.491840000000002 0.1 0.0 0
1699265269.8494573 3.491840000000002 0.1 0.0 0
1699265269.8998632 3.491840000000002 0.1 0.0 0
1699265269.9497862 3.491840000000002 0.1 0.0 0
1699265270.0002444 3.491840000000002 0.1 0.0 0
1699265270.0498765 3.491840000000002 0.1 0.0 0
1699265270.1001017 3.491840000000002 0.1 0.0 0
1699265270.1507528 3.491840000000002 0.1 0.0 0
1699265270.2016811 3.491840000000002 0.1 0.0 0
1699265270.2516394 3.491840000000002 0.1 0.0 0
1699265270.3017254 3.491840000000002 0.1 0.0 0
1699265270.3522313 3.491840000000002 0.1 0.0 0
1699265270.4018385 3.491840000000002 0.1 0.0 0
1699265270.4518673 3.491840000000002 0.1 0.0 0
1699265270.5019784 3.491840000000002 0.1 0.0 0
1699265270.5519648 3.491840000000002 0.1 0.0 0
1699265270.602046 3.491840000000002 0.1 0.0 0
1699265270.6528678 3.491840000000002 0.1 0.0 0
1699265270.7031524 3.491840000000002 0.1 0.0 0
1699265270.752901 3.491840000000002 0.1 0.0 0
1699265270.8031921 3.491840000000002 0.1 0.0 0
1699265270.8532705 3.491840000000002 0.1 0.0 0
1699265270.9035327 3.491840000000002 0.1 0.0 0
1699265270.9538379 3.491840000000002 0.1 0.0 0
1699265271.0039372 3.491840000000002 0.1 0.0 0
1699265271.0541642 3.491840000000002 0.1 0.0 0
1699265271.1041727 3.491840000000002 0.1 0.0 0
1699265271.1538713 3.491840000000002 0.1 0.0 0
1699265271.2048264 3.491840000000002 0.1 0.0 0
1699265271.2556121 3.491840000000002 0.1 0.0 0
1699265271.305568 3.491840000000002 0.1 0.0 0
1699265271.355466 3.491840000000002 0.1 0.0 0
1699265271.4055007 3.491840000000002 0.1 0.0 0
1699265271.4555638 3.491840000000002 0.1 0.0 0
1699265271.5056784 3.491840000000002 0.1 0.0 0
1699265271.555954 3.491840000000002 0.1 0.0 0
1699265271.60575 3.491840000000002 0.1 0.0 0
1699265271.655808 3.491840000000002 0.1 0.0 0
1699265271.7058363 3.491840000000002 0.1 0.0 0
1699265271.7560923 3.491840000000002 0.1 0.0 0
1699265271.8066454 3.491840000000002 0.1 0.0 0
1699265271.8565338 3.491840000000002 0.1 0.0 0
1699265271.9067392 3.491840000000002 0.1 0.0 0
1699265271.9581044 3.491840000000002 0.1 0.0 0
1699265272.0070539 3.491840000000002 0.1 0.0 0
1699265272.057513 3.491840000000002 0.1 0.0 0
1699265272.1077778 3.491840000000002 0.1 0.0 0
1699265272.1576655 3.491840000000002 0.1 0.0 0
1699265272.2081912 3.491840000000002 0.1 0.0 0
1699265272.2578762 3.491840000000002 0.1 0.0 0
1699265272.3079646 3.491840000000002 0.1 0.0 0
1699265272.3578851 3.491840000000002 0.1 0.0 0
1699265272.4088576 3.491840000000002 0.1 0.0 0
1699265272.4589915 3.491840000000002 0.1 0.0 0
1699265272.50878 3.491840000000002 0.1 0.0 0
1699265272.5589025 3.491840000000002 0.1 0.0 0
1699265272.608758 3.491840000000002 0.1 0.0 0
1699265272.6588576 3.491840000000002 0.1 0.0 0
