1699267034.8905537 3.5 0.1 -0.04 0
1699267035.1783535 3.4916799999999966 0.1 0.0 0
1699267035.3382938 3.4916799999999966 0.1 0.0 0
1699267035.3883219 3.4916799999999966 0.1 0.0 0
1699267035.4384353 3.4916799999999966 0.1 0.0 0
1699267035.488887 3.4916799999999966 0.1 0.0 0
1699267035.539285 3.4916799999999966 0.1 0.0 0
1699267035.5893328 3.4916799999999966 0.1 0.0 0
1699267035.639623 3.4916799999999966 0.1 0.0 0
1699267035.6895058 3.4916799999999966 0.1 0.0 0
1699267035.7407563 3.4916799999999966 0.1 0.0 0
1699267035.7906792 3.4916799999999966 0.1 0.0 0
1699267035.8413064 3.4916799999999966 0.1 0.0 0
1699267035.891273 3.4916799999999966 0.1 0.0 0
1699267035.941616 3.4916799999999966 0.1 0.0 0
1699267035.99146 3.4916799999999966 0.1 0.0 0
1699267036.0415976 3.4916799999999966 0.1 0.0 0
1699267036.0917647 3.4916799999999966 0.1 0.0 0
1699267036.1419802 3.4916799999999966 0.1 0.0 0
1699267036.1921823 3.4916799999999966 0.1 0.0 0
1699267036.2423012 3.4916799999999966 0.1 0.0 0
1699267036.2922814 3.4916799999999966 0.1 0.0 0
1699267036.342465 3.4916799999999966 0.1 0.0 0
1699267036.39267 3.4916799999999966 0.1 0.0 0
1699267036.442737 3.4916799999999966 0.1 0.0 0
1699267036.4933088 3.4916799999999966 0.1 0.0 0
1699267036.543153 3.4916799999999966 0.1 0.0 0
1699267036.592984 3.4916799999999966 0.1 0.0 0
1699267036.643193 3.4916799999999966 0.1 0.0 0
1699267036.693318 3.4916799999999966 0.1 0.0 0
1699267036.7435293 3.4916799999999966 0.1 0.0 0
1699267036.7936742 3.4916799999999966 0.1 0.0 0
1699267036.843801 3.4916799999999966 0.1 0.0 0
1699267036.8944683 3.4916799999999966 0.1 0.0 0
1699267036.9446464 3.4916799999999966 0.1 0.0 0
1699267036.9955013 3.4916799999999966 0.1 0.0 0
1699267037.0453503 3.4916799999999966 0.1 0.0 0
1699267037.0955482 3.4916799999999966 0.1 0.0 0
1699267037.145621 3.4916799999999966 0.1 0.0 0
1699267037.1957052 3.4916799999999966 0.1 0.0 0
1699267037.2460225 3.4916799999999966 0.1 0.0 0
1699267037.2963655 3.4916799999999966 0.1 0.0 0
1699267037.346529 3.4916799999999966 0.1 0.0 0
1699267037.396578 3.4916799999999966 0.1 0.0 0
1699267037.4470296 3.4916799999999966 0.1 0.0 0
1699267037.4969718 3.4916799999999966 0.1 0.0 0
1699267037.5468779 3.4916799999999966 0.1 0.0 0
1699267037.5972261 3.4916799999999966 0.1 0.0 0
1699267037.64794 3.4916799999999966 0.1 0.0 0
1699267037.6977482 3.4916799999999966 0.1 0.0 0
1699267037.747918 3.4916799999999966 0.1 0.0 0
1699267037.7978961 3.4916799999999966 0.1 0.0 0
1699267037.8477232 3.4916799999999966 0.1 0.0 0
1699267037.8977795 3.4916799999999966 0.1 0.0 0
1699267037.9478374 3.4916799999999966 0.1 0.0 0
1699267037.9980688 3.4916799999999966 0.1 0.0 0
1699267038.049122 3.4916799999999966 0.1 0.0 0
1699267038.0989885 3.4916799999999966 0.1 0.0 0
1699267038.1494448 3.4916799999999966 0.1 0.0 0
1699267038.1992564 3.4916799999999966 0.1 0.0 0
1699267038.2505608 3.4916799999999966 0.1 0.0 0
1699267038.30003 3.4916799999999966 0.1 0.0 0
1699267038.350089 3.4916799999999966 0.1 0.0 0
1699267038.3998268 3.4916799999999966 0.1 0.0 0
1699267038.4504583 3.4916799999999966 0.1 0.0 0
1699267038.5001366 3.4916799999999966 0.1 0.0 0
1699267038.550595 3.4916799999999966 0.1 0.0 0
1699267038.6006622 3.4916799999999966 0.1 0.0 0
1699267038.6507692 3.4916799999999966 0.1 0.0 0
1699267038.7014806 3.4916799999999966 0.1 0.0 0
1699267038.7516723 3.4916799999999966 0.1 0.0 0
1699267038.8020926 3.4916799999999966 0.1 0.0 0
1699267038.8523362 3.4916799999999966 0.1 0.0 0
1699267038.9018123 3.4916799999999966 0.1 0.0 0
1699267038.9517615 3.4916799999999966 0.1 0.0 0
1699267039.0017323 3.4916799999999966 0.1 0.0 0
1699267039.0518355 3.4916799999999966 0.1 0.0 0
1699267039.102034 3.4916799999999966 0.1 0.0 0
1699267039.1525238 3.4916799999999966 0.1 0.0 0
1699267039.2024643 3.4916799999999966 0.1 0.0 0
1699267039.252777 3.4916799999999966 0.1 0.0 0
1699267039.3026314 3.4916799999999966 0.1 0.0 0
1699267039.3527908 3.4916799999999966 0.1 0.0 0
1699267039.4028614 3.4916799999999966 0.1 0.0 0
1699267039.453598 3.4916799999999966 0.1 0.0 0
1699267039.50358 3.4916799999999966 0.1 0.0 0
1699267039.5541961 3.4916799999999966 0.1 0.0 0
1699267039.6037915 3.4916799999999966 0.1 0.0 0
1699267039.6538863 3.4916799999999966 0.1 0.0 0
1699267039.7038257 3.4916799999999966 0.1 0.0 0
1699267039.7538345 3.4916799999999966 0.1 0.0 0
1699267039.8038988 3.4916799999999966 0.1 0.0 0
1699267039.8544538 3.4916799999999966 0.1 0.0 0
1699267039.9047654 3.4916799999999966 0.1 0.0 0
1699267039.956515 3.4916799999999966 0.1 0.0 0
1699267040.005184 3.4916799999999966 0.1 0.0 0
1699267040.0554373 3.4916799999999966 0.1 0.0 0
1699267040.105663 3.4916799999999966 0.1 0.0 0
1699267040.1555965 3.4916799999999966 0.1 0.0 0
1699267040.2059858 3.4916799999999966 0.1 0.0 0
1699267040.2565863 3.4916799999999966 0.1 0.0 0
1699267040.3063552 3.4916799999999966 0.1 0.0 0
1699267040.3563938 3.4916799999999966 0.1 0.0 0
1699267040.406368 3.4916799999999966 0.1 0.0 0
1699267040.4565163 3.4916799999999966 0.1 0.0 0
1699267040.506673 3.4916799999999966 0.1 0.0 0
1699267040.5575218 3.4916799999999966 0.1 0.0 0
1699267040.6069357 3.4916799999999966 0.1 0.0 0
1699267040.657798 3.4916799999999966 0.1 0.0 0
1699267040.707407 3.4916799999999966 0.1 0.0 0
1699267040.7575858 3.4916799999999966 0.1 0.0 0
1699267040.8076634 3.4916799999999966 0.1 0.0 0
1699267040.8577273 3.4916799999999966 0.1 0.0 0
1699267040.9079 3.4916799999999966 0.1 0.0 0
1699267040.9580553 3.4916799999999966 0.1 0.0 0
1699267041.0081973 3.4916799999999966 0.1 0.0 0
1699267041.0586035 3.4916799999999966 0.1 0.0 0
1699267041.108443 3.4916799999999966 0.1 0.0 0
1699267041.158853 3.4916799999999966 0.1 0.0 0
1699267041.208677 3.4916799999999966 0.1 0.0 0
1699267041.2587454 3.4916799999999966 0.1 0.0 0
1699267041.3097928 3.4916799999999966 0.1 0.0 0
1699267041.3592277 3.4916799999999966 0.1 0.0 0
1699267041.4095407 3.4916799999999966 0.1 0.0 0
1699267041.459588 3.4916799999999966 0.1 0.0 0
1699267041.5098453 3.4916799999999966 0.1 0.0 0
1699267041.559996 3.4916799999999966 0.1 0.0 0
1699267041.6100445 3.4916799999999966 0.1 0.0 0
1699267041.6610432 3.4916799999999966 0.1 0.0 0
1699267041.7103941 3.4916799999999966 0.1 0.0 0
1699267041.761559 3.4916799999999966 0.1 0.0 0
1699267041.8109357 3.4916799999999966 0.1 0.0 0
1699267041.8608909 3.4916799999999966 0.1 0.0 0
1699267041.9108787 3.4916799999999966 0.1 0.0 0
1699267041.9609244 3.4916799999999966 0.1 0.0 0
1699267042.011107 3.4916799999999966 0.1 0.0 0
1699267042.0617871 3.4916799999999966 0.1 0.0 0
1699267042.1115522 3.4916799999999966 0.1 0.0 0
1699267042.1621819 3.4916799999999966 0.1 0.0 0
1699267042.211845 3.4916799999999966 0.1 0.0 0
1699267042.2618253 3.4916799999999966 0.1 0.0 0
1699267042.3119922 3.4916799999999966 0.1 0.0 0
1699267042.3620238 3.4916799999999966 0.1 0.0 0
1699267042.4129775 3.4916799999999966 0.1 0.0 0
1699267042.46353 3.4916799999999966 0.1 0.0 0
1699267042.5134816 3.4916799999999966 0.1 0.0 0
1699267042.563305 3.4916799999999966 0.1 0.0 0
1699267042.6132731 3.4916799999999966 0.1 0.0 0
1699267042.6651983 3.4916799999999966 0.1 0.0 0
1699267042.7154036 3.4916799999999966 0.1 0.0 0
1699267042.766459 3.4916799999999966 0.1 0.0 0
1699267042.8160706 3.4916799999999966 0.1 0.0 0
1699267042.8663664 3.4916799999999966 0.1 0.0 0
1699267042.9162638 3.4916799999999966 0.1 0.0 0
1699267042.966581 3.4916799999999966 0.1 0.0 0
1699267043.0164418 3.4916799999999966 0.1 0.0 0
1699267043.066886 3.4916799999999966 0.1 0.0 0
1699267043.117251 3.4916799999999966 0.1 0.0 0
1699267043.167403 3.4916799999999966 0.1 0.0 0
1699267043.2176278 3.4916799999999966 0.1 0.0 0
1699267043.2680373 3.4916799999999966 0.1 0.0 0
1699267043.3176281 3.4916799999999966 0.1 0.0 0
1699267043.3678627 3.4916799999999966 0.1 0.0 0
1699267043.417803 3.4916799999999966 0.1 0.0 0
1699267043.4681401 3.4916799999999966 0.1 0.0 0
1699267043.5184283 3.4916799999999966 0.1 0.0 0
1699267043.5690322 3.4916799999999966 0.1 0.0 0
1699267043.6191404 3.4916799999999966 0.1 0.0 0
1699267043.8355458 3.4916799999999966 0.1 0.0 0
1699267043.8854587 3.4916799999999966 0.1 0.0 0
1699267043.9352627 3.4916799999999966 0.1 0.0 0
1699267043.985544 3.4916799999999966 0.1 0.0 0
1699267044.0354667 3.4916799999999966 0.1 0.0 0
1699267044.0857766 3.4916799999999966 0.1 0.0 0
1699267044.135462 3.4916799999999966 0.1 0.0 0
1699267044.1856427 3.4916799999999966 0.1 0.0 0
1699267044.2357876 3.4916799999999966 0.1 0.0 0
1699267044.285923 3.4916799999999966 0.1 0.0 0
1699267044.3363252 3.4916799999999966 0.1 0.0 0
1699267044.386642 3.4916799999999966 0.1 0.0 0
1699267044.436898 3.4916799999999966 0.1 0.0 0
1699267044.4868872 3.4916799999999966 0.1 0.0 0
1699267044.5368433 3.4916799999999966 0.1 0.0 0
1699267044.5866325 3.4916799999999966 0.1 0.0 0
1699267044.6372056 3.4916799999999966 0.1 0.0 0
1699267044.6873357 3.4916799999999966 0.1 0.0 0
1699267044.7377324 3.4916799999999966 0.1 0.0 0
1699267044.788113 3.4916799999999966 0.1 0.0 0
1699267044.8383634 3.4916799999999966 0.1 0.0 0
1699267044.8877802 3.4916799999999966 0.1 0.0 0
1699267044.9378479 3.4916799999999966 0.1 0.0 0
1699267044.9881573 3.4916799999999966 0.1 0.0 0
1699267045.0381043 3.4916799999999966 0.1 0.0 0
1699267045.088968 3.4916799999999966 0.1 0.0 0
1699267045.1389284 3.4916799999999966 0.1 0.0 0
1699267045.1892526 3.4916799999999966 0.1 0.0 0
1699267045.2394233 3.4916799999999966 0.1 0.0 0
1699267045.2894297 3.4916799999999966 0.1 0.0 0
1699267045.3394606 3.4916799999999966 0.1 0.0 0
1699267045.390008 3.4916799999999966 0.1 0.0 0
1699267045.4398863 3.4916799999999966 0.1 0.0 0
1699267045.490522 3.4916799999999966 0.1 0.0 0
1699267045.540847 3.4916799999999966 0.1 0.0 0
1699267045.5906553 3.4916799999999966 0.1 0.0 0
1699267045.6407475 3.4916799999999966 0.1 0.0 0
1699267045.6908014 3.4916799999999966 0.1 0.0 0
1699267045.7415721 3.4916799999999966 0.1 0.0 0
1699267045.7920878 3.4916799999999966 0.1 0.0 0
1699267045.842009 3.4916799999999966 0.1 0.0 0
1699267045.892139 3.4916799999999966 0.1 0.0 0
1699267045.9422777 3.4916799999999966 0.1 0.0 0
1699267045.9924982 3.4916799999999966 0.1 0.0 0
1699267046.0426989 3.4916799999999966 0.1 0.0 0
1699267046.0939398 3.4916799999999966 0.1 0.0 0
1699267046.1431882 3.4916799999999966 0.1 0.0 0
1699267046.1929164 3.4916799999999966 0.1 0.0 0
1699267046.2433681 3.4916799999999966 0.1 0.0 0
1699267046.2935843 3.4916799999999966 0.1 0.0 0
1699267046.3437092 3.4916799999999966 0.1 0.0 0
1699267046.393776 3.4916799999999966 0.1 0.0 0
1699267046.4438424 3.4916799999999966 0.1 0.0 0
1699267046.494022 3.4916799999999966 0.1 0.0 0
1699267046.5439637 3.4916799999999966 0.1 0.0 0
1699267046.593956 3.4916799999999966 0.1 0.0 0
1699267046.643904 3.4916799999999966 0.1 0.0 0
1699267046.6941168 3.4916799999999966 0.1 0.0 0
1699267046.744174 3.4916799999999966 0.1 0.0 0
1699267046.7944121 3.4916799999999966 0.1 0.0 0
1699267046.8448727 3.4916799999999966 0.1 0.0 0
1699267046.8949654 3.4916799999999966 0.1 0.0 0
1699267046.9450643 3.4916799999999966 0.1 0.0 0
1699267046.9954162 3.4916799999999966 0.1 0.0 0
1699267047.045562 3.4916799999999966 0.1 0.0 0
1699267047.0957024 3.4916799999999966 0.1 0.0 0
1699267047.145615 3.4916799999999966 0.1 0.0 0
1699267047.1956246 3.4916799999999966 0.1 0.0 0
1699267047.2460134 3.4916799999999966 0.1 0.0 0
1699267047.2960522 3.4916799999999966 0.1 0.0 0
1699267047.3460777 3.4916799999999966 0.1 0.0 0
1699267047.396776 3.4916799999999966 0.1 0.0 0
1699267047.4463353 3.4916799999999966 0.1 0.0 0
1699267047.496733 3.4916799999999966 0.1 0.0 0
1699267047.546871 3.4916799999999966 0.1 0.0 0
1699267047.5975575 3.4916799999999966 0.1 0.0 0
1699267047.647404 3.4916799999999966 0.1 0.0 0
1699267047.6978827 3.4916799999999966 0.1 0.0 0
1699267047.7480564 3.4916799999999966 0.1 0.0 0
1699267047.7977417 3.4916799999999966 0.1 0.0 0
1699267047.8477736 3.4916799999999966 0.1 0.0 0
1699267047.8978548 3.4916799999999966 0.1 0.0 0
1699267047.9481058 3.4916799999999966 0.1 0.0 0
1699267047.998448 3.4916799999999966 0.1 0.0 0
1699267048.0487318 3.4916799999999966 0.1 0.0 0
1699267048.0988817 3.4916799999999966 0.1 0.0 0
1699267048.1489444 3.4916799999999966 0.1 0.0 0
1699267048.1991317 3.4916799999999966 0.1 0.0 0
1699267048.2495646 3.4916799999999966 0.1 0.0 0
1699267048.2998784 3.4916799999999966 0.1 0.0 0
1699267048.3500564 3.4916799999999966 0.1 0.0 0
1699267048.401024 3.4916799999999966 0.1 0.0 0
1699267048.4510937 3.4916799999999966 0.1 0.0 0
1699267048.5012522 3.4916799999999966 0.1 0.0 0
1699267048.551512 3.4916799999999966 0.1 0.0 0
1699267048.6015098 3.4916799999999966 0.1 0.0 0
1699267048.6516438 3.4916799999999966 0.1 0.0 0
1699267048.7021112 3.4916799999999966 0.1 0.0 0
1699267048.7520225 3.4916799999999966 0.1 0.0 0
1699267048.802236 3.4916799999999966 0.1 0.0 0
1699267048.8526733 3.4916799999999966 0.1 0.0 0
1699267048.9024718 3.4916799999999966 0.1 0.0 0
1699267048.9525976 3.4916799999999966 0.1 0.0 0
1699267049.002985 3.4916799999999966 0.1 0.0 0
1699267049.0534515 3.4916799999999966 0.1 0.0 0
1699267049.2198532 3.4916799999999966 0.1 0.0 0
1699267049.26974 3.4916799999999966 0.1 0.0 0
1699267049.4000728 3.4916799999999966 0.1 0.0 0
1699267049.4316273 3.4916799999999966 0.1 0.0 0
1699267049.4640374 3.4916799999999966 0.1 0.0 0
1699267049.5952184 3.4916799999999966 0.1 0.0 0
1699267049.6447122 3.4916799999999966 0.1 0.0 0
1699267049.694953 3.4916799999999966 0.1 0.0 0
1699267049.892142 3.4916799999999966 0.1 0.0 0
1699267050.0930321 3.4916799999999966 0.1 0.0 0
1699267050.142387 3.4916799999999966 0.1 0.0 0
1699267050.3201299 3.4916799999999966 0.1 0.0 0
1699267050.36992 3.4916799999999966 0.1 0.0 0
1699267050.4203012 3.4916799999999966 0.1 0.0 0
1699267050.6517134 3.4916799999999966 0.1 0.0 0
1699267050.7019196 3.4916799999999966 0.1 0.0 0
1699267050.7518911 3.4916799999999966 0.1 0.0 0
1699267050.954567 3.4916799999999966 0.1 0.0 0
1699267051.0049157 3.4916799999999966 0.1 0.0 0
1699267051.0549166 3.4916799999999966 0.1 0.0 0
1699267051.2413292 3.4916799999999966 0.1 0.0 0
1699267051.291387 3.4916799999999966 0.1 0.0 0
1699267051.3418312 3.4916799999999966 0.1 0.0 0
1699267051.5394146 3.4916799999999966 0.1 0.0 0
1699267051.5891707 3.4916799999999966 0.1 0.0 0
1699267051.6394734 3.4916799999999966 0.1 0.0 0
1699267051.8252761 3.4916799999999966 0.1 0.0 0
1699267051.8751836 3.4916799999999966 0.1 0.0 0
1699267051.9253912 3.4916799999999966 0.1 0.0 0
1699267051.9755971 3.4916799999999966 0.1 0.0 0
1699267052.165456 3.4916799999999966 0.1 0.0 0
1699267052.2153878 3.4916799999999966 0.1 0.0 0
1699267052.2653916 3.4916799999999966 0.1 0.0 0
1699267052.315525 3.4916799999999966 0.1 0.0 0
1699267052.5107362 3.4916799999999966 0.1 0.0 0
1699267052.5600364 3.4916799999999966 0.1 0.0 0
1699267052.6100154 3.4916799999999966 0.1 0.0 0
1699267052.6599903 3.4916799999999966 0.1 0.0 0
1699267052.8576906 3.4916799999999966 0.1 0.0 0
1699267052.9077828 3.4916799999999966 0.1 0.0 0
1699267052.9580219 3.4916799999999966 0.1 0.0 0
1699267053.154811 3.4916799999999966 0.1 0.0 0
1699267053.2051294 3.4916799999999966 0.1 0.0 0
1699267053.2547905 3.4916799999999966 0.1 0.0 0
1699267053.3050354 3.4916799999999966 0.1 0.0 0
1699267053.4960048 3.4916799999999966 0.1 0.0 0
1699267053.6888926 3.4916799999999966 0.1 0.0 0
1699267053.7382896 3.4916799999999966 0.1 0.0 0
1699267053.9187684 3.4916799999999966 0.1 0.0 0
1699267053.9685483 3.4916799999999966 0.1 0.0 0
1699267054.0180604 3.4916799999999966 0.1 0.0 0
1699267054.2243462 3.4916799999999966 0.1 0.0 0
1699267054.2746286 3.4916799999999966 0.1 0.0 0
1699267054.3248198 3.4916799999999966 0.1 0.0 0
1699267054.3741264 3.4916799999999966 0.1 0.0 0
1699267054.6444356 3.4916799999999966 0.1 0.0 0
1699267054.831035 3.4916799999999966 0.1 0.0 0
1699267054.8807237 3.4916799999999966 0.1 0.0 0
1699267055.0756974 3.4916799999999966 0.1 0.0 0
1699267055.125718 3.4916799999999966 0.1 0.0 0
1699267055.1758754 3.4916799999999966 0.1 0.0 0
1699267055.366471 3.4916799999999966 0.1 0.0 0
1699267055.4156215 3.4916799999999966 0.1 0.0 0
1699267055.4655204 3.4916799999999966 0.1 0.0 0
1699267055.5155115 3.4916799999999966 0.1 0.0 0
1699267055.7051358 3.4916799999999966 0.1 0.0 0
1699267055.898206 3.4916799999999966 0.1 0.0 0
1699267055.9483314 3.4916799999999966 0.1 0.0 0
1699267056.1361253 3.4916799999999966 0.1 0.0 0
1699267056.1854005 3.4916799999999966 0.1 0.0 0
1699267056.2357078 3.4916799999999966 0.1 0.0 0
1699267056.4232965 3.4916799999999966 0.1 0.0 0
1699267056.4732096 3.4916799999999966 0.1 0.0 0
1699267056.5236232 3.4916799999999966 0.1 0.0 0
1699267056.7150142 3.4916799999999966 0.1 0.0 0
1699267056.7670815 3.4916799999999966 0.1 0.0 0
1699267056.8153622 3.4916799999999966 0.1 0.0 0
1699267056.8654985 3.4916799999999966 0.1 0.0 0
1699267057.050286 3.4916799999999966 0.1 0.0 0
1699267057.2503417 3.4916799999999966 0.1 0.0 0
1699267057.2994752 3.4916799999999966 0.1 0.0 0
1699267057.5084045 3.4916799999999966 0.1 0.0 0
1699267057.5581944 3.4916799999999966 0.1 0.0 0
1699267057.6083064 3.4916799999999966 0.1 0.0 0
1699267057.658709 3.4916799999999966 0.1 0.0 0
1699267057.8377666 3.4916799999999966 0.1 0.0 0
1699267057.8873508 3.4916799999999966 0.1 0.0 0
1699267057.9379678 3.4916799999999966 0.1 0.0 0
1699267057.9878416 3.4916799999999966 0.1 0.0 0
1699267058.1829522 3.4916799999999966 0.1 0.0 0
1699267058.3632941 3.4916799999999966 0.1 0.0 0
1699267058.413238 3.4916799999999966 0.1 0.0 0
1699267058.6080096 3.4916799999999966 0.1 0.0 0
1699267058.6575491 3.4916799999999966 0.1 0.0 0
1699267058.7079103 3.4916799999999966 0.1 0.0 0
1699267058.7577915 3.4916799999999966 0.1 0.0 0
1699267058.9556437 3.4916799999999966 0.1 0.0 0
1699267059.0058231 3.4916799999999966 0.1 0.0 0
1699267059.0560455 3.4916799999999966 0.1 0.0 0
1699267059.1079977 3.4916799999999966 0.1 0.0 0
1699267059.3061733 3.4916799999999966 0.1 0.0 0
1699267059.5127714 3.4916799999999966 0.1 0.0 0
1699267059.5622668 3.4916799999999966 0.1 0.0 0
1699267059.7533484 3.4916799999999966 0.1 0.0 0
1699267059.8028905 3.4916799999999966 0.1 0.0 0
1699267059.8535643 3.4916799999999966 0.1 0.0 0
1699267060.0419283 3.4916799999999966 0.1 0.0 0
1699267060.0915117 3.4916799999999966 0.1 0.0 0
1699267060.142442 3.4916799999999966 0.1 0.0 0
1699267060.1920831 3.4916799999999966 0.1 0.0 0
1699267060.3873124 3.4916799999999966 0.1 0.0 0
1699267060.4366882 3.4916799999999966 0.1 0.0 0
1699267060.4869106 3.4916799999999966 0.1 0.0 0
1699267060.537133 3.4916799999999966 0.1 0.0 0
1699267060.7421935 3.4916799999999966 0.1 0.0 0
1699267060.7918315 3.4916799999999966 0.1 0.0 0
1699267060.8418446 3.4916799999999966 0.1 0.0 0
1699267060.8936474 3.4916799999999966 0.1 0.0 0
1699267061.0919094 3.4916799999999966 0.1 0.0 0
1699267061.1415253 3.4916799999999966 0.1 0.0 0
1699267061.192649 3.4916799999999966 0.1 0.0 0
1699267061.242594 3.4916799999999966 0.1 0.0 0
1699267061.433168 3.4916799999999966 0.1 0.0 0
1699267061.6691563 3.4916799999999966 0.1 0.0 0
1699267061.7185225 3.4916799999999966 0.1 0.0 0
1699267061.9219027 3.4916799999999966 0.1 0.0 0
1699267061.971569 3.4916799999999966 0.1 0.0 0
1699267062.0218472 3.4916799999999966 0.1 0.0 0
1699267062.2212875 3.4916799999999966 0.1 0.0 0
1699267062.2706213 3.4916799999999966 0.1 0.0 0
1699267062.3208342 3.4916799999999966 0.1 0.0 0
1699267062.3709154 3.4916799999999966 0.1 0.0 0
1699267062.569353 3.4916799999999966 0.1 0.0 0
1699267062.6195135 3.4916799999999966 0.1 0.0 0
1699267062.6698618 3.4916799999999966 0.1 0.0 0
1699267062.8594244 3.4916799999999966 0.1 0.0 0
1699267062.9095027 3.4916799999999966 0.1 0.0 0
1699267062.9594173 3.4916799999999966 0.1 0.0 0
1699267063.158221 3.4916799999999966 0.1 0.0 0
1699267063.2081406 3.4916799999999966 0.1 0.0 0
1699267063.2582326 3.4916799999999966 0.1 0.0 0
1699267063.3092995 3.4916799999999966 0.1 0.0 0
1699267063.505194 3.4916799999999966 0.1 0.0 0
1699267063.6906009 3.4916799999999966 0.1 0.0 0
1699267063.7398195 3.4916799999999966 0.1 0.0 0
1699267063.92862 3.4916799999999966 0.1 0.0 0
1699267063.978746 3.4916799999999966 0.1 0.0 0
1699267064.0296624 3.4916799999999966 0.1 0.0 0
1699267064.219172 3.4916799999999966 0.1 0.0 0
1699267064.2696204 3.4916799999999966 0.1 0.0 0
1699267064.319719 3.4916799999999966 0.1 0.0 0
1699267064.507345 3.4916799999999966 0.1 0.0 0
1699267064.5577378 3.4916799999999966 0.1 0.0 0
1699267064.6074376 3.4916799999999966 0.1 0.0 0
1699267064.7948022 3.4916799999999966 0.1 0.0 0
1699267064.8457003 3.4916799999999966 0.1 0.0 0
1699267064.8949678 3.4916799999999966 0.1 0.0 0
1699267065.08046 3.4916799999999966 0.1 0.0 0
1699267065.1305382 3.4916799999999966 0.1 0.0 0
1699267065.1812823 3.4916799999999966 0.1 0.0 0
1699267065.3852544 3.4916799999999966 0.1 0.0 0
1699267065.437164 3.4916799999999966 0.1 0.0 0
1699267065.4868398 3.4916799999999966 0.1 0.0 0
1699267065.5373685 3.4916799999999966 0.1 0.0 0
1699267065.7348027 3.4916799999999966 0.1 0.0 0
1699267065.93574 3.4916799999999966 0.1 0.0 0
1699267065.9857104 3.4916799999999966 0.1 0.0 0
1699267066.1837738 3.4916799999999966 0.1 0.0 0
1699267066.2330458 3.4916799999999966 0.1 0.0 0
1699267066.2836022 3.4916799999999966 0.1 0.0 0
1699267066.4770668 3.4916799999999966 0.1 0.0 0
1699267066.5260468 3.4916799999999966 0.1 0.0 0
1699267066.5765636 3.4916799999999966 0.1 0.0 0
1699267066.6263092 3.4916799999999966 0.1 0.0 0
1699267066.8113158 3.4916799999999966 0.1 0.0 0
1699267066.9981368 3.4916799999999966 0.1 0.0 0
1699267067.047684 3.4916799999999966 0.1 0.0 0
1699267067.2412267 3.4916799999999966 0.1 0.0 0
1699267067.2908828 3.4916799999999966 0.1 0.0 0
1699267067.341239 3.4916799999999966 0.1 0.0 0
1699267067.391451 3.4916799999999966 0.1 0.0 0
1699267067.5799913 3.4916799999999966 0.1 0.0 0
1699267067.6300313 3.4916799999999966 0.1 0.0 0
1699267067.6802995 3.4916799999999966 0.1 0.0 0
1699267067.8761897 3.4916799999999966 0.1 0.0 0
1699267067.9261384 3.4916799999999966 0.1 0.0 0
1699267067.9758155 3.4916799999999966 0.1 0.0 0
1699267068.1805565 3.4916799999999966 0.1 0.0 0
1699267068.2301657 3.4916799999999966 0.1 0.0 0
1699267068.281298 3.4916799999999966 0.1 0.0 0
1699267068.487923 3.4916799999999966 0.1 0.0 0
1699267068.537947 3.4916799999999966 0.1 0.0 0
1699267068.5879087 3.4916799999999966 0.1 0.0 0
1699267068.6383054 3.4916799999999966 0.1 0.0 0
1699267068.8306441 3.4916799999999966 0.1 0.0 0
1699267068.8797505 3.4916799999999966 0.1 0.0 0
1699267068.9302754 3.4916799999999966 0.1 0.0 0
1699267069.113094 3.4916799999999966 0.1 0.0 0
1699267069.162884 3.4916799999999966 0.1 0.0 0
1699267069.2132032 3.4916799999999966 0.1 0.0 0
1699267069.2631721 3.4916799999999966 0.1 0.0 0
1699267069.4755056 3.4916799999999966 0.1 0.0 0
1699267069.525927 3.4916799999999966 0.1 0.0 0
1699267069.5757532 3.4916799999999966 0.1 0.0 0
1699267069.7744534 3.4916799999999966 0.1 0.0 0
1699267069.824002 3.4916799999999966 0.1 0.0 0
1699267069.874024 3.4916799999999966 0.1 0.0 0
1699267069.9239802 3.4916799999999966 0.1 0.0 0
1699267070.1314485 3.4916799999999966 0.1 0.0 0
1699267070.3326573 3.4916799999999966 0.1 0.0 0
1699267070.3822193 3.4916799999999966 0.1 0.0 0
1699267070.570083 3.4916799999999966 0.1 0.0 0
1699267070.619892 3.4916799999999966 0.1 0.0 0
1699267070.6699085 3.4916799999999966 0.1 0.0 0
1699267070.7198617 3.4916799999999966 0.1 0.0 0
1699267070.9094274 3.4916799999999966 0.1 0.0 0
1699267070.959516 3.4916799999999966 0.1 0.0 0
1699267071.0096858 3.4916799999999966 0.1 0.0 0
1699267071.2043717 3.4916799999999966 0.1 0.0 0
1699267071.2543266 3.4916799999999966 0.1 0.0 0
1699267071.3042853 3.4916799999999966 0.1 0.0 0
1699267071.3552172 3.4916799999999966 0.1 0.0 0
1699267071.5442522 3.4916799999999966 0.1 0.0 0
1699267071.5941257 3.4916799999999966 0.1 0.0 0
1699267071.6452327 3.4916799999999966 0.1 0.0 0
1699267071.6946352 3.4916799999999966 0.1 0.0 0
1699267071.8734124 3.4916799999999966 0.1 0.0 0
1699267072.0709288 3.4916799999999966 0.1 0.0 0
1699267072.1208365 3.4916799999999966 0.1 0.0 0
1699267072.3102863 3.4916799999999966 0.1 0.0 0
1699267072.3598714 3.4916799999999966 0.1 0.0 0
1699267072.410199 3.4916799999999966 0.1 0.0 0
1699267072.460945 3.4916799999999966 0.1 0.0 0
1699267072.6564019 3.4916799999999966 0.1 0.0 0
1699267072.7060378 3.4916799999999966 0.1 0.0 0
1699267072.7559907 3.4916799999999966 0.1 0.0 0
1699267072.8059053 3.4916799999999966 0.1 0.0 0
1699267072.996706 3.4916799999999966 0.1 0.0 0
1699267073.0465505 3.4916799999999966 0.1 0.0 0
1699267073.0967178 3.4916799999999966 0.1 0.0 0
1699267073.3027143 3.4916799999999966 0.1 0.0 0
1699267073.3534577 3.4916799999999966 0.1 0.0 0
1699267073.40399 3.4916799999999966 0.1 0.0 0
1699267073.6007106 3.4916799999999966 0.1 0.0 0
1699267073.6502066 3.4916799999999966 0.1 0.0 0
1699267073.7004192 3.4916799999999966 0.1 0.0 0
1699267073.8922439 3.4916799999999966 0.1 0.0 0
1699267073.9410117 3.4916799999999966 0.1 0.0 0
1699267073.9910989 3.4916799999999966 0.1 0.0 0
1699267074.1856203 3.4916799999999966 0.1 0.0 0
1699267074.2347872 3.4916799999999966 0.1 0.0 0
1699267074.2850845 3.4916799999999966 0.1 0.0 0
1699267074.4850721 3.4916799999999966 0.1 0.0 0
1699267074.5350604 3.4916799999999966 0.1 0.0 0
1699267074.5849323 3.4916799999999966 0.1 0.0 0
1699267074.6355882 3.4916799999999966 0.1 0.0 0
1699267074.8411074 3.4916799999999966 0.1 0.0 0
1699267075.0350616 3.4916799999999966 0.1 0.0 0
1699267075.085097 3.4916799999999966 0.1 0.0 0
1699267075.2723541 3.4916799999999966 0.1 0.0 0
1699267075.321793 3.4916799999999966 0.1 0.0 0
1699267075.374582 3.4916799999999966 0.1 0.0 0
1699267075.5698516 3.4916799999999966 0.1 0.0 0
1699267075.6186004 3.4916799999999966 0.1 0.0 0
1699267075.6696854 3.4916799999999966 0.1 0.0 0
1699267075.85918 3.4916799999999966 0.1 0.0 0
1699267075.908923 3.4916799999999966 0.1 0.0 0
1699267075.9587884 3.4916799999999966 0.1 0.0 0
1699267076.1547012 3.4916799999999966 0.1 0.0 0
1699267076.2045012 3.4916799999999966 0.1 0.0 0
1699267076.2544906 3.4916799999999966 0.1 0.0 0
1699267076.4502573 3.4916799999999966 0.1 0.0 0
1699267076.499902 3.4916799999999966 0.1 0.0 0
1699267076.5509229 3.4916799999999966 0.1 0.0 0
1699267076.6001058 3.4916799999999966 0.1 0.0 0
1699267076.787185 3.4916799999999966 0.1 0.0 0
1699267076.9846156 3.4916799999999966 0.1 0.0 0
1699267077.0347598 3.4916799999999966 0.1 0.0 0
1699267077.2272804 3.4916799999999966 0.1 0.0 0
1699267077.2776608 3.4916799999999966 0.1 0.0 0
1699267077.328543 3.4916799999999966 0.1 0.0 0
1699267077.5267084 3.4916799999999966 0.1 0.0 0
1699267077.5762625 3.4916799999999966 0.1 0.0 0
1699267077.6262348 3.4916799999999966 0.1 0.0 0
1699267077.8248744 3.4916799999999966 0.1 0.0 0
1699267077.874564 3.4916799999999966 0.1 0.0 0
1699267077.924076 3.4916799999999966 0.1 0.0 0
1699267078.1171405 3.4916799999999966 0.1 0.0 0
1699267078.1662326 3.4916799999999966 0.1 0.0 0
1699267078.2163274 3.4916799999999966 0.1 0.0 0
1699267078.2665055 3.4916799999999966 0.1 0.0 0
1699267078.4664118 3.4916799999999966 0.1 0.0 0
1699267078.6635315 3.4916799999999966 0.1 0.0 0
1699267078.7127295 3.4916799999999966 0.1 0.0 0
1699267078.904278 3.4916799999999966 0.1 0.0 0
1699267078.9545908 3.4916799999999966 0.1 0.0 0
1699267079.0051324 3.4916799999999966 0.1 0.0 0
1699267079.054893 3.4916799999999966 0.1 0.0 0
1699267079.245669 3.4916799999999966 0.1 0.0 0
1699267079.2951562 3.4916799999999966 0.1 0.0 0
1699267079.3468852 3.4916799999999966 0.1 0.0 0
1699267079.526867 3.4916799999999966 0.1 0.0 0
1699267079.5764432 3.4916799999999966 0.1 0.0 0
1699267079.626743 3.4916799999999966 0.1 0.0 0
1699267079.677355 3.4916799999999966 0.1 0.0 0
1699267079.874844 3.4916799999999966 0.1 0.0 0
1699267080.0743494 3.4916799999999966 0.1 0.0 0
1699267080.124217 3.4916799999999966 0.1 0.0 0
1699267080.31993 3.4916799999999966 0.1 0.0 0
1699267080.3699594 3.4916799999999966 0.1 0.0 0
1699267080.4198272 3.4916799999999966 0.1 0.0 0
1699267080.469825 3.4916799999999966 0.1 0.0 0
1699267080.677761 3.4916799999999966 0.1 0.0 0
1699267080.726652 3.4916799999999966 0.1 0.0 0
1699267080.7768598 3.4916799999999966 0.1 0.0 0
1699267080.8268082 3.4916799999999966 0.1 0.0 0
1699267081.0186172 3.4916799999999966 0.1 0.0 0
1699267081.0683613 3.4916799999999966 0.1 0.0 0
1699267081.118797 3.4916799999999966 0.1 0.0 0
1699267081.3138058 3.4916799999999966 0.1 0.0 0
1699267081.3631895 3.4916799999999966 0.1 0.0 0
1699267081.4135346 3.4916799999999966 0.1 0.0 0
1699267081.5965204 3.4916799999999966 0.1 0.0 0
1699267081.6455142 3.4916799999999966 0.1 0.0 0
1699267081.6955721 3.4916799999999966 0.1 0.0 0
1699267081.7458394 3.4916799999999966 0.1 0.0 0
1699267081.9542997 3.4916799999999966 0.1 0.0 0
1699267082.1519792 3.4916799999999966 0.1 0.0 0
1699267082.2018292 3.4916799999999966 0.1 0.0 0
1699267082.3919957 3.4916799999999966 0.1 0.0 0
1699267082.442107 3.4916799999999966 0.1 0.0 0
1699267082.4930422 3.4916799999999966 0.1 0.0 0
1699267082.6922383 3.4916799999999966 0.1 0.0 0
1699267082.7411678 3.4916799999999966 0.1 0.0 0
1699267082.791853 3.4916799999999966 0.1 0.0 0
1699267082.842203 3.4916799999999966 0.1 0.0 0
1699267083.0425024 3.4916799999999966 0.1 0.0 0
1699267083.2401993 3.4916799999999966 0.1 0.0 0
1699267083.2898526 3.4916799999999966 0.1 0.0 0
