1699268448.998184 3.5 0.1 -0.04 0
1699268449.2861166 3.49192 0.1 0.0 0
1699268449.444366 3.49192 0.1 0.0 0
1699268449.4929433 3.49192 0.1 0.0 0
1699268449.5427144 3.49192 0.1 0.0 0
1699268449.5929081 3.49192 0.1 0.0 0
1699268449.6434982 3.49192 0.1 0.0 0
1699268449.6929092 3.49192 0.1 0.0 0
1699268449.7430863 3.49192 0.1 0.0 0
1699268449.7927217 3.49192 0.1 0.0 0
1699268449.842861 3.49192 0.1 0.0 0
1699268449.893249 3.49192 0.1 0.0 0
1699268449.9443042 3.49192 0.1 0.0 0
1699268449.9937463 3.49192 0.1 0.0 0
1699268450.0435097 3.49192 0.1 0.0 0
1699268450.094211 3.49192 0.1 0.0 0
1699268450.1438682 3.49192 0.1 0.0 0
1699268450.1937099 3.49192 0.1 0.0 0
1699268450.2437809 3.49192 0.1 0.0 0
1699268450.2940283 3.49192 0.1 0.0 0
1699268450.3452566 3.49192 0.1 0.0 0
1699268450.3976758 3.49192 0.1 0.0 0
1699268450.448409 3.49192 0.1 0.0 0
1699268450.4982476 3.49192 0.1 0.0 0
1699268450.5488899 3.49192 0.1 0.0 0
1699268450.598691 3.49192 0.1 0.0 0
1699268450.6489072 3.49192 0.1 0.0 0
1699268450.6991627 3.49192 0.1 0.0 0
1699268450.7488124 3.49192 0.1 0.0 0
1699268450.7988713 3.49192 0.1 0.0 0
1699268450.84916 3.49192 0.1 0.0 0
1699268450.8992584 3.49192 0.1 0.0 0
1699268450.9500253 3.49192 0.1 0.0 0
1699268450.999678 3.49192 0.1 0.0 0
1699268451.0498989 3.49192 0.1 0.0 0
1699268451.0998359 3.49192 0.1 0.0 0
1699268451.150016 3.49192 0.1 0.0 0
1699268451.2018409 3.49192 0.1 0.0 0
1699268451.2508779 3.49192 0.1 0.0 0
1699268451.300461 3.49192 0.1 0.0 0
1699268451.3505893 3.49192 0.1 0.0 0
1699268451.400915 3.49192 0.1 0.0 0
1699268451.4508004 3.49192 0.1 0.0 0
1699268451.5008335 3.49192 0.1 0.0 0
1699268451.5508537 3.49192 0.1 0.0 0
1699268451.6013393 3.49192 0.1 0.0 0
1699268451.6514735 3.49192 0.1 0.0 0
1699268451.7019784 3.49192 0.1 0.0 0
1699268451.7518346 3.49192 0.1 0.0 0
1699268451.8018026 3.49192 0.1 0.0 0
1699268451.8517911 3.49192 0.1 0.0 0
1699268451.9020817 3.49192 0.1 0.0 0
1699268451.952191 3.49192 0.1 0.0 0
1699268452.0023513 3.49192 0.1 0.0 0
1699268452.0531535 3.49192 0.1 0.0 0
1699268452.102632 3.49192 0.1 0.0 0
1699268452.15386 3.49192 0.1 0.0 0
1699268452.2043538 3.49192 0.1 0.0 0
1699268452.2545407 3.49192 0.1 0.0 0
1699268452.304557 3.49192 0.1 0.0 0
1699268452.3550346 3.49192 0.1 0.0 0
1699268452.4060044 3.49192 0.1 0.0 0
1699268452.455605 3.49192 0.1 0.0 0
1699268452.5055509 3.49192 0.1 0.0 0
1699268452.5559905 3.49192 0.1 0.0 0
1699268452.6065483 3.49192 0.1 0.0 0
1699268452.6571248 3.49192 0.1 0.0 0
1699268452.7067368 3.49192 0.1 0.0 0
1699268452.7569358 3.49192 0.1 0.0 0
1699268452.8066978 3.49192 0.1 0.0 0
1699268452.8567939 3.49192 0.1 0.0 0
1699268452.9068348 3.49192 0.1 0.0 0
1699268452.9569738 3.49192 0.1 0.0 0
1699268453.007828 3.49192 0.1 0.0 0
1699268453.0584216 3.49192 0.1 0.0 0
1699268453.1095765 3.49192 0.1 0.0 0
1699268453.159046 3.49192 0.1 0.0 0
1699268453.2087185 3.49192 0.1 0.0 0
1699268453.2591374 3.49192 0.1 0.0 0
1699268453.3088264 3.49192 0.1 0.0 0
1699268453.358787 3.49192 0.1 0.0 0
1699268453.408547 3.49192 0.1 0.0 0
1699268453.4588306 3.49192 0.1 0.0 0
1699268453.5087316 3.49192 0.1 0.0 0
1699268453.5589857 3.49192 0.1 0.0 0
1699268453.6098914 3.49192 0.1 0.0 0
1699268453.6590044 3.49192 0.1 0.0 0
1699268453.7098691 3.49192 0.1 0.0 0
1699268453.7596369 3.49192 0.1 0.0 0
1699268453.810153 3.49192 0.1 0.0 0
1699268453.860106 3.49192 0.1 0.0 0
1699268453.9107563 3.49192 0.1 0.0 0
1699268453.9600263 3.49192 0.1 0.0 0
1699268454.0113177 3.49192 0.1 0.0 0
1699268454.0607052 3.49192 0.1 0.0 0
1699268454.1106608 3.49192 0.1 0.0 0
1699268454.1608818 3.49192 0.1 0.0 0
1699268454.2115746 3.49192 0.1 0.0 0
1699268454.2621112 3.49192 0.1 0.0 0
1699268454.3122222 3.49192 0.1 0.0 0
1699268454.3617218 3.49192 0.1 0.0 0
1699268454.413345 3.49192 0.1 0.0 0
1699268454.465324 3.49192 0.1 0.0 0
1699268454.517688 3.49192 0.1 0.0 0
1699268454.5677264 3.49192 0.1 0.0 0
1699268454.6168075 3.49192 0.1 0.0 0
1699268454.6671646 3.49192 0.1 0.0 0
1699268454.7166357 3.49192 0.1 0.0 0
1699268454.7675445 3.49192 0.1 0.0 0
1699268454.8173776 3.49192 0.1 0.0 0
1699268454.8673093 3.49192 0.1 0.0 0
1699268454.917364 3.49192 0.1 0.0 0
1699268454.967122 3.49192 0.1 0.0 0
1699268455.017696 3.49192 0.1 0.0 0
1699268455.0680742 3.49192 0.1 0.0 0
1699268455.1193075 3.49192 0.1 0.0 0
1699268455.1687322 3.49192 0.1 0.0 0
1699268455.21973 3.49192 0.1 0.0 0
1699268455.2697124 3.49192 0.1 0.0 0
1699268455.319642 3.49192 0.1 0.0 0
1699268455.370018 3.49192 0.1 0.0 0
1699268455.42018 3.49192 0.1 0.0 0
1699268455.4699504 3.49192 0.1 0.0 0
1699268455.5205798 3.49192 0.1 0.0 0
1699268455.5704799 3.49192 0.1 0.0 0
1699268455.6206167 3.49192 0.1 0.0 0
1699268455.6705918 3.49192 0.1 0.0 0
1699268455.721001 3.49192 0.1 0.0 0
1699268455.7710216 3.49192 0.1 0.0 0
1699268455.821534 3.49192 0.1 0.0 0
1699268455.8715947 3.49192 0.1 0.0 0
1699268455.9222162 3.49192 0.1 0.0 0
1699268455.9725118 3.49192 0.1 0.0 0
1699268456.0255382 3.49192 0.1 0.0 0
1699268456.0759382 3.49192 0.1 0.0 0
1699268456.1255732 3.49192 0.1 0.0 0
1699268456.1754704 3.49192 0.1 0.0 0
1699268456.2255344 3.49192 0.1 0.0 0
1699268456.2754745 3.49192 0.1 0.0 0
1699268456.3254895 3.49192 0.1 0.0 0
1699268456.3754413 3.49192 0.1 0.0 0
1699268456.4261734 3.49192 0.1 0.0 0
1699268456.476542 3.49192 0.1 0.0 0
1699268456.526155 3.49192 0.1 0.0 0
1699268456.5760462 3.49192 0.1 0.0 0
1699268456.6272612 3.49192 0.1 0.0 0
1699268456.6776974 3.49192 0.1 0.0 0
1699268456.728029 3.49192 0.1 0.0 0
1699268456.778022 3.49192 0.1 0.0 0
1699268456.8280993 3.49192 0.1 0.0 0
1699268456.8786173 3.49192 0.1 0.0 0
1699268456.9289348 3.49192 0.1 0.0 0
1699268456.9786835 3.49192 0.1 0.0 0
1699268457.0291233 3.49192 0.1 0.0 0
1699268457.0794258 3.49192 0.1 0.0 0
1699268457.130456 3.49192 0.1 0.0 0
1699268457.1794512 3.49192 0.1 0.0 0
1699268457.230194 3.49192 0.1 0.0 0
1699268457.2799141 3.49192 0.1 0.0 0
1699268457.329882 3.49192 0.1 0.0 0
1699268457.3811228 3.49192 0.1 0.0 0
1699268457.430608 3.49192 0.1 0.0 0
1699268457.4812086 3.49192 0.1 0.0 0
1699268457.5307753 3.49192 0.1 0.0 0
1699268457.5811493 3.49192 0.1 0.0 0
1699268457.6307218 3.49192 0.1 0.0 0
1699268457.681714 3.49192 0.1 0.0 0
1699268457.7316418 3.49192 0.1 0.0 0
1699268457.9056702 3.49192 0.1 0.0 0
1699268457.9549232 3.49192 0.1 0.0 0
1699268458.0092926 3.49192 0.1 0.0 0
1699268458.0547667 3.49192 0.1 0.0 0
1699268458.1056046 3.49192 0.1 0.0 0
1699268458.1553836 3.49192 0.1 0.0 0
1699268458.2061672 3.49192 0.1 0.0 0
1699268458.2567773 3.49192 0.1 0.0 0
1699268458.3067107 3.49192 0.1 0.0 0
1699268458.3566887 3.49192 0.1 0.0 0
1699268458.406625 3.49192 0.1 0.0 0
1699268458.457429 3.49192 0.1 0.0 0
1699268458.5080764 3.49192 0.1 0.0 0
1699268458.5578887 3.49192 0.1 0.0 0
1699268458.6076477 3.49192 0.1 0.0 0
1699268458.6574953 3.49192 0.1 0.0 0
1699268458.7080092 3.49192 0.1 0.0 0
1699268458.7578092 3.49192 0.1 0.0 0
1699268458.8078265 3.49192 0.1 0.0 0
1699268458.8580182 3.49192 0.1 0.0 0
1699268458.9083323 3.49192 0.1 0.0 0
1699268458.959744 3.49192 0.1 0.0 0
1699268459.0091789 3.49192 0.1 0.0 0
1699268459.0592246 3.49192 0.1 0.0 0
1699268459.1089718 3.49192 0.1 0.0 0
1699268459.1592207 3.49192 0.1 0.0 0
1699268459.2093277 3.49192 0.1 0.0 0
1699268459.2599394 3.49192 0.1 0.0 0
1699268459.3098598 3.49192 0.1 0.0 0
1699268459.3609893 3.49192 0.1 0.0 0
1699268459.4099543 3.49192 0.1 0.0 0
1699268459.4601314 3.49192 0.1 0.0 0
1699268459.5098653 3.49192 0.1 0.0 0
1699268459.5600617 3.49192 0.1 0.0 0
1699268459.61044 3.49192 0.1 0.0 0
1699268459.661205 3.49192 0.1 0.0 0
1699268459.710588 3.49192 0.1 0.0 0
1699268459.7608316 3.49192 0.1 0.0 0
1699268459.8110385 3.49192 0.1 0.0 0
1699268459.8615701 3.49192 0.1 0.0 0
1699268459.9113157 3.49192 0.1 0.0 0
1699268459.9616194 3.49192 0.1 0.0 0
1699268460.0116706 3.49192 0.1 0.0 0
1699268460.0626867 3.49192 0.1 0.0 0
1699268460.1129184 3.49192 0.1 0.0 0
1699268460.1634078 3.49192 0.1 0.0 0
1699268460.2129755 3.49192 0.1 0.0 0
1699268460.2632215 3.49192 0.1 0.0 0
1699268460.313177 3.49192 0.1 0.0 0
1699268460.3634112 3.49192 0.1 0.0 0
1699268460.4135063 3.49192 0.1 0.0 0
1699268460.4637213 3.49192 0.1 0.0 0
1699268460.513693 3.49192 0.1 0.0 0
1699268460.5640402 3.49192 0.1 0.0 0
1699268460.6140077 3.49192 0.1 0.0 0
1699268460.663991 3.49192 0.1 0.0 0
1699268460.7138774 3.49192 0.1 0.0 0
1699268460.7649179 3.49192 0.1 0.0 0
1699268460.8148725 3.49192 0.1 0.0 0
1699268460.8657382 3.49192 0.1 0.0 0
1699268460.915524 3.49192 0.1 0.0 0
1699268460.9657817 3.49192 0.1 0.0 0
1699268461.0156596 3.49192 0.1 0.0 0
1699268461.0657353 3.49192 0.1 0.0 0
1699268461.1160662 3.49192 0.1 0.0 0
1699268461.165911 3.49192 0.1 0.0 0
1699268461.2161787 3.49192 0.1 0.0 0
1699268461.266736 3.49192 0.1 0.0 0
1699268461.3169777 3.49192 0.1 0.0 0
1699268461.3667703 3.49192 0.1 0.0 0
1699268461.4166265 3.49192 0.1 0.0 0
1699268461.467682 3.49192 0.1 0.0 0
1699268461.5176609 3.49192 0.1 0.0 0
1699268461.567955 3.49192 0.1 0.0 0
1699268461.618495 3.49192 0.1 0.0 0
1699268461.6683948 3.49192 0.1 0.0 0
1699268461.7189877 3.49192 0.1 0.0 0
1699268461.7692175 3.49192 0.1 0.0 0
1699268461.8194916 3.49192 0.1 0.0 0
1699268461.8692927 3.49192 0.1 0.0 0
1699268461.919343 3.49192 0.1 0.0 0
1699268461.970285 3.49192 0.1 0.0 0
1699268462.019036 3.49192 0.1 0.0 0
1699268462.069158 3.49192 0.1 0.0 0
1699268462.1193416 3.49192 0.1 0.0 0
1699268462.1693916 3.49192 0.1 0.0 0
1699268462.2197738 3.49192 0.1 0.0 0
1699268462.269769 3.49192 0.1 0.0 0
1699268462.319963 3.49192 0.1 0.0 0
1699268462.3699923 3.49192 0.1 0.0 0
1699268462.4200845 3.49192 0.1 0.0 0
1699268462.4702368 3.49192 0.1 0.0 0
1699268462.5204175 3.49192 0.1 0.0 0
1699268462.5704596 3.49192 0.1 0.0 0
1699268462.6209042 3.49192 0.1 0.0 0
1699268462.6712403 3.49192 0.1 0.0 0
1699268462.7208962 3.49192 0.1 0.0 0
1699268462.7715054 3.49192 0.1 0.0 0
1699268462.821722 3.49192 0.1 0.0 0
1699268462.8718064 3.49192 0.1 0.0 0
1699268462.921782 3.49192 0.1 0.0 0
1699268462.9723413 3.49192 0.1 0.0 0
1699268463.0224702 3.49192 0.1 0.0 0
1699268463.0732632 3.49192 0.1 0.0 0
1699268463.1228285 3.49192 0.1 0.0 0
1699268463.2654908 3.49192 0.1 0.0 0
1699268463.2927115 3.49192 0.1 0.0 0
1699268463.4149475 3.49192 0.1 0.0 0
1699268463.4645443 3.49192 0.1 0.0 0
1699268463.5148597 3.49192 0.1 0.0 0
1699268463.6411881 3.49192 0.1 0.0 0
1699268463.6711836 3.49192 0.1 0.0 0
1699268463.688856 3.49192 0.1 0.0 0
1699268463.8865209 3.49192 0.1 0.0 0
1699268464.0721264 3.49192 0.1 0.0 0
1699268464.122143 3.49192 0.1 0.0 0
1699268464.3018577 3.49192 0.1 0.0 0
1699268464.351768 3.49192 0.1 0.0 0
1699268464.4016862 3.49192 0.1 0.0 0
1699268464.578112 3.49192 0.1 0.0 0
1699268464.627424 3.49192 0.1 0.0 0
1699268464.6785507 3.49192 0.1 0.0 0
1699268464.8565223 3.49192 0.1 0.0 0
1699268464.9061098 3.49192 0.1 0.0 0
1699268464.9564316 3.49192 0.1 0.0 0
1699268465.1282246 3.49192 0.1 0.0 0
1699268465.177831 3.49192 0.1 0.0 0
1699268465.227966 3.49192 0.1 0.0 0
1699268465.4137151 3.49192 0.1 0.0 0
1699268465.4635153 3.49192 0.1 0.0 0
1699268465.5137136 3.49192 0.1 0.0 0
1699268465.6981065 3.49192 0.1 0.0 0
1699268465.74831 3.49192 0.1 0.0 0
1699268465.7981436 3.49192 0.1 0.0 0
1699268465.8485315 3.49192 0.1 0.0 0
1699268466.0251987 3.49192 0.1 0.0 0
1699268466.0755398 3.49192 0.1 0.0 0
1699268466.1268566 3.49192 0.1 0.0 0
1699268466.1761913 3.49192 0.1 0.0 0
1699268466.3433554 3.49192 0.1 0.0 0
1699268466.392715 3.49192 0.1 0.0 0
1699268466.4424858 3.49192 0.1 0.0 0
1699268466.492967 3.49192 0.1 0.0 0
1699268466.6701372 3.49192 0.1 0.0 0
1699268466.7195733 3.49192 0.1 0.0 0
1699268466.7693279 3.49192 0.1 0.0 0
1699268466.9381943 3.49192 0.1 0.0 0
1699268466.9880912 3.49192 0.1 0.0 0
1699268467.0379581 3.49192 0.1 0.0 0
1699268467.0877743 3.49192 0.1 0.0 0
1699268467.2635226 3.49192 0.1 0.0 0
1699268467.4410567 3.49192 0.1 0.0 0
1699268467.4908118 3.49192 0.1 0.0 0
1699268467.6671908 3.49192 0.1 0.0 0
1699268467.7166166 3.49192 0.1 0.0 0
1699268467.766716 3.49192 0.1 0.0 0
1699268467.9363623 3.49192 0.1 0.0 0
1699268467.9864945 3.49192 0.1 0.0 0
1699268468.036673 3.49192 0.1 0.0 0
1699268468.0866551 3.49192 0.1 0.0 0
1699268468.2768795 3.49192 0.1 0.0 0
1699268468.5191247 3.49192 0.1 0.0 0
1699268468.5690227 3.49192 0.1 0.0 0
1699268468.746512 3.49192 0.1 0.0 0
1699268468.7960076 3.49192 0.1 0.0 0
1699268468.84604 3.49192 0.1 0.0 0
1699268469.0298488 3.49192 0.1 0.0 0
1699268469.0800502 3.49192 0.1 0.0 0
1699268469.1301038 3.49192 0.1 0.0 0
1699268469.180703 3.49192 0.1 0.0 0
1699268469.355274 3.49192 0.1 0.0 0
1699268469.540994 3.49192 0.1 0.0 0
1699268469.5911107 3.49192 0.1 0.0 0
1699268469.7857769 3.49192 0.1 0.0 0
1699268469.8351865 3.49192 0.1 0.0 0
1699268469.8863802 3.49192 0.1 0.0 0
1699268470.0766702 3.49192 0.1 0.0 0
1699268470.1255891 3.49192 0.1 0.0 0
1699268470.175996 3.49192 0.1 0.0 0
1699268470.3766158 3.49192 0.1 0.0 0
1699268470.4308927 3.49192 0.1 0.0 0
1699268470.4814363 3.49192 0.1 0.0 0
1699268470.531285 3.49192 0.1 0.0 0
1699268470.74095 3.49192 0.1 0.0 0
1699268470.9403298 3.49192 0.1 0.0 0
1699268470.9905024 3.49192 0.1 0.0 0
1699268471.1727448 3.49192 0.1 0.0 0
1699268471.2231429 3.49192 0.1 0.0 0
1699268471.272192 3.49192 0.1 0.0 0
1699268471.3223622 3.49192 0.1 0.0 0
1699268471.5309818 3.49192 0.1 0.0 0
1699268471.582164 3.49192 0.1 0.0 0
1699268471.6303294 3.49192 0.1 0.0 0
1699268471.6805584 3.49192 0.1 0.0 0
1699268471.898712 3.49192 0.1 0.0 0
1699268472.0820532 3.49192 0.1 0.0 0
1699268472.1316185 3.49192 0.1 0.0 0
1699268472.3282201 3.49192 0.1 0.0 0
1699268472.37863 3.49192 0.1 0.0 0
1699268472.4279752 3.49192 0.1 0.0 0
1699268472.4782338 3.49192 0.1 0.0 0
1699268472.6949158 3.49192 0.1 0.0 0
1699268472.744793 3.49192 0.1 0.0 0
1699268472.7949731 3.49192 0.1 0.0 0
1699268472.8451056 3.49192 0.1 0.0 0
1699268473.0534742 3.49192 0.1 0.0 0
1699268473.2539 3.49192 0.1 0.0 0
1699268473.3033051 3.49192 0.1 0.0 0
1699268473.496232 3.49192 0.1 0.0 0
1699268473.545929 3.49192 0.1 0.0 0
1699268473.5961814 3.49192 0.1 0.0 0
1699268473.7816446 3.49192 0.1 0.0 0
1699268473.8314843 3.49192 0.1 0.0 0
1699268473.8813148 3.49192 0.1 0.0 0
1699268473.9317043 3.49192 0.1 0.0 0
1699268474.1487603 3.49192 0.1 0.0 0
1699268474.200369 3.49192 0.1 0.0 0
1699268474.2485113 3.49192 0.1 0.0 0
1699268474.302044 3.49192 0.1 0.0 0
1699268474.5146446 3.49192 0.1 0.0 0
1699268474.5642898 3.49192 0.1 0.0 0
1699268474.614584 3.49192 0.1 0.0 0
1699268474.666807 3.49192 0.1 0.0 0
1699268474.8855011 3.49192 0.1 0.0 0
1699268474.9362159 3.49192 0.1 0.0 0
1699268474.9907043 3.49192 0.1 0.0 0
1699268475.0378554 3.49192 0.1 0.0 0
1699268475.2395613 3.49192 0.1 0.0 0
1699268475.4350183 3.49192 0.1 0.0 0
1699268475.4847794 3.49192 0.1 0.0 0
1699268475.6730502 3.49192 0.1 0.0 0
1699268475.7272425 3.49192 0.1 0.0 0
1699268475.7786825 3.49192 0.1 0.0 0
1699268475.9702377 3.49192 0.1 0.0 0
1699268476.0202844 3.49192 0.1 0.0 0
1699268476.0704207 3.49192 0.1 0.0 0
1699268476.122265 3.49192 0.1 0.0 0
1699268476.3420062 3.49192 0.1 0.0 0
1699268476.3921406 3.49192 0.1 0.0 0
1699268476.4423378 3.49192 0.1 0.0 0
1699268476.6423926 3.49192 0.1 0.0 0
1699268476.692345 3.49192 0.1 0.0 0
1699268476.743219 3.49192 0.1 0.0 0
1699268476.9466522 3.49192 0.1 0.0 0
1699268476.9960973 3.49192 0.1 0.0 0
1699268477.0469255 3.49192 0.1 0.0 0
1699268477.0970244 3.49192 0.1 0.0 0
1699268477.310248 3.49192 0.1 0.0 0
1699268477.5065136 3.49192 0.1 0.0 0
1699268477.557138 3.49192 0.1 0.0 0
1699268477.7535372 3.49192 0.1 0.0 0
1699268477.8036726 3.49192 0.1 0.0 0
1699268477.8536458 3.49192 0.1 0.0 0
1699268478.057339 3.49192 0.1 0.0 0
1699268478.107177 3.49192 0.1 0.0 0
1699268478.1585708 3.49192 0.1 0.0 0
1699268478.3541188 3.49192 0.1 0.0 0
1699268478.4056094 3.49192 0.1 0.0 0
1699268478.4538393 3.49192 0.1 0.0 0
1699268478.6463397 3.49192 0.1 0.0 0
1699268478.6962557 3.49192 0.1 0.0 0
1699268478.7466903 3.49192 0.1 0.0 0
1699268478.9385266 3.49192 0.1 0.0 0
1699268478.9882212 3.49192 0.1 0.0 0
1699268479.0388198 3.49192 0.1 0.0 0
1699268479.2278326 3.49192 0.1 0.0 0
1699268479.2768176 3.49192 0.1 0.0 0
1699268479.3308406 3.49192 0.1 0.0 0
1699268479.3793232 3.49192 0.1 0.0 0
1699268479.6096191 3.49192 0.1 0.0 0
1699268479.8155284 3.49192 0.1 0.0 0
1699268479.865008 3.49192 0.1 0.0 0
1699268480.0547278 3.49192 0.1 0.0 0
1699268480.1043658 3.49192 0.1 0.0 0
1699268480.1548922 3.49192 0.1 0.0 0
1699268480.3571773 3.49192 0.1 0.0 0
1699268480.4069064 3.49192 0.1 0.0 0
1699268480.4568408 3.49192 0.1 0.0 0
1699268480.5137136 3.49192 0.1 0.0 0
1699268480.7317052 3.49192 0.1 0.0 0
1699268480.9195669 3.49192 0.1 0.0 0
1699268480.9689023 3.49192 0.1 0.0 0
1699268481.166253 3.49192 0.1 0.0 0
1699268481.2160735 3.49192 0.1 0.0 0
1699268481.265935 3.49192 0.1 0.0 0
1699268481.3158064 3.49192 0.1 0.0 0
1699268481.532837 3.49192 0.1 0.0 0
1699268481.5824752 3.49192 0.1 0.0 0
1699268481.633441 3.49192 0.1 0.0 0
1699268481.829156 3.49192 0.1 0.0 0
1699268481.8785417 3.49192 0.1 0.0 0
1699268481.9288144 3.49192 0.1 0.0 0
1699268482.1299984 3.49192 0.1 0.0 0
1699268482.1794589 3.49192 0.1 0.0 0
1699268482.2308712 3.49192 0.1 0.0 0
1699268482.4223459 3.49192 0.1 0.0 0
1699268482.4722648 3.49192 0.1 0.0 0
1699268482.5223892 3.49192 0.1 0.0 0
1699268482.5727487 3.49192 0.1 0.0 0
1699268482.7871048 3.49192 0.1 0.0 0
1699268482.8387816 3.49192 0.1 0.0 0
1699268482.8881166 3.49192 0.1 0.0 0
1699268483.0803058 3.49192 0.1 0.0 0
1699268483.130135 3.49192 0.1 0.0 0
1699268483.1805074 3.49192 0.1 0.0 0
1699268483.230722 3.49192 0.1 0.0 0
1699268483.4551244 3.49192 0.1 0.0 0
1699268483.5049717 3.49192 0.1 0.0 0
1699268483.555251 3.49192 0.1 0.0 0
1699268483.7502027 3.49192 0.1 0.0 0
1699268483.8016243 3.49192 0.1 0.0 0
1699268483.849461 3.49192 0.1 0.0 0
1699268483.8999426 3.49192 0.1 0.0 0
1699268484.1182506 3.49192 0.1 0.0 0
1699268484.3183043 3.49192 0.1 0.0 0
1699268484.368626 3.49192 0.1 0.0 0
1699268484.5686862 3.49192 0.1 0.0 0
1699268484.62091 3.49192 0.1 0.0 0
1699268484.6683757 3.49192 0.1 0.0 0
1699268484.7184045 3.49192 0.1 0.0 0
1699268484.9573095 3.49192 0.1 0.0 0
1699268485.0076585 3.49192 0.1 0.0 0
1699268485.0575595 3.49192 0.1 0.0 0
1699268485.2545466 3.49192 0.1 0.0 0
1699268485.3042195 3.49192 0.1 0.0 0
1699268485.3543754 3.49192 0.1 0.0 0
1699268485.4051795 3.49192 0.1 0.0 0
1699268485.618317 3.49192 0.1 0.0 0
1699268485.667626 3.49192 0.1 0.0 0
1699268485.7173402 3.49192 0.1 0.0 0
1699268485.7689614 3.49192 0.1 0.0 0
1699268485.988377 3.49192 0.1 0.0 0
1699268486.1597853 3.49192 0.1 0.0 0
1699268486.2096455 3.49192 0.1 0.0 0
1699268486.3843212 3.49192 0.1 0.0 0
1699268486.4349914 3.49192 0.1 0.0 0
1699268486.4849296 3.49192 0.1 0.0 0
1699268486.5350158 3.49192 0.1 0.0 0
1699268486.720939 3.49192 0.1 0.0 0
1699268486.7703688 3.49192 0.1 0.0 0
1699268486.8204203 3.49192 0.1 0.0 0
1699268486.8702838 3.49192 0.1 0.0 0
1699268487.0576074 3.49192 0.1 0.0 0
1699268487.1076844 3.49192 0.1 0.0 0
1699268487.1577446 3.49192 0.1 0.0 0
1699268487.3386679 3.49192 0.1 0.0 0
1699268487.387939 3.49192 0.1 0.0 0
1699268487.4385524 3.49192 0.1 0.0 0
1699268487.6193905 3.49192 0.1 0.0 0
1699268487.6687932 3.49192 0.1 0.0 0
1699268487.7191923 3.49192 0.1 0.0 0
1699268487.8979697 3.49192 0.1 0.0 0
1699268487.9480658 3.49192 0.1 0.0 0
1699268487.9979732 3.49192 0.1 0.0 0
1699268488.167346 3.49192 0.1 0.0 0
1699268488.216604 3.49192 0.1 0.0 0
1699268488.2674801 3.49192 0.1 0.0 0
1699268488.44975 3.49192 0.1 0.0 0
1699268488.4996169 3.49192 0.1 0.0 0
1699268488.5500226 3.49192 0.1 0.0 0
1699268488.5998504 3.49192 0.1 0.0 0
1699268488.775796 3.49192 0.1 0.0 0
1699268488.9612186 3.49192 0.1 0.0 0
1699268489.0108361 3.49192 0.1 0.0 0
1699268489.1827226 3.49192 0.1 0.0 0
1699268489.23227 3.49192 0.1 0.0 0
1699268489.282901 3.49192 0.1 0.0 0
1699268489.469467 3.49192 0.1 0.0 0
1699268489.5181916 3.49192 0.1 0.0 0
1699268489.5683618 3.49192 0.1 0.0 0
1699268489.7483575 3.49192 0.1 0.0 0
1699268489.79861 3.49192 0.1 0.0 0
1699268489.8485396 3.49192 0.1 0.0 0
1699268490.0264707 3.49192 0.1 0.0 0
1699268490.0763648 3.49192 0.1 0.0 0
1699268490.1261694 3.49192 0.1 0.0 0
1699268490.3142412 3.49192 0.1 0.0 0
1699268490.363542 3.49192 0.1 0.0 0
1699268490.4137652 3.49192 0.1 0.0 0
1699268490.4641848 3.49192 0.1 0.0 0
1699268490.6485598 3.49192 0.1 0.0 0
1699268490.8237562 3.49192 0.1 0.0 0
1699268490.872852 3.49192 0.1 0.0 0
1699268491.048875 3.49192 0.1 0.0 0
1699268491.098395 3.49192 0.1 0.0 0
1699268491.148728 3.49192 0.1 0.0 0
1699268491.3381104 3.49192 0.1 0.0 0
1699268491.387792 3.49192 0.1 0.0 0
1699268491.4376612 3.49192 0.1 0.0 0
1699268491.6315281 3.49192 0.1 0.0 0
1699268491.6802409 3.49192 0.1 0.0 0
1699268491.7302215 3.49192 0.1 0.0 0
1699268491.9139109 3.49192 0.1 0.0 0
1699268491.9646387 3.49192 0.1 0.0 0
1699268492.0153875 3.49192 0.1 0.0 0
1699268492.065598 3.49192 0.1 0.0 0
1699268492.2462356 3.49192 0.1 0.0 0
1699268492.429333 3.49192 0.1 0.0 0
1699268492.4794126 3.49192 0.1 0.0 0
1699268492.67526 3.49192 0.1 0.0 0
1699268492.725178 3.49192 0.1 0.0 0
1699268492.7910764 3.49192 0.1 0.0 0
1699268492.8296156 3.49192 0.1 0.0 0
1699268493.014234 3.49192 0.1 0.0 0
1699268493.0639575 3.49192 0.1 0.0 0
1699268493.1139362 3.49192 0.1 0.0 0
1699268493.3054712 3.49192 0.1 0.0 0
1699268493.3542871 3.49192 0.1 0.0 0
1699268493.405049 3.49192 0.1 0.0 0
1699268493.4545949 3.49192 0.1 0.0 0
1699268493.6583009 3.49192 0.1 0.0 0
1699268493.8341615 3.49192 0.1 0.0 0
1699268493.8840587 3.49192 0.1 0.0 0
1699268494.065447 3.49192 0.1 0.0 0
1699268494.114726 3.49192 0.1 0.0 0
1699268494.16598 3.49192 0.1 0.0 0
1699268494.2158394 3.49192 0.1 0.0 0
1699268494.3913736 3.49192 0.1 0.0 0
1699268494.44174 3.49192 0.1 0.0 0
1699268494.4921992 3.49192 0.1 0.0 0
1699268494.542048 3.49192 0.1 0.0 0
1699268494.715978 3.49192 0.1 0.0 0
1699268494.7659779 3.49192 0.1 0.0 0
1699268494.8159904 3.49192 0.1 0.0 0
1699268494.9976683 3.49192 0.1 0.0 0
1699268495.0474489 3.49192 0.1 0.0 0
1699268495.0976222 3.49192 0.1 0.0 0
1699268495.274747 3.49192 0.1 0.0 0
1699268495.3249655 3.49192 0.1 0.0 0
1699268495.3760102 3.49192 0.1 0.0 0
1699268495.4255674 3.49192 0.1 0.0 0
1699268495.5998557 3.49192 0.1 0.0 0
1699268495.7935417 3.49192 0.1 0.0 0
1699268495.8436506 3.49192 0.1 0.0 0
1699268496.0290143 3.49192 0.1 0.0 0
1699268496.0792134 3.49192 0.1 0.0 0
1699268496.1291912 3.49192 0.1 0.0 0
1699268496.3178916 3.49192 0.1 0.0 0
1699268496.3682663 3.49192 0.1 0.0 0
1699268496.4182336 3.49192 0.1 0.0 0
1699268496.4678175 3.49192 0.1 0.0 0
1699268496.6590188 3.49192 0.1 0.0 0
1699268496.8576064 3.49192 0.1 0.0 0
1699268496.906844 3.49192 0.1 0.0 0
1699268497.0902312 3.49192 0.1 0.0 0
1699268497.1395738 3.49192 0.1 0.0 0
1699268497.1896276 3.49192 0.1 0.0 0
1699268497.3829687 3.49192 0.1 0.0 0
1699268497.4326248 3.49192 0.1 0.0 0
1699268497.483157 3.49192 0.1 0.0 0
1699268497.657772 3.49192 0.1 0.0 0
1699268497.7077098 3.49192 0.1 0.0 0
1699268497.757726 3.49192 0.1 0.0 0
1699268497.8080888 3.49192 0.1 0.0 0
