1699269110.0768363 3.5 0.1 -0.04 0
1699269110.3398972 3.491640000000002 0.1 0.0 0
1699269110.4981322 3.491640000000002 0.1 0.0 0
1699269110.5470595 3.491640000000002 0.1 0.0 0
1699269110.5975444 3.491640000000002 0.1 0.0 0
1699269110.6479535 3.491640000000002 0.1 0.0 0
1699269110.6978912 3.491640000000002 0.1 0.0 0
1699269110.7479403 3.491640000000002 0.1 0.0 0
1699269110.7978575 3.491640000000002 0.1 0.0 0
1699269110.8483627 3.491640000000002 0.1 0.0 0
1699269110.898945 3.491640000000002 0.1 0.0 0
1699269110.9486163 3.491640000000002 0.1 0.0 0
1699269110.9988635 3.491640000000002 0.1 0.0 0
1699269111.04882 3.491640000000002 0.1 0.0 0
1699269111.0989964 3.491640000000002 0.1 0.0 0
1699269111.148771 3.491640000000002 0.1 0.0 0
1699269111.1990852 3.491640000000002 0.1 0.0 0
1699269111.2489052 3.491640000000002 0.1 0.0 0
1699269111.299157 3.491640000000002 0.1 0.0 0
1699269111.349281 3.491640000000002 0.1 0.0 0
1699269111.3995883 3.491640000000002 0.1 0.0 0
1699269111.4508522 3.491640000000002 0.1 0.0 0
1699269111.5008233 3.491640000000002 0.1 0.0 0
1699269111.5512817 3.491640000000002 0.1 0.0 0
1699269111.6010695 3.491640000000002 0.1 0.0 0
1699269111.6516738 3.491640000000002 0.1 0.0 0
1699269111.7012994 3.491640000000002 0.1 0.0 0
1699269111.751335 3.491640000000002 0.1 0.0 0
1699269111.8016965 3.491640000000002 0.1 0.0 0
1699269111.8518598 3.491640000000002 0.1 0.0 0
1699269111.9018042 3.491640000000002 0.1 0.0 0
1699269111.9519236 3.491640000000002 0.1 0.0 0
1699269112.0018933 3.491640000000002 0.1 0.0 0
1699269112.0521858 3.491640000000002 0.1 0.0 0
1699269112.1024256 3.491640000000002 0.1 0.0 0
1699269112.152699 3.491640000000002 0.1 0.0 0
1699269112.2029283 3.491640000000002 0.1 0.0 0
1699269112.2529004 3.491640000000002 0.1 0.0 0
1699269112.3030374 3.491640000000002 0.1 0.0 0
1699269112.3530185 3.491640000000002 0.1 0.0 0
1699269112.4029777 3.491640000000002 0.1 0.0 0
1699269112.4530895 3.491640000000002 0.1 0.0 0
1699269112.5029776 3.491640000000002 0.1 0.0 0
1699269112.55361 3.491640000000002 0.1 0.0 0
1699269112.6039288 3.491640000000002 0.1 0.0 0
1699269112.6537385 3.491640000000002 0.1 0.0 0
1699269112.7040443 3.491640000000002 0.1 0.0 0
1699269112.753907 3.491640000000002 0.1 0.0 0
1699269112.8041506 3.491640000000002 0.1 0.0 0
1699269112.8543158 3.491640000000002 0.1 0.0 0
1699269112.9043922 3.491640000000002 0.1 0.0 0
1699269112.9552908 3.491640000000002 0.1 0.0 0
1699269113.0049021 3.491640000000002 0.1 0.0 0
1699269113.0549364 3.491640000000002 0.1 0.0 0
1699269113.1051054 3.491640000000002 0.1 0.0 0
1699269113.1549115 3.491640000000002 0.1 0.0 0
1699269113.2049415 3.491640000000002 0.1 0.0 0
1699269113.2550251 3.491640000000002 0.1 0.0 0
1699269113.3052797 3.491640000000002 0.1 0.0 0
1699269113.355579 3.491640000000002 0.1 0.0 0
1699269113.4058082 3.491640000000002 0.1 0.0 0
1699269113.4560142 3.491640000000002 0.1 0.0 0
1699269113.5057945 3.491640000000002 0.1 0.0 0
1699269113.55609 3.491640000000002 0.1 0.0 0
1699269113.6060126 3.491640000000002 0.1 0.0 0
1699269113.6560805 3.491640000000002 0.1 0.0 0
1699269113.706693 3.491640000000002 0.1 0.0 0
1699269113.7566671 3.491640000000002 0.1 0.0 0
1699269113.806739 3.491640000000002 0.1 0.0 0
1699269113.8569353 3.491640000000002 0.1 0.0 0
1699269113.9069235 3.491640000000002 0.1 0.0 0
1699269113.9570165 3.491640000000002 0.1 0.0 0
1699269114.0072312 3.491640000000002 0.1 0.0 0
1699269114.0575886 3.491640000000002 0.1 0.0 0
1699269114.1080563 3.491640000000002 0.1 0.0 0
1699269114.159544 3.491640000000002 0.1 0.0 0
1699269114.2091248 3.491640000000002 0.1 0.0 0
1699269114.259248 3.491640000000002 0.1 0.0 0
1699269114.3093722 3.491640000000002 0.1 0.0 0
1699269114.3595521 3.491640000000002 0.1 0.0 0
1699269114.4096632 3.491640000000002 0.1 0.0 0
1699269114.4600275 3.491640000000002 0.1 0.0 0
1699269114.509935 3.491640000000002 0.1 0.0 0
1699269114.5600867 3.491640000000002 0.1 0.0 0
1699269114.6103446 3.491640000000002 0.1 0.0 0
1699269114.6604998 3.491640000000002 0.1 0.0 0
1699269114.7110453 3.491640000000002 0.1 0.0 0
1699269114.7607505 3.491640000000002 0.1 0.0 0
1699269114.8116088 3.491640000000002 0.1 0.0 0
1699269114.8614237 3.491640000000002 0.1 0.0 0
1699269114.9117472 3.491640000000002 0.1 0.0 0
1699269114.962171 3.491640000000002 0.1 0.0 0
1699269115.0119102 3.491640000000002 0.1 0.0 0
1699269115.0621803 3.491640000000002 0.1 0.0 0
1699269115.112172 3.491640000000002 0.1 0.0 0
1699269115.1623504 3.491640000000002 0.1 0.0 0
1699269115.2127738 3.491640000000002 0.1 0.0 0
1699269115.2636902 3.491640000000002 0.1 0.0 0
1699269115.3129196 3.491640000000002 0.1 0.0 0
1699269115.3629067 3.491640000000002 0.1 0.0 0
1699269115.4129853 3.491640000000002 0.1 0.0 0
1699269115.463066 3.491640000000002 0.1 0.0 0
1699269115.5132368 3.491640000000002 0.1 0.0 0
1699269115.5636501 3.491640000000002 0.1 0.0 0
1699269115.6136475 3.491640000000002 0.1 0.0 0
1699269115.6640158 3.491640000000002 0.1 0.0 0
1699269115.7140284 3.491640000000002 0.1 0.0 0
1699269115.76391 3.491640000000002 0.1 0.0 0
1699269115.8139482 3.491640000000002 0.1 0.0 0
1699269115.863943 3.491640000000002 0.1 0.0 0
1699269115.914093 3.491640000000002 0.1 0.0 0
1699269115.964562 3.491640000000002 0.1 0.0 0
1699269116.0144472 3.491640000000002 0.1 0.0 0
1699269116.064918 3.491640000000002 0.1 0.0 0
1699269116.1151137 3.491640000000002 0.1 0.0 0
1699269116.1650686 3.491640000000002 0.1 0.0 0
1699269116.2150514 3.491640000000002 0.1 0.0 0
1699269116.2649095 3.491640000000002 0.1 0.0 0
1699269116.315616 3.491640000000002 0.1 0.0 0
1699269116.3654678 3.491640000000002 0.1 0.0 0
1699269116.4157603 3.491640000000002 0.1 0.0 0
1699269116.4657433 3.491640000000002 0.1 0.0 0
1699269116.5157847 3.491640000000002 0.1 0.0 0
1699269116.5660818 3.491640000000002 0.1 0.0 0
1699269116.616089 3.491640000000002 0.1 0.0 0
1699269116.6664164 3.491640000000002 0.1 0.0 0
1699269116.7167218 3.491640000000002 0.1 0.0 0
1699269116.7667596 3.491640000000002 0.1 0.0 0
1699269116.8168743 3.491640000000002 0.1 0.0 0
1699269116.8668394 3.491640000000002 0.1 0.0 0
1699269116.9169943 3.491640000000002 0.1 0.0 0
1699269116.9670854 3.491640000000002 0.1 0.0 0
1699269117.0172813 3.491640000000002 0.1 0.0 0
1699269117.0677931 3.491640000000002 0.1 0.0 0
1699269117.117755 3.491640000000002 0.1 0.0 0
1699269117.1679056 3.491640000000002 0.1 0.0 0
1699269117.2178717 3.491640000000002 0.1 0.0 0
1699269117.2678523 3.491640000000002 0.1 0.0 0
1699269117.317677 3.491640000000002 0.1 0.0 0
1699269117.3679454 3.491640000000002 0.1 0.0 0
1699269117.4186978 3.491640000000002 0.1 0.0 0
1699269117.4688532 3.491640000000002 0.1 0.0 0
1699269117.5190172 3.491640000000002 0.1 0.0 0
1699269117.5688481 3.491640000000002 0.1 0.0 0
1699269117.6191041 3.491640000000002 0.1 0.0 0
1699269117.6695974 3.491640000000002 0.1 0.0 0
1699269117.7191136 3.491640000000002 0.1 0.0 0
1699269117.7694528 3.491640000000002 0.1 0.0 0
1699269117.8203008 3.491640000000002 0.1 0.0 0
1699269117.870141 3.491640000000002 0.1 0.0 0
1699269117.9201283 3.491640000000002 0.1 0.0 0
1699269117.9701562 3.491640000000002 0.1 0.0 0
1699269118.0204935 3.491640000000002 0.1 0.0 0
1699269118.070562 3.491640000000002 0.1 0.0 0
1699269118.120596 3.491640000000002 0.1 0.0 0
1699269118.1709602 3.491640000000002 0.1 0.0 0
1699269118.2207768 3.491640000000002 0.1 0.0 0
1699269118.270906 3.491640000000002 0.1 0.0 0
1699269118.321032 3.491640000000002 0.1 0.0 0
1699269118.371266 3.491640000000002 0.1 0.0 0
1699269118.4210308 3.491640000000002 0.1 0.0 0
1699269118.4709682 3.491640000000002 0.1 0.0 0
1699269118.5211205 3.491640000000002 0.1 0.0 0
1699269118.571918 3.491640000000002 0.1 0.0 0
1699269118.621634 3.491640000000002 0.1 0.0 0
1699269118.6721041 3.491640000000002 0.1 0.0 0
1699269118.721781 3.491640000000002 0.1 0.0 0
1699269118.772179 3.491640000000002 0.1 0.0 0
1699269118.9332461 3.491640000000002 0.1 0.0 0
1699269118.9826798 3.491640000000002 0.1 0.0 0
1699269119.0328224 3.491640000000002 0.1 0.0 0
1699269119.0831761 3.491640000000002 0.1 0.0 0
1699269119.133322 3.491640000000002 0.1 0.0 0
1699269119.1837766 3.491640000000002 0.1 0.0 0
1699269119.2336383 3.491640000000002 0.1 0.0 0
1699269119.2838883 3.491640000000002 0.1 0.0 0
1699269119.3338244 3.491640000000002 0.1 0.0 0
1699269119.3841622 3.491640000000002 0.1 0.0 0
1699269119.4338176 3.491640000000002 0.1 0.0 0
1699269119.4840813 3.491640000000002 0.1 0.0 0
1699269119.5341191 3.491640000000002 0.1 0.0 0
1699269119.5847588 3.491640000000002 0.1 0.0 0
1699269119.6344166 3.491640000000002 0.1 0.0 0
1699269119.6842878 3.491640000000002 0.1 0.0 0
1699269119.734552 3.491640000000002 0.1 0.0 0
1699269119.7851298 3.491640000000002 0.1 0.0 0
1699269119.8352728 3.491640000000002 0.1 0.0 0
1699269119.8851879 3.491640000000002 0.1 0.0 0
1699269119.9357734 3.491640000000002 0.1 0.0 0
1699269119.9860406 3.491640000000002 0.1 0.0 0
1699269120.0365071 3.491640000000002 0.1 0.0 0
1699269120.0863445 3.491640000000002 0.1 0.0 0
1699269120.1363657 3.491640000000002 0.1 0.0 0
1699269120.1863315 3.491640000000002 0.1 0.0 0
1699269120.2366104 3.491640000000002 0.1 0.0 0
1699269120.2868433 3.491640000000002 0.1 0.0 0
1699269120.337107 3.491640000000002 0.1 0.0 0
1699269120.3869095 3.491640000000002 0.1 0.0 0
1699269120.4371943 3.491640000000002 0.1 0.0 0
1699269120.4869137 3.491640000000002 0.1 0.0 0
1699269120.5369942 3.491640000000002 0.1 0.0 0
1699269120.587782 3.491640000000002 0.1 0.0 0
1699269120.6377308 3.491640000000002 0.1 0.0 0
1699269120.6883285 3.491640000000002 0.1 0.0 0
1699269120.738154 3.491640000000002 0.1 0.0 0
1699269120.7883015 3.491640000000002 0.1 0.0 0
1699269120.8379118 3.491640000000002 0.1 0.0 0
1699269120.887969 3.491640000000002 0.1 0.0 0
1699269120.9380102 3.491640000000002 0.1 0.0 0
1699269120.9881094 3.491640000000002 0.1 0.0 0
1699269121.0381835 3.491640000000002 0.1 0.0 0
1699269121.0886834 3.491640000000002 0.1 0.0 0
1699269121.1387105 3.491640000000002 0.1 0.0 0
1699269121.188972 3.491640000000002 0.1 0.0 0
1699269121.2387824 3.491640000000002 0.1 0.0 0
1699269121.2890222 3.491640000000002 0.1 0.0 0
1699269121.3395135 3.491640000000002 0.1 0.0 0
1699269121.3893023 3.491640000000002 0.1 0.0 0
1699269121.4395995 3.491640000000002 0.1 0.0 0
1699269121.4896636 3.491640000000002 0.1 0.0 0
1699269121.5399442 3.491640000000002 0.1 0.0 0
1699269121.5900533 3.491640000000002 0.1 0.0 0
1699269121.6401036 3.491640000000002 0.1 0.0 0
1699269121.6905491 3.491640000000002 0.1 0.0 0
1699269121.7407598 3.491640000000002 0.1 0.0 0
1699269121.7909598 3.491640000000002 0.1 0.0 0
1699269121.8408437 3.491640000000002 0.1 0.0 0
1699269121.8907876 3.491640000000002 0.1 0.0 0
1699269121.9410305 3.491640000000002 0.1 0.0 0
1699269121.992637 3.491640000000002 0.1 0.0 0
1699269122.0415254 3.491640000000002 0.1 0.0 0
1699269122.0917811 3.491640000000002 0.1 0.0 0
1699269122.1418405 3.491640000000002 0.1 0.0 0
1699269122.1921802 3.491640000000002 0.1 0.0 0
1699269122.2424183 3.491640000000002 0.1 0.0 0
1699269122.2926655 3.491640000000002 0.1 0.0 0
1699269122.342884 3.491640000000002 0.1 0.0 0
1699269122.3929574 3.491640000000002 0.1 0.0 0
1699269122.443715 3.491640000000002 0.1 0.0 0
1699269122.4932377 3.491640000000002 0.1 0.0 0
1699269122.5436878 3.491640000000002 0.1 0.0 0
1699269122.5936036 3.491640000000002 0.1 0.0 0
1699269122.6438076 3.491640000000002 0.1 0.0 0
1699269122.6940107 3.491640000000002 0.1 0.0 0
1699269122.7438462 3.491640000000002 0.1 0.0 0
1699269122.793975 3.491640000000002 0.1 0.0 0
1699269122.84405 3.491640000000002 0.1 0.0 0
1699269122.8944755 3.491640000000002 0.1 0.0 0
1699269122.9447837 3.491640000000002 0.1 0.0 0
1699269122.9946873 3.491640000000002 0.1 0.0 0
1699269123.0449195 3.491640000000002 0.1 0.0 0
1699269123.0948095 3.491640000000002 0.1 0.0 0
1699269123.1449084 3.491640000000002 0.1 0.0 0
1699269123.1965258 3.491640000000002 0.1 0.0 0
1699269123.2449741 3.491640000000002 0.1 0.0 0
1699269123.295729 3.491640000000002 0.1 0.0 0
1699269123.3457315 3.491640000000002 0.1 0.0 0
1699269123.3958576 3.491640000000002 0.1 0.0 0
1699269123.4459674 3.491640000000002 0.1 0.0 0
1699269123.4960957 3.491640000000002 0.1 0.0 0
1699269123.5462372 3.491640000000002 0.1 0.0 0
1699269123.596219 3.491640000000002 0.1 0.0 0
1699269123.6467628 3.491640000000002 0.1 0.0 0
1699269123.6967049 3.491640000000002 0.1 0.0 0
1699269123.7480075 3.491640000000002 0.1 0.0 0
1699269123.7966628 3.491640000000002 0.1 0.0 0
1699269123.846937 3.491640000000002 0.1 0.0 0
1699269123.8970113 3.491640000000002 0.1 0.0 0
1699269123.9473627 3.491640000000002 0.1 0.0 0
1699269123.9971778 3.491640000000002 0.1 0.0 0
1699269124.047658 3.491640000000002 0.1 0.0 0
1699269124.097627 3.491640000000002 0.1 0.0 0
1699269124.1479447 3.491640000000002 0.1 0.0 0
1699269124.1981397 3.491640000000002 0.1 0.0 0
1699269124.3563578 3.491640000000002 0.1 0.0 0
1699269124.4061892 3.491640000000002 0.1 0.0 0
1699269124.5450199 3.491640000000002 0.1 0.0 0
1699269124.5681894 3.491640000000002 0.1 0.0 0
1699269124.6013808 3.491640000000002 0.1 0.0 0
1699269124.736581 3.491640000000002 0.1 0.0 0
1699269124.7867498 3.491640000000002 0.1 0.0 0
1699269124.8366485 3.491640000000002 0.1 0.0 0
1699269125.0355113 3.491640000000002 0.1 0.0 0
1699269125.2162242 3.491640000000002 0.1 0.0 0
1699269125.2662995 3.491640000000002 0.1 0.0 0
1699269125.4496346 3.491640000000002 0.1 0.0 0
1699269125.49934 3.491640000000002 0.1 0.0 0
1699269125.549081 3.491640000000002 0.1 0.0 0
1699269125.7390933 3.491640000000002 0.1 0.0 0
1699269125.7886806 3.491640000000002 0.1 0.0 0
1699269125.839055 3.491640000000002 0.1 0.0 0
1699269126.031236 3.491640000000002 0.1 0.0 0
1699269126.0807278 3.491640000000002 0.1 0.0 0
1699269126.130678 3.491640000000002 0.1 0.0 0
1699269126.3119893 3.491640000000002 0.1 0.0 0
1699269126.3609877 3.491640000000002 0.1 0.0 0
1699269126.4119844 3.491640000000002 0.1 0.0 0
1699269126.59916 3.491640000000002 0.1 0.0 0
1699269126.6487868 3.491640000000002 0.1 0.0 0
1699269126.6988971 3.491640000000002 0.1 0.0 0
1699269126.8889544 3.491640000000002 0.1 0.0 0
1699269126.9386907 3.491640000000002 0.1 0.0 0
1699269126.9888601 3.491640000000002 0.1 0.0 0
1699269127.0389807 3.491640000000002 0.1 0.0 0
1699269127.2266426 3.491640000000002 0.1 0.0 0
1699269127.2759626 3.491640000000002 0.1 0.0 0
1699269127.3261716 3.491640000000002 0.1 0.0 0
1699269127.375957 3.491640000000002 0.1 0.0 0
1699269127.5677154 3.491640000000002 0.1 0.0 0
1699269127.6168506 3.491640000000002 0.1 0.0 0
1699269127.6669314 3.491640000000002 0.1 0.0 0
1699269127.7170603 3.491640000000002 0.1 0.0 0
1699269127.8958924 3.491640000000002 0.1 0.0 0
1699269127.9454663 3.491640000000002 0.1 0.0 0
1699269127.9977195 3.491640000000002 0.1 0.0 0
1699269128.1848898 3.491640000000002 0.1 0.0 0
1699269128.2349842 3.491640000000002 0.1 0.0 0
1699269128.2850428 3.491640000000002 0.1 0.0 0
1699269128.3349507 3.491640000000002 0.1 0.0 0
1699269128.5340726 3.491640000000002 0.1 0.0 0
1699269128.7244434 3.491640000000002 0.1 0.0 0
1699269128.7736435 3.491640000000002 0.1 0.0 0
1699269128.9634466 3.491640000000002 0.1 0.0 0
1699269129.013466 3.491640000000002 0.1 0.0 0
1699269129.0637214 3.491640000000002 0.1 0.0 0
1699269129.255454 3.491640000000002 0.1 0.0 0
1699269129.305474 3.491640000000002 0.1 0.0 0
1699269129.3559592 3.491640000000002 0.1 0.0 0
1699269129.4056592 3.491640000000002 0.1 0.0 0
1699269129.6739407 3.491640000000002 0.1 0.0 0
1699269129.866019 3.491640000000002 0.1 0.0 0
1699269129.916254 3.491640000000002 0.1 0.0 0
1699269130.1054385 3.491640000000002 0.1 0.0 0
1699269130.1560614 3.491640000000002 0.1 0.0 0
1699269130.2057948 3.491640000000002 0.1 0.0 0
1699269130.387776 3.491640000000002 0.1 0.0 0
1699269130.4371178 3.491640000000002 0.1 0.0 0
1699269130.4873703 3.491640000000002 0.1 0.0 0
1699269130.537815 3.491640000000002 0.1 0.0 0
1699269130.7288277 3.491640000000002 0.1 0.0 0
1699269130.9210973 3.491640000000002 0.1 0.0 0
1699269130.9713652 3.491640000000002 0.1 0.0 0
1699269131.1566713 3.491640000000002 0.1 0.0 0
1699269131.206092 3.491640000000002 0.1 0.0 0
1699269131.256161 3.491640000000002 0.1 0.0 0
1699269131.4518173 3.491640000000002 0.1 0.0 0
1699269131.5011203 3.491640000000002 0.1 0.0 0
1699269131.5512354 3.491640000000002 0.1 0.0 0
1699269131.7397168 3.491640000000002 0.1 0.0 0
1699269131.7886515 3.491640000000002 0.1 0.0 0
1699269131.8390682 3.491640000000002 0.1 0.0 0
1699269131.8891623 3.491640000000002 0.1 0.0 0
1699269132.0907676 3.491640000000002 0.1 0.0 0
1699269132.273692 3.491640000000002 0.1 0.0 0
1699269132.3230891 3.491640000000002 0.1 0.0 0
1699269132.5132594 3.491640000000002 0.1 0.0 0
1699269132.5628328 3.491640000000002 0.1 0.0 0
1699269132.6128929 3.491640000000002 0.1 0.0 0
1699269132.6631265 3.491640000000002 0.1 0.0 0
1699269132.8465526 3.491640000000002 0.1 0.0 0
1699269132.895676 3.491640000000002 0.1 0.0 0
1699269132.945838 3.491640000000002 0.1 0.0 0
1699269132.995997 3.491640000000002 0.1 0.0 0
1699269133.1860101 3.491640000000002 0.1 0.0 0
1699269133.380188 3.491640000000002 0.1 0.0 0
1699269133.4302428 3.491640000000002 0.1 0.0 0
1699269133.6224294 3.491640000000002 0.1 0.0 0
1699269133.672654 3.491640000000002 0.1 0.0 0
1699269133.7231476 3.491640000000002 0.1 0.0 0
1699269133.7727745 3.491640000000002 0.1 0.0 0
1699269133.9588153 3.491640000000002 0.1 0.0 0
1699269134.0082924 3.491640000000002 0.1 0.0 0
1699269134.0585043 3.491640000000002 0.1 0.0 0
1699269134.1085546 3.491640000000002 0.1 0.0 0
1699269134.293116 3.491640000000002 0.1 0.0 0
1699269134.4818919 3.491640000000002 0.1 0.0 0
1699269134.5315795 3.491640000000002 0.1 0.0 0
1699269134.7123075 3.491640000000002 0.1 0.0 0
1699269134.7630465 3.491640000000002 0.1 0.0 0
1699269134.8125799 3.491640000000002 0.1 0.0 0
1699269134.9964864 3.491640000000002 0.1 0.0 0
1699269135.0456793 3.491640000000002 0.1 0.0 0
1699269135.0959065 3.491640000000002 0.1 0.0 0
1699269135.1461728 3.491640000000002 0.1 0.0 0
1699269135.3400881 3.491640000000002 0.1 0.0 0
1699269135.3888679 3.491640000000002 0.1 0.0 0
1699269135.4391308 3.491640000000002 0.1 0.0 0
1699269135.489299 3.491640000000002 0.1 0.0 0
1699269135.6711545 3.491640000000002 0.1 0.0 0
1699269135.720336 3.491640000000002 0.1 0.0 0
1699269135.770668 3.491640000000002 0.1 0.0 0
1699269135.8202825 3.491640000000002 0.1 0.0 0
1699269136.0022695 3.491640000000002 0.1 0.0 0
1699269136.0516381 3.491640000000002 0.1 0.0 0
1699269136.1018083 3.491640000000002 0.1 0.0 0
1699269136.1518764 3.491640000000002 0.1 0.0 0
1699269136.3370924 3.491640000000002 0.1 0.0 0
1699269136.5349982 3.491640000000002 0.1 0.0 0
1699269136.5846522 3.491640000000002 0.1 0.0 0
1699269136.7642527 3.491640000000002 0.1 0.0 0
1699269136.8136554 3.491640000000002 0.1 0.0 0
1699269136.8637674 3.491640000000002 0.1 0.0 0
1699269137.050139 3.491640000000002 0.1 0.0 0
1699269137.100421 3.491640000000002 0.1 0.0 0
1699269137.1504514 3.491640000000002 0.1 0.0 0
1699269137.2003412 3.491640000000002 0.1 0.0 0
1699269137.384897 3.491640000000002 0.1 0.0 0
1699269137.4351075 3.491640000000002 0.1 0.0 0
1699269137.4848096 3.491640000000002 0.1 0.0 0
1699269137.688423 3.491640000000002 0.1 0.0 0
1699269137.7376158 3.491640000000002 0.1 0.0 0
1699269137.7878988 3.491640000000002 0.1 0.0 0
1699269137.990869 3.491640000000002 0.1 0.0 0
1699269138.040232 3.491640000000002 0.1 0.0 0
1699269138.0909429 3.491640000000002 0.1 0.0 0
1699269138.1408415 3.491640000000002 0.1 0.0 0
1699269138.326282 3.491640000000002 0.1 0.0 0
1699269138.520962 3.491640000000002 0.1 0.0 0
1699269138.5711527 3.491640000000002 0.1 0.0 0
1699269138.7512991 3.491640000000002 0.1 0.0 0
1699269138.8007338 3.491640000000002 0.1 0.0 0
1699269138.8513472 3.491640000000002 0.1 0.0 0
1699269139.030185 3.491640000000002 0.1 0.0 0
1699269139.0799873 3.491640000000002 0.1 0.0 0
1699269139.130522 3.491640000000002 0.1 0.0 0
1699269139.3302991 3.491640000000002 0.1 0.0 0
1699269139.3799355 3.491640000000002 0.1 0.0 0
1699269139.4303613 3.491640000000002 0.1 0.0 0
1699269139.6240296 3.491640000000002 0.1 0.0 0
1699269139.6738458 3.491640000000002 0.1 0.0 0
1699269139.7238657 3.491640000000002 0.1 0.0 0
1699269139.9140546 3.491640000000002 0.1 0.0 0
1699269139.9640615 3.491640000000002 0.1 0.0 0
1699269140.0139046 3.491640000000002 0.1 0.0 0
1699269140.2025757 3.491640000000002 0.1 0.0 0
1699269140.2529535 3.491640000000002 0.1 0.0 0
1699269140.3028364 3.491640000000002 0.1 0.0 0
1699269140.3530898 3.491640000000002 0.1 0.0 0
1699269140.5470176 3.491640000000002 0.1 0.0 0
1699269140.753438 3.491640000000002 0.1 0.0 0
1699269140.8031354 3.491640000000002 0.1 0.0 0
1699269140.985947 3.491640000000002 0.1 0.0 0
1699269141.035743 3.491640000000002 0.1 0.0 0
1699269141.0858035 3.491640000000002 0.1 0.0 0
1699269141.276264 3.491640000000002 0.1 0.0 0
1699269141.3264651 3.491640000000002 0.1 0.0 0
1699269141.3761747 3.491640000000002 0.1 0.0 0
1699269141.4265308 3.491640000000002 0.1 0.0 0
1699269141.6154351 3.491640000000002 0.1 0.0 0
