1699269442.1079965 3.5 0.1 -0.04 0
1699269442.3755465 3.4917999999999982 0.1 0.0 0
1699269442.526008 3.4917999999999982 0.1 0.0 0
1699269442.576363 3.4917999999999982 0.1 0.0 0
1699269442.626358 3.4917999999999982 0.1 0.0 0
1699269442.6773562 3.4917999999999982 0.1 0.0 0
1699269442.7269318 3.4917999999999982 0.1 0.0 0
1699269442.77703 3.4917999999999982 0.1 0.0 0
1699269442.8272061 3.4917999999999982 0.1 0.0 0
1699269442.877227 3.4917999999999982 0.1 0.0 0
1699269442.9271462 3.4917999999999982 0.1 0.0 0
1699269442.9774284 3.4917999999999982 0.1 0.0 0
1699269443.0289478 3.4917999999999982 0.1 0.0 0
1699269443.0788105 3.4917999999999982 0.1 0.0 0
1699269443.1288338 3.4917999999999982 0.1 0.0 0
1699269443.1792119 3.4917999999999982 0.1 0.0 0
1699269443.2294989 3.4917999999999982 0.1 0.0 0
1699269443.2797828 3.4917999999999982 0.1 0.0 0
1699269443.3299341 3.4917999999999982 0.1 0.0 0
1699269443.3800974 3.4917999999999982 0.1 0.0 0
1699269443.4308991 3.4917999999999982 0.1 0.0 0
1699269443.4805443 3.4917999999999982 0.1 0.0 0
1699269443.5306435 3.4917999999999982 0.1 0.0 0
1699269443.5807319 3.4917999999999982 0.1 0.0 0
1699269443.6308956 3.4917999999999982 0.1 0.0 0
1699269443.681233 3.4917999999999982 0.1 0.0 0
1699269443.7311761 3.4917999999999982 0.1 0.0 0
1699269443.7809925 3.4917999999999982 0.1 0.0 0
1699269443.8310843 3.4917999999999982 0.1 0.0 0
1699269443.8810952 3.4917999999999982 0.1 0.0 0
1699269443.9314044 3.4917999999999982 0.1 0.0 0
1699269443.9818678 3.4917999999999982 0.1 0.0 0
1699269444.0319352 3.4917999999999982 0.1 0.0 0
1699269444.0820258 3.4917999999999982 0.1 0.0 0
1699269444.1321826 3.4917999999999982 0.1 0.0 0
1699269444.1822617 3.4917999999999982 0.1 0.0 0
1699269444.2323005 3.4917999999999982 0.1 0.0 0
1699269444.2835913 3.4917999999999982 0.1 0.0 0
1699269444.3329785 3.4917999999999982 0.1 0.0 0
1699269444.3832333 3.4917999999999982 0.1 0.0 0
1699269444.4330819 3.4917999999999982 0.1 0.0 0
1699269444.4829984 3.4917999999999982 0.1 0.0 0
1699269444.5332403 3.4917999999999982 0.1 0.0 0
1699269444.5832577 3.4917999999999982 0.1 0.0 0
1699269444.6332722 3.4917999999999982 0.1 0.0 0
1699269444.6835008 3.4917999999999982 0.1 0.0 0
1699269444.7336965 3.4917999999999982 0.1 0.0 0
1699269444.7839434 3.4917999999999982 0.1 0.0 0
1699269444.8338485 3.4917999999999982 0.1 0.0 0
1699269444.8839567 3.4917999999999982 0.1 0.0 0
1699269444.9340184 3.4917999999999982 0.1 0.0 0
1699269444.9840693 3.4917999999999982 0.1 0.0 0
1699269445.0343769 3.4917999999999982 0.1 0.0 0
1699269445.0843287 3.4917999999999982 0.1 0.0 0
1699269445.1344526 3.4917999999999982 0.1 0.0 0
1699269445.184786 3.4917999999999982 0.1 0.0 0
1699269445.2348213 3.4917999999999982 0.1 0.0 0
1699269445.2853632 3.4917999999999982 0.1 0.0 0
1699269445.3350706 3.4917999999999982 0.1 0.0 0
1699269445.38557 3.4917999999999982 0.1 0.0 0
1699269445.4359193 3.4917999999999982 0.1 0.0 0
1699269445.485924 3.4917999999999982 0.1 0.0 0
1699269445.5363126 3.4917999999999982 0.1 0.0 0
1699269445.5859082 3.4917999999999982 0.1 0.0 0
1699269445.6359477 3.4917999999999982 0.1 0.0 0
1699269445.685859 3.4917999999999982 0.1 0.0 0
1699269445.735779 3.4917999999999982 0.1 0.0 0
1699269445.7860746 3.4917999999999982 0.1 0.0 0
1699269445.836268 3.4917999999999982 0.1 0.0 0
1699269445.886687 3.4917999999999982 0.1 0.0 0
1699269445.9368932 3.4917999999999982 0.1 0.0 0
1699269445.9868593 3.4917999999999982 0.1 0.0 0
1699269446.0368166 3.4917999999999982 0.1 0.0 0
1699269446.087236 3.4917999999999982 0.1 0.0 0
1699269446.137089 3.4917999999999982 0.1 0.0 0
1699269446.1874614 3.4917999999999982 0.1 0.0 0
1699269446.2376416 3.4917999999999982 0.1 0.0 0
1699269446.2877698 3.4917999999999982 0.1 0.0 0
1699269446.3383727 3.4917999999999982 0.1 0.0 0
1699269446.3879695 3.4917999999999982 0.1 0.0 0
1699269446.4382167 3.4917999999999982 0.1 0.0 0
1699269446.4884014 3.4917999999999982 0.1 0.0 0
1699269446.538672 3.4917999999999982 0.1 0.0 0
1699269446.5890977 3.4917999999999982 0.1 0.0 0
1699269446.6390305 3.4917999999999982 0.1 0.0 0
1699269446.6889272 3.4917999999999982 0.1 0.0 0
1699269446.739183 3.4917999999999982 0.1 0.0 0
1699269446.7890701 3.4917999999999982 0.1 0.0 0
1699269446.8391767 3.4917999999999982 0.1 0.0 0
1699269446.8891733 3.4917999999999982 0.1 0.0 0
1699269446.939322 3.4917999999999982 0.1 0.0 0
1699269446.9895952 3.4917999999999982 0.1 0.0 0
1699269447.0399523 3.4917999999999982 0.1 0.0 0
1699269447.0900893 3.4917999999999982 0.1 0.0 0
1699269447.1400056 3.4917999999999982 0.1 0.0 0
1699269447.190721 3.4917999999999982 0.1 0.0 0
1699269447.2405846 3.4917999999999982 0.1 0.0 0
1699269447.2910228 3.4917999999999982 0.1 0.0 0
1699269447.340892 3.4917999999999982 0.1 0.0 0
1699269447.3912528 3.4917999999999982 0.1 0.0 0
1699269447.4410465 3.4917999999999982 0.1 0.0 0
1699269447.4913008 3.4917999999999982 0.1 0.0 0
1699269447.5409644 3.4917999999999982 0.1 0.0 0
1699269447.5927198 3.4917999999999982 0.1 0.0 0
1699269447.6428788 3.4917999999999982 0.1 0.0 0
1699269447.6930597 3.4917999999999982 0.1 0.0 0
1699269447.7434464 3.4917999999999982 0.1 0.0 0
1699269447.7936914 3.4917999999999982 0.1 0.0 0
1699269447.8434794 3.4917999999999982 0.1 0.0 0
1699269447.8935413 3.4917999999999982 0.1 0.0 0
1699269447.9437175 3.4917999999999982 0.1 0.0 0
1699269447.9938505 3.4917999999999982 0.1 0.0 0
1699269448.044069 3.4917999999999982 0.1 0.0 0
1699269448.0941086 3.4917999999999982 0.1 0.0 0
1699269448.1444561 3.4917999999999982 0.1 0.0 0
1699269448.1955216 3.4917999999999982 0.1 0.0 0
1699269448.2448902 3.4917999999999982 0.1 0.0 0
1699269448.2949848 3.4917999999999982 0.1 0.0 0
1699269448.345139 3.4917999999999982 0.1 0.0 0
1699269448.3953671 3.4917999999999982 0.1 0.0 0
1699269448.4450915 3.4917999999999982 0.1 0.0 0
1699269448.4954133 3.4917999999999982 0.1 0.0 0
1699269448.5454059 3.4917999999999982 0.1 0.0 0
1699269448.595858 3.4917999999999982 0.1 0.0 0
1699269448.6457608 3.4917999999999982 0.1 0.0 0
1699269448.6958618 3.4917999999999982 0.1 0.0 0
1699269448.7458935 3.4917999999999982 0.1 0.0 0
1699269448.7968533 3.4917999999999982 0.1 0.0 0
1699269448.8471146 3.4917999999999982 0.1 0.0 0
1699269448.8973482 3.4917999999999982 0.1 0.0 0
1699269448.9476657 3.4917999999999982 0.1 0.0 0
1699269448.9975562 3.4917999999999982 0.1 0.0 0
1699269449.0477812 3.4917999999999982 0.1 0.0 0
1699269449.0978472 3.4917999999999982 0.1 0.0 0
1699269449.1480117 3.4917999999999982 0.1 0.0 0
1699269449.1983092 3.4917999999999982 0.1 0.0 0
1699269449.2484539 3.4917999999999982 0.1 0.0 0
1699269449.2983847 3.4917999999999982 0.1 0.0 0
1699269449.348884 3.4917999999999982 0.1 0.0 0
1699269449.3988225 3.4917999999999982 0.1 0.0 0
1699269449.448843 3.4917999999999982 0.1 0.0 0
1699269449.4994826 3.4917999999999982 0.1 0.0 0
1699269449.5494614 3.4917999999999982 0.1 0.0 0
1699269449.599779 3.4917999999999982 0.1 0.0 0
1699269449.6497433 3.4917999999999982 0.1 0.0 0
1699269449.699763 3.4917999999999982 0.1 0.0 0
1699269449.7497208 3.4917999999999982 0.1 0.0 0
1699269449.799807 3.4917999999999982 0.1 0.0 0
1699269449.8498764 3.4917999999999982 0.1 0.0 0
1699269449.9001117 3.4917999999999982 0.1 0.0 0
1699269449.9501631 3.4917999999999982 0.1 0.0 0
1699269450.0004382 3.4917999999999982 0.1 0.0 0
1699269450.05087 3.4917999999999982 0.1 0.0 0
1699269450.1009743 3.4917999999999982 0.1 0.0 0
1699269450.150943 3.4917999999999982 0.1 0.0 0
1699269450.2010481 3.4917999999999982 0.1 0.0 0
1699269450.2516172 3.4917999999999982 0.1 0.0 0
1699269450.3016906 3.4917999999999982 0.1 0.0 0
1699269450.3519468 3.4917999999999982 0.1 0.0 0
1699269450.401819 3.4917999999999982 0.1 0.0 0
1699269450.4521034 3.4917999999999982 0.1 0.0 0
1699269450.502042 3.4917999999999982 0.1 0.0 0
1699269450.5526807 3.4917999999999982 0.1 0.0 0
1699269450.6024745 3.4917999999999982 0.1 0.0 0
1699269450.652271 3.4917999999999982 0.1 0.0 0
1699269450.7024548 3.4917999999999982 0.1 0.0 0
1699269450.752889 3.4917999999999982 0.1 0.0 0
1699269450.8028195 3.4917999999999982 0.1 0.0 0
1699269450.963521 3.4917999999999982 0.1 0.0 0
1699269451.0134134 3.4917999999999982 0.1 0.0 0
1699269451.0634475 3.4917999999999982 0.1 0.0 0
1699269451.113739 3.4917999999999982 0.1 0.0 0
1699269451.1641269 3.4917999999999982 0.1 0.0 0
1699269451.2137926 3.4917999999999982 0.1 0.0 0
1699269451.2646475 3.4917999999999982 0.1 0.0 0
1699269451.3149037 3.4917999999999982 0.1 0.0 0
1699269451.364958 3.4917999999999982 0.1 0.0 0
1699269451.4151511 3.4917999999999982 0.1 0.0 0
1699269451.4650006 3.4917999999999982 0.1 0.0 0
1699269451.5158617 3.4917999999999982 0.1 0.0 0
1699269451.5654397 3.4917999999999982 0.1 0.0 0
1699269451.6160696 3.4917999999999982 0.1 0.0 0
1699269451.6658332 3.4917999999999982 0.1 0.0 0
1699269451.7157629 3.4917999999999982 0.1 0.0 0
1699269451.7659314 3.4917999999999982 0.1 0.0 0
1699269451.8158798 3.4917999999999982 0.1 0.0 0
1699269451.8659337 3.4917999999999982 0.1 0.0 0
1699269451.9162757 3.4917999999999982 0.1 0.0 0
1699269451.9664774 3.4917999999999982 0.1 0.0 0
1699269452.0171587 3.4917999999999982 0.1 0.0 0
1699269452.0669549 3.4917999999999982 0.1 0.0 0
1699269452.116819 3.4917999999999982 0.1 0.0 0
1699269452.1670601 3.4917999999999982 0.1 0.0 0
1699269452.2174702 3.4917999999999982 0.1 0.0 0
1699269452.2676952 3.4917999999999982 0.1 0.0 0
1699269452.318025 3.4917999999999982 0.1 0.0 0
1699269452.367879 3.4917999999999982 0.1 0.0 0
1699269452.417803 3.4917999999999982 0.1 0.0 0
1699269452.4678466 3.4917999999999982 0.1 0.0 0
1699269452.5179346 3.4917999999999982 0.1 0.0 0
1699269452.568174 3.4917999999999982 0.1 0.0 0
1699269452.6186156 3.4917999999999982 0.1 0.0 0
1699269452.6686919 3.4917999999999982 0.1 0.0 0
1699269452.7191498 3.4917999999999982 0.1 0.0 0
1699269452.768819 3.4917999999999982 0.1 0.0 0
1699269452.8189309 3.4917999999999982 0.1 0.0 0
1699269452.8688257 3.4917999999999982 0.1 0.0 0
1699269452.9192374 3.4917999999999982 0.1 0.0 0
1699269452.9692624 3.4917999999999982 0.1 0.0 0
1699269453.0200427 3.4917999999999982 0.1 0.0 0
1699269453.0696454 3.4917999999999982 0.1 0.0 0
1699269453.1201491 3.4917999999999982 0.1 0.0 0
1699269453.1697452 3.4917999999999982 0.1 0.0 0
1699269453.219927 3.4917999999999982 0.1 0.0 0
1699269453.2702267 3.4917999999999982 0.1 0.0 0
1699269453.3208349 3.4917999999999982 0.1 0.0 0
1699269453.3705742 3.4917999999999982 0.1 0.0 0
1699269453.420897 3.4917999999999982 0.1 0.0 0
1699269453.4713378 3.4917999999999982 0.1 0.0 0
1699269453.5209634 3.4917999999999982 0.1 0.0 0
1699269453.5710454 3.4917999999999982 0.1 0.0 0
1699269453.6234436 3.4917999999999982 0.1 0.0 0
1699269453.6741397 3.4917999999999982 0.1 0.0 0
1699269453.7241075 3.4917999999999982 0.1 0.0 0
1699269453.7741804 3.4917999999999982 0.1 0.0 0
1699269453.8244557 3.4917999999999982 0.1 0.0 0
1699269453.875548 3.4917999999999982 0.1 0.0 0
1699269453.925095 3.4917999999999982 0.1 0.0 0
1699269453.9746482 3.4917999999999982 0.1 0.0 0
1699269454.0248353 3.4917999999999982 0.1 0.0 0
1699269454.075184 3.4917999999999982 0.1 0.0 0
1699269454.1252034 3.4917999999999982 0.1 0.0 0
1699269454.1754482 3.4917999999999982 0.1 0.0 0
1699269454.225125 3.4917999999999982 0.1 0.0 0
1699269454.275192 3.4917999999999982 0.1 0.0 0
1699269454.325381 3.4917999999999982 0.1 0.0 0
1699269454.3757331 3.4917999999999982 0.1 0.0 0
1699269454.425914 3.4917999999999982 0.1 0.0 0
1699269454.4757931 3.4917999999999982 0.1 0.0 0
1699269454.527694 3.4917999999999982 0.1 0.0 0
1699269454.5773346 3.4917999999999982 0.1 0.0 0
1699269454.627242 3.4917999999999982 0.1 0.0 0
1699269454.677137 3.4917999999999982 0.1 0.0 0
1699269454.7272635 3.4917999999999982 0.1 0.0 0
1699269454.7774136 3.4917999999999982 0.1 0.0 0
1699269454.8282418 3.4917999999999982 0.1 0.0 0
1699269454.8777373 3.4917999999999982 0.1 0.0 0
1699269454.9280772 3.4917999999999982 0.1 0.0 0
1699269454.9780362 3.4917999999999982 0.1 0.0 0
1699269455.0296075 3.4917999999999982 0.1 0.0 0
1699269455.0786748 3.4917999999999982 0.1 0.0 0
1699269455.1290445 3.4917999999999982 0.1 0.0 0
1699269455.1793394 3.4917999999999982 0.1 0.0 0
1699269455.2292485 3.4917999999999982 0.1 0.0 0
1699269455.2793157 3.4917999999999982 0.1 0.0 0
1699269455.3295293 3.4917999999999982 0.1 0.0 0
1699269455.3796334 3.4917999999999982 0.1 0.0 0
1699269455.430451 3.4917999999999982 0.1 0.0 0
1699269455.479696 3.4917999999999982 0.1 0.0 0
1699269455.5297234 3.4917999999999982 0.1 0.0 0
1699269455.5801375 3.4917999999999982 0.1 0.0 0
1699269455.6300848 3.4917999999999982 0.1 0.0 0
1699269455.6808338 3.4917999999999982 0.1 0.0 0
1699269455.7306995 3.4917999999999982 0.1 0.0 0
1699269455.7807705 3.4917999999999982 0.1 0.0 0
1699269455.8309395 3.4917999999999982 0.1 0.0 0
1699269455.8806431 3.4917999999999982 0.1 0.0 0
1699269455.9317439 3.4917999999999982 0.1 0.0 0
1699269455.9810116 3.4917999999999982 0.1 0.0 0
1699269456.0311053 3.4917999999999982 0.1 0.0 0
1699269456.0815377 3.4917999999999982 0.1 0.0 0
1699269456.1318276 3.4917999999999982 0.1 0.0 0
1699269456.181804 3.4917999999999982 0.1 0.0 0
1699269456.231982 3.4917999999999982 0.1 0.0 0
1699269456.3871527 3.4917999999999982 0.1 0.0 0
1699269456.4366033 3.4917999999999982 0.1 0.0 0
1699269456.5784628 3.4917999999999982 0.1 0.0 0
1699269456.6105485 3.4917999999999982 0.1 0.0 0
1699269456.6472287 3.4917999999999982 0.1 0.0 0
1699269456.785741 3.4917999999999982 0.1 0.0 0
1699269456.836743 3.4917999999999982 0.1 0.0 0
1699269456.8870363 3.4917999999999982 0.1 0.0 0
1699269457.098024 3.4917999999999982 0.1 0.0 0
1699269457.289027 3.4917999999999982 0.1 0.0 0
1699269457.339515 3.4917999999999982 0.1 0.0 0
1699269457.5370905 3.4917999999999982 0.1 0.0 0
1699269457.5867171 3.4917999999999982 0.1 0.0 0
1699269457.637005 3.4917999999999982 0.1 0.0 0
1699269457.8352828 3.4917999999999982 0.1 0.0 0
1699269457.8847013 3.4917999999999982 0.1 0.0 0
1699269457.934876 3.4917999999999982 0.1 0.0 0
1699269458.1260731 3.4917999999999982 0.1 0.0 0
1699269458.1756732 3.4917999999999982 0.1 0.0 0
1699269458.2256327 3.4917999999999982 0.1 0.0 0
1699269458.401722 3.4917999999999982 0.1 0.0 0
1699269458.4510567 3.4917999999999982 0.1 0.0 0
1699269458.5013702 3.4917999999999982 0.1 0.0 0
1699269458.6993678 3.4917999999999982 0.1 0.0 0
1699269458.7489722 3.4917999999999982 0.1 0.0 0
1699269458.7990286 3.4917999999999982 0.1 0.0 0
1699269459.0098672 3.4917999999999982 0.1 0.0 0
1699269459.0599744 3.4917999999999982 0.1 0.0 0
1699269459.1093886 3.4917999999999982 0.1 0.0 0
1699269459.15958 3.4917999999999982 0.1 0.0 0
1699269459.3496933 3.4917999999999982 0.1 0.0 0
1699269459.3993585 3.4917999999999982 0.1 0.0 0
1699269459.449367 3.4917999999999982 0.1 0.0 0
1699269459.499983 3.4917999999999982 0.1 0.0 0
1699269459.6924195 3.4917999999999982 0.1 0.0 0
1699269459.7424142 3.4917999999999982 0.1 0.0 0
1699269459.7922719 3.4917999999999982 0.1 0.0 0
1699269459.8441145 3.4917999999999982 0.1 0.0 0
1699269460.04012 3.4917999999999982 0.1 0.0 0
1699269460.089663 3.4917999999999982 0.1 0.0 0
1699269460.1401367 3.4917999999999982 0.1 0.0 0
1699269460.3302262 3.4917999999999982 0.1 0.0 0
1699269460.3799708 3.4917999999999982 0.1 0.0 0
1699269460.4298549 3.4917999999999982 0.1 0.0 0
1699269460.48023 3.4917999999999982 0.1 0.0 0
1699269460.6780162 3.4917999999999982 0.1 0.0 0
1699269460.856435 3.4917999999999982 0.1 0.0 0
1699269460.9060702 3.4917999999999982 0.1 0.0 0
1699269461.0869498 3.4917999999999982 0.1 0.0 0
1699269461.136752 3.4917999999999982 0.1 0.0 0
1699269461.1868553 3.4917999999999982 0.1 0.0 0
1699269461.3723295 3.4917999999999982 0.1 0.0 0
1699269461.4215448 3.4917999999999982 0.1 0.0 0
1699269461.4717584 3.4917999999999982 0.1 0.0 0
1699269461.5218065 3.4917999999999982 0.1 0.0 0
1699269461.7698402 3.4917999999999982 0.1 0.0 0
1699269461.965919 3.4917999999999982 0.1 0.0 0
1699269462.0150454 3.4917999999999982 0.1 0.0 0
1699269462.220356 3.4917999999999982 0.1 0.0 0
1699269462.268839 3.4917999999999982 0.1 0.0 0
1699269462.3189888 3.4917999999999982 0.1 0.0 0
1699269462.506128 3.4917999999999982 0.1 0.0 0
1699269462.5567884 3.4917999999999982 0.1 0.0 0
1699269462.606686 3.4917999999999982 0.1 0.0 0
1699269462.6565447 3.4917999999999982 0.1 0.0 0
1699269462.8464847 3.4917999999999982 0.1 0.0 0
1699269463.045395 3.4917999999999982 0.1 0.0 0
1699269463.0948367 3.4917999999999982 0.1 0.0 0
1699269463.2774832 3.4917999999999982 0.1 0.0 0
1699269463.3276033 3.4917999999999982 0.1 0.0 0
1699269463.3773868 3.4917999999999982 0.1 0.0 0
1699269463.5648522 3.4917999999999982 0.1 0.0 0
1699269463.6146371 3.4917999999999982 0.1 0.0 0
1699269463.6651785 3.4917999999999982 0.1 0.0 0
1699269463.8482888 3.4917999999999982 0.1 0.0 0
1699269463.898794 3.4917999999999982 0.1 0.0 0
1699269463.9494562 3.4917999999999982 0.1 0.0 0
1699269464.0000064 3.4917999999999982 0.1 0.0 0
1699269464.2084475 3.4917999999999982 0.1 0.0 0
1699269464.4042945 3.4917999999999982 0.1 0.0 0
1699269464.4550395 3.4917999999999982 0.1 0.0 0
1699269464.6472995 3.4917999999999982 0.1 0.0 0
1699269464.696935 3.4917999999999982 0.1 0.0 0
1699269464.7468815 3.4917999999999982 0.1 0.0 0
1699269464.7970579 3.4917999999999982 0.1 0.0 0
1699269464.9841244 3.4917999999999982 0.1 0.0 0
1699269465.0335004 3.4917999999999982 0.1 0.0 0
1699269465.083895 3.4917999999999982 0.1 0.0 0
1699269465.1342006 3.4917999999999982 0.1 0.0 0
1699269465.3165414 3.4917999999999982 0.1 0.0 0
1699269465.518704 3.4917999999999982 0.1 0.0 0
1699269465.5682793 3.4917999999999982 0.1 0.0 0
1699269465.7610753 3.4917999999999982 0.1 0.0 0
1699269465.8106513 3.4917999999999982 0.1 0.0 0
1699269465.8606594 3.4917999999999982 0.1 0.0 0
1699269465.910814 3.4917999999999982 0.1 0.0 0
1699269466.105697 3.4917999999999982 0.1 0.0 0
1699269466.1560044 3.4917999999999982 0.1 0.0 0
1699269466.2068343 3.4917999999999982 0.1 0.0 0
1699269466.257122 3.4917999999999982 0.1 0.0 0
1699269466.4382648 3.4917999999999982 0.1 0.0 0
1699269466.6312287 3.4917999999999982 0.1 0.0 0
1699269466.6817427 3.4917999999999982 0.1 0.0 0
1699269466.869473 3.4917999999999982 0.1 0.0 0
1699269466.9194694 3.4917999999999982 0.1 0.0 0
1699269466.9701276 3.4917999999999982 0.1 0.0 0
1699269467.162559 3.4917999999999982 0.1 0.0 0
1699269467.2121134 3.4917999999999982 0.1 0.0 0
1699269467.2624307 3.4917999999999982 0.1 0.0 0
1699269467.3122811 3.4917999999999982 0.1 0.0 0
1699269467.5101147 3.4917999999999982 0.1 0.0 0
1699269467.5606356 3.4917999999999982 0.1 0.0 0
1699269467.6106327 3.4917999999999982 0.1 0.0 0
1699269467.6605651 3.4917999999999982 0.1 0.0 0
1699269467.8489096 3.4917999999999982 0.1 0.0 0
1699269467.898366 3.4917999999999982 0.1 0.0 0
1699269467.9483078 3.4917999999999982 0.1 0.0 0
1699269467.9982483 3.4917999999999982 0.1 0.0 0
1699269468.1859453 3.4917999999999982 0.1 0.0 0
1699269468.235949 3.4917999999999982 0.1 0.0 0
1699269468.285867 3.4917999999999982 0.1 0.0 0
1699269468.3366396 3.4917999999999982 0.1 0.0 0
1699269468.5254056 3.4917999999999982 0.1 0.0 0
1699269468.7144258 3.4917999999999982 0.1 0.0 0
1699269468.764215 3.4917999999999982 0.1 0.0 0
1699269468.948383 3.4917999999999982 0.1 0.0 0
1699269468.997719 3.4917999999999982 0.1 0.0 0
1699269469.047818 3.4917999999999982 0.1 0.0 0
1699269469.2428472 3.4917999999999982 0.1 0.0 0
1699269469.293435 3.4917999999999982 0.1 0.0 0
1699269469.3428695 3.4917999999999982 0.1 0.0 0
1699269469.3930852 3.4917999999999982 0.1 0.0 0
1699269469.5903673 3.4917999999999982 0.1 0.0 0
1699269469.6404154 3.4917999999999982 0.1 0.0 0
1699269469.6898832 3.4917999999999982 0.1 0.0 0
1699269469.8967218 3.4917999999999982 0.1 0.0 0
1699269469.9464412 3.4917999999999982 0.1 0.0 0
1699269469.9969182 3.4917999999999982 0.1 0.0 0
1699269470.1959205 3.4917999999999982 0.1 0.0 0
1699269470.2456703 3.4917999999999982 0.1 0.0 0
1699269470.295683 3.4917999999999982 0.1 0.0 0
1699269470.345799 3.4917999999999982 0.1 0.0 0
1699269470.538922 3.4917999999999982 0.1 0.0 0
1699269470.7343998 3.4917999999999982 0.1 0.0 0
1699269470.784354 3.4917999999999982 0.1 0.0 0
1699269470.9799755 3.4917999999999982 0.1 0.0 0
1699269471.0295799 3.4917999999999982 0.1 0.0 0
1699269471.079941 3.4917999999999982 0.1 0.0 0
1699269471.267822 3.4917999999999982 0.1 0.0 0
1699269471.3172047 3.4917999999999982 0.1 0.0 0
1699269471.3673956 3.4917999999999982 0.1 0.0 0
1699269471.5594058 3.4917999999999982 0.1 0.0 0
1699269471.6088388 3.4917999999999982 0.1 0.0 0
1699269471.6592197 3.4917999999999982 0.1 0.0 0
1699269471.8525753 3.4917999999999982 0.1 0.0 0
1699269471.9018662 3.4917999999999982 0.1 0.0 0
1699269471.9520175 3.4917999999999982 0.1 0.0 0
1699269472.137006 3.4917999999999982 0.1 0.0 0
1699269472.1870341 3.4917999999999982 0.1 0.0 0
1699269472.2369783 3.4917999999999982 0.1 0.0 0
1699269472.4413955 3.4917999999999982 0.1 0.0 0
1699269472.4923217 3.4917999999999982 0.1 0.0 0
1699269472.5428784 3.4917999999999982 0.1 0.0 0
1699269472.5929153 3.4917999999999982 0.1 0.0 0
1699269472.792573 3.4917999999999982 0.1 0.0 0
1699269472.9853919 3.4917999999999982 0.1 0.0 0
1699269473.0354202 3.4917999999999982 0.1 0.0 0
1699269473.2200363 3.4917999999999982 0.1 0.0 0
1699269473.2695718 3.4917999999999982 0.1 0.0 0
1699269473.319717 3.4917999999999982 0.1 0.0 0
1699269473.5233243 3.4917999999999982 0.1 0.0 0
1699269473.5730696 3.4917999999999982 0.1 0.0 0
1699269473.623565 3.4917999999999982 0.1 0.0 0
1699269473.6737804 3.4917999999999982 0.1 0.0 0
1699269473.8612776 3.4917999999999982 0.1 0.0 0
1699269474.044603 3.4917999999999982 0.1 0.0 0
1699269474.094771 3.4917999999999982 0.1 0.0 0
1699269474.2904382 3.4917999999999982 0.1 0.0 0
1699269474.3397162 3.4917999999999982 0.1 0.0 0
1699269474.389926 3.4917999999999982 0.1 0.0 0
1699269474.4404082 3.4917999999999982 0.1 0.0 0
1699269474.6292768 3.4917999999999982 0.1 0.0 0
1699269474.6787932 3.4917999999999982 0.1 0.0 0
1699269474.7296498 3.4917999999999982 0.1 0.0 0
1699269474.9213638 3.4917999999999982 0.1 0.0 0
1699269474.9716642 3.4917999999999982 0.1 0.0 0
1699269475.0211866 3.4917999999999982 0.1 0.0 0
1699269475.2133965 3.4917999999999982 0.1 0.0 0
1699269475.262823 3.4917999999999982 0.1 0.0 0
1699269475.3129113 3.4917999999999982 0.1 0.0 0
1699269475.511176 3.4917999999999982 0.1 0.0 0
1699269475.5614905 3.4917999999999982 0.1 0.0 0
1699269475.6120756 3.4917999999999982 0.1 0.0 0
1699269475.6618087 3.4917999999999982 0.1 0.0 0
1699269475.8588119 3.4917999999999982 0.1 0.0 0
1699269475.907291 3.4917999999999982 0.1 0.0 0
1699269475.9574478 3.4917999999999982 0.1 0.0 0
1699269476.1480656 3.4917999999999982 0.1 0.0 0
1699269476.1974618 3.4917999999999982 0.1 0.0 0
1699269476.2477996 3.4917999999999982 0.1 0.0 0
1699269476.29772 3.4917999999999982 0.1 0.0 0
1699269476.4864643 3.4917999999999982 0.1 0.0 0
1699269476.5358238 3.4917999999999982 0.1 0.0 0
1699269476.5862222 3.4917999999999982 0.1 0.0 0
1699269476.7793908 3.4917999999999982 0.1 0.0 0
1699269476.8288867 3.4917999999999982 0.1 0.0 0
1699269476.8790028 3.4917999999999982 0.1 0.0 0
1699269476.9292815 3.4917999999999982 0.1 0.0 0
1699269477.1212685 3.4917999999999982 0.1 0.0 0
1699269477.3052688 3.4917999999999982 0.1 0.0 0
1699269477.354803 3.4917999999999982 0.1 0.0 0
1699269477.5509977 3.4917999999999982 0.1 0.0 0
1699269477.6020017 3.4917999999999982 0.1 0.0 0
1699269477.6510615 3.4917999999999982 0.1 0.0 0
1699269477.7057526 3.4917999999999982 0.1 0.0 0
1699269477.8971186 3.4917999999999982 0.1 0.0 0
1699269477.9473116 3.4917999999999982 0.1 0.0 0
1699269477.9972265 3.4917999999999982 0.1 0.0 0
1699269478.1906452 3.4917999999999982 0.1 0.0 0
1699269478.240748 3.4917999999999982 0.1 0.0 0
1699269478.2917671 3.4917999999999982 0.1 0.0 0
1699269478.340698 3.4917999999999982 0.1 0.0 0
1699269478.5330904 3.4917999999999982 0.1 0.0 0
1699269478.5830579 3.4917999999999982 0.1 0.0 0
1699269478.634271 3.4917999999999982 0.1 0.0 0
1699269478.683623 3.4917999999999982 0.1 0.0 0
1699269478.8826003 3.4917999999999982 0.1 0.0 0
1699269479.0740783 3.4917999999999982 0.1 0.0 0
1699269479.1244302 3.4917999999999982 0.1 0.0 0
1699269479.3158255 3.4917999999999982 0.1 0.0 0
1699269479.3647795 3.4917999999999982 0.1 0.0 0
1699269479.4149292 3.4917999999999982 0.1 0.0 0
1699269479.4652143 3.4917999999999982 0.1 0.0 0
1699269479.6590295 3.4917999999999982 0.1 0.0 0
1699269479.7090383 3.4917999999999982 0.1 0.0 0
1699269479.759107 3.4917999999999982 0.1 0.0 0
1699269479.8091645 3.4917999999999982 0.1 0.0 0
1699269480.003209 3.4917999999999982 0.1 0.0 0
1699269480.0527673 3.4917999999999982 0.1 0.0 0
1699269480.1035876 3.4917999999999982 0.1 0.0 0
1699269480.3063555 3.4917999999999982 0.1 0.0 0
1699269480.3558106 3.4917999999999982 0.1 0.0 0
1699269480.4060426 3.4917999999999982 0.1 0.0 0
1699269480.5966823 3.4917999999999982 0.1 0.0 0
1699269480.6464965 3.4917999999999982 0.1 0.0 0
1699269480.6966655 3.4917999999999982 0.1 0.0 0
1699269480.8846557 3.4917999999999982 0.1 0.0 0
1699269480.9338987 3.4917999999999982 0.1 0.0 0
1699269480.9839227 3.4917999999999982 0.1 0.0 0
1699269481.1756942 3.4917999999999982 0.1 0.0 0
1699269481.2247715 3.4917999999999982 0.1 0.0 0
1699269481.275291 3.4917999999999982 0.1 0.0 0
1699269481.4948068 3.4917999999999982 0.1 0.0 0
1699269481.554586 3.4917999999999982 0.1 0.0 0
1699269481.6019278 3.4917999999999982 0.1 0.0 0
1699269481.6505747 3.4917999999999982 0.1 0.0 0
1699269481.8672388 3.4917999999999982 0.1 0.0 0
1699269482.0788488 3.4917999999999982 0.1 0.0 0
1699269482.1280155 3.4917999999999982 0.1 0.0 0
1699269482.3217514 3.4917999999999982 0.1 0.0 0
1699269482.3718672 3.4917999999999982 0.1 0.0 0
1699269482.4219685 3.4917999999999982 0.1 0.0 0
1699269482.62788 3.4917999999999982 0.1 0.0 0
1699269482.6776724 3.4917999999999982 0.1 0.0 0
1699269482.7278037 3.4917999999999982 0.1 0.0 0
1699269482.9196358 3.4917999999999982 0.1 0.0 0
1699269482.9693305 3.4917999999999982 0.1 0.0 0
1699269483.0196345 3.4917999999999982 0.1 0.0 0
1699269483.2085857 3.4917999999999982 0.1 0.0 0
1699269483.258877 3.4917999999999982 0.1 0.0 0
1699269483.3089237 3.4917999999999982 0.1 0.0 0
1699269483.514541 3.4917999999999982 0.1 0.0 0
1699269483.5640855 3.4917999999999982 0.1 0.0 0
1699269483.6145742 3.4917999999999982 0.1 0.0 0
1699269483.6646419 3.4917999999999982 0.1 0.0 0
1699269483.8610675 3.4917999999999982 0.1 0.0 0
1699269484.0448275 3.4917999999999982 0.1 0.0 0
1699269484.0949142 3.4917999999999982 0.1 0.0 0
1699269484.2955668 3.4917999999999982 0.1 0.0 0
1699269484.3448062 3.4917999999999982 0.1 0.0 0
1699269484.3952975 3.4917999999999982 0.1 0.0 0
1699269484.5872378 3.4917999999999982 0.1 0.0 0
1699269484.636916 3.4917999999999982 0.1 0.0 0
1699269484.6869228 3.4917999999999982 0.1 0.0 0
1699269484.8769333 3.4917999999999982 0.1 0.0 0
1699269484.9267685 3.4917999999999982 0.1 0.0 0
1699269484.9767225 3.4917999999999982 0.1 0.0 0
1699269485.1621723 3.4917999999999982 0.1 0.0 0
1699269485.211992 3.4917999999999982 0.1 0.0 0
1699269485.2620108 3.4917999999999982 0.1 0.0 0
1699269485.3124359 3.4917999999999982 0.1 0.0 0
1699269485.5098424 3.4917999999999982 0.1 0.0 0
1699269485.7043796 3.4917999999999982 0.1 0.0 0
1699269485.7536573 3.4917999999999982 0.1 0.0 0
1699269485.9473262 3.4917999999999982 0.1 0.0 0
1699269485.9973338 3.4917999999999982 0.1 0.0 0
1699269486.047511 3.4917999999999982 0.1 0.0 0
1699269486.0977097 3.4917999999999982 0.1 0.0 0
1699269486.3079488 3.4917999999999982 0.1 0.0 0
1699269486.356995 3.4917999999999982 0.1 0.0 0
1699269486.4068158 3.4917999999999982 0.1 0.0 0
1699269486.5940506 3.4917999999999982 0.1 0.0 0
1699269486.6435807 3.4917999999999982 0.1 0.0 0
1699269486.693865 3.4917999999999982 0.1 0.0 0
1699269486.7440372 3.4917999999999982 0.1 0.0 0
1699269486.9341865 3.4917999999999982 0.1 0.0 0
1699269487.126271 3.4917999999999982 0.1 0.0 0
1699269487.176422 3.4917999999999982 0.1 0.0 0
1699269487.362668 3.4917999999999982 0.1 0.0 0
1699269487.4119382 3.4917999999999982 0.1 0.0 0
1699269487.461791 3.4917999999999982 0.1 0.0 0
1699269487.5121331 3.4917999999999982 0.1 0.0 0
1699269487.7112095 3.4917999999999982 0.1 0.0 0
1699269487.7610025 3.4917999999999982 0.1 0.0 0
1699269487.810757 3.4917999999999982 0.1 0.0 0
1699269487.860862 3.4917999999999982 0.1 0.0 0
1699269488.0502582 3.4917999999999982 0.1 0.0 0
1699269488.0994496 3.4917999999999982 0.1 0.0 0
1699269488.149542 3.4917999999999982 0.1 0.0 0
1699269488.3445914 3.4917999999999982 0.1 0.0 0
1699269488.3943932 3.4917999999999982 0.1 0.0 0
1699269488.4442573 3.4917999999999982 0.1 0.0 0
1699269488.6373236 3.4917999999999982 0.1 0.0 0
1699269488.6869457 3.4917999999999982 0.1 0.0 0
1699269488.7375429 3.4917999999999982 0.1 0.0 0
1699269488.788009 3.4917999999999982 0.1 0.0 0
1699269488.9784842 3.4917999999999982 0.1 0.0 0
1699269489.1621335 3.4917999999999982 0.1 0.0 0
1699269489.212049 3.4917999999999982 0.1 0.0 0
1699269489.3975873 3.4917999999999982 0.1 0.0 0
1699269489.447825 3.4917999999999982 0.1 0.0 0
1699269489.4979756 3.4917999999999982 0.1 0.0 0
1699269489.682931 3.4917999999999982 0.1 0.0 0
1699269489.7323573 3.4917999999999982 0.1 0.0 0
1699269489.7824302 3.4917999999999982 0.1 0.0 0
1699269489.8328545 3.4917999999999982 0.1 0.0 0
1699269490.019357 3.4917999999999982 0.1 0.0 0
1699269490.2156856 3.4917999999999982 0.1 0.0 0
1699269490.2647557 3.4917999999999982 0.1 0.0 0
1699269490.457901 3.4917999999999982 0.1 0.0 0
1699269490.5079122 3.4917999999999982 0.1 0.0 0
1699269490.5575724 3.4917999999999982 0.1 0.0 0
1699269490.7453947 3.4917999999999982 0.1 0.0 0
1699269490.795289 3.4917999999999982 0.1 0.0 0
1699269490.8453295 3.4917999999999982 0.1 0.0 0
1699269491.0256262 3.4917999999999982 0.1 0.0 0
1699269491.0746186 3.4917999999999982 0.1 0.0 0
1699269491.1245632 3.4917999999999982 0.1 0.0 0
1699269491.1747754 3.4917999999999982 0.1 0.0 0
1699269491.3741808 3.4917999999999982 0.1 0.0 0
1699269491.5563138 3.4917999999999982 0.1 0.0 0
1699269491.6056364 3.4917999999999982 0.1 0.0 0
1699269491.7892206 3.4917999999999982 0.1 0.0 0
1699269491.8389149 3.4917999999999982 0.1 0.0 0
1699269491.8892634 3.4917999999999982 0.1 0.0 0
1699269492.0675154 3.4917999999999982 0.1 0.0 0
1699269492.1170733 3.4917999999999982 0.1 0.0 0
1699269492.166954 3.4917999999999982 0.1 0.0 0
1699269492.3577564 3.4917999999999982 0.1 0.0 0
1699269492.4077709 3.4917999999999982 0.1 0.0 0
1699269492.458051 3.4917999999999982 0.1 0.0 0
1699269492.508559 3.4917999999999982 0.1 0.0 0
1699269492.6894393 3.4917999999999982 0.1 0.0 0
1699269492.8730884 3.4917999999999982 0.1 0.0 0
1699269492.9230762 3.4917999999999982 0.1 0.0 0
1699269493.103019 3.4917999999999982 0.1 0.0 0
1699269493.1523545 3.4917999999999982 0.1 0.0 0
1699269493.2027063 3.4917999999999982 0.1 0.0 0
1699269493.2529132 3.4917999999999982 0.1 0.0 0
1699269493.4385867 3.4917999999999982 0.1 0.0 0
1699269493.4887269 3.4917999999999982 0.1 0.0 0
1699269493.538851 3.4917999999999982 0.1 0.0 0
1699269493.5887897 3.4917999999999982 0.1 0.0 0
1699269493.773173 3.4917999999999982 0.1 0.0 0
1699269493.8231947 3.4917999999999982 0.1 0.0 0
1699269493.8740284 3.4917999999999982 0.1 0.0 0
1699269493.923874 3.4917999999999982 0.1 0.0 0
1699269494.1200256 3.4917999999999982 0.1 0.0 0
1699269494.3166606 3.4917999999999982 0.1 0.0 0
1699269494.3658862 3.4917999999999982 0.1 0.0 0
1699269494.537814 3.4917999999999982 0.1 0.0 0
1699269494.58798 3.4917999999999982 0.1 0.0 0
1699269494.6376963 3.4917999999999982 0.1 0.0 0
1699269494.687755 3.4917999999999982 0.1 0.0 0
1699269494.8722377 3.4917999999999982 0.1 0.0 0
1699269495.0438986 3.4917999999999982 0.1 0.0 0
1699269495.093567 3.4917999999999982 0.1 0.0 0
