1699251726.1814055 2 0.1 0 0
1699251726.4371722 2.0 0.1 0.0 0
1699251726.59226 2.0 0.1 0.0 0
1699251726.6200712 2.0 0.1 0.0 0
1699251726.6598663 2.0 0.1 0.0 0
1699251726.7538276 2.0 0.1 0.0 0
1699251726.8043256 2.0 0.1 0.0 0
1699251726.8559778 2.0 0.1 0.0 0
1699251726.9092753 2.0 0.1 0.0 0
1699251726.9580739 2.0 0.1 0.0 0
1699251727.007611 2.0 0.1 0.0 0
1699251727.0566998 2.0 0.1 0.0 0
1699251727.1071525 2.0 0.1 0.0 0
1699251727.157317 2.0 0.1 0.0 0
1699251727.2091618 2.0 0.1 0.0 0
1699251727.2584972 2.0 0.1 0.0 0
1699251727.3087444 2.0 0.1 0.0 0
1699251727.3582847 2.0 0.1 0.0 0
1699251727.4089012 2.0 0.1 0.0 0
1699251727.4597008 2.0 0.1 0.0 0
1699251727.5097983 2.0 0.1 0.0 0
1699251727.5595891 2.0 0.1 0.0 0
1699251727.6101987 2.0 0.1 0.0 0
1699251727.6603658 2.0 0.1 0.0 0
1699251727.7102873 2.0 0.1 0.0 0
1699251727.762695 2.0 0.1 0.0 0
1699251727.8114457 2.0 0.1 0.0 0
1699251727.8617525 2.0 0.1 0.0 0
1699251727.91163 2.0 0.1 0.0 0
1699251727.9616032 2.0 0.1 0.0 0
1699251728.01447 2.0 0.1 0.0 0
1699251728.0639317 2.0 0.1 0.0 0
1699251728.1132 2.0 0.1 0.0 0
1699251728.1631672 2.0 0.1 0.0 0
1699251728.2130828 2.0 0.1 0.0 0
1699251728.2633948 2.0 0.1 0.0 0
1699251728.3132627 2.0 0.1 0.0 0
1699251728.3636365 2.0 0.1 0.0 0
1699251728.4160984 2.0 0.1 0.0 0
1699251728.465305 2.0 0.1 0.0 0
1699251728.5150125 2.0 0.1 0.0 0
1699251728.5649261 2.0 0.1 0.0 0
1699251728.6155863 2.0 0.1 0.0 0
1699251728.665358 2.0 0.1 0.0 0
1699251728.7156167 2.0 0.1 0.0 0
1699251728.7659452 2.0 0.1 0.0 0
1699251728.8158827 2.0 0.1 0.0 0
1699251728.8662145 2.0 0.1 0.0 0
1699251728.9163501 2.0 0.1 0.0 0
1699251728.9667048 2.0 0.1 0.0 0
1699251729.0170524 2.0 0.1 0.0 0
1699251729.066956 2.0 0.1 0.0 0
1699251729.116985 2.0 0.1 0.0 0
1699251729.1672454 2.0 0.1 0.0 0
1699251729.217198 2.0 0.1 0.0 0
1699251729.267483 2.0 0.1 0.0 0
1699251729.3175244 2.0 0.1 0.0 0
1699251729.3678248 2.0 0.1 0.0 0
1699251729.418335 2.0 0.1 0.0 0
1699251729.4693818 2.0 0.1 0.0 0
1699251729.5198095 2.0 0.1 0.0 0
1699251729.5694704 2.0 0.1 0.0 0
1699251729.6207247 2.0 0.1 0.0 0
1699251729.6722672 2.0 0.1 0.0 0
1699251729.7225454 2.0 0.1 0.0 0
1699251729.7729187 2.0 0.1 0.0 0
1699251729.8231726 2.0 0.1 0.0 0
1699251729.873454 2.0 0.1 0.0 0
1699251729.9234076 2.0 0.1 0.0 0
1699251729.975367 2.0 0.1 0.0 0
1699251730.0261674 2.0 0.1 0.0 0
1699251730.076558 2.0 0.1 0.0 0
1699251730.1267443 2.0 0.1 0.0 0
1699251730.1767457 2.0 0.1 0.0 0
1699251730.2270007 2.0 0.1 0.0 0
1699251730.2775416 2.0 0.1 0.0 0
1699251730.3270159 2.0 0.1 0.0 0
1699251730.3772855 2.0 0.1 0.0 0
1699251730.4275386 2.0 0.1 0.0 0
1699251730.4820764 2.0 0.1 0.0 0
1699251730.5278084 2.0 0.1 0.0 0
1699251730.577798 2.0 0.1 0.0 0
1699251730.6279714 2.0 0.1 0.0 0
1699251730.678282 2.0 0.1 0.0 0
1699251730.728313 2.0 0.1 0.0 0
1699251730.7788193 2.0 0.1 0.0 0
1699251730.828753 2.0 0.1 0.0 0
1699251730.8795736 2.0 0.1 0.0 0
1699251730.9295874 2.0 0.1 0.0 0
1699251730.9799855 2.0 0.1 0.0 0
1699251731.0300567 2.0 0.1 0.0 0
1699251731.0799596 2.0 0.1 0.0 0
1699251731.1310477 2.0 0.1 0.0 0
1699251731.1808424 2.0 0.1 0.0 0
1699251731.2307832 2.0 0.1 0.0 0
1699251731.280882 2.0 0.1 0.0 0
1699251731.3309405 2.0 0.1 0.0 0
1699251731.3810976 2.0 0.1 0.0 0
1699251731.4315212 2.0 0.1 0.0 0
1699251731.4817147 2.0 0.1 0.0 0
1699251731.532333 2.0 0.1 0.0 0
1699251731.5825703 2.0 0.1 0.0 0
1699251731.6323452 2.0 0.1 0.0 0
1699251731.6844625 2.0 0.1 0.0 0
1699251731.7352982 2.0 0.1 0.0 0
1699251731.7852368 2.0 0.1 0.0 0
1699251731.8355725 2.0 0.1 0.0 0
1699251731.8857582 2.0 0.1 0.0 0
1699251731.935645 2.0 0.1 0.0 0
1699251731.985763 2.0 0.1 0.0 0
1699251732.0359268 2.0 0.1 0.0 0
1699251732.0866113 2.0 0.1 0.0 0
1699251732.136729 2.0 0.1 0.0 0
1699251732.1866724 2.0 0.1 0.0 0
1699251732.2367241 2.0 0.1 0.0 0
1699251732.2868063 2.0 0.1 0.0 0
1699251732.3370569 2.0 0.1 0.0 0
1699251732.3869507 2.0 0.1 0.0 0
1699251732.4383657 2.0 0.1 0.0 0
1699251732.4880257 2.0 0.1 0.0 0
1699251732.5381725 2.0 0.1 0.0 0
1699251732.5884447 2.0 0.1 0.0 0
1699251732.6388624 2.0 0.1 0.0 0
1699251732.6890247 2.0 0.1 0.0 0
1699251732.7416248 2.0 0.1 0.0 0
1699251732.792082 2.0 0.1 0.0 0
1699251732.8425074 2.0 0.1 0.0 0
1699251732.8932574 2.0 0.1 0.0 0
1699251732.943126 2.0 0.1 0.0 0
1699251732.9939182 2.0 0.1 0.0 0
1699251733.0437446 2.0 0.1 0.0 0
1699251733.0938468 2.0 0.1 0.0 0
1699251733.1440291 2.0 0.1 0.0 0
1699251733.1939213 2.0 0.1 0.0 0
1699251733.2449124 2.0 0.1 0.0 0
1699251733.2949064 2.0 0.1 0.0 0
1699251733.3452382 2.0 0.1 0.0 0
1699251733.3953862 2.0 0.1 0.0 0
1699251733.4454017 2.0 0.1 0.0 0
1699251733.495659 2.0 0.1 0.0 0
1699251733.5459785 2.0 0.1 0.0 0
1699251733.5957508 2.0 0.1 0.0 0
1699251733.6462135 2.0 0.1 0.0 0
1699251733.6960618 2.0 0.1 0.0 0
1699251733.7467685 2.0 0.1 0.0 0
1699251733.7968013 2.0 0.1 0.0 0
1699251733.8469882 2.0 0.1 0.0 0
1699251733.8969638 2.0 0.1 0.0 0
1699251733.9474354 2.0 0.1 0.0 0
1699251733.9972308 2.0 0.1 0.0 0
1699251734.0487175 2.0 0.1 0.0 0
1699251734.0996192 2.0 0.1 0.0 0
1699251734.1487849 2.0 0.1 0.0 0
1699251734.1985269 2.0 0.1 0.0 0
1699251734.2485042 2.0 0.1 0.0 0
1699251734.2985287 2.0 0.1 0.0 0
1699251734.348878 2.0 0.1 0.0 0
1699251734.3987648 2.0 0.1 0.0 0
1699251734.448656 2.0 0.1 0.0 0
1699251734.4989228 2.0 0.1 0.0 0
1699251734.5491667 2.0 0.1 0.0 0
1699251734.5992289 2.0 0.1 0.0 0
1699251734.6496942 2.0 0.1 0.0 0
1699251734.7003126 2.0 0.1 0.0 0
1699251734.750348 2.0 0.1 0.0 0
1699251734.8005965 2.0 0.1 0.0 0
1699251734.8511693 2.0 0.1 0.0 0
1699251734.903352 2.0 0.1 0.0 0
1699251734.9545581 2.0 0.1 0.0 0
1699251735.0033214 2.0 0.1 0.0 0
1699251735.052635 2.0 0.1 0.0 0
1699251735.102074 2.0 0.1 0.0 0
1699251735.152081 2.0 0.1 0.0 0
1699251735.201744 2.0 0.1 0.0 0
1699251735.2518775 2.0 0.1 0.0 0
1699251735.3034403 2.0 0.1 0.0 0
1699251735.3539376 2.0 0.1 0.0 0
1699251735.4047804 2.0 0.1 0.0 0
1699251735.455963 2.0 0.1 0.0 0
1699251735.504206 2.0 0.1 0.0 0
1699251735.5541847 2.0 0.1 0.0 0
1699251735.6045644 2.0 0.1 0.0 0
1699251735.6552868 2.0 0.1 0.0 0
1699251735.706683 2.0 0.1 0.0 0
1699251735.7549846 2.0 0.1 0.0 0
1699251735.80585 2.0 0.1 0.0 0
1699251735.8561354 2.0 0.1 0.0 0
1699251735.9057276 2.0 0.1 0.0 0
1699251735.9557986 2.0 0.1 0.0 0
1699251736.00696 2.0 0.1 0.0 0
1699251736.0587766 2.0 0.1 0.0 0
1699251736.107443 2.0 0.1 0.0 0
1699251736.1577907 2.0 0.1 0.0 0
1699251736.207601 2.0 0.1 0.0 0
1699251736.2582324 2.0 0.1 0.0 0
1699251736.3081224 2.0 0.1 0.0 0
1699251736.3585923 2.0 0.1 0.0 0
1699251736.4084344 2.0 0.1 0.0 0
1699251736.4607697 2.0 0.1 0.0 0
1699251736.509941 2.0 0.1 0.0 0
1699251736.5591838 2.0 0.1 0.0 0
1699251736.609111 2.0 0.1 0.0 0
1699251736.661252 2.0 0.1 0.0 0
1699251736.7137036 2.0 0.1 0.0 0
1699251736.7645886 2.0 0.1 0.0 0
1699251736.814318 2.0 0.1 0.0 0
1699251736.8643517 2.0 0.1 0.0 0
1699251736.914249 2.0 0.1 0.0 0
1699251736.9651113 2.0 0.1 0.0 0
1699251737.0149662 2.0 0.1 0.0 0
1699251737.0648632 2.0 0.1 0.0 0
1699251737.1151288 2.0 0.1 0.0 0
1699251737.1653771 2.0 0.1 0.0 0
1699251737.2150533 2.0 0.1 0.0 0
1699251737.2674747 2.0 0.1 0.0 0
1699251737.3168757 2.0 0.1 0.0 0
1699251737.3682103 2.0 0.1 0.0 0
1699251737.4179797 2.0 0.1 0.0 0
1699251737.4678154 2.0 0.1 0.0 0
1699251737.5177097 2.0 0.1 0.0 0
1699251737.56761 2.0 0.1 0.0 0
1699251737.6177528 2.0 0.1 0.0 0
1699251737.667694 2.0 0.1 0.0 0
1699251737.7188368 2.0 0.1 0.0 0
1699251737.7691686 2.0 0.1 0.0 0
1699251737.8195329 2.0 0.1 0.0 0
1699251737.8695967 2.0 0.1 0.0 0
1699251737.9198277 2.0 0.1 0.0 0
1699251737.969856 2.0 0.1 0.0 0
1699251738.01997 2.0 0.1 0.0 0
1699251738.0710998 2.0 0.1 0.0 0
1699251738.121021 2.0 0.1 0.0 0
1699251738.171316 2.0 0.1 0.0 0
1699251738.2224908 2.0 0.1 0.0 0
1699251738.2724009 2.0 0.1 0.0 0
1699251738.3223011 2.0 0.1 0.0 0
1699251738.372209 2.0 0.1 0.0 0
1699251738.4229374 2.0 0.1 0.0 0
1699251738.4740303 2.0 0.1 0.0 0
1699251738.5228992 2.0 0.1 0.0 0
1699251738.5730753 2.0 0.1 0.0 0
1699251738.6226397 2.0 0.1 0.0 0
1699251738.672733 2.0 0.1 0.0 0
1699251738.7230186 2.0 0.1 0.0 0
1699251738.7729523 2.0 0.1 0.0 0
1699251738.8255236 2.0 0.1 0.0 0
1699251738.8749793 2.0 0.1 0.0 0
1699251738.9242191 2.0 0.1 0.0 0
1699251738.9744008 2.0 0.1 0.0 0
1699251739.0250163 2.0 0.1 0.0 0
1699251739.0749793 2.0 0.1 0.0 0
1699251739.1249993 2.0 0.1 0.0 0
1699251739.1756442 2.0 0.1 0.0 0
1699251739.2259042 2.0 0.1 0.0 0
1699251739.276512 2.0 0.1 0.0 0
1699251739.3264427 2.0 0.1 0.0 0
1699251739.3766787 2.0 0.1 0.0 0
1699251739.4265554 2.0 0.1 0.0 0
1699251739.4766202 2.0 0.1 0.0 0
1699251739.5274472 2.0 0.1 0.0 0
1699251739.5768428 2.0 0.1 0.0 0
1699251739.62753 2.0 0.1 0.0 0
1699251739.6775532 2.0 0.1 0.0 0
1699251739.7280333 2.0 0.1 0.0 0
1699251739.779927 2.0 0.1 0.0 0
1699251739.8285468 2.0 0.1 0.0 0
1699251739.8795624 2.0 0.1 0.0 0
1699251739.9327128 2.0 0.1 0.0 0
1699251739.9791424 2.0 0.1 0.0 0
1699251740.0296755 2.0 0.1 0.0 0
1699251740.0795105 2.0 0.1 0.0 0
1699251740.1305318 2.0 0.1 0.0 0
1699251740.1799417 2.0 0.1 0.0 0
1699251740.2300146 2.0 0.1 0.0 0
1699251740.2802787 2.0 0.1 0.0 0
1699251740.3304152 2.0 0.1 0.0 0
1699251740.381993 2.0 0.1 0.0 0
1699251740.4319386 2.0 0.1 0.0 0
1699251740.481343 2.0 0.1 0.0 0
1699251740.5326595 2.0 0.1 0.0 0
1699251740.5836725 2.0 0.1 0.0 0
1699251740.6333108 2.0 0.1 0.0 0
1699251740.6830857 2.0 0.1 0.0 0
1699251740.7332585 2.0 0.1 0.0 0
1699251740.7870526 2.0 0.1 0.0 0
1699251740.8354552 2.0 0.1 0.0 0
1699251740.884731 2.0 0.1 0.0 0
1699251740.9375784 2.0 0.1 0.0 0
1699251740.9897845 2.0 0.1 0.0 0
1699251741.0387528 2.0 0.1 0.0 0
1699251741.0887482 2.0 0.1 0.0 0
1699251741.1391652 2.0 0.1 0.0 0
1699251741.188796 2.0 0.1 0.0 0
1699251741.238899 2.0 0.1 0.0 0
1699251741.2889135 2.0 0.1 0.0 0
1699251741.3400533 2.0 0.1 0.0 0
1699251741.3903787 2.0 0.1 0.0 0
1699251741.43987 2.0 0.1 0.0 0
1699251741.4903235 2.0 0.1 0.0 0
1699251741.5402231 2.0 0.1 0.0 0
1699251741.5923584 2.0 0.1 0.0 0
1699251741.6409361 2.0 0.1 0.0 0
1699251741.6951652 2.0 0.1 0.0 0
1699251741.745728 2.0 0.1 0.0 0
1699251741.7969573 2.0 0.1 0.0 0
1699251741.84607 2.0 0.1 0.0 0
1699251741.896915 2.0 0.1 0.0 0
1699251741.9460151 2.0 0.1 0.0 0
1699251741.996024 2.0 0.1 0.0 0
1699251742.046034 2.0 0.1 0.0 0
1699251742.0960503 2.0 0.1 0.0 0
1699251742.1460342 2.0 0.1 0.0 0
1699251742.196943 2.0 0.1 0.0 0
1699251742.2468922 2.0 0.1 0.0 0
1699251742.2970538 2.0 0.1 0.0 0
1699251742.3475144 2.0 0.1 0.0 0
1699251742.3975232 2.0 0.1 0.0 0
1699251742.4473805 2.0 0.1 0.0 0
1699251742.4979305 2.0 0.1 0.0 0
1699251742.548547 2.0 0.1 0.0 0
1699251742.5996954 2.0 0.1 0.0 0
1699251742.649669 2.0 0.1 0.0 0
1699251742.699875 2.0 0.1 0.0 0
1699251742.7501109 2.0 0.1 0.0 0
1699251742.8001268 2.0 0.1 0.0 0
1699251742.8516955 2.0 0.1 0.0 0
1699251742.9013577 2.0 0.1 0.0 0
1699251742.9525638 2.0 0.1 0.0 0
1699251743.0028286 2.0 0.1 0.0 0
1699251743.0524971 2.0 0.1 0.0 0
1699251743.1028936 2.0 0.1 0.0 0
1699251743.1524549 2.0 0.1 0.0 0
1699251743.2024007 2.0 0.1 0.0 0
1699251743.2526112 2.0 0.1 0.0 0
1699251743.3032362 2.0 0.1 0.0 0
1699251743.353009 2.0 0.1 0.0 0
1699251743.4035072 2.0 0.1 0.0 0
1699251743.453603 2.0 0.1 0.0 0
1699251743.5043223 2.0 0.1 0.0 0
1699251743.555529 2.0 0.1 0.0 0
1699251743.6051588 2.0 0.1 0.0 0
1699251743.6555703 2.0 0.1 0.0 0
1699251743.7053928 2.0 0.1 0.0 0
1699251743.7559252 2.0 0.1 0.0 0
1699251743.8073335 2.0 0.1 0.0 0
1699251743.8568363 2.0 0.1 0.0 0
1699251743.9066617 2.0 0.1 0.0 0
1699251743.9565492 2.0 0.1 0.0 0
1699251744.0083456 2.0 0.1 0.0 0
1699251744.0600204 2.0 0.1 0.0 0
1699251744.1101916 2.0 0.1 0.0 0
1699251744.1624286 2.0 0.1 0.0 0
1699251744.210617 2.0 0.1 0.0 0
1699251744.260829 2.0 0.1 0.0 0
1699251744.3110914 2.0 0.1 0.0 0
1699251744.3612359 2.0 0.1 0.0 0
1699251744.4112437 2.0 0.1 0.0 0
1699251744.4614213 2.0 0.1 0.0 0
1699251744.5116258 2.0 0.1 0.0 0
1699251744.5617516 2.0 0.1 0.0 0
1699251744.61203 2.0 0.1 0.0 0
1699251744.6626933 2.0 0.1 0.0 0
1699251744.7134447 2.0 0.1 0.0 0
1699251744.762586 2.0 0.1 0.0 0
1699251744.8134305 2.0 0.1 0.0 0
1699251744.8628933 2.0 0.1 0.0 0
1699251744.9131317 2.0 0.1 0.0 0
1699251744.9639874 2.0 0.1 0.0 0
1699251745.014089 2.0 0.1 0.0 0
1699251745.0648687 2.0 0.1 0.0 0
1699251745.1157198 2.0 0.1 0.0 0
1699251745.1657732 2.0 0.1 0.0 0
1699251745.2158303 2.0 0.1 0.0 0
1699251745.2665286 2.0 0.1 0.0 0
1699251745.3176682 2.0 0.1 0.0 0
1699251745.3675644 2.0 0.1 0.0 0
1699251745.4172132 2.0 0.1 0.0 0
1699251745.4672687 2.0 0.1 0.0 0
1699251745.5173335 2.0 0.1 0.0 0
1699251745.567419 2.0 0.1 0.0 0
1699251745.6186683 2.0 0.1 0.0 0
1699251745.6690435 2.0 0.1 0.0 0
1699251745.7193825 2.0 0.1 0.0 0
1699251745.7695937 2.0 0.1 0.0 0
1699251745.8197625 2.0 0.1 0.0 0
1699251745.869786 2.0 0.1 0.0 0
1699251745.9199853 2.0 0.1 0.0 0
1699251745.9698062 2.0 0.1 0.0 0
1699251746.020076 2.0 0.1 0.0 0
1699251746.0709658 2.0 0.1 0.0 0
1699251746.1228907 2.0 0.1 0.0 0
1699251746.1757545 2.0 0.1 0.0 0
1699251746.2247071 2.0 0.1 0.0 0
1699251746.2735624 2.0 0.1 0.0 0
1699251746.3225815 2.0 0.1 0.0 0
1699251746.3740463 2.0 0.1 0.0 0
1699251746.4268088 2.0 0.1 0.0 0
1699251746.4745526 2.0 0.1 0.0 0
1699251746.524048 2.0 0.1 0.0 0
1699251746.574506 2.0 0.1 0.0 0
1699251746.6243417 2.0 0.1 0.0 0
1699251746.6743937 2.0 0.1 0.0 0
1699251746.7244382 2.0 0.1 0.0 0
1699251746.7749057 2.0 0.1 0.0 0
1699251746.8253825 2.0 0.1 0.0 0
1699251746.875868 2.0 0.1 0.0 0
1699251746.9259512 2.0 0.1 0.0 0
1699251746.9768882 2.0 0.1 0.0 0
1699251747.026529 2.0 0.1 0.0 0
1699251747.0759997 2.0 0.1 0.0 0
1699251747.1269891 2.0 0.1 0.0 0
1699251747.1764233 2.0 0.1 0.0 0
1699251747.226908 2.0 0.1 0.0 0
1699251747.291731 2.0 0.1 0.0 0
1699251747.3426635 2.0 0.1 0.0 0
1699251747.3969934 2.0 0.1 0.0 0
1699251747.432768 2.0 0.1 0.0 0
1699251747.481398 2.0 0.1 0.0 0
1699251747.5315864 2.0 0.1 0.0 0
1699251747.581801 2.0 0.1 0.0 0
1699251747.6318548 2.0 0.1 0.0 0
1699251747.682582 2.0 0.1 0.0 0
1699251747.7328353 2.0 0.1 0.0 0
1699251747.7836008 2.0 0.1 0.0 0
1699251747.8331966 2.0 0.1 0.0 0
1699251747.8835428 2.0 0.1 0.0 0
1699251747.9341695 2.0 0.1 0.0 0
1699251747.983709 2.0 0.1 0.0 0
1699251748.0337434 2.0 0.1 0.0 0
1699251748.0844007 2.0 0.1 0.0 0
1699251748.1352832 2.0 0.1 0.0 0
1699251748.1850698 2.0 0.1 0.0 0
1699251748.23589 2.0 0.1 0.0 0
1699251748.2859743 2.0 0.1 0.0 0
1699251748.3357344 2.0 0.1 0.0 0
1699251748.386656 2.0 0.1 0.0 0
1699251748.4367175 2.0 0.1 0.0 0
1699251748.4874594 2.0 0.1 0.0 0
1699251748.5377872 2.0 0.1 0.0 0
1699251748.5880764 2.0 0.1 0.0 0
1699251748.6397853 2.0 0.1 0.0 0
1699251748.6915574 2.0 0.1 0.0 0
1699251748.7403257 2.0 0.1 0.0 0
1699251748.7901747 2.0 0.1 0.0 0
1699251748.8424485 2.0 0.1 0.0 0
1699251748.8919713 2.0 0.1 0.0 0
1699251748.9421685 2.0 0.1 0.0 0
1699251748.991882 2.0 0.1 0.0 0
1699251749.0418162 2.0 0.1 0.0 0
1699251749.0928118 2.0 0.1 0.0 0
1699251749.1425276 2.0 0.1 0.0 0
1699251749.1925368 2.0 0.1 0.0 0
1699251749.243545 2.0 0.1 0.0 0
1699251749.2939377 2.0 0.1 0.0 0
1699251749.3437598 2.0 0.1 0.0 0
1699251749.3937027 2.0 0.1 0.0 0
1699251749.4434898 2.0 0.1 0.0 0
1699251749.4935849 2.0 0.1 0.0 0
1699251749.5441859 2.0 0.1 0.0 0
1699251749.5939145 2.0 0.1 0.0 0
1699251749.6447606 2.0 0.1 0.0 0
1699251749.694798 2.0 0.1 0.0 0
1699251749.7449465 2.0 0.1 0.0 0
1699251749.7948585 2.0 0.1 0.0 0
1699251749.8451424 2.0 0.1 0.0 0
1699251749.9099722 2.0 0.1 0.0 0
1699251749.9485602 2.0 0.1 0.0 0
1699251749.9963331 2.0 0.1 0.0 0
1699251750.046681 2.0 0.1 0.0 0
1699251750.0964372 2.0 0.1 0.0 0
1699251750.1479123 2.0 0.1 0.0 0
1699251750.1979702 2.0 0.1 0.0 0
1699251750.248836 2.0 0.1 0.0 0
1699251750.2988758 2.0 0.1 0.0 0
1699251750.3489325 2.0 0.1 0.0 0
1699251750.3988948 2.0 0.1 0.0 0
1699251750.4489276 2.0 0.1 0.0 0
1699251750.4990044 2.0 0.1 0.0 0
1699251750.5526292 2.0 0.1 0.0 0
1699251750.6028705 2.0 0.1 0.0 0
1699251750.655201 2.0 0.1 0.0 0
1699251750.7027543 2.0 0.1 0.0 0
1699251750.752841 2.0 0.1 0.0 0
1699251750.8028684 2.0 0.1 0.0 0
1699251750.8533587 2.0 0.1 0.0 0
1699251750.9039173 2.0 0.1 0.0 0
1699251750.9542344 2.0 0.1 0.0 0
1699251751.0056715 2.0 0.1 0.0 0
1699251751.0575197 2.0 0.1 0.0 0
1699251751.1068292 2.0 0.1 0.0 0
1699251751.1570275 2.0 0.1 0.0 0
1699251751.207291 2.0 0.1 0.0 0
1699251751.2584438 2.0 0.1 0.0 0
1699251751.308815 2.0 0.1 0.0 0
1699251751.3583302 2.0 0.1 0.0 0
1699251751.4086154 2.0 0.1 0.0 0
1699251751.4586022 2.0 0.1 0.0 0
1699251751.5085983 2.0 0.1 0.0 0
1699251751.560206 2.0 0.1 0.0 0
1699251751.6092825 2.0 0.1 0.0 0
1699251751.6599941 2.0 0.1 0.0 0
1699251751.7201538 2.0 0.1 0.0 0
1699251751.7683 2.0 0.1 0.0 0
1699251751.8195689 2.0 0.1 0.0 0
1699251751.8649213 2.0 0.1 0.0 0
1699251751.9146862 2.0 0.1 0.0 0
1699251751.964665 2.0 0.1 0.0 0
1699251752.014515 2.0 0.1 0.0 0
1699251752.0641606 2.0 0.1 0.0 0
1699251752.11382 2.0 0.1 0.0 0
1699251752.163915 2.0 0.1 0.0 0
1699251752.2143798 2.0 0.1 0.0 0
1699251752.2647638 2.0 0.1 0.0 0
1699251752.314272 2.0 0.1 0.0 0
1699251752.3651657 2.0 0.1 0.0 0
1699251752.4157324 2.0 0.1 0.0 0
1699251752.4654932 2.0 0.1 0.0 0
1699251752.5157034 2.0 0.1 0.0 0
1699251752.5668323 2.0 0.1 0.0 0
1699251752.617555 2.0 0.1 0.0 0
1699251752.6672037 2.0 0.1 0.0 0
1699251752.7172053 2.0 0.1 0.0 0
1699251752.7670486 2.0 0.1 0.0 0
1699251752.817131 2.0 0.1 0.0 0
1699251752.8673272 2.0 0.1 0.0 0
1699251752.9200625 2.0 0.1 0.0 0
1699251752.969507 2.0 0.1 0.0 0
1699251753.018686 2.0 0.1 0.0 0
1699251753.0685973 2.0 0.1 0.0 0
1699251753.1182404 2.0 0.1 0.0 0
1699251753.1682196 2.0 0.1 0.0 0
1699251753.2181933 2.0 0.1 0.0 0
1699251753.26833 2.0 0.1 0.0 0
1699251753.3191772 2.0 0.1 0.0 0
1699251753.3710368 2.0 0.1 0.0 0
1699251753.4206917 2.0 0.1 0.0 0
1699251753.4706514 2.0 0.1 0.0 0
1699251753.5207293 2.0 0.1 0.0 0
1699251753.5706713 2.0 0.1 0.0 0
1699251753.6210709 2.0 0.1 0.0 0
1699251753.6736 2.0 0.1 0.0 0
1699251753.7221744 2.0 0.1 0.0 0
1699251753.7736266 2.0 0.1 0.0 0
1699251753.8229926 2.0 0.1 0.0 0
1699251753.8732913 2.0 0.1 0.0 0
1699251753.922795 2.0 0.1 0.0 0
1699251753.972884 2.0 0.1 0.0 0
1699251754.0258257 2.0 0.1 0.0 0
1699251754.0760334 2.0 0.1 0.0 0
1699251754.1263292 2.0 0.1 0.0 0
1699251754.1791606 2.0 0.1 0.0 0
1699251754.2288425 2.0 0.1 0.0 0
1699251754.2802215 2.0 0.1 0.0 0
1699251754.329944 2.0 0.1 0.0 0
1699251754.3805563 2.0 0.1 0.0 0
1699251754.4310002 2.0 0.1 0.0 0
1699251754.4809167 2.0 0.1 0.0 0
1699251754.5307546 2.0 0.1 0.0 0
1699251754.5808682 2.0 0.1 0.0 0
1699251754.6310449 2.0 0.1 0.0 0
1699251754.681033 2.0 0.1 0.0 0
1699251754.7310736 2.0 0.1 0.0 0
1699251754.781431 2.0 0.1 0.0 0
1699251754.831485 2.0 0.1 0.0 0
1699251754.8818758 2.0 0.1 0.0 0
1699251754.9319263 2.0 0.1 0.0 0
1699251754.9826522 2.0 0.1 0.0 0
1699251755.033474 2.0 0.1 0.0 0
1699251755.083146 2.0 0.1 0.0 0
1699251755.1330955 2.0 0.1 0.0 0
1699251755.1831012 2.0 0.1 0.0 0
1699251755.232922 2.0 0.1 0.0 0
1699251755.2830446 2.0 0.1 0.0 0
1699251755.3331363 2.0 0.1 0.0 0
1699251755.383839 2.0 0.1 0.0 0
1699251755.4338257 2.0 0.1 0.0 0
1699251755.4840648 2.0 0.1 0.0 0
1699251755.535341 2.0 0.1 0.0 0
1699251755.5852318 2.0 0.1 0.0 0
1699251755.6351264 2.0 0.1 0.0 0
1699251755.6852012 2.0 0.1 0.0 0
1699251755.7360532 2.0 0.1 0.0 0
1699251755.7862515 2.0 0.1 0.0 0
1699251755.835929 2.0 0.1 0.0 0
1699251755.886191 2.0 0.1 0.0 0
1699251755.9362369 2.0 0.1 0.0 0
1699251755.9860818 2.0 0.1 0.0 0
1699251756.0362384 2.0 0.1 0.0 0
1699251756.0876079 2.0 0.1 0.0 0
1699251756.1389916 2.0 0.1 0.0 0
1699251756.1899004 2.0 0.1 0.0 0
1699251756.2400928 2.0 0.1 0.0 0
1699251756.2905354 2.0 0.1 0.0 0
1699251756.3397017 2.0 0.1 0.0 0
1699251756.3908093 2.0 0.1 0.0 0
1699251756.4417481 2.0 0.1 0.0 0
1699251756.4906144 2.0 0.1 0.0 0
1699251756.5407734 2.0 0.1 0.0 0
1699251756.5919251 2.0 0.1 0.0 0
1699251756.6417122 2.0 0.1 0.0 0
1699251756.6917348 2.0 0.1 0.0 0
1699251756.7426555 2.0 0.1 0.0 0
1699251756.7920895 2.0 0.1 0.0 0
1699251756.842633 2.0 0.1 0.0 0
1699251756.8923354 2.0 0.1 0.0 0
1699251756.9428835 2.0 0.1 0.0 0
1699251756.9934118 2.0 0.1 0.0 0
1699251757.0432816 2.0 0.1 0.0 0
1699251757.0933936 2.0 0.1 0.0 0
1699251757.1437852 2.0 0.1 0.0 0
1699251757.1950169 2.0 0.1 0.0 0
1699251757.2438314 2.0 0.1 0.0 0
1699251757.2945287 2.0 0.1 0.0 0
1699251757.345709 2.0 0.1 0.0 0
1699251757.3948643 2.0 0.1 0.0 0
1699251757.4451263 2.0 0.1 0.0 0
1699251757.4952233 2.0 0.1 0.0 0
1699251757.5454304 2.0 0.1 0.0 0
1699251757.595838 2.0 0.1 0.0 0
1699251757.6460528 2.0 0.1 0.0 0
1699251757.6957932 2.0 0.1 0.0 0
1699251757.7471745 2.0 0.1 0.0 0
1699251757.7962105 2.0 0.1 0.0 0
1699251757.846787 2.0 0.1 0.0 0
1699251757.8965487 2.0 0.1 0.0 0
1699251757.9466205 2.0 0.1 0.0 0
1699251757.9969277 2.0 0.1 0.0 0
1699251758.047712 2.0 0.1 0.0 0
1699251758.0976546 2.0 0.1 0.0 0
1699251758.1478324 2.0 0.1 0.0 0
1699251758.2012663 2.0 0.1 0.0 0
1699251758.249958 2.0 0.1 0.0 0
1699251758.2997608 2.0 0.1 0.0 0
1699251758.3495955 2.0 0.1 0.0 0
1699251758.3990667 2.0 0.1 0.0 0
1699251758.448799 2.0 0.1 0.0 0
1699251758.4988093 2.0 0.1 0.0 0
1699251758.5525563 2.0 0.1 0.0 0
1699251758.60272 2.0 0.1 0.0 0
1699251758.6562228 2.0 0.1 0.0 0
1699251758.704688 2.0 0.1 0.0 0
1699251758.7538228 2.0 0.1 0.0 0
1699251758.8035161 2.0 0.1 0.0 0
1699251758.8538315 2.0 0.1 0.0 0
1699251758.9039667 2.0 0.1 0.0 0
1699251758.9559586 2.0 0.1 0.0 0
1699251759.008 2.0 0.1 0.0 0
1699251759.0577164 2.0 0.1 0.0 0
1699251759.1077304 2.0 0.1 0.0 0
1699251759.1578035 2.0 0.1 0.0 0
1699251759.2082486 2.0 0.1 0.0 0
1699251759.2582326 2.0 0.1 0.0 0
1699251759.3086243 2.0 0.1 0.0 0
1699251759.3588703 2.0 0.1 0.0 0
1699251759.4099126 2.0 0.1 0.0 0
1699251759.459618 2.0 0.1 0.0 0
1699251759.5098221 2.0 0.1 0.0 0
1699251759.5596929 2.0 0.1 0.0 0
