1697089822.5626054 2 0.1 0 0
1697089822.856949 2.0 0.1 0.0 0
1697089823.0537996 2.0 0.1 0.0 0
1697089823.103249 2.0 0.1 0.0 0
1697089823.1536522 2.0 0.1 0.0 0
1697089823.2059617 2.0 0.1 0.0 0
1697089823.2548447 2.0 0.1 0.0 0
1697089823.3119612 2.0 0.1 0.0 0
1697089823.3706791 2.0 0.1 0.0 0
1697089823.4068284 2.0 0.1 0.0 0
1697089823.4565675 2.0 0.1 0.0 0
1697089823.5065293 2.0 0.1 0.0 0
1697089823.5570872 2.0 0.1 0.0 0
1697089823.6079266 2.0 0.1 0.0 0
1697089823.6607997 2.0 0.1 0.0 0
1697089823.706982 2.0 0.1 0.0 0
1697089823.7574387 2.0 0.1 0.0 0
1697089823.807913 2.0 0.1 0.0 0
1697089823.8588412 2.0 0.1 0.0 0
1697089823.90865 2.0 0.1 0.0 0
1697089823.9608922 2.0 0.1 0.0 0
1697089824.0102093 2.0 0.1 0.0 0
1697089824.059797 2.0 0.1 0.0 0
1697089824.1103666 2.0 0.1 0.0 0
1697089824.1604254 2.0 0.1 0.0 0
1697089824.2098975 2.0 0.1 0.0 0
1697089824.2601612 2.0 0.1 0.0 0
1697089824.3100772 2.0 0.1 0.0 0
1697089824.360605 2.0 0.1 0.0 0
1697089824.4108381 2.0 0.1 0.0 0
1697089824.4609914 2.0 0.1 0.0 0
1697089824.5111287 2.0 0.1 0.0 0
1697089824.561847 2.0 0.1 0.0 0
1697089824.612047 2.0 0.1 0.0 0
1697089824.6649375 2.0 0.1 0.0 0
1697089824.713048 2.0 0.1 0.0 0
1697089824.7628157 2.0 0.1 0.0 0
1697089824.8133712 2.0 0.1 0.0 0
1697089824.8634644 2.0 0.1 0.0 0
1697089824.9137025 2.0 0.1 0.0 0
1697089824.9659173 2.0 0.1 0.0 0
1697089825.0160704 2.0 0.1 0.0 0
1697089825.067489 2.0 0.1 0.0 0
1697089825.117455 2.0 0.1 0.0 0
1697089825.1678169 2.0 0.1 0.0 0
1697089825.2174823 2.0 0.1 0.0 0
1697089825.2677238 2.0 0.1 0.0 0
1697089825.3177688 2.0 0.1 0.0 0
1697089825.3707855 2.0 0.1 0.0 0
1697089825.4219468 2.0 0.1 0.0 0
1697089825.4719112 2.0 0.1 0.0 0
1697089825.5213494 2.0 0.1 0.0 0
1697089825.5720801 2.0 0.1 0.0 0
1697089825.6214259 2.0 0.1 0.0 0
1697089825.6728847 2.0 0.1 0.0 0
1697089825.7237837 2.0 0.1 0.0 0
1697089825.7742255 2.0 0.1 0.0 0
1697089825.822957 2.0 0.1 0.0 0
1697089825.8724523 2.0 0.1 0.0 0
1697089825.9230447 2.0 0.1 0.0 0
1697089825.9728491 2.0 0.1 0.0 0
1697089826.0229986 2.0 0.1 0.0 0
1697089826.073543 2.0 0.1 0.0 0
1697089826.1235409 2.0 0.1 0.0 0
1697089826.1739902 2.0 0.1 0.0 0
1697089826.2262423 2.0 0.1 0.0 0
1697089826.2760794 2.0 0.1 0.0 0
1697089826.3262422 2.0 0.1 0.0 0
1697089826.3764493 2.0 0.1 0.0 0
1697089826.4266443 2.0 0.1 0.0 0
1697089826.4771042 2.0 0.1 0.0 0
1697089826.52808 2.0 0.1 0.0 0
1697089826.577878 2.0 0.1 0.0 0
1697089826.6290734 2.0 0.1 0.0 0
1697089826.6788719 2.0 0.1 0.0 0
1697089826.7292364 2.0 0.1 0.0 0
1697089826.7791605 2.0 0.1 0.0 0
1697089826.829228 2.0 0.1 0.0 0
1697089826.8790996 2.0 0.1 0.0 0
1697089826.9292288 2.0 0.1 0.0 0
1697089826.982025 2.0 0.1 0.0 0
1697089827.0317445 2.0 0.1 0.0 0
1697089827.0815673 2.0 0.1 0.0 0
1697089827.1309 2.0 0.1 0.0 0
1697089827.1813893 2.0 0.1 0.0 0
1697089827.231255 2.0 0.1 0.0 0
1697089827.280934 2.0 0.1 0.0 0
1697089827.3328621 2.0 0.1 0.0 0
1697089827.3838131 2.0 0.1 0.0 0
1697089827.4344852 2.0 0.1 0.0 0
1697089827.4839191 2.0 0.1 0.0 0
1697089827.53426 2.0 0.1 0.0 0
1697089827.5839446 2.0 0.1 0.0 0
1697089827.634108 2.0 0.1 0.0 0
1697089827.6839092 2.0 0.1 0.0 0
1697089827.7346334 2.0 0.1 0.0 0
1697089827.7846699 2.0 0.1 0.0 0
1697089827.8350127 2.0 0.1 0.0 0
1697089827.8861785 2.0 0.1 0.0 0
1697089827.9350085 2.0 0.1 0.0 0
1697089827.985168 2.0 0.1 0.0 0
1697089828.0353544 2.0 0.1 0.0 0
1697089828.0856497 2.0 0.1 0.0 0
1697089828.1356602 2.0 0.1 0.0 0
1697089828.1861582 2.0 0.1 0.0 0
1697089828.2365203 2.0 0.1 0.0 0
1697089828.2872195 2.0 0.1 0.0 0
1697089828.3372586 2.0 0.1 0.0 0
1697089828.387973 2.0 0.1 0.0 0
1697089828.4378853 2.0 0.1 0.0 0
1697089828.488158 2.0 0.1 0.0 0
1697089828.539452 2.0 0.1 0.0 0
1697089828.5895982 2.0 0.1 0.0 0
1697089828.6396656 2.0 0.1 0.0 0
1697089828.6907787 2.0 0.1 0.0 0
1697089828.7412455 2.0 0.1 0.0 0
1697089828.7910972 2.0 0.1 0.0 0
1697089828.8409834 2.0 0.1 0.0 0
1697089828.8912075 2.0 0.1 0.0 0
1697089828.9434555 2.0 0.1 0.0 0
1697089828.9920661 2.0 0.1 0.0 0
1697089829.0441606 2.0 0.1 0.0 0
1697089829.0934918 2.0 0.1 0.0 0
1697089829.1435845 2.0 0.1 0.0 0
1697089829.1941817 2.0 0.1 0.0 0
1697089829.2437322 2.0 0.1 0.0 0
1697089829.2940998 2.0 0.1 0.0 0
1697089829.3438115 2.0 0.1 0.0 0
1697089829.3957067 2.0 0.1 0.0 0
1697089829.4461172 2.0 0.1 0.0 0
1697089829.495929 2.0 0.1 0.0 0
1697089829.5465593 2.0 0.1 0.0 0
1697089829.5962253 2.0 0.1 0.0 0
1697089829.6462927 2.0 0.1 0.0 0
1697089829.6962986 2.0 0.1 0.0 0
1697089829.7469974 2.0 0.1 0.0 0
1697089829.7973268 2.0 0.1 0.0 0
1697089829.8477635 2.0 0.1 0.0 0
1697089829.897987 2.0 0.1 0.0 0
1697089829.9481108 2.0 0.1 0.0 0
1697089829.99834 2.0 0.1 0.0 0
1697089830.0490317 2.0 0.1 0.0 0
1697089830.0993075 2.0 0.1 0.0 0
1697089830.1495943 2.0 0.1 0.0 0
1697089830.19938 2.0 0.1 0.0 0
1697089830.2499998 2.0 0.1 0.0 0
1697089830.300263 2.0 0.1 0.0 0
1697089830.3502812 2.0 0.1 0.0 0
1697089830.4001727 2.0 0.1 0.0 0
1697089830.4505982 2.0 0.1 0.0 0
1697089830.5008254 2.0 0.1 0.0 0
1697089830.5509546 2.0 0.1 0.0 0
1697089830.6017208 2.0 0.1 0.0 0
1697089830.6527333 2.0 0.1 0.0 0
1697089830.7026207 2.0 0.1 0.0 0
1697089830.7527094 2.0 0.1 0.0 0
1697089830.803104 2.0 0.1 0.0 0
1697089830.8546216 2.0 0.1 0.0 0
1697089830.9046922 2.0 0.1 0.0 0
1697089830.955733 2.0 0.1 0.0 0
1697089831.0057254 2.0 0.1 0.0 0
1697089831.0556843 2.0 0.1 0.0 0
1697089831.106627 2.0 0.1 0.0 0
1697089831.1560156 2.0 0.1 0.0 0
1697089831.2059362 2.0 0.1 0.0 0
1697089831.25752 2.0 0.1 0.0 0
1697089831.3073325 2.0 0.1 0.0 0
1697089831.3581154 2.0 0.1 0.0 0
1697089831.4095764 2.0 0.1 0.0 0
1697089831.46012 2.0 0.1 0.0 0
1697089831.510036 2.0 0.1 0.0 0
1697089831.5614436 2.0 0.1 0.0 0
1697089831.6111777 2.0 0.1 0.0 0
1697089831.661288 2.0 0.1 0.0 0
1697089831.7144914 2.0 0.1 0.0 0
1697089831.7661722 2.0 0.1 0.0 0
1697089831.8167071 2.0 0.1 0.0 0
1697089831.8667796 2.0 0.1 0.0 0
1697089831.916959 2.0 0.1 0.0 0
1697089831.9667776 2.0 0.1 0.0 0
1697089832.0170302 2.0 0.1 0.0 0
1697089832.0669956 2.0 0.1 0.0 0
1697089832.1173205 2.0 0.1 0.0 0
1697089832.1675386 2.0 0.1 0.0 0
1697089832.2178233 2.0 0.1 0.0 0
1697089832.2678351 2.0 0.1 0.0 0
1697089832.3178287 2.0 0.1 0.0 0
1697089832.3680444 2.0 0.1 0.0 0
1697089832.4179945 2.0 0.1 0.0 0
1697089832.4684145 2.0 0.1 0.0 0
1697089832.5183737 2.0 0.1 0.0 0
1697089832.5699663 2.0 0.1 0.0 0
1697089832.6199083 2.0 0.1 0.0 0
1697089832.6703277 2.0 0.1 0.0 0
1697089832.720901 2.0 0.1 0.0 0
1697089832.7712777 2.0 0.1 0.0 0
1697089832.8210444 2.0 0.1 0.0 0
1697089832.8728552 2.0 0.1 0.0 0
1697089832.9218183 2.0 0.1 0.0 0
1697089832.9724314 2.0 0.1 0.0 0
1697089833.0236912 2.0 0.1 0.0 0
1697089833.087893 2.0 0.1 0.0 0
1697089833.123743 2.0 0.1 0.0 0
1697089833.173757 2.0 0.1 0.0 0
1697089833.2240114 2.0 0.1 0.0 0
1697089833.2742538 2.0 0.1 0.0 0
1697089833.325291 2.0 0.1 0.0 0
1697089833.3752642 2.0 0.1 0.0 0
1697089833.425129 2.0 0.1 0.0 0
1697089833.4751198 2.0 0.1 0.0 0
1697089833.5251994 2.0 0.1 0.0 0
1697089833.5754106 2.0 0.1 0.0 0
1697089833.6260917 2.0 0.1 0.0 0
1697089833.6757627 2.0 0.1 0.0 0
1697089833.7275534 2.0 0.1 0.0 0
1697089833.7779214 2.0 0.1 0.0 0
1697089833.8269806 2.0 0.1 0.0 0
1697089833.8766854 2.0 0.1 0.0 0
1697089833.9265082 2.0 0.1 0.0 0
1697089833.9769242 2.0 0.1 0.0 0
1697089834.0269752 2.0 0.1 0.0 0
1697089834.0776653 2.0 0.1 0.0 0
1697089834.1274967 2.0 0.1 0.0 0
1697089834.178925 2.0 0.1 0.0 0
1697089834.228656 2.0 0.1 0.0 0
1697089834.291806 2.0 0.1 0.0 0
1697089834.3319104 2.0 0.1 0.0 0
1697089834.3802993 2.0 0.1 0.0 0
1697089834.4310977 2.0 0.1 0.0 0
1697089834.4855266 2.0 0.1 0.0 0
1697089834.5340662 2.0 0.1 0.0 0
1697089834.5828679 2.0 0.1 0.0 0
1697089834.6324863 2.0 0.1 0.0 0
1697089834.6821973 2.0 0.1 0.0 0
1697089834.7340553 2.0 0.1 0.0 0
1697089834.7830575 2.0 0.1 0.0 0
1697089834.832744 2.0 0.1 0.0 0
1697089834.8830175 2.0 0.1 0.0 0
1697089834.9327676 2.0 0.1 0.0 0
1697089834.9839542 2.0 0.1 0.0 0
1697089835.0341783 2.0 0.1 0.0 0
1697089835.0844395 2.0 0.1 0.0 0
1697089835.134425 2.0 0.1 0.0 0
1697089835.1846635 2.0 0.1 0.0 0
1697089835.2350178 2.0 0.1 0.0 0
1697089835.2852576 2.0 0.1 0.0 0
1697089835.3352883 2.0 0.1 0.0 0
1697089835.3861954 2.0 0.1 0.0 0
1697089835.4359128 2.0 0.1 0.0 0
1697089835.4858944 2.0 0.1 0.0 0
1697089835.5359538 2.0 0.1 0.0 0
1697089835.5861888 2.0 0.1 0.0 0
1697089835.636071 2.0 0.1 0.0 0
1697089835.6860762 2.0 0.1 0.0 0
1697089835.7362778 2.0 0.1 0.0 0
1697089835.7871103 2.0 0.1 0.0 0
1697089835.838159 2.0 0.1 0.0 0
1697089835.8878222 2.0 0.1 0.0 0
1697089835.9377716 2.0 0.1 0.0 0
1697089835.9887981 2.0 0.1 0.0 0
1697089836.0401986 2.0 0.1 0.0 0
1697089836.089612 2.0 0.1 0.0 0
1697089836.1392903 2.0 0.1 0.0 0
1697089836.1896794 2.0 0.1 0.0 0
1697089836.238793 2.0 0.1 0.0 0
1697089836.2888198 2.0 0.1 0.0 0
1697089836.3408902 2.0 0.1 0.0 0
1697089836.3892453 2.0 0.1 0.0 0
1697089836.4396756 2.0 0.1 0.0 0
1697089836.4898443 2.0 0.1 0.0 0
1697089836.5402577 2.0 0.1 0.0 0
1697089836.5913465 2.0 0.1 0.0 0
1697089836.6401722 2.0 0.1 0.0 0
1697089836.692086 2.0 0.1 0.0 0
1697089836.7532666 2.0 0.1 0.0 0
1697089836.7918434 2.0 0.1 0.0 0
1697089836.8416758 2.0 0.1 0.0 0
1697089836.8943594 2.0 0.1 0.0 0
1697089836.943241 2.0 0.1 0.0 0
1697089836.9961834 2.0 0.1 0.0 0
1697089837.0448096 2.0 0.1 0.0 0
1697089837.094195 2.0 0.1 0.0 0
1697089837.143761 2.0 0.1 0.0 0
1697089837.194193 2.0 0.1 0.0 0
1697089837.2437081 2.0 0.1 0.0 0
1697089837.294063 2.0 0.1 0.0 0
1697089837.3441293 2.0 0.1 0.0 0
1697089837.3954992 2.0 0.1 0.0 0
1697089837.4452877 2.0 0.1 0.0 0
1697089837.4959285 2.0 0.1 0.0 0
1697089837.5462036 2.0 0.1 0.0 0
1697089837.595888 2.0 0.1 0.0 0
1697089837.6459944 2.0 0.1 0.0 0
1697089837.696058 2.0 0.1 0.0 0
1697089837.7460163 2.0 0.1 0.0 0
1697089837.7961822 2.0 0.1 0.0 0
1697089837.8462074 2.0 0.1 0.0 0
1697089837.896323 2.0 0.1 0.0 0
1697089837.946778 2.0 0.1 0.0 0
1697089837.9979181 2.0 0.1 0.0 0
1697089838.047209 2.0 0.1 0.0 0
1697089838.0972703 2.0 0.1 0.0 0
1697089838.1476264 2.0 0.1 0.0 0
1697089838.2009025 2.0 0.1 0.0 0
1697089838.2498064 2.0 0.1 0.0 0
1697089838.299547 2.0 0.1 0.0 0
1697089838.3499506 2.0 0.1 0.0 0
1697089838.3998516 2.0 0.1 0.0 0
1697089838.4498541 2.0 0.1 0.0 0
1697089838.4997768 2.0 0.1 0.0 0
1697089838.5499494 2.0 0.1 0.0 0
1697089838.6004355 2.0 0.1 0.0 0
1697089838.6510842 2.0 0.1 0.0 0
1697089838.7020113 2.0 0.1 0.0 0
1697089838.7529426 2.0 0.1 0.0 0
1697089838.802605 2.0 0.1 0.0 0
1697089838.8528671 2.0 0.1 0.0 0
