1699251793.1462288 3.5 0.1 -0.04 0
1699251793.4377384 3.499960000000001 0.1 0.0 0
1699251793.5997527 3.499960000000001 0.1 0.0 0
1699251793.650797 3.499960000000001 0.1 0.0 0
1699251793.8067412 3.499960000000001 0.1 0.0 0
1699251793.8565521 3.499960000000001 0.1 0.0 0
1699251793.9091618 3.499960000000001 0.1 0.0 0
1699251793.9559107 3.499960000000001 0.1 0.0 0
1699251794.0067456 3.499960000000001 0.1 0.0 0
1699251794.057166 3.499960000000001 0.1 0.0 0
1699251794.1071987 3.499960000000001 0.1 0.0 0
1699251794.157345 3.499960000000001 0.1 0.0 0
1699251794.2077038 3.499960000000001 0.1 0.0 0
1699251794.257527 3.499960000000001 0.1 0.0 0
1699251794.3072627 3.499960000000001 0.1 0.0 0
1699251794.3578234 3.499960000000001 0.1 0.0 0
1699251794.4086385 3.499960000000001 0.1 0.0 0
1699251794.4586775 3.499960000000001 0.1 0.0 0
1699251794.5088432 3.499960000000001 0.1 0.0 0
1699251794.5591047 3.499960000000001 0.1 0.0 0
1699251794.6088884 3.499960000000001 0.1 0.0 0
1699251794.6588092 3.499960000000001 0.1 0.0 0
1699251794.7104769 3.499960000000001 0.1 0.0 0
1699251794.7596762 3.499960000000001 0.1 0.0 0
1699251794.8139215 3.499960000000001 0.1 0.0 0
1699251794.8633184 3.499960000000001 0.1 0.0 0
1699251794.9172146 3.499960000000001 0.1 0.0 0
1699251794.9893417 3.499960000000001 0.1 0.0 0
1699251795.0354578 3.499960000000001 0.1 0.0 0
1699251795.0926251 3.499960000000001 0.1 0.0 0
1699251795.1358173 3.499960000000001 0.1 0.0 0
1699251795.1845372 3.499960000000001 0.1 0.0 0
1699251795.2261648 3.499960000000001 0.1 0.0 0
1699251795.2772343 3.499960000000001 0.1 0.0 0
1699251795.3264446 3.499960000000001 0.1 0.0 0
1699251795.3790114 3.499960000000001 0.1 0.0 0
1699251795.4206355 3.499960000000001 0.1 0.0 0
1699251795.472933 3.499960000000001 0.1 0.0 0
1699251795.5193355 3.499960000000001 0.1 0.0 0
1699251795.5683463 3.499960000000001 0.1 0.0 0
1699251795.6188319 3.499960000000001 0.1 0.0 0
1699251795.6690006 3.499960000000001 0.1 0.0 0
1699251795.7192397 3.499960000000001 0.1 0.0 0
1699251795.7696524 3.499960000000001 0.1 0.0 0
1699251795.8196483 3.499960000000001 0.1 0.0 0
1699251795.8706388 3.499960000000001 0.1 0.0 0
1699251795.9214423 3.499960000000001 0.1 0.0 0
1699251795.9716778 3.499960000000001 0.1 0.0 0
1699251796.0211504 3.499960000000001 0.1 0.0 0
1699251796.0712564 3.499960000000001 0.1 0.0 0
1699251796.1264355 3.499960000000001 0.1 0.0 0
1699251796.171173 3.499960000000001 0.1 0.0 0
1699251796.223906 3.499960000000001 0.1 0.0 0
1699251796.2751076 3.499960000000001 0.1 0.0 0
1699251796.3257518 3.499960000000001 0.1 0.0 0
1699251796.3746204 3.499960000000001 0.1 0.0 0
1699251796.4236681 3.499960000000001 0.1 0.0 0
1699251796.4740617 3.499960000000001 0.1 0.0 0
1699251796.5257766 3.499960000000001 0.1 0.0 0
1699251796.5786445 3.499960000000001 0.1 0.0 0
1699251796.6269577 3.499960000000001 0.1 0.0 0
1699251796.68331 3.499960000000001 0.1 0.0 0
1699251796.7255595 3.499960000000001 0.1 0.0 0
1699251796.775409 3.499960000000001 0.1 0.0 0
1699251796.825546 3.499960000000001 0.1 0.0 0
1699251796.875491 3.499960000000001 0.1 0.0 0
1699251796.9260237 3.499960000000001 0.1 0.0 0
1699251796.9752672 3.499960000000001 0.1 0.0 0
1699251797.027046 3.499960000000001 0.1 0.0 0
1699251797.077414 3.499960000000001 0.1 0.0 0
1699251797.127741 3.499960000000001 0.1 0.0 0
1699251797.1784148 3.499960000000001 0.1 0.0 0
1699251797.2289884 3.499960000000001 0.1 0.0 0
1699251797.2821658 3.499960000000001 0.1 0.0 0
1699251797.3320384 3.499960000000001 0.1 0.0 0
1699251797.3847427 3.499960000000001 0.1 0.0 0
1699251797.4330444 3.499960000000001 0.1 0.0 0
1699251797.4892924 3.499960000000001 0.1 0.0 0
1699251797.5364473 3.499960000000001 0.1 0.0 0
1699251797.5841534 3.499960000000001 0.1 0.0 0
1699251797.6391325 3.499960000000001 0.1 0.0 0
1699251797.688312 3.499960000000001 0.1 0.0 0
1699251797.7381213 3.499960000000001 0.1 0.0 0
1699251797.7874565 3.499960000000001 0.1 0.0 0
1699251797.8376102 3.499960000000001 0.1 0.0 0
1699251797.89039 3.499960000000001 0.1 0.0 0
