1699253228.8799615 0.0 0.0
1699253229.1674964 0.0 0.0
1699253229.334722 0.0 0.0
1699253229.3837523 0.0 0.0
1699253229.4339464 0.0 0.0
1699253229.483722 0.0 0.0
1699253229.53471 0.0 0.0
1699253229.5842319 0.0 0.0
1699253229.6346736 0.0 0.0
1699253229.6847248 0.0 0.0
1699253229.7350616 0.0 0.0
1699253229.785572 0.0 0.0
1699253229.834822 0.0 0.0
1699253229.8847973 0.0 0.0
1699253229.9353523 0.0 0.0
1699253229.9862227 0.0 0.0
1699253230.0363653 0.0 0.0
1699253230.0864804 0.0 0.0
1699253230.1366372 0.0 0.0
1699253230.186787 0.0 0.0
1699253230.2367647 0.0 0.0
1699253230.2868843 0.0 0.0
1699253230.3373554 0.0 0.0
1699253230.3878794 0.0 0.0
1699253230.4375927 0.0 0.0
1699253230.487741 0.0 0.0
1699253230.5377727 0.0 0.0
1699253230.5886366 0.0 0.0
1699253230.6390817 0.0 0.0
1699253230.6891353 0.0 0.0
1699253230.73952 0.0 0.0
1699253230.7889843 None None
1699253230.83925 0.0 0.0
1699253230.8894303 0.0 0.0
1699253230.9401205 0.0 0.0
1699253230.9899144 None None
1699253231.0403404 0.0 0.0
1699253231.0902011 0.0 0.0
1699253231.1402483 0.0 0.0
1699253231.1903117 0.0 0.0
1699253231.2404056 None None
1699253231.2905605 0.0 0.0
1699253231.3416202 0.0 0.0
1699253231.3913665 0.0 0.0
1699253231.4413702 0.0 0.0
1699253231.491812 None None
1699253231.5419052 0.0 0.0
1699253231.5920346 0.0 0.0
1699253231.6422553 0.0 0.0
1699253231.69222 0.0 0.0
1699253231.7433057 None None
1699253231.7926595 0.0 0.0
1699253231.8432329 0.0 0.0
1699253231.8928998 0.0 0.0
1699253231.9433453 0.0 0.0
1699253231.9931982 None None
1699253232.0434616 0.0 0.0
1699253232.093287 0.0 0.0
1699253232.1434631 0.0 0.0
1699253232.1934657 None None
1699253232.2439673 0.0 0.0
1699253232.2938695 0.0 0.0
1699253232.3437178 0.0 0.0
1699253232.3940506 None None
1699253232.444375 0.0 0.0
1699253232.4944293 0.0 0.0
1699253232.544703 0.0 0.0
1699253232.595224 0.0 0.0
1699253232.644949 0.0 0.0
1699253232.695575 None None
1699253232.7466264 0.0 0.0
1699253232.7954905 0.0 0.0
1699253232.8457506 0.0 0.0
1699253232.8958802 None None
1699253232.946877 0.0 0.0
1699253232.9962413 0.0 0.0
1699253233.0461898 0.0 0.0
1699253233.0959778 0.0 0.0
1699253233.1463802 None None
1699253233.1964443 0.0 0.0
1699253233.2470343 0.0 0.0
1699253233.2968695 0.0 0.0
1699253233.3476546 0.0 0.0
1699253233.3975377 None None
1699253233.4478078 0.0 0.0
1699253233.49766 0.0 0.0
1699253233.5478063 0.0 0.0
1699253233.5984812 None None
1699253233.6482904 0.0 0.0
1699253233.698694 0.0 0.0
1699253233.7487907 0.0 0.0
1699253233.7988577 None None
1699253233.849105 0.0 0.0
1699253233.8988378 0.0 0.0
1699253233.9489124 0.0 0.0
1699253233.9991648 0.0 0.0
1699253234.0492473 None None
1699253234.0996177 0.0 0.0
1699253234.1498353 0.0 0.0
1699253234.1996381 0.0 0.0
1699253234.2496555 0.0 0.0
1699253234.3003085 None None
1699253234.3509312 0.0 0.0
1699253234.4016185 0.0 0.0
1699253234.4514453 0.0 0.0
1699253234.5011382 0.0 0.0
1699253234.551752 None None
1699253234.6016881 0.0 0.0
1699253234.651652 0.0 0.0
1699253234.7016482 0.0 0.0
1699253234.7522242 None None
1699253234.802655 0.0 0.0
1699253234.852759 0.0 0.0
1699253234.9026144 0.0 0.0
1699253234.953048 None None
1699253235.0028834 0.0 0.0
1699253235.0533283 0.0 0.0
1699253235.1037278 0.0 0.0
1699253235.1544824 0.0 0.0
1699253235.2040763 None None
1699253235.2543385 0.0 0.0
1699253235.3043902 0.0 0.0
1699253235.3543289 0.0 0.0
1699253235.4045107 0.0 0.0
1699253235.4555047 None None
1699253235.5051138 0.0 0.0
1699253235.5555673 0.0 0.0
1699253235.605461 0.0 0.0
1699253235.655638 None None
1699253235.7056596 0.0 0.0
1699253235.7557814 0.0 0.0
1699253235.8064034 0.0 0.0
1699253235.85625 None None
1699253235.9064188 0.0 0.0
1699253235.956726 0.0 0.0
1699253236.006603 0.0 0.0
1699253236.0567317 0.0 0.0
1699253236.106722 None None
1699253236.157292 0.0 0.0
1699253236.2076514 0.0 0.0
1699253236.2599027 0.0 0.0
1699253236.3080757 0.0 0.0
1699253236.3580914 None None
1699253236.408056 0.0 0.0
1699253236.4583578 0.0 0.0
1699253236.508694 0.0 0.0
1699253236.559141 0.0 0.0
1699253236.6088712 None None
1699253236.659375 0.0 0.0
1699253236.7095835 0.0 0.0
1699253236.7597256 0.0 0.0
1699253236.8102767 0.0 0.0
1699253236.8598425 None None
1699253236.9096668 0.0 0.0
1699253236.960043 0.0 0.0
1699253237.0099878 0.0 0.0
1699253237.060419 0.0 0.0
1699253237.109933 None None
1699253237.159997 0.0 0.0
1699253237.2107797 0.0 0.0
1699253237.2606838 0.0 0.0
1699253237.3109014 0.0 0.0
1699253237.3614366 None None
1699253237.411214 0.0 0.0
1699253237.4611058 0.0 0.0
1699253237.5114064 0.0 0.0
1699253237.5620239 None None
1699253237.6121986 0.0 0.0
1699253237.788085 0.0 0.0
1699253237.8384526 0.0 0.0
1699253237.8879466 0.0 0.0
1699253237.9386656 0.0 0.0
1699253237.9885006 0.0 0.0
1699253238.0385308 0.0 0.0
1699253238.0890925 0.0 0.0
1699253238.139067 0.0 0.0
1699253238.1899135 0.0 0.0
1699253238.2397013 0.0 0.0
1699253238.2897074 0.0 0.0
1699253238.339829 None None
1699253238.389961 0.0 0.0
1699253238.440032 0.0 0.0
1699253238.4908412 0.0 0.0
1699253238.540734 0.0 0.0
1699253238.591137 None None
1699253238.641263 0.0 0.0
1699253238.691387 0.0 0.0
1699253238.7408776 0.0 0.0
1699253238.7909465 0.0 0.0
1699253238.8422809 None None
1699253238.8921344 0.0 0.0
1699253238.9417675 0.0 0.0
1699253238.9923549 0.0 0.0
1699253239.0431612 0.0 0.0
1699253239.0929863 None None
1699253239.1426952 0.0 0.0
1699253239.1929562 0.0 0.0
1699253239.2434025 0.0 0.0
1699253239.2931182 None None
1699253239.3439045 0.0 0.0
1699253239.3936512 0.0 0.0
1699253239.4434302 0.0 0.0
1699253239.493584 0.0 0.0
1699253239.5439389 None None
1699253239.593944 0.0 0.0
1699253239.643993 0.0 0.0
1699253239.6942618 0.0 0.0
1699253239.7440362 0.0 0.0
1699253239.7942457 None None
1699253239.8444192 0.0 0.0
1699253239.8948019 0.0 0.0
1699253239.9449408 0.0 0.0
1699253239.995219 0.0 0.0
1699253240.0456924 None None
1699253240.0956907 0.0 0.0
1699253240.1457508 0.0 0.0
1699253240.1962612 0.0 0.0
1699253240.2459235 0.0 0.0
1699253240.2969236 None None
1699253240.3469117 0.0 0.0
1699253240.3971708 0.0 0.0
1699253240.4475849 0.0 0.0
1699253240.4970863 None None
1699253240.5481918 0.0 0.0
1699253240.5980446 0.0 0.0
1699253240.648423 0.0 0.0
1699253240.6980417 None None
1699253240.7481477 0.0 0.0
1699253240.7985945 0.0 0.0
1699253240.84862 0.0 0.0
1699253240.8987517 0.0 0.0
1699253240.9491756 None None
1699253240.9993865 0.0 0.0
1699253241.0497613 0.0 0.0
1699253241.0999887 0.0 0.0
1699253241.150132 0.0 0.0
1699253241.200508 None None
1699253241.2509122 0.0 0.0
1699253241.3009737 0.0 0.0
1699253241.3535652 0.0 0.0
1699253241.4054954 0.0 0.0
1699253241.455347 None None
1699253241.505288 0.0 0.0
1699253241.5568423 0.0 0.0
1699253241.6066396 0.0 0.0
1699253241.6562297 None None
1699253241.7068987 0.0 0.0
1699253241.756832 0.0 0.0
1699253241.8080263 0.0 0.0
1699253241.8589149 0.0 0.0
1699253241.9093397 None None
1699253241.9588935 0.0 0.0
1699253242.0084455 0.0 0.0
1699253242.0588028 0.0 0.0
1699253242.1098914 0.0 0.0
1699253242.1595113 None None
1699253242.2095785 0.0 0.0
1699253242.2600882 0.0 0.0
1699253242.309845 0.0 0.0
1699253242.3596141 0.0 0.0
1699253242.4101384 None None
1699253242.4635727 0.0 0.0
1699253242.5123627 None None
1699253242.5623913 0.0 0.0
1699253242.613008 None None
1699253242.663319 0.0 0.0
1699253242.7131326 0.0 0.0
1699253242.7631125 0.0 0.0
1699253242.8130534 0.0 0.0
1699253242.8641734 0.0 0.0
1699253242.9143083 None None
1699253242.9638462 0.0 0.0
1699253243.014007 0.0 0.0
1699253243.1936228 0.0 0.0
1699253243.2428076 0.0 0.0
1699253243.3936667 0.0 0.0
1699253243.4328837 0.0 0.0
1699253243.4681242 0.0 0.0
1699253243.62271 0.0 0.0
1699253243.6720617 0.0 0.0
1699253243.7222123 0.17743428253578852 -0.09178621460630032
1699253243.9465327 0.16773723144997266 -0.08579617692968701
1699253244.1619363 0.16773723144997266 -0.08579617692968701
1699253244.2117274 0.09533571048294223 -0.024906977554575768
1699253244.412015 0.09533571048294223 -0.024906977554575768
1699253244.461694 0.09533571048294223 -0.024906977554575768
1699253244.5114992 0.01703647156691096 -0.01247509815037838
1699253244.7201798 0.01703647156691096 -0.01247509815037838
1699253244.76948 0.01703647156691096 -0.01247509815037838
1699253244.8195555 -0.0006040645335180983 -0.02677115769197632
1699253245.0162997 -0.0006040645335180983 -0.02677115769197632
1699253245.0659776 -0.0006040645335180983 -0.02677115769197632
1699253245.1160257 -0.003258048361126199 -0.023948488483683382
1699253245.312972 -0.003258048361126199 -0.023948488483683382
1699253245.3630407 -0.003258048361126199 -0.023948488483683382
1699253245.412955 -0.0036006294880267533 -0.023296143772674104
1699253245.6076126 -0.0036006294880267533 -0.023296143772674104
1699253245.6576128 -0.0036006294880267533 -0.023296143772674104
1699253245.7078183 -0.0031757731126394366 -0.023172247204761312
1699253245.905567 -0.0031757731126394366 -0.023172247204761312
1699253245.9550452 -0.0031757731126394366 -0.023172247204761312
1699253246.0051267 -0.0031757731126394366 -0.023172247204761312
1699253246.0551186 -0.0023274945678681985 -0.022389158775750966
1699253246.2608094 -0.0023274945678681985 -0.022389158775750966
1699253246.3107266 -0.0023274945678681985 -0.022389158775750966
1699253246.360871 -0.0023274945678681985 -0.022389158775750966
1699253246.4113295 -0.0032827570837422977 -0.021070073646176943
1699253246.6159844 -0.0032827570837422977 -0.021070073646176943
1699253246.6649613 -0.0032827570837422977 -0.021070073646176943
1699253246.7158413 -0.0032827570837422977 -0.021070073646176943
1699253246.766805 -0.004949900026735968 -0.019950070561404392
1699253246.971037 -0.004949900026735968 -0.019950070561404392
1699253247.0198631 -0.004949900026735968 -0.019950070561404392
1699253247.070675 -0.00581621243068506 -0.019416918734326567
1699253247.270757 -0.00581621243068506 -0.019416918734326567
1699253247.319816 -0.00581621243068506 -0.019416918734326567
1699253247.369904 -0.00581621243068506 -0.019416918734326567
1699253247.4200456 -0.006546822156698968 -0.019186295355719894
1699253247.6228487 -0.0069077960544609894 -0.01892787151917446
1699253247.8199966 -0.0069077960544609894 -0.01892787151917446
1699253247.8694835 -0.007126656740567647 -0.01835891323114746
1699253248.0916638 -0.007126656740567647 -0.01835891323114746
1699253248.1408556 -0.007126656740567647 -0.01835891323114746
1699253248.1909192 -0.008557938522858305 -0.017587837725011747
1699253248.3925004 -0.008557938522858305 -0.017587837725011747
1699253248.4431322 -0.008557938522858305 -0.017587837725011747
1699253248.4933157 -0.008557938522858305 -0.017587837725011747
1699253248.543773 -0.009656951489645368 -0.01691315909182788
1699253248.8327134 -0.010377476581940309 -0.01636497365058521
1699253249.0432508 -0.010377476581940309 -0.01636497365058521
1699253249.0918567 -0.011047102494701049 -0.015894649823980384
1699253249.2947438 -0.011047102494701049 -0.015894649823980384
1699253249.344093 -0.011047102494701049 -0.015894649823980384
1699253249.3953698 -0.011608703718881145 -0.01537831808437207
1699253249.6077695 -0.011608703718881145 -0.01537831808437207
1699253249.6570184 -0.011608703718881145 -0.01537831808437207
1699253249.7069013 -0.011608703718881145 -0.01537831808437207
1699253249.7576854 -0.01199233972241229 -0.014884227138914876
1699253249.9744117 -0.012223103357269246 -0.014417841779733378
1699253250.181185 -0.012223103357269246 -0.014417841779733378
1699253250.2249987 -0.013262384879210982 -0.013903220245255194
1699253250.4368463 -0.013262384879210982 -0.013903220245255194
1699253250.4866862 -0.013262384879210982 -0.013903220245255194
1699253250.5366561 -0.01417609154158504 -0.013265444728122336
1699253250.7446756 -0.01417609154158504 -0.013265444728122336
1699253250.793474 -0.01417609154158504 -0.013265444728122336
1699253250.8436484 -0.014945732217600927 -0.012686655480453536
1699253251.044036 -0.014945732217600927 -0.012686655480453536
1699253251.0932918 -0.014945732217600927 -0.012686655480453536
1699253251.1435354 -0.014945732217600927 -0.012686655480453536
1699253251.1937163 -0.015608276812973053 -0.012154951918605297
1699253251.4047496 -0.016096364654500546 -0.011678018982666122
1699253251.615675 -0.016096364654500546 -0.011678018982666122
1699253251.6652608 -0.016516854750596617 -0.011159806935209552
1699253251.8748167 -0.016516854750596617 -0.011159806935209552
1699253251.9246886 -0.016516854750596617 -0.011159806935209552
1699253251.9749708 -0.016516854750596617 -0.011159806935209552
1699253252.0249238 -0.018263381023690198 -0.010088818842338917
1699253252.2273686 -0.018263381023690198 -0.010088818842338917
1699253252.27711 -0.018263381023690198 -0.010088818842338917
1699253252.329897 -0.018263381023690198 -0.010088818842338917
1699253252.3795586 -0.018946818022492578 -0.009579136942837829
1699253252.5865304 -0.01952958075987506 -0.009096733111976722
1699253252.7970686 -0.01952958075987506 -0.009096733111976722
1699253252.8463495 -0.020103901940080347 -0.008635337404997858
1699253253.0380352 -0.020103901940080347 -0.008635337404997858
1699253253.0876367 -0.020103901940080347 -0.008635337404997858
1699253253.1382456 -0.020103901940080347 -0.008635337404997858
1699253253.1878383 -0.020939206186881987 -0.007674174958820467
1699253253.4051213 -0.020939206186881987 -0.007674174958820467
1699253253.455176 -0.020939206186881987 -0.007674174958820467
1699253253.5049815 -0.020939206186881987 -0.007674174958820467
1699253253.5552201 -0.02133076928567378 -0.007230756296311789
1699253253.7573926 -0.021623429672827835 -0.006796049842577819
1699253253.9676852 -0.021623429672827835 -0.006796049842577819
1699253254.015612 -0.02234804637813077 -0.00638711115253059
1699253254.2126572 -0.02234804637813077 -0.00638711115253059
1699253254.2622018 -0.02234804637813077 -0.00638711115253059
1699253254.3131633 -0.0230023207372811 -0.006027143301703735
1699253254.5187979 -0.0230023207372811 -0.006027143301703735
1699253254.5685232 -0.0230023207372811 -0.006027143301703735
1699253254.6185138 -0.0230023207372811 -0.006027143301703735
1699253254.669333 -0.023567710956550244 -0.005664486810551519
1699253254.887142 -0.023567710956550244 -0.005664486810551519
1699253254.9366982 -0.023567710956550244 -0.005664486810551519
1699253254.987051 -0.023567710956550244 -0.005664486810551519
1699253255.0369618 -0.024469505003409473 -0.004955272800527124
1699253255.253878 -0.024469505003409473 -0.004955272800527124
1699253255.3035913 -0.024469505003409473 -0.004955272800527124
1699253255.3535843 -0.024469505003409473 -0.004955272800527124
1699253255.4036188 -0.02512810186693437 -0.004385006594464689
1699253255.6251342 -0.02512810186693437 -0.004385006594464689
1699253255.6749117 -0.02512810186693437 -0.004385006594464689
1699253255.7259483 -0.02512810186693437 -0.004385006594464689
1699253255.7752445 -0.02570249968433667 -0.004117678930657414
1699253255.9819057 -0.026201452244674232 -0.0038636468639906456
1699253256.1800559 -0.026201452244674232 -0.0038636468639906456
1699253256.2288635 -0.026672583159866366 -0.0036722949333166236
1699253256.4299104 -0.026672583159866366 -0.0036722949333166236
1699253256.4796484 -0.026672583159866366 -0.0036722949333166236
1699253256.5298963 -0.027105799769930064 -0.003457656363102328
1699253256.7442636 -0.027105799769930064 -0.003457656363102328
1699253256.7940094 -0.027105799769930064 -0.003457656363102328
1699253256.8442059 -0.027105799769930064 -0.003457656363102328
1699253256.8938484 -0.02790981846302391 -0.0030779410221585656
1699253257.098358 -0.02790981846302391 -0.0030779410221585656
1699253257.1483533 -0.02790981846302391 -0.0030779410221585656
1699253257.1988454 -0.028158857868724897 -0.0029650500903153645
1699253257.4024723 -0.028158857868724897 -0.0029650500903153645
1699253257.4523408 -0.028158857868724897 -0.0029650500903153645
1699253257.50296 -0.028373928695883826 -0.0028401124515522094
1699253257.71345 -0.028373928695883826 -0.0028401124515522094
1699253257.7628706 -0.028373928695883826 -0.0028401124515522094
1699253257.812903 -0.028373928695883826 -0.0028401124515522094
1699253257.862909 -0.028770187438111133 -0.0027538479116797766
1699253258.0742016 -0.029145928628846973 -0.0026095773433985016
1699253258.285195 -0.029145928628846973 -0.0026095773433985016
1699253258.3355372 -0.02950160808294279 -0.002501268737930306
1699253258.5338266 -0.02950160808294279 -0.002501268737930306
1699253258.5829756 -0.02950160808294279 -0.002501268737930306
1699253258.633313 -0.02981500183878319 -0.002399561937974004
1699253258.8388946 -0.02981500183878319 -0.002399561937974004
1699253258.8889902 -0.02981500183878319 -0.002399561937974004
1699253258.9392629 -0.030141459760845302 -0.0022563939700826225
1699253259.1504867 -0.030141459760845302 -0.0022563939700826225
1699253259.1997025 -0.030141459760845302 -0.0022563939700826225
1699253259.2495697 -0.030457974002967896 -0.0021433998655838813
1699253259.4650204 -0.030457974002967896 -0.0021433998655838813
1699253259.5150895 -0.030457974002967896 -0.0021433998655838813
1699253259.565393 -0.03081223748067067 -0.0020836599802185555
1699253259.779305 -0.03081223748067067 -0.0020836599802185555
1699253259.828311 -0.03081223748067067 -0.0020836599802185555
1699253259.8784244 -0.031138364444074976 -0.002028171317622639
1699253260.088721 -0.031138364444074976 -0.002028171317622639
1699253260.138331 -0.031138364444074976 -0.002028171317622639
1699253260.1885622 -0.031138364444074976 -0.002028171317622639
1699253260.2390964 -0.03147240493944568 -0.0019685568570962436
1699253260.444586 -0.03179427214478468 -0.001923755659532158
1699253260.652799 -0.03179427214478468 -0.001923755659532158
1699253260.7022197 -0.032094716503015 -0.0018748200748005598
1699253260.904685 -0.032094716503015 -0.0018748200748005598
1699253260.9539802 -0.032094716503015 -0.0018748200748005598
1699253261.00378 -0.03240410961170557 -0.001861249916266499
1699253261.2138624 -0.03240410961170557 -0.001861249916266499
1699253261.264142 -0.03240410961170557 -0.001861249916266499
1699253261.3145502 -0.03240410961170557 -0.001861249916266499
1699253261.3645928 -0.03278556735252906 -0.0018376416254370454
1699253261.5898411 -0.033118714068626647 -0.0018322215621825086
1699253261.8181815 -0.033118714068626647 -0.0018322215621825086
1699253261.872821 -0.033382526994023276 -0.001838257763945448
1699253262.1035495 -0.033382526994023276 -0.001838257763945448
1699253262.1562593 -0.033382526994023276 -0.001838257763945448
1699253262.2063496 -0.033382526994023276 -0.001838257763945448
1699253262.2602448 -0.033928163918597716 -0.001883929461458978
1699253262.4877613 -0.033928163918597716 -0.001883929461458978
1699253262.5381227 -0.033928163918597716 -0.001883929461458978
1699253262.5867229 -0.03417239534745314 -0.0019336385253323836
1699253262.7865639 -0.03417239534745314 -0.0019336385253323836
1699253262.8360178 -0.03417239534745314 -0.0019336385253323836
1699253262.886602 -0.034412005508687206 -0.0019570009525727928
1699253263.0990129 -0.034412005508687206 -0.0019570009525727928
1699253263.1482978 -0.034412005508687206 -0.0019570009525727928
1699253263.1988747 -0.03464474225349044 -0.001998761283210725
1699253263.4035838 -0.03464474225349044 -0.001998761283210725
1699253263.453069 -0.03464474225349044 -0.001998761283210725
1699253263.5034895 -0.03464474225349044 -0.001998761283210725
1699253263.5542488 -0.03506161532219801 -0.0020862066049708475
1699253263.7622156 -0.03506161532219801 -0.0020862066049708475
1699253263.8122208 -0.03506161532219801 -0.0020862066049708475
1699253263.8622305 -0.035248284001054585 -0.002123550077955352
1699253264.0647564 -0.035248284001054585 -0.002123550077955352
1699253264.1132777 -0.035248284001054585 -0.002123550077955352
1699253264.1631584 -0.035248284001054585 -0.002123550077955352
1699253264.2135327 -0.03544804277111307 -0.002173544221613806
1699253264.4356172 -0.03544804277111307 -0.002173544221613806
1699253264.485142 -0.03544804277111307 -0.002173544221613806
1699253264.5355911 -0.03563950186940444 -0.0022307879986111227
1699253264.732985 -0.03563950186940444 -0.0022307879986111227
1699253264.7820976 -0.03563950186940444 -0.0022307879986111227
1699253264.832407 -0.03563950186940444 -0.0022307879986111227
1699253264.8827174 -0.035831084429631566 -0.0022968083593061465
1699253265.0865278 -0.036036421572554364 -0.0023739408708918024
1699253265.285776 -0.036036421572554364 -0.0023739408708918024
1699253265.3350008 -0.036176752127886895 -0.0024130957796230403
1699253265.544335 -0.036176752127886895 -0.0024130957796230403
1699253265.594676 -0.036176752127886895 -0.0024130957796230403
1699253265.64437 -0.036176752127886895 -0.0024130957796230403
1699253265.6946895 -0.03648582698637438 -0.002524797462725169
1699253265.9165454 -0.03648582698637438 -0.002524797462725169
1699253265.9662063 -0.03648582698637438 -0.002524797462725169
1699253266.0160253 -0.03662835523396667 -0.002582227674637976
1699253266.2128348 -0.03662835523396667 -0.002582227674637976
1699253266.2618165 -0.03662835523396667 -0.002582227674637976
1699253266.3122623 -0.03662835523396667 -0.002582227674637976
1699253266.362071 -0.03691318378988702 -0.0027065411790082915
1699253266.5591836 -0.03691318378988702 -0.0027065411790082915
1699253266.6087277 -0.03691318378988702 -0.0027065411790082915
1699253266.658542 -0.03691318378988702 -0.0027065411790082915
1699253266.7083533 -0.03706655055654227 -0.0027770042812201813
1699253266.9166188 -0.037145242771584354 -0.0028383119954682
1699253267.127061 -0.037145242771584354 -0.0028383119954682
1699253267.1763535 -0.03721452812774589 -0.002884690374798609
1699253267.382235 -0.03721452812774589 -0.002884690374798609
1699253267.4323208 -0.03721452812774589 -0.002884690374798609
1699253267.4819574 -0.03721452812774589 -0.002884690374798609
1699253267.5322511 -0.03740889494080812 -0.0029858092759120617
1699253267.7563117 -0.03740889494080812 -0.0029858092759120617
1699253267.8074696 -0.03740889494080812 -0.0029858092759120617
1699253267.8575466 -0.03740889494080812 -0.0029858092759120617
1699253267.9079812 -0.03760055429753569 -0.00306599966335884
1699253268.123841 -0.03760055429753569 -0.00306599966335884
1699253268.173797 -0.03760055429753569 -0.00306599966335884
1699253268.2238915 -0.03768606798918914 -0.003113391296999839
1699253268.438151 -0.03768606798918914 -0.003113391296999839
1699253268.4874904 -0.03768606798918914 -0.003113391296999839
1699253268.5376046 -0.0377255598994345 -0.003160489574497892
1699253268.75282 -0.0377255598994345 -0.003160489574497892
1699253268.8025205 -0.0377255598994345 -0.003160489574497892
1699253268.8527982 -0.03777919514778959 -0.003214730662320605
1699253269.0623648 -0.03777919514778959 -0.003214730662320605
1699253269.1112556 -0.03777919514778959 -0.003214730662320605
1699253269.1615674 -0.03783563605248207 -0.003268958812326261
1699253269.3837798 -0.03783563605248207 -0.003268958812326261
1699253269.4331577 -0.03783563605248207 -0.003268958812326261
1699253269.4838192 -0.037886592135839385 -0.0032908207826449687
1699253269.6906016 -0.037886592135839385 -0.0032908207826449687
1699253269.7395244 -0.037886592135839385 -0.0032908207826449687
1699253269.7903264 -0.037886592135839385 -0.0032908207826449687
1699253269.8398829 -0.037948879463150766 -0.003312889889186245
