1697471119.0259793 3 0.3
1697471119.5783575 3.0 0.3
1697471119.9376504 3.0 0.3
1697471120.014237 3.0 0.3
1697471120.086579 3.0 0.3
1697471120.1747396 3.0 0.3
1697471120.2600453 3.0 0.3
1697471120.330605 3.0 0.3
1697471120.40825 3.0 0.3
1697471120.503982 3.0 0.3
1697471120.5821447 3.0 0.3
1697471120.674606 3.0 0.3
1697471120.786434 3.0 0.3
1697471120.8586593 3.0 0.3
1697471120.9716573 3.0 0.3
1697471121.0702708 3.0 0.3
1697471121.1610985 3.0 0.3
1697471121.2375782 3.0 0.3
1697471121.324012 3.0 0.3
1697471121.4195259 3.0 0.3
1697471121.5068274 3.0 0.3
1697471121.578179 3.0 0.3
1697471121.661304 3.0 0.3
1697471121.7484286 3.0 0.3
1697471121.834782 3.0 0.3
1697471121.9186373 3.0 0.3
1697471122.0270405 3.0 0.3
1697471122.1049693 3.0 0.3
1697471122.2157986 3.0 0.3
1697471122.2933424 3.0 0.3
1697471122.3929021 3.0 0.3
1697471122.4628866 3.0 0.3
1697471122.5394125 3.0 0.3
1697471122.6224942 3.0 0.3
1697471122.7068524 3.0 0.3
1697471122.7896762 3.0 0.3
1697471122.8962617 3.0 0.3
1697471123.006981 3.0 0.3
1697471123.1021461 3.0 0.3
1697471123.181172 3.0 0.3
1697471123.2646062 3.0 0.3
1697471123.3564339 3.0 0.3
1697471123.4285474 3.0 0.3
1697471123.5120418 3.0 0.3
1697471123.582092 3.0 0.3
1697471123.660038 3.0 0.3
1697471123.7325385 3.0 0.3
