1699007767.003847 0 0
1699007767.0692983 0 0
1699007767.1344957 0 0
1699007767.1970277 0 0
1699007767.2630918 0 0
1699007767.3270035 0 0
1699007767.391747 0 0
1699007767.4550366 0 0
1699007767.5185814 0 0
1699007767.579633 0 0
1699007767.6415327 0 0
1699007767.7022324 0 0
1699007767.7666917 0 0
1699007767.8292563 0 0
1699007767.8932076 0 0
1699007767.9548328 0 0
1699007768.0189657 0 0
1699007768.087318 0 0
1699007768.1507714 0 0
1699007768.2135375 0 0
1699007768.2785175 0 0
1699007768.3402014 0 0
1699007768.4020638 0 0
1699007768.4665966 0 0
1699007768.5288167 0 0
1699007768.5926447 0 0
1699007768.6569178 0 0
1699007768.7194233 0 0
1699007768.7804294 0 0
1699007768.8424008 0 0
1699007768.9060032 0 0
1699007768.96813 0 0
1699007769.0316968 0 0
1699007769.0962298 0 0
1699007769.1583989 0 0
1699007769.2239447 0 0
1699007769.2870626 0 0
1699007769.3483477 0 0
1699007769.4139273 0 0
1699007769.4792593 0 0
1699007769.5411456 0 0
1699007769.6045165 0 0
1699007769.6666245 0 0
1699007769.7295344 0 0
1699007769.793161 0 0
1699007769.8561437 0 0
1699007769.9168928 0 0
1699007769.9793687 0 0
1699007770.0421298 0 0
1699007770.104913 0 0
1699007770.167391 0 0
1699007770.229458 0 0
1699007770.2922847 0 0
1699007770.3587523 0 0
1699007770.42018 0 0
1699007770.4833999 0 0
1699007770.546478 0 0
1699007770.6082656 0 0
1699007770.6699953 0 0
1699007770.7338836 0 0
1699007770.7954798 0 0
1699007770.8567874 0 0
1699007770.9213352 0 0
1699007770.9831655 0 0
1699007771.046721 0 0
1699007771.1081982 0 0
1699007771.1714332 0 0
1699007771.2354047 0 0
1699007771.3002536 0 0
1699007771.362083 0 0
1699007771.4260743 0 0
1699007771.4891975 0 0
1699007771.5529585 0 0
1699007771.6152284 0 0
1699007771.6786907 0 0
1699007771.7402039 0 0
1699007771.8029714 0 0
1699007771.8672779 0 0
1699007771.9305794 0 0
1699007771.9923072 0 0
1699007772.0562966 0 0
1699007772.1219776 0 0
1699007772.1845684 0 0
1699007772.2485254 0 0
1699007772.3113525 0 0
1699007772.3738437 0 0
1699007772.436539 0 0
1699007772.4987428 0 0
1699007772.5607588 0 0
1699007772.6271677 0 0
1699007772.689889 0 0
1699007772.7529523 0 0
1699007772.81466 0 0
1699007772.8773913 0 0
1699007772.940928 0 0
1699007773.0057325 0 0
1699007773.068855 0 0
1699007773.1301458 0 0
1699007773.1938214 0 0
1699007773.254835 0 0
1699007773.3165853 0 0
1699007773.3802755 0 0
1699007773.4412026 0 0
1699007773.5025265 0 0
1699007773.5668495 0 0
1699007773.6297045 0 0
1699007773.6933537 0 0
1699007773.7563076 0 0
1699007773.8178124 0 0
1699007773.8800585 0 0
1699007773.9457242 0 0
1699007774.0070648 0 0
1699007774.0712006 0 0
1699007774.1356306 0 0
1699007774.1990283 0 0
1699007774.261808 0 0
1699007774.3258982 0 0
1699007774.3915114 0 0
1699007774.4549844 0 0
1699007774.5181427 0 0
1699007774.5828636 0 0
1699007774.6473627 0 0
1699007774.7112691 0 0
1699007774.7760515 0 0
1699007774.839653 0 0
1699007774.908131 0 0
1699007774.9705648 0 0
1699007775.033699 0 0
1699007775.1692085 0 0
1699007775.2321942 0 0
1699007775.295082 0 0
1699007775.3587165 0 0
1699007775.4207158 0 0
1699007775.485601 0 0
1699007775.548156 0 0
1699007775.6105807 0 0
1699007775.674585 0 0
1699007775.7383032 0 0
1699007775.8018239 0 0
1699007775.8656673 0 0
1699007775.9330175 0 0
1699007775.9953043 0 0
1699007776.0585592 0 0
1699007776.122448 0 0
1699007776.1850424 0 0
1699007776.2472672 0 0
1699007776.3109562 0 0
1699007776.3753564 0 0
1699007776.4389834 0 0
1699007776.502978 0 0
1699007776.5656147 0 0
1699007776.630731 0 0
1699007776.692642 0 0
1699007776.754875 0 0
1699007776.8167794 0 0
1699007776.879564 0 0
1699007776.9411354 0 0
1699007777.004418 0 0
1699007777.066922 0 0
1699007777.130559 0 0
1699007777.1957908 0 0
1699007777.257056 0 0
1699007777.3194134 0 0
1699007777.385195 0 0
1699007777.4478905 0 0
1699007777.517771 0 0
1699007777.5822828 0 0
1699007777.645029 0 0
1699007777.7160883 0 0
1699007777.7795246 0 0
1699007777.8413393 0 0
1699007777.913041 0 0
1699007777.9776607 0 0
1699007778.0474951 0 0
1699007778.11991 0 0
1699007778.1900616 0 0
1699007778.2594805 0 0
1699007778.3274467 0 0
1699007778.398219 0 0
1699007778.4717355 0 0
1699007778.5451577 0 0
1699007778.615746 0 0
1699007778.6872816 0 0
1699007778.7626567 0 0
1699007778.8358948 0 0
1699007778.9072292 0 0
1699007778.9783587 0 0
1699007779.0492594 0 0
1699007779.119321 0 0
1699007779.1904829 0 0
1699007779.261122 0 0
1699007779.330952 0 0
1699007779.4023993 0 0
1699007779.471913 0 0
1699007779.5421162 0 0
1699007779.6112146 0 0
1699007779.6819775 0 0
1699007779.7532403 0 0
1699007779.8229263 0 0
1699007779.8928018 0 0
1699007779.963325 0 0
1699007780.0368447 0 0
1699007780.1055734 0 0
1699007780.1753838 0 0
1699007780.2475533 0 0
1699007780.3182507 0 0
1699007780.3916698 0 0
1699007780.461448 0 0
1699007780.5310848 0 0
1699007780.6034312 0 0
1699007780.6755786 0 0
1699007780.7478714 0 0
1699007780.8196297 0 0
1699007780.893226 0 0
1699007780.9625428 0 0
1699007781.031913 0 0
1699007781.1041563 0 0
1699007781.1762064 0 0
1699007781.2463136 0 0
1699007781.3157616 0 0
1699007781.3849845 0 0
1699007781.4575963 0 0
1699007781.526884 0 0
1699007781.6003132 0 0
1699007781.671379 0 0
1699007781.7463136 0 0
1699007781.8162458 0 0
1699007781.88585 0 0
1699007781.955093 0 0
1699007782.0236773 0 0
1699007782.094562 0 0
1699007782.1648457 0 0
1699007782.236323 0 0
1699007782.3067818 0 0
1699007782.3769357 0 0
1699007782.447902 0 0
1699007782.519739 0 0
1699007782.5886183 0 0
1699007782.658917 0 0
1699007782.7299843 0 0
1699007782.7994556 0 0
1699007782.8721242 0 0
1699007782.9399104 0 0
1699007783.0096102 0 0
1699007783.0815291 0 0
1699007783.1511788 0 0
1699007783.219822 0 0
1699007783.2901335 0 0
1699007783.3614256 0 0
1699007783.4324543 0 0
1699007783.504757 0 0
1699007783.57478 0 0
1699007783.6460547 0 0
1699007783.718155 0 0
1699007783.7873106 0 0
1699007783.8574083 0 0
1699007783.9285471 0 0
1699007783.9991941 0 0
1699007784.0725868 0 0
1699007784.1411273 0 0
1699007784.2049065 0 0
1699007784.2703807 0 0
1699007784.3339708 0 0
1699007784.3972197 0 0
1699007784.4613209 0 0
1699007784.5249119 0 0
1699007784.5856564 0 0
1699007784.647604 0 0
1699007784.7104008 0 0
1699007784.7733164 0 0
1699007784.8365138 0 0
1699007784.8997006 0 0
1699007784.961072 0 0
1699007785.0233486 0 0
1699007785.085306 0 0
1699007785.1456199 0 0
1699007785.2098782 0 0
1699007785.2745383 0 0
1699007785.3370156 0 0
1699007785.4010804 0 0
1699007785.4644022 0 0
1699007785.5283303 0 0
1699007785.5896122 0 0
1699007785.6510239 0 0
1699007785.7138765 0 0
1699007785.776598 0 0
1699007785.8415504 0 0
1699007785.90369 0 0
1699007785.9691472 0 0
1699007786.0310082 0 0
1699007786.0939975 0 0
1699007786.1564631 0 0
1699007786.2185357 0 0
1699007786.2822294 0 0
1699007786.345061 0 0
1699007786.4079292 0 0
1699007786.4728508 0 0
1699007786.5350158 0 0
1699007786.5980754 0 0
1699007786.6610594 0 0
1699007786.724239 0 0
