1699250134.5880337 0.0 0.0
1699250134.8299618 0.0 0.0
1699250134.970341 0.0 0.0
1699250135.0034294 0.0 0.0
1699250135.0389264 0.0 0.0
1699250135.075886 0.0 0.0
1699250135.1137607 0.0 0.0
1699250135.1437197 0.0 0.0
1699250135.179989 0.0 0.0
1699250135.230956 0.0 0.0
1699250135.281576 0.0 0.0
1699250135.331794 0.0 0.0
1699250135.3839223 0.0 0.0
1699250135.4342277 0.0 0.0
1699250135.4833872 0.0 0.0
1699250135.5336487 0.0 0.0
1699250135.583962 0.0 0.0
1699250135.6341558 0.0 0.0
1699250135.6840694 0.0 0.0
