1699268765.5845966 0.0 0
1699268765.8582985 0.0 0
1699268766.0111785 0.0 0
1699268766.060273 0.0 0
1699268766.110623 0.0 0
1699268766.1609337 0.0 0
1699268766.2106133 0.0 0
1699268766.2609193 0.0 0
1699268766.3106894 0.0 0
1699268766.360849 0.0 0
1699268766.410825 0.0 0
1699268766.4611871 0.0 0
1699268766.511078 0.0 0
1699268766.5615745 0.0 0
1699268766.6116712 0.0 0
1699268766.6618056 0.0 0
1699268766.7117918 0.0 0
1699268766.7617745 0.0 0
1699268766.8120296 0.0 0
1699268766.8622875 0.0 0
1699268766.9128256 0.0 0
1699268766.9632719 0.0 0
1699268767.0130253 0.0 0
1699268767.0629447 0.0 0
1699268767.113093 0.0 0
1699268767.1635048 0.0 0
1699268767.213533 0.0 0
1699268767.2647703 0.0 0
1699268767.31399 0.0 0
1699268767.3641224 None 0
1699268767.4137254 0.0 0
1699268767.4638348 0.0 0
1699268767.5138996 0.0 0
1699268767.564138 0.0 0
1699268767.6142395 None 0
1699268767.6644373 0.0 0
1699268767.7151535 0.0 0
1699268767.7652183 0.0 0
1699268767.8153813 None 0
1699268767.8656573 0.0 0
1699268767.9158654 0.0 0
1699268767.966068 0.0 0
1699268768.0158553 None 0
1699268768.0660489 0.0 0
1699268768.1164203 0.0 0
1699268768.1665423 0.0 0
1699268768.2168036 0.0 0
1699268768.2675424 0.0 0
1699268768.3173354 None 0
1699268768.367883 0.0 0
1699268768.4177604 0.0 0
1699268768.4678686 0.0 0
1699268768.5178053 0.0 0
1699268768.5679226 None 0
1699268768.618194 0.0 0
1699268768.6682496 0.0 0
1699268768.7190154 0.0 0
1699268768.768914 None 0
1699268768.8189034 0.0 0
1699268768.8692088 0.0 0
1699268768.918868 0.0 0
1699268768.9689977 None 0
1699268769.019793 0.0 0
1699268769.0698032 0.0 0
1699268769.1201909 0.0 0
1699268769.1699443 0.0 0
1699268769.2200053 None 0
1699268769.2704365 0.0 0
1699268769.3206155 0.0 0
1699268769.3718865 0.0 0
1699268769.4212265 0.0 0
1699268769.471169 None 0
1699268769.5209687 0.0 0
1699268769.5712545 0.0 0
1699268769.6212928 0.0 0
1699268769.671774 0.0 0
1699268769.7218485 None 0
1699268769.7719667 0.0 0
1699268769.8221831 0.0 0
1699268769.8722854 0.0 0
1699268769.9227355 0.0 0
1699268769.9732764 None 0
1699268770.0227945 0.0 0
1699268770.0726573 0.0 0
1699268770.1229403 0.0 0
1699268770.1731887 None 0
1699268770.2236934 0.0 0
1699268770.273924 0.0 0
1699268770.3241315 0.0 0
1699268770.3737955 None 0
1699268770.4248574 0.0 0
1699268770.476901 0.0 0
1699268770.5248091 0.0 0
1699268770.5751863 0.0 0
1699268770.6254346 None 0
1699268770.67567 0.0 0
1699268770.7253196 0.0 0
1699268770.7755756 0.0 0
1699268770.825743 None 0
1699268770.8758023 0.0 0
1699268770.9259832 0.0 0
1699268770.9773316 0.0 0
1699268771.0274067 0.0 0
1699268771.077732 None 0
1699268771.1277587 0.0 0
1699268771.1779525 0.0 0
1699268771.228978 0.0 0
1699268771.278532 0.0 0
1699268771.3289165 None 0
1699268771.3786216 0.0 0
1699268771.4285784 0.0 0
1699268771.478605 0.0 0
1699268771.528862 None 0
1699268771.579439 0.0 0
1699268771.629225 0.0 0
1699268771.6798875 0.0 0
1699268771.7305794 0.0 0
1699268771.780994 None 0
1699268771.830754 0.0 0
1699268771.8811498 0.0 0
1699268771.9318378 0.0 0
1699268771.9816558 0.0 0
1699268772.0314484 None 0
1699268772.0820136 0.0 0
1699268772.1317058 0.0 0
1699268772.18168 0.0 0
1699268772.231583 None 0
1699268772.2817497 0.0 0
1699268772.3319025 0.0 0
1699268772.3828676 0.0 0
1699268772.4329233 0.0 0
1699268772.482567 None 0
1699268772.5336652 0.0 0
1699268772.5835373 0.0 0
1699268772.6332798 0.0 0
1699268772.683853 None 0
1699268772.7333221 0.0 0
1699268772.7837453 0.0 0
1699268772.8335278 0.0 0
1699268772.8837345 None 0
1699268772.9335616 0.0 0
1699268772.9836664 0.0 0
1699268773.0341249 0.0 0
1699268773.0847812 0.0 0
1699268773.1358812 None 0
1699268773.1860793 0.0 0
1699268773.2364469 0.0 0
1699268773.2863944 0.0 0
1699268773.336784 0.0 0
1699268773.3867993 None 0
1699268773.4366002 0.0 0
1699268773.4870858 0.0 0
1699268773.5367913 0.0 0
1699268773.5868316 0.0 0
1699268773.636949 None 0
1699268773.6869566 0.0 0
1699268773.7391112 0.0 0
1699268773.7872994 0.0 0
1699268773.8375854 0.0 0
1699268773.8879044 None 0
1699268773.9378688 0.0 0
1699268773.9880235 0.0 0
1699268774.037931 0.0 0
1699268774.0880523 0.0 0
1699268774.1382055 None 0
1699268774.1887758 0.0 0
1699268774.2386594 0.0 0
1699268774.2886276 0.0 0
1699268774.4505634 0.0 0
1699268774.5002224 0.0 0
1699268774.5504234 0.0 0
1699268774.6015792 0.0 0
1699268774.6511252 0.0 0
1699268774.7010765 0.0 0
1699268774.7515323 0.0 0
1699268774.8016353 None 0
1699268774.851871 0.0 0
1699268774.9019682 0.0 0
1699268774.952147 0.0 0
1699268775.0028362 0.0 0
1699268775.0525658 None 0
1699268775.1029854 0.0 0
1699268775.152926 0.0 0
1699268775.203013 0.0 0
1699268775.2527087 0.0 0
1699268775.302798 None 0
1699268775.3531346 0.0 0
1699268775.4034686 0.0 0
1699268775.4533148 0.0 0
1699268775.5036297 0.0 0
1699268775.5537484 None 0
1699268775.604594 0.0 0
1699268775.65493 0.0 0
1699268775.7047772 0.0 0
1699268775.755636 0.0 0
1699268775.805752 None 0
1699268775.8561747 0.0 0
1699268775.9066694 0.0 0
1699268775.9564767 0.0 0
1699268776.006658 0.0 0
1699268776.05679 None 0
1699268776.107417 0.0 0
1699268776.1569796 0.0 0
1699268776.2070355 0.0 0
1699268776.2570615 0.0 0
1699268776.307224 None 0
1699268776.3573818 0.0 0
1699268776.4078023 0.0 0
1699268776.4577615 0.0 0
1699268776.507807 0.0 0
1699268776.5581584 None 0
1699268776.6083503 0.0 0
1699268776.6588342 0.0 0
1699268776.7082872 0.0 0
1699268776.7583957 0.0 0
1699268776.8085644 None 0
1699268776.859131 0.0 0
1699268776.9089653 0.0 0
1699268776.9592519 0.0 0
1699268777.0092654 None 0
1699268777.0592418 0.0 0
1699268777.109463 0.0 0
1699268777.1597643 0.0 0
1699268777.2121644 None 0
1699268777.2606108 0.0 0
1699268777.310608 0.0 0
1699268777.3606014 0.0 0
1699268777.411245 0.0 0
1699268777.460918 None 0
1699268777.51092 0.0 0
1699268777.561175 0.0 0
1699268777.6116776 0.0 0
1699268777.661712 0.0 0
1699268777.7121208 None 0
1699268777.761798 0.0 0
1699268777.8121943 0.0 0
1699268777.86205 0.0 0
1699268777.9121618 0.0 0
1699268777.9634087 None 0
1699268778.0128658 0.0 0
1699268778.0629508 0.0 0
1699268778.1129246 0.0 0
1699268778.1628556 None 0
1699268778.213069 0.0 0
1699268778.262738 0.0 0
1699268778.3127656 0.0 0
1699268778.3640409 None 0
1699268778.4138997 0.0 0
1699268778.4639354 0.0 0
1699268778.5139751 0.0 0
1699268778.5637693 0.0 0
1699268778.6137784 None 0
1699268778.6637576 0.0 0
1699268778.713851 0.0 0
1699268778.7640154 0.0 0
1699268778.8146977 0.0 0
1699268778.8646054 None 0
1699268778.9148586 0.0 0
1699268778.96498 0.0 0
1699268779.0150125 0.0 0
1699268779.0652654 0.0 0
1699268779.116218 None 0
1699268779.1665628 0.0 0
1699268779.2166219 None 0
1699268779.2662768 0.0 0
1699268779.3162475 None 0
1699268779.366186 0.0 0
1699268779.4162643 0.0 0
1699268779.4666612 0.0 0
1699268779.5167134 0.0 0
1699268779.5668721 None 0
1699268779.6168094 0.0 0
1699268779.6666589 0.0 0
1699268779.7171438 0.0 0
1699268779.8686936 0.0 0
1699268779.9183786 0.0 0
1699268780.0387049 0.0 0
1699268780.071011 0.0 0
1699268780.1026692 0.0 0
1699268780.2259183 0.0 0
1699268780.2755797 0.0 0
1699268780.3256407 0.17743428253578852 0
1699268780.4929018 0.16773723144997266 0
1699268780.6708922 0.16773723144997266 0
1699268780.7205672 0.09533571048294223 0
1699268780.8733406 0.09533571048294223 0
1699268780.9232159 0.09533571048294223 0
1699268780.9728515 0.01703647156691096 0
1699268781.1303964 0.01703647156691096 0
1699268781.1801472 0.01703647156691096 0
1699268781.2308376 -0.0006040645335180983 0
1699268781.378494 -0.0006040645335180983 0
1699268781.4096704 -0.0006040645335180983 0
1699268781.4448695 -0.003258048361126199 0
1699268781.602004 -0.003258048361126199 0
1699268781.6517942 -0.003258048361126199 0
1699268781.7018363 -0.0036006294880267533 0
1699268781.8570263 -0.0036006294880267533 0
1699268781.9073055 -0.0036006294880267533 0
1699268781.9567893 -0.0031757731126394366 0
1699268782.1038609 -0.0031757731126394366 0
1699268782.1375284 -0.0031757731126394366 0
1699268782.1709757 -0.0031757731126394366 0
1699268782.1887472 -0.0023274945678681985 0
1699268782.3453243 -0.0023274945678681985 0
1699268782.39542 -0.0023274945678681985 0
1699268782.4457545 -0.0023274945678681985 0
1699268782.495644 -0.0032827570837422977 0
1699268782.6738188 -0.0032827570837422977 0
1699268782.7220066 -0.0032827570837422977 0
1699268782.7717974 -0.0032827570837422977 0
1699268782.8217502 -0.004949900026735968 0
1699268782.979496 -0.004949900026735968 0
1699268783.0295672 -0.004949900026735968 0
1699268783.079916 -0.00581621243068506 0
1699268783.227173 -0.00581621243068506 0
1699268783.2609553 -0.00581621243068506 0
1699268783.2940958 -0.00581621243068506 0
1699268783.31452 -0.006546822156698968 0
1699268783.4694455 -0.0069077960544609894 0
1699268783.6259265 -0.0069077960544609894 0
1699268783.6757455 -0.007126656740567647 0
