1699268838.9364488 0.0 0
1699268839.2111237 0.0 0
1699268839.3683755 0.0 0
1699268839.4184635 0.0 0
1699268839.468806 0.0 0
1699268839.5189567 0.0 0
1699268839.569038 0.0 0
1699268839.6187706 0.0 0
1699268839.6690624 0.0 0
1699268839.7188892 0.0 0
1699268839.7686822 0.0 0
1699268839.819578 0.0 0
1699268839.8687925 0.0 0
1699268839.9190776 0.0 0
1699268839.9691408 0.0 0
1699268840.019345 0.0 0
1699268840.0695293 0.0 0
1699268840.1196618 0.0 0
1699268840.169775 0.0 0
1699268840.2201438 0.0 0
1699268840.2697768 0.0 0
1699268840.3202348 0.0 0
1699268840.3700159 0.0 0
1699268840.4201698 0.0 0
1699268840.4703705 0.0 0
1699268840.520579 0.0 0
1699268840.5709355 0.0 0
1699268840.620834 0.0 0
1699268840.6712985 0.0 0
1699268840.721014 None 0
1699268840.7709813 0.0 0
1699268840.8211749 0.0 0
1699268840.8715088 0.0 0
1699268840.9221323 0.0 0
1699268840.971954 None 0
1699268841.0221624 0.0 0
1699268841.072049 0.0 0
1699268841.1223373 0.0 0
1699268841.1724057 None 0
1699268841.2225614 0.0 0
1699268841.2727137 0.0 0
1699268841.324935 0.0 0
1699268841.3752291 0.0 0
1699268841.425272 None 0
1699268841.4753916 0.0 0
1699268841.5256252 0.0 0
1699268841.5757234 0.0 0
1699268841.626151 0.0 0
1699268841.6760921 None 0
1699268841.726134 0.0 0
1699268841.7760742 0.0 0
1699268841.8272953 0.0 0
1699268841.8763278 0.0 0
1699268841.9266973 None 0
1699268841.9766746 0.0 0
1699268842.0269423 0.0 0
1699268842.0768182 0.0 0
1699268842.1274502 0.0 0
1699268842.1771703 None 0
1699268842.2272065 0.0 0
1699268842.27719 0.0 0
1699268842.3275466 0.0 0
1699268842.3788621 None 0
1699268842.4284644 0.0 0
1699268842.477968 0.0 0
1699268842.5280561 0.0 0
1699268842.578499 0.0 0
1699268842.6286786 None 0
1699268842.6787388 0.0 0
1699268842.728938 0.0 0
1699268842.7788756 0.0 0
1699268842.8288362 0.0 0
1699268842.879394 None 0
1699268842.9293854 0.0 0
1699268842.9796607 0.0 0
1699268843.0294867 0.0 0
1699268843.0796974 None 0
1699268843.1301465 0.0 0
1699268843.17989 0.0 0
1699268843.2298229 0.0 0
1699268843.280089 0.0 0
1699268843.3307471 None 0
1699268843.3806617 0.0 0
1699268843.4308088 0.0 0
1699268843.4807749 0.0 0
1699268843.5312977 None 0
1699268843.5809698 0.0 0
1699268843.6313057 0.0 0
1699268843.6820407 0.0 0
1699268843.731698 None 0
1699268843.7816527 0.0 0
1699268843.8317156 0.0 0
1699268843.8818352 0.0 0
1699268843.93236 0.0 0
1699268843.9824526 None 0
1699268844.0326703 0.0 0
1699268844.0829594 0.0 0
1699268844.1329904 0.0 0
1699268844.1832993 0.0 0
1699268844.2338183 None 0
1699268844.2840474 0.0 0
1699268844.333978 0.0 0
1699268844.383785 0.0 0
1699268844.4338157 0.0 0
1699268844.484128 None 0
1699268844.5345025 0.0 0
1699268844.5843556 0.0 0
1699268844.63538 0.0 0
1699268844.6852245 0.0 0
1699268844.7355127 None 0
1699268844.7852032 0.0 0
1699268844.8353546 0.0 0
1699268844.8852785 0.0 0
1699268844.9358237 None 0
1699268844.985572 0.0 0
1699268845.0358884 0.0 0
1699268845.0859456 0.0 0
1699268845.1359923 None 0
1699268845.1863015 0.0 0
1699268845.2364063 0.0 0
1699268845.286475 0.0 0
1699268845.336615 0.0 0
1699268845.3865178 None 0
1699268845.436833 0.0 0
1699268845.4871302 0.0 0
1699268845.5369287 0.0 0
1699268845.587205 0.0 0
1699268845.637485 None 0
1699268845.6875598 0.0 0
1699268845.7377694 0.0 0
1699268845.788234 0.0 0
1699268845.8385313 None 0
1699268845.8887367 0.0 0
1699268845.93917 0.0 0
1699268845.9888446 0.0 0
1699268846.0389545 0.0 0
1699268846.08938 None 0
1699268846.1400218 0.0 0
1699268846.1897924 0.0 0
1699268846.239953 0.0 0
1699268846.2899687 None 0
1699268846.340022 0.0 0
1699268846.3900661 0.0 0
1699268846.4399893 0.0 0
1699268846.4901266 None 0
1699268846.5401697 0.0 0
1699268846.5903735 0.0 0
1699268846.6405566 0.0 0
1699268846.6907701 0.0 0
1699268846.7414765 0.0 0
1699268846.791456 None 0
1699268846.8415606 0.0 0
1699268846.8920279 0.0 0
1699268846.941466 0.0 0
1699268846.9919028 0.0 0
1699268847.0420094 None 0
1699268847.0920198 0.0 0
1699268847.142322 0.0 0
1699268847.1923215 0.0 0
1699268847.2430446 0.0 0
1699268847.2932856 None 0
1699268847.3432424 0.0 0
1699268847.3931005 0.0 0
1699268847.443503 0.0 0
1699268847.4933743 0.0 0
1699268847.543671 None 0
1699268847.5936446 0.0 0
1699268847.6438885 0.0 0
1699268847.8094413 0.0 0
1699268847.8582535 0.0 0
1699268847.9084604 0.0 0
1699268847.9586976 0.0 0
1699268848.0087576 0.0 0
1699268848.0604618 0.0 0
1699268848.1103315 0.0 0
1699268848.1605406 None 0
1699268848.2108378 0.0 0
1699268848.2609246 0.0 0
1699268848.3108666 0.0 0
1699268848.361213 0.0 0
1699268848.4112449 0.0 0
1699268848.4613192 None 0
1699268848.51157 0.0 0
1699268848.561566 0.0 0
1699268848.6117153 0.0 0
1699268848.661694 0.0 0
1699268848.7123616 None 0
1699268848.7619958 0.0 0
1699268848.8122737 0.0 0
1699268848.8625185 0.0 0
1699268848.9126403 0.0 0
1699268848.9631174 None 0
1699268849.0128458 0.0 0
1699268849.062795 0.0 0
1699268849.1130657 0.0 0
1699268849.163448 None 0
1699268849.2134042 0.0 0
1699268849.2637417 0.0 0
1699268849.313409 0.0 0
1699268849.363462 0.0 0
1699268849.4135952 None 0
1699268849.46385 0.0 0
1699268849.5138612 0.0 0
1699268849.5638704 0.0 0
1699268849.6142437 0.0 0
1699268849.664552 None 0
1699268849.7150037 0.0 0
1699268849.7648666 0.0 0
1699268849.814745 0.0 0
1699268849.8649266 0.0 0
1699268849.9156535 0.0 0
1699268849.9658582 None 0
1699268850.0157502 0.0 0
1699268850.0657787 0.0 0
1699268850.1157854 0.0 0
1699268850.166034 None 0
1699268850.2168956 0.0 0
1699268850.268005 0.0 0
1699268850.317569 0.0 0
1699268850.3679507 None 0
1699268850.4182804 0.0 0
1699268850.4676857 0.0 0
1699268850.5177536 0.0 0
1699268850.5678446 0.0 0
1699268850.6178567 None 0
1699268850.6681836 0.0 0
1699268850.7185822 0.0 0
1699268850.7685273 0.0 0
1699268850.8185449 None 0
1699268850.8686702 0.0 0
1699268850.9189496 0.0 0
1699268850.9692018 0.0 0
1699268851.019603 0.0 0
1699268851.0698838 None 0
1699268851.1198394 0.0 0
1699268851.1699545 0.0 0
1699268851.2198627 0.0 0
1699268851.2700734 0.0 0
1699268851.3204398 None 0
1699268851.3705392 0.0 0
1699268851.4212108 0.0 0
1699268851.4709764 0.0 0
1699268851.5209782 0.0 0
1699268851.5711389 None 0
1699268851.6213796 0.0 0
1699268851.671315 0.0 0
1699268851.7227685 0.0 0
1699268851.7719038 None 0
1699268851.8217556 0.0 0
1699268851.8719962 0.0 0
1699268851.9218628 0.0 0
1699268851.9720514 0.0 0
1699268852.0220363 None 0
1699268852.0723166 0.0 0
1699268852.122447 0.0 0
1699268852.1730232 0.0 0
1699268852.2230215 0.0 0
1699268852.27303 None 0
1699268852.3232267 0.0 0
1699268852.3744373 0.0 0
1699268852.4245663 0.0 0
1699268852.4751775 None 0
1699268852.5248158 0.0 0
1699268852.5752642 None 0
1699268852.6252007 0.0 0
1699268852.6756704 0.0 0
1699268852.7260156 None 0
1699268852.7774196 0.0 0
1699268852.8270261 0.0 0
1699268852.8768122 0.0 0
1699268852.9271963 0.0 0
1699268852.9768085 None 0
1699268853.027397 0.0 0
1699268853.0775588 0.0 0
1699268853.2451603 0.0 0
1699268853.2947297 0.0 0
1699268853.4200528 0.0 0
1699268853.4524508 0.0 0
1699268853.484155 0.0 0
1699268853.6087275 0.0 0
1699268853.6576996 0.0 0
1699268853.7078717 0.17743428253578852 0
1699268853.882491 0.16773723144997266 0
1699268854.0512376 0.16773723144997266 0
1699268854.1003754 0.09533571048294223 0
1699268854.2556217 0.09533571048294223 0
1699268854.3052793 0.09533571048294223 0
1699268854.3552227 0.01703647156691096 0
1699268854.5053432 0.01703647156691096 0
1699268854.5357163 0.01703647156691096 0
1699268854.5521238 -0.0006040645335180983 0
1699268854.710278 -0.0006040645335180983 0
1699268854.760697 -0.0006040645335180983 0
1699268854.8104842 -0.003258048361126199 0
1699268854.9650373 -0.003258048361126199 0
1699268855.0147846 -0.003258048361126199 0
1699268855.0651443 -0.0036006294880267533 0
1699268855.2175286 -0.0036006294880267533 0
1699268855.2669182 -0.0036006294880267533 0
1699268855.3171191 -0.0031757731126394366 0
1699268855.4725204 -0.0031757731126394366 0
1699268855.5219193 -0.0031757731126394366 0
1699268855.5721433 -0.0031757731126394366 0
1699268855.622849 -0.0023274945678681985 0
1699268855.7743957 -0.0023274945678681985 0
1699268855.823884 -0.0023274945678681985 0
1699268855.873759 -0.0023274945678681985 0
1699268855.9241266 -0.0032827570837422977 0
1699268856.0892324 -0.0032827570837422977 0
1699268856.1389155 -0.0032827570837422977 0
1699268856.1894841 -0.0032827570837422977 0
1699268856.2395566 -0.004949900026735968 0
1699268856.3935142 -0.004949900026735968 0
1699268856.4432402 -0.004949900026735968 0
1699268856.4928787 -0.00581621243068506 0
1699268856.6457565 -0.00581621243068506 0
1699268856.6958437 -0.00581621243068506 0
1699268856.745602 -0.00581621243068506 0
1699268856.7965312 -0.006546822156698968 0
1699268856.9563289 -0.0069077960544609894 0
1699268857.1063235 -0.0069077960544609894 0
1699268857.1382978 -0.007126656740567647 0
1699268857.2901833 -0.007126656740567647 0
1699268857.340176 -0.007126656740567647 0
1699268857.39005 -0.008557938522858305 0
1699268857.547275 -0.008557938522858305 0
1699268857.5968497 -0.008557938522858305 0
1699268857.64679 -0.008557938522858305 0
1699268857.6971025 -0.009656951489645368 0
1699268857.8519328 -0.010377476581940309 0
1699268858.004114 -0.010377476581940309 0
1699268858.0538015 -0.011047102494701049 0
1699268858.2163036 -0.011047102494701049 0
1699268858.2651794 -0.011047102494701049 0
1699268858.3155239 -0.011608703718881145 0
1699268858.538409 -0.011608703718881145 0
1699268858.5886238 -0.011608703718881145 0
1699268858.6388538 -0.011608703718881145 0
1699268858.6888926 -0.01199233972241229 0
1699268858.8512855 -0.012223103357269246 0
1699268859.0123122 -0.012223103357269246 0
1699268859.0617223 -0.013262384879210982 0
1699268859.2207842 -0.013262384879210982 0
1699268859.2703693 -0.013262384879210982 0
1699268859.3205435 -0.01417609154158504 0
1699268859.4767048 -0.01417609154158504 0
1699268859.5262964 -0.01417609154158504 0
1699268859.576221 -0.014945732217600927 0
1699268859.7358835 -0.014945732217600927 0
1699268859.785807 -0.014945732217600927 0
1699268859.8361113 -0.014945732217600927 0
1699268859.886381 -0.015608276812973053 0
1699268860.0403767 -0.016096364654500546 0
1699268860.1938422 -0.016096364654500546 0
1699268860.2429585 -0.016516854750596617 0
1699268860.3988855 -0.016516854750596617 0
1699268860.4486883 -0.016516854750596617 0
1699268860.499044 -0.016516854750596617 0
1699268860.5488298 -0.018263381023690198 0
1699268860.70962 -0.018263381023690198 0
1699268860.7594714 -0.018263381023690198 0
1699268860.8096876 -0.018263381023690198 0
1699268860.860267 -0.018946818022492578 0
1699268861.0158906 -0.01952958075987506 0
1699268861.170645 -0.01952958075987506 0
1699268861.2207797 -0.020103901940080347 0
1699268861.37847 -0.020103901940080347 0
1699268861.427996 -0.020103901940080347 0
1699268861.4780293 -0.020103901940080347 0
1699268861.5286143 -0.020939206186881987 0
1699268861.6808767 -0.020939206186881987 0
1699268861.730004 -0.020939206186881987 0
1699268861.7799573 -0.020939206186881987 0
1699268861.8302312 -0.02133076928567378 0
1699268861.9873168 -0.021623429672827835 0
1699268862.161235 -0.021623429672827835 0
1699268862.2100635 -0.02234804637813077 0
1699268862.3657737 -0.02234804637813077 0
1699268862.415245 -0.02234804637813077 0
1699268862.4651058 -0.0230023207372811 0
1699268862.6229644 -0.0230023207372811 0
1699268862.6731899 -0.0230023207372811 0
1699268862.7237387 -0.0230023207372811 0
1699268862.7734249 -0.023567710956550244 0
1699268862.9315329 -0.023567710956550244 0
1699268862.9809213 -0.023567710956550244 0
1699268863.0307658 -0.023567710956550244 0
1699268863.0808077 -0.024469505003409473 0
1699268863.2319908 -0.024469505003409473 0
1699268863.2666452 -0.024469505003409473 0
1699268863.2828407 -0.024469505003409473 0
1699268863.3178074 -0.02512810186693437 0
1699268863.478254 -0.02512810186693437 0
1699268863.5286658 -0.02512810186693437 0
1699268863.5784068 -0.02512810186693437 0
1699268863.6289475 -0.02570249968433667 0
1699268863.783546 -0.026201452244674232 0
1699268863.9360325 -0.026201452244674232 0
1699268863.9851222 -0.026672583159866366 0
1699268864.1381993 -0.026672583159866366 0
1699268864.1878157 -0.026672583159866366 0
1699268864.2378752 -0.027105799769930064 0
1699268864.3960598 -0.027105799769930064 0
1699268864.445482 -0.027105799769930064 0
1699268864.4954576 -0.027105799769930064 0
1699268864.5462086 -0.02790981846302391 0
1699268864.7079494 -0.02790981846302391 0
1699268864.7570913 -0.02790981846302391 0
1699268864.8070579 -0.028158857868724897 0
1699268864.978186 -0.028158857868724897 0
1699268865.025866 -0.028158857868724897 0
1699268865.076573 -0.028373928695883826 0
1699268865.2475986 -0.028373928695883826 0
1699268865.2977073 -0.028373928695883826 0
1699268865.3477564 -0.028373928695883826 0
1699268865.397778 -0.028770187438111133 0
1699268865.5548582 -0.029145928628846973 0
1699268865.7149782 -0.029145928628846973 0
1699268865.7652555 -0.02950160808294279 0
