1697090742.8431756 2 0.2
1697090743.0973804 2.0 0.2
1697090743.229481 2.0 0.2
1697090743.2589285 2.0 0.2
1697090743.2891908 2.0 0.2
1697090743.3054645 2.0 0.2
1697090743.3478522 2.0 0.2
1697090743.3983197 2.0 0.2
1697090743.4482756 2.0 0.2
1697090743.4987648 2.0 0.2
1697090743.5485644 2.0 0.2
1697090743.5997097 2.0 0.2
1697090743.6495664 2.0 0.2
1697090743.6995175 2.0 0.2
1697090743.7500622 2.0 0.2
1697090743.8001547 2.0 0.2
1697090743.8501368 2.0 0.2
1697090743.8999338 2.0 0.2
1697090743.9505095 2.0 0.2
1697090744.00041 2.0 0.2
1697090744.051035 2.0 0.2
1697090744.1012692 2.0 0.2
1697090744.152037 2.0 0.2
1697090744.2019234 2.0 0.2
1697090744.251923 2.0 0.2
1697090744.3020675 2.0 0.2
1697090744.3520577 2.0 0.2
1697090744.4022405 2.0 0.2
1697090744.4523928 2.0 0.2
1697090744.5023975 2.0 0.2
1697090744.553127 2.0 0.2
1697090744.6031473 2.0 0.2
1697090744.6529303 2.0 0.2
1697090744.703234 2.0 0.2
1697090744.7539327 2.0 0.2
1697090744.8037205 2.0 0.2
1697090744.8539827 2.0 0.2
1697090744.9040465 2.0 0.2
1697090744.9557147 2.0 0.2
1697090745.004413 2.0 0.2
1697090745.0557559 2.0 0.2
1697090745.1053274 2.0 0.2
1697090745.1554406 2.0 0.2
1697090745.205494 2.0 0.2
1697090745.2562604 2.0 0.2
1697090745.3069346 2.0 0.2
1697090745.3565934 2.0 0.2
1697090745.4067569 2.0 0.2
1697090745.4568002 2.0 0.2
1697090745.507021 2.0 0.2
1697090745.5570421 2.0 0.2
1697090745.607903 2.0 0.2
1697090745.658124 2.0 0.2
1697090745.7084312 2.0 0.2
1697090745.7596934 2.0 0.2
1697090745.8267245 2.0 0.2
1697090745.8855803 2.0 0.2
1697090745.9263892 2.0 0.2
1697090745.9632735 2.0 0.2
1697090746.012574 2.0 0.2
1697090746.0627546 2.0 0.2
1697090746.1125755 2.0 0.2
1697090746.1632736 2.0 0.2
1697090746.2315936 2.0 0.2
1697090746.2711885 2.0 0.2
1697090746.3173618 2.0 0.2
1697090746.366901 2.0 0.2
1697090746.4180233 2.0 0.2
1697090746.4663951 2.0 0.2
1697090746.516434 2.0 0.2
1697090746.5665925 2.0 0.2
1697090746.6169565 2.0 0.2
1697090746.6671467 2.0 0.2
1697090746.717021 2.0 0.2
1697090746.7672188 2.0 0.2
1697090746.817326 2.0 0.2
1697090746.8676121 2.0 0.2
1697090746.9188445 2.0 0.2
1697090746.9796643 2.0 0.2
1697090747.0214133 2.0 0.2
1697090747.0710416 2.0 0.2
1697090747.1205957 2.0 0.2
1697090747.1707835 2.0 0.2
1697090747.2213268 2.0 0.2
1697090747.2705762 2.0 0.2
1697090747.3207238 2.0 0.2
1697090747.3710067 2.0 0.2
1697090747.4211512 2.0 0.2
1697090747.4711328 2.0 0.2
1697090747.5210907 2.0 0.2
1697090747.5713394 2.0 0.2
1697090747.6226296 2.0 0.2
1697090747.6717815 2.0 0.2
1697090747.7216713 2.0 0.2
1697090747.7720876 2.0 0.2
1697090747.8222635 2.0 0.2
1697090747.8727248 2.0 0.2
1697090747.92442 2.0 0.2
1697090747.9732842 2.0 0.2
1697090748.0233157 2.0 0.2
1697090748.0730488 2.0 0.2
1697090748.1236124 2.0 0.2
1697090748.1734712 2.0 0.2
1697090748.2237003 2.0 0.2
1697090748.274093 2.0 0.2
1697090748.324028 2.0 0.2
1697090748.3742943 2.0 0.2
1697090748.4243321 2.0 0.2
1697090748.47488 2.0 0.2
1697090748.524749 2.0 0.2
1697090748.5750206 2.0 0.2
1697090748.6250746 2.0 0.2
1697090748.6751864 2.0 0.2
1697090748.72576 2.0 0.2
1697090748.7754526 2.0 0.2
1697090748.825658 2.0 0.2
1697090748.8759358 2.0 0.2
1697090748.926056 2.0 0.2
1697090748.975972 2.0 0.2
1697090749.025901 2.0 0.2
1697090749.0763168 2.0 0.2
1697090749.126711 2.0 0.2
1697090749.1765373 2.0 0.2
1697090749.227568 2.0 0.2
1697090749.2778132 2.0 0.2
1697090749.327716 2.0 0.2
1697090749.3779259 2.0 0.2
1697090749.4288223 2.0 0.2
1697090749.47972 2.0 0.2
1697090749.5281553 2.0 0.2
1697090749.5782452 2.0 0.2
1697090749.6286814 2.0 0.2
1697090749.6788938 2.0 0.2
1697090749.728993 2.0 0.2
1697090749.7791066 2.0 0.2
1697090749.829958 2.0 0.2
1697090749.8795016 2.0 0.2
1697090749.9328215 2.0 0.2
1697090749.980255 2.0 0.2
1697090750.0314171 2.0 0.2
1697090750.0825527 2.0 0.2
1697090750.1329079 2.0 0.2
1697090750.1831982 2.0 0.2
1697090750.2332442 2.0 0.2
1697090750.2830818 2.0 0.2
1697090750.333116 2.0 0.2
1697090750.383557 2.0 0.2
1697090750.434032 2.0 0.2
1697090750.4842045 2.0 0.2
1697090750.5341873 2.0 0.2
1697090750.5853834 2.0 0.2
1697090750.6349018 2.0 0.2
1697090750.6850858 2.0 0.2
1697090750.7354515 2.0 0.2
1697090750.7852948 2.0 0.2
1697090750.8356946 2.0 0.2
1697090750.8869727 2.0 0.2
1697090750.9398756 2.0 0.2
1697090750.9878197 2.0 0.2
1697090751.0375726 2.0 0.2
1697090751.0878596 2.0 0.2
1697090751.137316 2.0 0.2
1697090751.188158 2.0 0.2
1697090751.240819 2.0 0.2
1697090751.2915838 2.0 0.2
1697090751.3484328 2.0 0.2
1697090751.3911183 2.0 0.2
1697090751.4430554 2.0 0.2
1697090751.500244 2.0 0.2
1697090751.5481231 2.0 0.2
1697090751.596575 2.0 0.2
1697090751.6472065 2.0 0.2
1697090751.6963067 2.0 0.2
1697090751.746635 2.0 0.2
1697090751.7965455 2.0 0.2
1697090751.84626 2.0 0.2
1697090751.8973541 2.0 0.2
1697090751.9483218 2.0 0.2
1697090752.0011754 2.0 0.2
1697090752.0487332 2.0 0.2
1697090752.0994434 2.0 0.2
1697090752.160672 2.0 0.2
1697090752.2025595 2.0 0.2
1697090752.2529962 2.0 0.2
1697090752.3050566 2.0 0.2
1697090752.3546119 2.0 0.2
1697090752.4044008 2.0 0.2
1697090752.4541907 2.0 0.2
1697090752.5039783 2.0 0.2
1697090752.5536816 2.0 0.2
1697090752.6043956 2.0 0.2
1697090752.653999 2.0 0.2
1697090752.7047968 2.0 0.2
1697090752.7546651 2.0 0.2
1697090752.804879 2.0 0.2
1697090752.8555672 2.0 0.2
1697090752.90924 2.0 0.2
1697090752.9562507 2.0 0.2
1697090753.006001 2.0 0.2
1697090753.056106 2.0 0.2
1697090753.1065342 2.0 0.2
1697090753.1582053 2.0 0.2
1697090753.2077127 2.0 0.2
1697090753.2570133 2.0 0.2
1697090753.30737 2.0 0.2
1697090753.356945 2.0 0.2
1697090753.4073853 2.0 0.2
1697090753.4571216 2.0 0.2
1697090753.5076063 2.0 0.2
1697090753.558553 2.0 0.2
1697090753.6111774 2.0 0.2
1697090753.660464 2.0 0.2
1697090753.7106209 2.0 0.2
1697090753.7602177 2.0 0.2
1697090753.8103015 2.0 0.2
1697090753.8604636 2.0 0.2
1697090753.9105008 2.0 0.2
1697090753.961066 2.0 0.2
1697090754.0113182 2.0 0.2
1697090754.061921 2.0 0.2
1697090754.1207085 2.0 0.2
1697090754.161839 2.0 0.2
1697090754.211985 2.0 0.2
1697090754.262967 2.0 0.2
1697090754.311927 2.0 0.2
1697090754.3620846 2.0 0.2
1697090754.4124215 2.0 0.2
1697090754.4626808 2.0 0.2
1697090754.5126908 2.0 0.2
1697090754.5628922 2.0 0.2
1697090754.612992 2.0 0.2
1697090754.6633592 2.0 0.2
1697090754.713504 2.0 0.2
1697090754.7637467 2.0 0.2
1697090754.8139682 2.0 0.2
1697090754.864185 2.0 0.2
1697090754.9148564 2.0 0.2
1697090754.9639635 2.0 0.2
1697090755.0141342 2.0 0.2
1697090755.0647433 2.0 0.2
1697090755.116139 2.0 0.2
1697090755.165236 2.0 0.2
1697090755.2153134 2.0 0.2
1697090755.2653217 2.0 0.2
1697090755.315715 2.0 0.2
1697090755.3663056 2.0 0.2
1697090755.4158454 2.0 0.2
1697090755.4663265 2.0 0.2
1697090755.5165162 2.0 0.2
1697090755.5668375 2.0 0.2
1697090755.616785 2.0 0.2
1697090755.6668465 2.0 0.2
1697090755.716886 2.0 0.2
1697090755.7673602 2.0 0.2
1697090755.8170686 2.0 0.2
1697090755.8672843 2.0 0.2
1697090755.9172227 2.0 0.2
1697090755.967756 2.0 0.2
1697090756.0176935 2.0 0.2
1697090756.0683746 2.0 0.2
1697090756.1182818 2.0 0.2
1697090756.1680017 2.0 0.2
1697090756.2182384 2.0 0.2
1697090756.2683494 2.0 0.2
1697090756.3186495 2.0 0.2
1697090756.3688862 2.0 0.2
1697090756.4191883 2.0 0.2
1697090756.4691129 2.0 0.2
1697090756.519072 2.0 0.2
1697090756.569325 2.0 0.2
1697090756.6197696 2.0 0.2
1697090756.6698658 2.0 0.2
1697090756.7200446 2.0 0.2
1697090756.770292 2.0 0.2
1697090756.8203135 2.0 0.2
1697090756.8704383 2.0 0.2
1697090756.9206004 2.0 0.2
1697090756.9710622 2.0 0.2
1697090757.0212457 2.0 0.2
1697090757.0711422 2.0 0.2
1697090757.1213155 2.0 0.2
1697090757.171337 2.0 0.2
1697090757.221493 2.0 0.2
1697090757.2713282 2.0 0.2
1697090757.3213778 2.0 0.2
1697090757.3718655 2.0 0.2
1697090757.4220376 2.0 0.2
1697090757.472204 2.0 0.2
1697090757.5222235 2.0 0.2
1697090757.5728521 2.0 0.2
1697090757.6228795 2.0 0.2
1697090757.6730964 2.0 0.2
1697090757.7235746 2.0 0.2
1697090757.773461 2.0 0.2
1697090757.8237982 2.0 0.2
1697090757.873843 2.0 0.2
1697090757.9241517 2.0 0.2
1697090757.9738312 2.0 0.2
1697090758.023922 2.0 0.2
1697090758.0740898 2.0 0.2
1697090758.124131 2.0 0.2
1697090758.1750355 2.0 0.2
1697090758.2248905 2.0 0.2
1697090758.274924 2.0 0.2
1697090758.324897 2.0 0.2
1697090758.3750768 2.0 0.2
1697090758.425418 2.0 0.2
1697090758.4758275 2.0 0.2
1697090758.5259771 2.0 0.2
1697090758.575979 2.0 0.2
1697090758.6260037 2.0 0.2
1697090758.6762342 2.0 0.2
1697090758.7259824 2.0 0.2
1697090758.7761283 2.0 0.2
1697090758.826358 2.0 0.2
1697090758.8777218 2.0 0.2
1697090758.9279063 2.0 0.2
1697090758.9779902 2.0 0.2
1697090759.028307 2.0 0.2
1697090759.0783327 2.0 0.2
1697090759.1283524 2.0 0.2
1697090759.1786883 2.0 0.2
1697090759.2286904 2.0 0.2
1697090759.2790732 2.0 0.2
1697090759.3300273 2.0 0.2
1697090759.380014 2.0 0.2
1697090759.4296236 2.0 0.2
1697090759.4795816 2.0 0.2
1697090759.5296793 2.0 0.2
1697090759.5798154 2.0 0.2
1697090759.6302366 2.0 0.2
1697090759.6801615 2.0 0.2
1697090759.7301888 2.0 0.2
1697090759.780382 2.0 0.2
1697090759.8304713 2.0 0.2
1697090759.880699 2.0 0.2
1697090759.9310951 2.0 0.2
1697090759.9814613 2.0 0.2
1697090760.0317557 2.0 0.2
1697090760.0819564 2.0 0.2
1697090760.1319275 2.0 0.2
1697090760.1817348 2.0 0.2
1697090760.2320578 2.0 0.2
1697090760.2819746 2.0 0.2
1697090760.3323529 2.0 0.2
1697090760.3828144 2.0 0.2
1697090760.4328215 2.0 0.2
1697090760.482759 2.0 0.2
1697090760.5329583 2.0 0.2
1697090760.583143 2.0 0.2
1697090760.6338944 2.0 0.2
1697090760.6843967 2.0 0.2
1697090760.7348156 2.0 0.2
1697090760.7840366 2.0 0.2
1697090760.834291 2.0 0.2
1697090760.8843434 2.0 0.2
1697090760.934216 2.0 0.2
1697090760.9843366 2.0 0.2
1697090761.0350702 2.0 0.2
1697090761.0850322 2.0 0.2
1697090761.1351218 2.0 0.2
1697090761.1854732 2.0 0.2
1697090761.2355752 2.0 0.2
1697090761.2859275 2.0 0.2
1697090761.3360922 2.0 0.2
1697090761.3867044 2.0 0.2
1697090761.436561 2.0 0.2
1697090761.4870994 2.0 0.2
1697090761.537129 2.0 0.2
1697090761.5874503 2.0 0.2
1697090761.6378388 2.0 0.2
1697090761.6878812 2.0 0.2
1697090761.738081 2.0 0.2
1697090761.7882955 2.0 0.2
1697090761.840062 2.0 0.2
1697090761.8900325 2.0 0.2
1697090761.9390795 2.0 0.2
1697090761.9892092 2.0 0.2
1697090762.0395646 2.0 0.2
1697090762.0898263 2.0 0.2
1697090762.1399524 2.0 0.2
1697090762.190235 2.0 0.2
1697090762.240156 2.0 0.2
1697090762.2919278 2.0 0.2
1697090762.3416388 2.0 0.2
1697090762.3915057 2.0 0.2
1697090762.4415238 2.0 0.2
1697090762.4920776 2.0 0.2
1697090762.5421479 2.0 0.2
1697090762.5921118 2.0 0.2
1697090762.6423008 2.0 0.2
1697090762.6922398 2.0 0.2
1697090762.7426205 2.0 0.2
1697090762.7932336 2.0 0.2
1697090762.8436623 2.0 0.2
1697090762.8937185 2.0 0.2
1697090762.9443688 2.0 0.2
1697090762.9957662 2.0 0.2
1697090763.0440037 2.0 0.2
1697090763.0939858 2.0 0.2
1697090763.143995 2.0 0.2
1697090763.1941345 2.0 0.2
1697090763.2445314 2.0 0.2
1697090763.2950456 2.0 0.2
1697090763.3449836 2.0 0.2
1697090763.3957155 2.0 0.2
1697090763.4459202 2.0 0.2
1697090763.4960585 2.0 0.2
1697090763.5460968 2.0 0.2
1697090763.596511 2.0 0.2
1697090763.6469562 2.0 0.2
1697090763.6968582 2.0 0.2
1697090763.747096 2.0 0.2
1697090763.7974207 2.0 0.2
1697090763.847458 2.0 0.2
1697090763.8974276 2.0 0.2
1697090763.948298 2.0 0.2
1697090763.9978466 2.0 0.2
1697090764.0480635 2.0 0.2
1697090764.0980184 2.0 0.2
1697090764.1482973 2.0 0.2
1697090764.1985579 2.0 0.2
1697090764.248445 2.0 0.2
1697090764.2987912 2.0 0.2
1697090764.3488533 2.0 0.2
1697090764.3990834 2.0 0.2
1697090764.4489455 2.0 0.2
1697090764.5005708 2.0 0.2
1697090764.550939 2.0 0.2
1697090764.6016023 2.0 0.2
1697090764.6518288 2.0 0.2
1697090764.701388 2.0 0.2
1697090764.7514799 2.0 0.2
1697090764.8015757 2.0 0.2
1697090764.851564 2.0 0.2
1697090764.902143 2.0 0.2
1697090764.9520333 2.0 0.2
1697090765.0019865 2.0 0.2
1697090765.0520873 2.0 0.2
1697090765.1025462 2.0 0.2
1697090765.1526515 2.0 0.2
1697090765.2027533 2.0 0.2
1697090765.2528343 2.0 0.2
1697090765.3030486 2.0 0.2
1697090765.3531883 2.0 0.2
1697090765.403405 2.0 0.2
1697090765.4535773 2.0 0.2
1697090765.5037234 2.0 0.2
1697090765.5540261 2.0 0.2
1697090765.6043596 2.0 0.2
1697090765.6545103 2.0 0.2
1697090765.7045574 2.0 0.2
1697090765.7549462 2.0 0.2
1697090765.8048499 2.0 0.2
1697090765.8550644 2.0 0.2
1697090765.9052017 2.0 0.2
1697090765.9554193 2.0 0.2
1697090766.0057101 2.0 0.2
1697090766.055603 2.0 0.2
1697090766.1058476 2.0 0.2
1697090766.1559522 2.0 0.2
1697090766.2059321 2.0 0.2
1697090766.2561681 2.0 0.2
1697090766.3062162 2.0 0.2
1697090766.3569975 2.0 0.2
1697090766.4069364 2.0 0.2
1697090766.4574535 2.0 0.2
1697090766.508215 2.0 0.2
1697090766.558042 2.0 0.2
1697090766.6084273 2.0 0.2
1697090766.6584878 2.0 0.2
1697090766.7089148 2.0 0.2
1697090766.7589612 2.0 0.2
1697090766.810196 2.0 0.2
1697090766.8594913 2.0 0.2
1697090766.9092393 2.0 0.2
1697090766.959637 2.0 0.2
1697090767.0102327 2.0 0.2
1697090767.0596864 2.0 0.2
1697090767.1101534 2.0 0.2
1697090767.1599433 2.0 0.2
1697090767.2102826 2.0 0.2
1697090767.2608352 2.0 0.2
1697090767.3107018 2.0 0.2
1697090767.3606794 2.0 0.2
1697090767.4121008 2.0 0.2
1697090767.462228 2.0 0.2
1697090767.5124147 2.0 0.2
1697090767.5630703 2.0 0.2
1697090767.6130648 2.0 0.2
1697090767.6631145 2.0 0.2
1697090767.7131772 2.0 0.2
1697090767.768953 2.0 0.2
1697090767.813978 2.0 0.2
1697090767.8639274 2.0 0.2
1697090767.9138951 2.0 0.2
1697090767.9642453 2.0 0.2
1697090768.0141907 2.0 0.2
1697090768.0644538 2.0 0.2
1697090768.1143281 2.0 0.2
1697090768.1648693 2.0 0.2
1697090768.214926 2.0 0.2
1697090768.264821 2.0 0.2
1697090768.3155107 2.0 0.2
1697090768.3650525 2.0 0.2
1697090768.4157465 2.0 0.2
1697090768.4658723 2.0 0.2
1697090768.5161576 2.0 0.2
1697090768.5657876 2.0 0.2
1697090768.615846 2.0 0.2
1697090768.6662858 2.0 0.2
1697090768.716238 2.0 0.2
1697090768.7664292 2.0 0.2
1697090768.8167822 2.0 0.2
1697090768.8670096 2.0 0.2
1697090768.9169428 2.0 0.2
1697090768.9672534 2.0 0.2
1697090769.0171955 2.0 0.2
1697090769.067086 2.0 0.2
1697090769.1172442 2.0 0.2
1697090769.1676564 2.0 0.2
1697090769.217834 2.0 0.2
1697090769.2680378 2.0 0.2
1697090769.3181424 2.0 0.2
1697090769.3683963 2.0 0.2
1697090769.4196563 2.0 0.2
1697090769.4716609 2.0 0.2
1697090769.5284636 2.0 0.2
1697090769.5848339 2.0 0.2
1697090769.628204 2.0 0.2
1697090769.6808453 2.0 0.2
1697090769.739573 2.0 0.2
1697090769.804434 2.0 0.2
1697090769.8444405 2.0 0.2
1697090769.8898435 2.0 0.2
1697090769.9419193 2.0 0.2
1697090769.9827118 2.0 0.2
1697090770.0353189 2.0 0.2
1697090770.089557 2.0 0.2
1697090770.143768 2.0 0.2
1697090770.1940954 2.0 0.2
1697090770.2449534 2.0 0.2
1697090770.2949734 2.0 0.2
1697090770.344428 2.0 0.2
1697090770.3944616 2.0 0.2
1697090770.444804 2.0 0.2
1697090770.494841 2.0 0.2
1697090770.5449615 2.0 0.2
1697090770.595055 2.0 0.2
1697090770.6463637 2.0 0.2
1697090770.6983197 2.0 0.2
1697090770.7514849 2.0 0.2
1697090770.797325 2.0 0.2
1697090770.8590891 2.0 0.2
1697090770.9152405 2.0 0.2
1697090770.96549 2.0 0.2
1697090771.008054 2.0 0.2
1697090771.0548048 2.0 0.2
1697090771.1042945 2.0 0.2
1697090771.1543915 2.0 0.2
1697090771.2045271 2.0 0.2
1697090771.254091 2.0 0.2
1697090771.3039165 2.0 0.2
1697090771.3539848 2.0 0.2
1697090771.4042516 2.0 0.2
1697090771.4545295 2.0 0.2
1697090771.5049918 2.0 0.2
1697090771.5549648 2.0 0.2
1697090771.604856 2.0 0.2
1697090771.6583273 2.0 0.2
1697090771.7181377 2.0 0.2
1697090771.7580876 2.0 0.2
1697090771.8080282 2.0 0.2
1697090771.8584611 2.0 0.2
1697090771.9083066 2.0 0.2
1697090771.958294 2.0 0.2
1697090772.008361 2.0 0.2
1697090772.0596583 2.0 0.2
1697090772.1093714 2.0 0.2
1697090772.1589985 2.0 0.2
1697090772.2096438 2.0 0.2
1697090772.259436 2.0 0.2
1697090772.3095367 2.0 0.2
1697090772.3595765 2.0 0.2
1697090772.4096053 2.0 0.2
1697090772.4600108 2.0 0.2
1697090772.509975 2.0 0.2
1697090772.5601914 2.0 0.2
1697090772.617332 2.0 0.2
1697090772.664502 2.0 0.2
1697090772.7119582 2.0 0.2
1697090772.762977 2.0 0.2
1697090772.8145654 2.0 0.2
1697090772.8633583 2.0 0.2
1697090772.9130156 2.0 0.2
1697090772.9633255 2.0 0.2
1697090773.0144162 2.0 0.2
1697090773.066506 2.0 0.2
1697090773.116916 2.0 0.2
1697090773.1671307 2.0 0.2
1697090773.2169666 2.0 0.2
1697090773.269908 2.0 0.2
1697090773.3616087 2.0 0.2
1697090773.4160056 2.0 0.2
1697090773.4602916 2.0 0.2
1697090773.4928243 2.0 0.2
1697090773.5229578 2.0 0.2
1697090773.5719004 2.0 0.2
1697090773.6215024 2.0 0.2
1697090773.6714284 2.0 0.2
1697090773.7214546 2.0 0.2
1697090773.774501 2.0 0.2
1697090773.8238184 2.0 0.2
1697090773.8742542 2.0 0.2
1697090773.927238 2.0 0.2
1697090774.0076172 2.0 0.2
1697090774.0817611 2.0 0.2
1697090774.136982 2.0 0.2
1697090774.2009249 2.0 0.2
1697090774.2878466 2.0 0.2
1697090774.3614087 2.0 0.2
1697090774.4249907 2.0 0.2
1697090774.4719317 2.0 0.2
1697090774.5150485 2.0 0.2
1697090774.5783544 2.0 0.2
1697090774.6442297 2.0 0.2
1697090774.6913943 2.0 0.2
1697090774.7335012 2.0 0.2
1697090774.8034663 2.0 0.2
1697090774.8511736 2.0 0.2
1697090774.8936412 2.0 0.2
1697090774.937376 2.0 0.2
1697090774.9843972 2.0 0.2
1697090775.030801 2.0 0.2
1697090775.1037781 2.0 0.2
1697090775.1576815 2.0 0.2
1697090775.216714 2.0 0.2
1697090775.2818992 2.0 0.2
1697090775.3298388 2.0 0.2
1697090775.3753808 2.0 0.2
1697090775.4173312 2.0 0.2
1697090775.4589345 2.0 0.2
1697090775.5017023 2.0 0.2
1697090775.5568705 2.0 0.2
1697090775.6058204 2.0 0.2
1697090775.656747 2.0 0.2
1697090775.7093103 2.0 0.2
1697090775.752227 2.0 0.2
1697090775.7999392 2.0 0.2
1697090775.8555632 2.0 0.2
1697090775.900416 2.0 0.2
1697090775.9355373 2.0 0.2
1697090775.9815881 2.0 0.2
1697090776.0499845 2.0 0.2
1697090776.1243122 2.0 0.2
1697090776.1628888 2.0 0.2
1697090776.2025397 2.0 0.2
1697090776.239762 2.0 0.2
1697090776.2664604 2.0 0.2
1697090776.2978206 2.0 0.2
1697090776.3482795 2.0 0.2
1697090776.4007733 2.0 0.2
1697090776.4622412 2.0 0.2
1697090776.5119433 2.0 0.2
1697090776.5609925 2.0 0.2
1697090776.6109147 2.0 0.2
1697090776.6604898 2.0 0.2
1697090776.710156 2.0 0.2
1697090776.7604296 2.0 0.2
1697090776.811759 2.0 0.2
1697090776.8607996 2.0 0.2
1697090776.9111233 2.0 0.2
1697090776.9609697 2.0 0.2
1697090777.0111742 2.0 0.2
1697090777.0614355 2.0 0.2
1697090777.1111495 2.0 0.2
1697090777.1613863 2.0 0.2
1697090777.212083 2.0 0.2
1697090777.2621095 2.0 0.2
1697090777.3123827 2.0 0.2
1697090777.362603 2.0 0.2
1697090777.412964 2.0 0.2
1697090777.4632082 2.0 0.2
1697090777.514819 2.0 0.2
1697090777.5644171 2.0 0.2
1697090777.6148643 2.0 0.2
1697090777.664706 2.0 0.2
1697090777.7149818 2.0 0.2
1697090777.765878 2.0 0.2
1697090777.81523 2.0 0.2
1697090777.8654387 2.0 0.2
1697090777.915453 2.0 0.2
1697090777.9655733 2.0 0.2
1697090778.0157547 2.0 0.2
1697090778.0660324 2.0 0.2
1697090778.116104 2.0 0.2
1697090778.1659703 2.0 0.2
1697090778.2170308 2.0 0.2
1697090778.2674966 2.0 0.2
1697090778.3173947 2.0 0.2
1697090778.3679147 2.0 0.2
1697090778.4178693 2.0 0.2
1697090778.4678645 2.0 0.2
1697090778.5180805 2.0 0.2
1697090778.568128 2.0 0.2
1697090778.618332 2.0 0.2
1697090778.6691751 2.0 0.2
1697090778.7194004 2.0 0.2
1697090778.7690532 2.0 0.2
1697090778.8193774 2.0 0.2
1697090778.869064 2.0 0.2
1697090778.9193807 2.0 0.2
1697090778.9755518 2.0 0.2
1697090779.0255184 2.0 0.2
1697090779.0746138 2.0 0.2
1697090779.1240356 2.0 0.2
1697090779.1733022 2.0 0.2
1697090779.2227902 2.0 0.2
1697090779.2729433 2.0 0.2
1697090779.3231914 2.0 0.2
1697090779.3732882 2.0 0.2
1697090779.4234748 2.0 0.2
1697090779.474773 2.0 0.2
1697090779.524729 2.0 0.2
1697090779.5749445 2.0 0.2
1697090779.6249807 2.0 0.2
1697090779.676056 2.0 0.2
1697090779.72604 2.0 0.2
1697090779.7758064 2.0 0.2
1697090779.825836 2.0 0.2
1697090779.8760638 2.0 0.2
1697090779.926104 2.0 0.2
1697090779.9761488 2.0 0.2
1697090780.0268877 2.0 0.2
1697090780.076482 2.0 0.2
1697090780.1269295 2.0 0.2
1697090780.1769898 2.0 0.2
1697090780.2272975 2.0 0.2
1697090780.278628 2.0 0.2
1697090780.327484 2.0 0.2
1697090780.3777826 2.0 0.2
1697090780.428294 2.0 0.2
1697090780.478105 2.0 0.2
1697090780.527998 2.0 0.2
1697090780.578029 2.0 0.2
1697090780.6281807 2.0 0.2
1697090780.6780891 2.0 0.2
1697090780.7285495 2.0 0.2
1697090780.779322 2.0 0.2
1697090780.8288233 2.0 0.2
1697090780.8793294 2.0 0.2
1697090780.9292483 2.0 0.2
1697090780.9797845 2.0 0.2
1697090781.0293431 2.0 0.2
1697090781.0796156 2.0 0.2
1697090781.1302357 2.0 0.2
1697090781.1799033 2.0 0.2
1697090781.2306023 2.0 0.2
1697090781.280163 2.0 0.2
1697090781.3306725 2.0 0.2
1697090781.3805394 2.0 0.2
1697090781.4308314 2.0 0.2
1697090781.481347 2.0 0.2
1697090781.5314896 2.0 0.2
1697090781.5811365 2.0 0.2
1697090781.631495 2.0 0.2
1697090781.6815758 2.0 0.2
1697090781.7318726 2.0 0.2
1697090781.782226 2.0 0.2
1697090781.8322697 2.0 0.2
1697090781.8827298 2.0 0.2
1697090781.9325867 2.0 0.2
1697090781.982736 2.0 0.2
1697090782.0331507 2.0 0.2
1697090782.0832088 2.0 0.2
1697090782.1334457 2.0 0.2
1697090782.1835656 2.0 0.2
1697090782.2337925 2.0 0.2
1697090782.284524 2.0 0.2
1697090782.3344462 2.0 0.2
1697090782.3845065 2.0 0.2
1697090782.43599 2.0 0.2
1697090782.4860892 2.0 0.2
1697090782.5360448 2.0 0.2
1697090782.5866585 2.0 0.2
1697090782.6363177 2.0 0.2
1697090782.6866138 2.0 0.2
1697090782.736748 2.0 0.2
1697090782.7869463 2.0 0.2
1697090782.8372526 2.0 0.2
1697090782.8874576 2.0 0.2
1697090782.937415 2.0 0.2
1697090782.9876103 2.0 0.2
1697090783.0379107 2.0 0.2
1697090783.088112 2.0 0.2
1697090783.1380808 2.0 0.2
1697090783.1883643 2.0 0.2
1697090783.238627 2.0 0.2
1697090783.2887516 2.0 0.2
1697090783.3401163 2.0 0.2
1697090783.389212 2.0 0.2
1697090783.4393675 2.0 0.2
1697090783.4897575 2.0 0.2
1697090783.5399854 2.0 0.2
1697090783.590185 2.0 0.2
1697090783.6402013 2.0 0.2
1697090783.690437 2.0 0.2
1697090783.7405093 2.0 0.2
1697090783.7908616 2.0 0.2
1697090783.8408582 2.0 0.2
1697090783.891141 2.0 0.2
1697090783.941718 2.0 0.2
1697090783.9925678 2.0 0.2
1697090784.0421586 2.0 0.2
1697090784.092374 2.0 0.2
1697090784.142795 2.0 0.2
1697090784.1927395 2.0 0.2
1697090784.242849 2.0 0.2
1697090784.2929938 2.0 0.2
1697090784.343659 2.0 0.2
1697090784.393732 2.0 0.2
1697090784.445544 2.0 0.2
1697090784.4957485 2.0 0.2
1697090784.5455642 2.0 0.2
1697090784.59523 2.0 0.2
1697090784.6454546 2.0 0.2
1697090784.6956232 2.0 0.2
1697090784.7453568 2.0 0.2
1697090784.7959166 2.0 0.2
1697090784.8458865 2.0 0.2
1697090784.8976398 2.0 0.2
1697090784.9465415 2.0 0.2
1697090784.997002 2.0 0.2
1697090785.0469284 2.0 0.2
1697090785.096887 2.0 0.2
1697090785.1475084 2.0 0.2
1697090785.197445 2.0 0.2
1697090785.2477474 2.0 0.2
1697090785.2985137 2.0 0.2
1697090785.3485687 2.0 0.2
1697090785.3985157 2.0 0.2
1697090785.4485 2.0 0.2
1697090785.499216 2.0 0.2
1697090785.5489807 2.0 0.2
1697090785.5995607 2.0 0.2
1697090785.6491332 2.0 0.2
1697090785.6993284 2.0 0.2
1697090785.7497046 2.0 0.2
1697090785.7998805 2.0 0.2
1697090785.8498323 2.0 0.2
1697090785.9001534 2.0 0.2
1697090785.955494 2.0 0.2
1697090786.034098 2.0 0.2
1697090786.073159 2.0 0.2
1697090786.112585 2.0 0.2
1697090786.1577122 2.0 0.2
1697090786.2077813 2.0 0.2
1697090786.25809 2.0 0.2
1697090786.3081508 2.0 0.2
1697090786.3584383 2.0 0.2
1697090786.4085968 2.0 0.2
1697090786.4669595 2.0 0.2
1697090786.5183446 2.0 0.2
1697090786.56247 2.0 0.2
1697090786.6149607 2.0 0.2
1697090786.6621628 2.0 0.2
1697090786.7116454 2.0 0.2
1697090786.7623632 2.0 0.2
1697090786.8119974 2.0 0.2
1697090786.8618882 2.0 0.2
1697090786.912463 2.0 0.2
1697090786.9622514 2.0 0.2
1697090787.0129108 2.0 0.2
1697090787.0631487 2.0 0.2
1697090787.1155264 2.0 0.2
1697090787.1638122 2.0 0.2
1697090787.2135482 2.0 0.2
1697090787.2655337 2.0 0.2
1697090787.3150837 2.0 0.2
1697090787.3646574 2.0 0.2
1697090787.4152255 2.0 0.2
1697090787.465205 2.0 0.2
1697090787.5153437 2.0 0.2
1697090787.5674465 2.0 0.2
1697090787.618348 2.0 0.2
1697090787.669532 2.0 0.2
1697090787.71943 2.0 0.2
1697090787.7692864 2.0 0.2
1697090787.8217933 2.0 0.2
1697090787.8723419 2.0 0.2
1697090787.9230547 2.0 0.2
1697090787.9728303 2.0 0.2
1697090788.0243301 2.0 0.2
1697090788.0742624 2.0 0.2
1697090788.1244063 2.0 0.2
1697090788.1749408 2.0 0.2
1697090788.2249455 2.0 0.2
1697090788.2756255 2.0 0.2
1697090788.3255315 2.0 0.2
1697090788.3763816 2.0 0.2
1697090788.4269774 2.0 0.2
1697090788.4771354 2.0 0.2
1697090788.5277004 2.0 0.2
1697090788.5776198 2.0 0.2
1697090788.6282566 2.0 0.2
1697090788.6790524 2.0 0.2
1697090788.7281942 2.0 0.2
1697090788.7781353 2.0 0.2
1697090788.828278 2.0 0.2
1697090788.8800676 2.0 0.2
1697090788.9299893 2.0 0.2
1697090788.9797885 2.0 0.2
1697090789.0300875 2.0 0.2
1697090789.0798454 2.0 0.2
1697090789.12985 2.0 0.2
1697090789.1801965 2.0 0.2
1697090789.2304044 2.0 0.2
1697090789.2803123 2.0 0.2
1697090789.3307986 2.0 0.2
1697090789.3820283 2.0 0.2
1697090789.4331677 2.0 0.2
1697090789.4848769 2.0 0.2
1697090789.5344725 2.0 0.2
1697090789.583801 2.0 0.2
1697090789.6337714 2.0 0.2
1697090789.6855986 2.0 0.2
1697090789.735841 2.0 0.2
1697090789.784906 2.0 0.2
1697090789.835081 2.0 0.2
1697090789.8844552 2.0 0.2
1697090789.9348748 2.0 0.2
1697090789.9942868 2.0 0.2
1697090790.042196 2.0 0.2
1697090790.08909 2.0 0.2
1697090790.1397347 2.0 0.2
1697090790.18965 2.0 0.2
1697090790.2427 2.0 0.2
1697090790.2900558 2.0 0.2
1697090790.3407493 2.0 0.2
1697090790.390445 2.0 0.2
1697090790.4404345 2.0 0.2
1697090790.4905338 2.0 0.2
1697090790.5407135 2.0 0.2
1697090790.591646 2.0 0.2
1697090790.6430955 2.0 0.2
1697090790.6926477 2.0 0.2
1697090790.7426746 2.0 0.2
1697090790.7929263 2.0 0.2
1697090790.8437252 2.0 0.2
1697090790.8936198 2.0 0.2
1697090790.943719 2.0 0.2
1697090790.9940398 2.0 0.2
1697090791.0446448 2.0 0.2
1697090791.0954425 2.0 0.2
1697090791.1447513 2.0 0.2
1697090791.195837 2.0 0.2
1697090791.245089 2.0 0.2
1697090791.2960272 2.0 0.2
1697090791.3458803 2.0 0.2
1697090791.39575 2.0 0.2
1697090791.446059 2.0 0.2
1697090791.4960124 2.0 0.2
1697090791.5460231 2.0 0.2
1697090791.5961244 2.0 0.2
1697090791.6937792 2.0 0.2
1697090791.7215767 2.0 0.2
1697090791.747152 2.0 0.2
1697090791.7970455 2.0 0.2
1697090791.8482933 2.0 0.2
1697090791.8986783 2.0 0.2
1697090791.9488082 2.0 0.2
1697090791.9991796 2.0 0.2
1697090792.049108 2.0 0.2
1697090792.0992343 2.0 0.2
1697090792.1494613 2.0 0.2
1697090792.1997828 2.0 0.2
1697090792.2498326 2.0 0.2
1697090792.3009934 2.0 0.2
1697090792.3510952 2.0 0.2
1697090792.4020627 2.0 0.2
1697090792.4518964 2.0 0.2
1697090792.501923 2.0 0.2
1697090792.553028 2.0 0.2
1697090792.6041214 2.0 0.2
1697090792.654693 2.0 0.2
1697090792.704781 2.0 0.2
1697090792.7551312 2.0 0.2
1697090792.806949 2.0 0.2
1697090792.8568459 2.0 0.2
1697090792.9069538 2.0 0.2
1697090792.9574325 2.0 0.2
1697090793.0081317 2.0 0.2
1697090793.0584517 2.0 0.2
1697090793.1087182 2.0 0.2
1697090793.1598377 2.0 0.2
1697090793.2097242 2.0 0.2
1697090793.272803 2.0 0.2
1697090793.3149557 2.0 0.2
1697090793.3602285 2.0 0.2
1697090793.4102771 2.0 0.2
1697090793.4603257 2.0 0.2
1697090793.5110464 2.0 0.2
1697090793.560733 2.0 0.2
1697090793.6112251 2.0 0.2
1697090793.661717 2.0 0.2
1697090793.7118566 2.0 0.2
1697090793.7615452 2.0 0.2
1697090793.8118205 2.0 0.2
1697090793.8619666 2.0 0.2
1697090793.9115674 2.0 0.2
1697090793.9628785 2.0 0.2
1697090794.0142322 2.0 0.2
1697090794.0635757 2.0 0.2
1697090794.1143334 2.0 0.2
1697090794.1641018 2.0 0.2
1697090794.2143853 2.0 0.2
1697090794.2638454 2.0 0.2
1697090794.3140433 2.0 0.2
1697090794.3643315 2.0 0.2
1697090794.4145093 2.0 0.2
1697090794.4648445 2.0 0.2
1697090794.5146534 2.0 0.2
1697090794.5656211 2.0 0.2
1697090794.6164856 2.0 0.2
1697090794.6673412 2.0 0.2
1697090794.7166944 2.0 0.2
1697090794.7677248 2.0 0.2
1697090794.8177798 2.0 0.2
1697090794.8681822 2.0 0.2
1697090794.9188666 2.0 0.2
1697090794.9707925 2.0 0.2
1697090795.0202043 2.0 0.2
1697090795.0700092 2.0 0.2
1697090795.1209798 2.0 0.2
1697090795.1703367 2.0 0.2
1697090795.220108 2.0 0.2
1697090795.270168 2.0 0.2
1697090795.320907 2.0 0.2
1697090795.3714619 2.0 0.2
1697090795.4211035 2.0 0.2
1697090795.47172 2.0 0.2
1697090795.521561 2.0 0.2
1697090795.5716586 2.0 0.2
1697090795.621926 2.0 0.2
1697090795.671898 2.0 0.2
1697090795.7220557 2.0 0.2
1697090795.7721531 2.0 0.2
1697090795.8222983 2.0 0.2
1697090795.8723247 2.0 0.2
1697090795.922622 2.0 0.2
1697090795.9800494 2.0 0.2
1697090796.0309553 2.0 0.2
1697090796.081678 2.0 0.2
1697090796.1321564 2.0 0.2
1697090796.181934 2.0 0.2
1697090796.2318473 2.0 0.2
1697090796.283853 2.0 0.2
1697090796.337063 2.0 0.2
1697090796.3859727 2.0 0.2
1697090796.4351497 2.0 0.2
1697090796.4844925 2.0 0.2
1697090796.5343115 2.0 0.2
1697090796.5842288 2.0 0.2
1697090796.6344814 2.0 0.2
1697090796.6845462 2.0 0.2
1697090796.7345839 2.0 0.2
1697090796.784833 2.0 0.2
1697090796.8345816 2.0 0.2
1697090796.8846827 2.0 0.2
1697090796.9350257 2.0 0.2
1697090796.9852352 2.0 0.2
1697090797.0354574 2.0 0.2
1697090797.0856688 2.0 0.2
1697090797.1356354 2.0 0.2
1697090797.1858854 2.0 0.2
1697090797.2372406 2.0 0.2
1697090797.2864544 2.0 0.2
1697090797.3366992 2.0 0.2
1697090797.3872523 2.0 0.2
1697090797.4370883 2.0 0.2
1697090797.4868917 2.0 0.2
1697090797.5376165 2.0 0.2
1697090797.5873387 2.0 0.2
1697090797.637841 2.0 0.2
1697090797.688424 2.0 0.2
1697090797.7397919 2.0 0.2
1697090797.7900696 2.0 0.2
1697090797.840254 2.0 0.2
1697090797.8903356 2.0 0.2
1697090797.939952 2.0 0.2
1697090797.9899752 2.0 0.2
1697090798.0400276 2.0 0.2
1697090798.0899942 2.0 0.2
1697090798.1402197 2.0 0.2
1697090798.1901639 2.0 0.2
1697090798.2402594 2.0 0.2
1697090798.290831 2.0 0.2
1697090798.340681 2.0 0.2
1697090798.3908668 2.0 0.2
1697090798.4409132 2.0 0.2
1697090798.4917698 2.0 0.2
1697090798.542076 2.0 0.2
1697090798.5922441 2.0 0.2
1697090798.6419456 2.0 0.2
1697090798.6921175 2.0 0.2
1697090798.7438667 2.0 0.2
1697090798.7940278 2.0 0.2
1697090798.8445132 2.0 0.2
1697090798.8952198 2.0 0.2
1697090798.9449112 2.0 0.2
1697090798.9970803 2.0 0.2
1697090799.047458 2.0 0.2
1697090799.0968697 2.0 0.2
1697090799.1469967 2.0 0.2
1697090799.1967957 2.0 0.2
1697090799.2512789 2.0 0.2
1697090799.299496 2.0 0.2
1697090799.3482668 2.0 0.2
1697090799.3982863 2.0 0.2
1697090799.4484243 2.0 0.2
1697090799.49875 2.0 0.2
1697090799.548501 2.0 0.2
1697090799.5990736 2.0 0.2
1697090799.6491566 2.0 0.2
1697090799.6991363 2.0 0.2
1697090799.7491062 2.0 0.2
1697090799.799032 2.0 0.2
1697090799.8491354 2.0 0.2
1697090799.9001527 2.0 0.2
1697090799.9511154 2.0 0.2
1697090800.0008826 2.0 0.2
1697090800.0515847 2.0 0.2
1697090800.1012726 2.0 0.2
1697090800.1513212 2.0 0.2
1697090800.2012684 2.0 0.2
1697090800.2514951 2.0 0.2
1697090800.3019795 2.0 0.2
1697090800.352065 2.0 0.2
1697090800.4021602 2.0 0.2
1697090800.4522836 2.0 0.2
1697090800.5024357 2.0 0.2
1697090800.552462 2.0 0.2
1697090800.6035285 2.0 0.2
1697090800.6533127 2.0 0.2
1697090800.703567 2.0 0.2
1697090800.7538862 2.0 0.2
1697090800.8046901 2.0 0.2
1697090800.8548245 2.0 0.2
1697090800.904388 2.0 0.2
1697090800.9545834 2.0 0.2
1697090801.0045393 2.0 0.2
1697090801.054568 2.0 0.2
1697090801.1050289 2.0 0.2
1697090801.1550994 2.0 0.2
1697090801.2058692 2.0 0.2
1697090801.2557342 2.0 0.2
1697090801.3057947 2.0 0.2
1697090801.356099 2.0 0.2
1697090801.4062045 2.0 0.2
1697090801.4573488 2.0 0.2
1697090801.5069335 2.0 0.2
1697090801.5571463 2.0 0.2
1697090801.6081839 2.0 0.2
1697090801.6579556 2.0 0.2
1697090801.7092538 2.0 0.2
1697090801.7593071 2.0 0.2
1697090801.8093102 2.0 0.2
1697090801.8599806 2.0 0.2
1697090801.9098756 2.0 0.2
1697090801.9605486 2.0 0.2
1697090802.0102377 2.0 0.2
1697090802.0602388 2.0 0.2
1697090802.1104383 2.0 0.2
1697090802.1605587 2.0 0.2
1697090802.2106953 2.0 0.2
1697090802.2610168 2.0 0.2
1697090802.3110256 2.0 0.2
1697090802.361249 2.0 0.2
1697090802.411963 2.0 0.2
1697090802.4625719 2.0 0.2
1697090802.5125139 2.0 0.2
1697090802.5624545 2.0 0.2
1697090802.6124554 2.0 0.2
1697090802.662588 2.0 0.2
1697090802.7125561 2.0 0.2
1697090802.7633157 2.0 0.2
1697090802.8131032 2.0 0.2
1697090802.862818 2.0 0.2
1697090802.913233 2.0 0.2
1697090802.9631758 2.0 0.2
1697090803.0137136 2.0 0.2
1697090803.0635726 2.0 0.2
1697090803.113699 2.0 0.2
1697090803.164739 2.0 0.2
1697090803.214851 2.0 0.2
1697090803.2670722 2.0 0.2
1697090803.3162324 2.0 0.2
1697090803.3661346 2.0 0.2
1697090803.4161384 2.0 0.2
1697090803.4666545 2.0 0.2
1697090803.5168068 2.0 0.2
1697090803.5669994 2.0 0.2
1697090803.61712 2.0 0.2
1697090803.6672385 2.0 0.2
1697090803.7172027 2.0 0.2
1697090803.7715929 2.0 0.2
1697090803.8217256 2.0 0.2
1697090803.8715706 2.0 0.2
1697090803.9214985 2.0 0.2
1697090803.9720063 2.0 0.2
1697090804.022492 2.0 0.2
1697090804.0725935 2.0 0.2
1697090804.1235707 2.0 0.2
1697090804.1728318 2.0 0.2
1697090804.2229936 2.0 0.2
1697090804.2737849 2.0 0.2
1697090804.323529 2.0 0.2
1697090804.374743 2.0 0.2
1697090804.4238784 2.0 0.2
1697090804.474356 2.0 0.2
1697090804.5247207 2.0 0.2
1697090804.5747633 2.0 0.2
1697090804.62556 2.0 0.2
1697090804.679459 2.0 0.2
1697090804.7288551 2.0 0.2
1697090804.7797291 2.0 0.2
1697090804.8296602 2.0 0.2
1697090804.8798802 2.0 0.2
1697090804.9298983 2.0 0.2
1697090804.9799476 2.0 0.2
1697090805.030595 2.0 0.2
1697090805.080651 2.0 0.2
1697090805.130868 2.0 0.2
1697090805.1817298 2.0 0.2
1697090805.2311728 2.0 0.2
1697090805.2821915 2.0 0.2
1697090805.3318734 2.0 0.2
1697090805.3826358 2.0 0.2
1697090805.4329536 2.0 0.2
1697090805.483135 2.0 0.2
1697090805.5336323 2.0 0.2
1697090805.5835402 2.0 0.2
1697090805.6335273 2.0 0.2
1697090805.683518 2.0 0.2
1697090805.7336683 2.0 0.2
1697090805.7837029 2.0 0.2
1697090805.8339927 2.0 0.2
1697090805.884076 2.0 0.2
1697090805.9342644 2.0 0.2
1697090805.9840946 2.0 0.2
1697090806.034285 2.0 0.2
1697090806.0848858 2.0 0.2
1697090806.134901 2.0 0.2
1697090806.1851573 2.0 0.2
1697090806.2351787 2.0 0.2
1697090806.285369 2.0 0.2
1697090806.3353086 2.0 0.2
1697090806.3856409 2.0 0.2
1697090806.4356587 2.0 0.2
1697090806.4858172 2.0 0.2
1697090806.5358999 2.0 0.2
1697090806.5861428 2.0 0.2
1697090806.6360974 2.0 0.2
1697090806.686599 2.0 0.2
1697090806.7367618 2.0 0.2
1697090806.7868075 2.0 0.2
1697090806.8369246 2.0 0.2
1697090806.8870308 2.0 0.2
1697090806.9375255 2.0 0.2
1697090806.9877038 2.0 0.2
1697090807.0382955 2.0 0.2
1697090807.0878556 2.0 0.2
1697090807.1381469 2.0 0.2
1697090807.188005 2.0 0.2
1697090807.2383895 2.0 0.2
1697090807.292959 2.0 0.2
1697090807.3428266 2.0 0.2
1697090807.392768 2.0 0.2
1697090807.4427989 2.0 0.2
1697090807.4929178 2.0 0.2
1697090807.542972 2.0 0.2
1697090807.5933304 2.0 0.2
1697090807.6436322 2.0 0.2
1697090807.6937916 2.0 0.2
1697090807.7439022 2.0 0.2
1697090807.794076 2.0 0.2
1697090807.844194 2.0 0.2
1697090807.894047 2.0 0.2
1697090807.94422 2.0 0.2
1697090807.9948635 2.0 0.2
1697090808.045016 2.0 0.2
1697090808.0956273 2.0 0.2
1697090808.1456232 2.0 0.2
1697090808.1957092 2.0 0.2
1697090808.24591 2.0 0.2
1697090808.2958744 2.0 0.2
1697090808.347798 2.0 0.2
1697090808.4009304 2.0 0.2
1697090808.4509933 2.0 0.2
1697090808.5010552 2.0 0.2
1697090808.551024 2.0 0.2
1697090808.6011279 2.0 0.2
1697090808.6514812 2.0 0.2
1697090808.7016122 2.0 0.2
1697090808.7522023 2.0 0.2
1697090808.8016596 2.0 0.2
1697090808.8525655 2.0 0.2
