1699256854.6289027 0.0 0.0
1699256854.915057 0.0 0.0
1699256855.092372 0.0 0.0
1699256855.141705 0.0 0.0
1699256855.1919947 0.0 0.0
1699256855.242169 0.0 0.0
1699256855.293667 0.0 0.0
1699256855.344179 0.0 0.0
1699256855.3941722 0.0 0.0
1699256855.44433 0.0 0.0
1699256855.4942439 0.0 0.0
1699256855.5447512 0.0 0.0
1699256855.5945249 0.0 0.0
1699256855.6448975 0.0 0.0
1699256855.695568 0.0 0.0
1699256855.7455347 0.0 0.0
1699256855.7957397 0.0 0.0
1699256855.8457475 0.0 0.0
1699256855.895596 0.0 0.0
1699256855.945999 0.0 0.0
1699256855.9961336 0.0 0.0
1699256856.0462224 0.0 0.0
1699256856.0965066 0.0 0.0
1699256856.1470473 0.0 0.0
1699256856.1967225 0.0 0.0
1699256856.2469432 0.0 0.0
1699256856.2969153 0.0 0.0
1699256856.3470619 0.0 0.0
1699256856.3970275 0.0 0.0
1699256856.447076 0.0 0.0
1699256856.4974854 0.0 0.0
1699256856.547613 0.0 0.0
1699256856.5977387 None None
1699256856.6480494 0.0 0.0
1699256856.6978598 0.0 0.0
1699256856.74794 0.0 0.0
1699256856.7981322 None None
1699256856.848755 0.0 0.0
1699256856.8989313 0.0 0.0
1699256856.9489458 0.0 0.0
1699256856.9990828 0.0 0.0
1699256857.0493288 None None
1699256857.0994341 0.0 0.0
1699256857.1494918 0.0 0.0
1699256857.199896 0.0 0.0
1699256857.2498672 None None
1699256857.3005006 0.0 0.0
1699256857.351035 0.0 0.0
1699256857.400928 0.0 0.0
1699256857.4507835 0.0 0.0
1699256857.5012007 0.0 0.0
1699256857.5516863 None None
1699256857.6013398 0.0 0.0
1699256857.6517954 0.0 0.0
1699256857.7018864 0.0 0.0
1699256857.7523518 0.0 0.0
1699256857.8021445 None None
1699256857.8524258 0.0 0.0
1699256857.9031322 0.0 0.0
1699256857.952807 0.0 0.0
1699256858.003049 None None
1699256858.0528677 0.0 0.0
1699256858.1029043 0.0 0.0
1699256858.1537664 0.0 0.0
1699256858.203987 None None
1699256858.2541752 0.0 0.0
1699256858.304385 0.0 0.0
1699256858.355135 0.0 0.0
1699256858.4050968 0.0 0.0
1699256858.4550245 None None
1699256858.5049994 0.0 0.0
1699256858.5552378 0.0 0.0
1699256858.6053007 0.0 0.0
1699256858.6559978 0.0 0.0
1699256858.7058258 None None
1699256858.7560909 0.0 0.0
1699256858.8060606 0.0 0.0
1699256858.8562422 0.0 0.0
1699256858.9063382 0.0 0.0
1699256858.9567199 None None
1699256859.007412 0.0 0.0
1699256859.0572882 0.0 0.0
1699256859.1071978 0.0 0.0
1699256859.1572065 0.0 0.0
1699256859.2075758 None None
1699256859.257613 0.0 0.0
1699256859.3076997 0.0 0.0
1699256859.3588886 None None
1699256859.4083307 0.0 0.0
1699256859.4587014 0.0 0.0
1699256859.508497 0.0 0.0
1699256859.5583732 0.0 0.0
1699256859.6083863 None None
1699256859.6584237 0.0 0.0
1699256859.7087004 0.0 0.0
1699256859.759507 0.0 0.0
1699256859.8091724 0.0 0.0
1699256859.8596106 None None
1699256859.9107623 0.0 0.0
1699256859.9605954 0.0 0.0
1699256860.0108013 0.0 0.0
1699256860.0634775 0.0 0.0
1699256860.1114519 None None
1699256860.1621711 0.0 0.0
1699256860.2118723 0.0 0.0
1699256860.2623606 0.0 0.0
1699256860.3120432 None None
1699256860.3621469 0.0 0.0
1699256860.4126968 0.0 0.0
1699256860.462562 0.0 0.0
1699256860.5125592 0.0 0.0
1699256860.5629578 None None
1699256860.6140838 0.0 0.0
1699256860.6632617 0.0 0.0
1699256860.7132866 0.0 0.0
1699256860.7628992 None None
1699256860.8131528 0.0 0.0
1699256860.8632298 0.0 0.0
1699256860.9136138 0.0 0.0
1699256860.9639025 0.0 0.0
1699256861.0142128 None None
1699256861.0638788 0.0 0.0
1699256861.114034 0.0 0.0
1699256861.1639688 0.0 0.0
1699256861.2145753 None None
1699256861.264447 0.0 0.0
1699256861.3147812 0.0 0.0
1699256861.3649397 0.0 0.0
1699256861.4150958 0.0 0.0
1699256861.4649415 None None
1699256861.5149632 0.0 0.0
1699256861.565109 0.0 0.0
1699256861.6156392 0.0 0.0
1699256861.6657083 None None
1699256861.7160614 0.0 0.0
1699256861.767184 0.0 0.0
1699256861.8177958 0.0 0.0
1699256861.8661802 0.0 0.0
1699256861.9162264 None None
1699256861.966438 0.0 0.0
1699256862.0163758 0.0 0.0
1699256862.0665815 0.0 0.0
1699256862.1167552 None None
1699256862.167325 0.0 0.0
1699256862.2177937 0.0 0.0
1699256862.2677429 0.0 0.0
1699256862.3177836 0.0 0.0
1699256862.3677673 None None
1699256862.4179451 0.0 0.0
1699256862.468201 0.0 0.0
1699256862.518657 0.0 0.0
1699256862.5686178 0.0 0.0
1699256862.6188586 None None
1699256862.669899 0.0 0.0
1699256862.7194216 0.0 0.0
1699256862.7693872 0.0 0.0
1699256862.8195782 0.0 0.0
1699256862.8696299 None None
1699256862.9196362 0.0 0.0
1699256862.9696825 0.0 0.0
1699256863.0197785 0.0 0.0
1699256863.0699797 0.0 0.0
1699256863.1202114 None None
1699256863.170748 0.0 0.0
1699256863.2212837 0.0 0.0
1699256863.2709763 0.0 0.0
1699256863.3208125 None None
1699256863.3709722 0.0 0.0
1699256863.5795228 0.0 0.0
1699256863.6288614 0.0 0.0
1699256863.679059 0.0 0.0
1699256863.7294583 0.0 0.0
1699256863.7796829 0.0 0.0
1699256863.8296192 0.0 0.0
1699256863.8802454 0.0 0.0
1699256863.9301813 0.0 0.0
1699256863.9802165 0.0 0.0
1699256864.0304039 0.0 0.0
1699256864.0806103 0.0 0.0
1699256864.1312528 0.0 0.0
1699256864.1811366 0.0 0.0
1699256864.231283 0.0 0.0
1699256864.281475 None None
1699256864.3314488 0.0 0.0
1699256864.3814018 0.0 0.0
1699256864.431447 0.0 0.0
1699256864.4823968 0.0 0.0
1699256864.5324345 None None
1699256864.5826304 0.0 0.0
1699256864.6328895 0.0 0.0
1699256864.6829202 0.0 0.0
1699256864.732784 0.0 0.0
1699256864.783317 None None
1699256864.8330429 0.0 0.0
1699256864.8832338 0.0 0.0
1699256864.9339116 0.0 0.0
1699256864.983798 0.0 0.0
1699256865.0352006 None None
1699256865.0853744 0.0 0.0
1699256865.1356528 0.0 0.0
1699256865.1856687 0.0 0.0
1699256865.2360036 0.0 0.0
1699256865.2857263 None None
1699256865.3361359 0.0 0.0
1699256865.3859568 0.0 0.0
1699256865.436128 0.0 0.0
1699256865.4863951 0.0 0.0
1699256865.5371425 None None
1699256865.5870917 0.0 0.0
1699256865.6370616 0.0 0.0
1699256865.6869106 0.0 0.0
1699256865.7375617 0.0 0.0
1699256865.7872066 None None
1699256865.8376174 0.0 0.0
1699256865.8879066 0.0 0.0
1699256865.9379933 0.0 0.0
1699256865.9880629 None None
1699256866.0380716 0.0 0.0
1699256866.0883262 0.0 0.0
1699256866.1387596 0.0 0.0
1699256866.1888242 None None
1699256866.2397547 0.0 0.0
1699256866.2899315 0.0 0.0
1699256866.3402286 0.0 0.0
1699256866.3900845 0.0 0.0
1699256866.440227 None None
1699256866.4906497 0.0 0.0
1699256866.5406628 0.0 0.0
1699256866.5911205 0.0 0.0
1699256866.6411612 0.0 0.0
1699256866.6914065 None None
1699256866.7411904 0.0 0.0
1699256866.7912743 0.0 0.0
1699256866.8414624 0.0 0.0
1699256866.891666 0.0 0.0
1699256866.9418674 None None
1699256866.9924166 0.0 0.0
1699256867.0423212 0.0 0.0
1699256867.0925238 0.0 0.0
1699256867.142655 None None
1699256867.1924617 0.0 0.0
1699256867.242725 0.0 0.0
1699256867.292581 0.0 0.0
1699256867.3435047 0.0 0.0
1699256867.3930762 None None
1699256867.443492 0.0 0.0
1699256867.4936948 0.0 0.0
1699256867.543778 0.0 0.0
1699256867.593625 None None
1699256867.6437068 0.0 0.0
1699256867.6938505 0.0 0.0
1699256867.7441628 0.0 0.0
1699256867.7941527 0.0 0.0
1699256867.8441956 None None
1699256867.8948493 0.0 0.0
1699256867.9448266 0.0 0.0
1699256867.9947166 0.0 0.0
1699256868.0447671 0.0 0.0
1699256868.0954063 None None
1699256868.1452723 0.0 0.0
1699256868.1958997 0.0 0.0
1699256868.2461684 None None
1699256868.2965124 None None
1699256868.3467648 0.0 0.0
1699256868.3963974 0.0 0.0
1699256868.446619 0.0 0.0
1699256868.4971745 0.0 0.0
1699256868.547388 None None
1699256868.597492 0.0 0.0
1699256868.6475034 0.0 0.0
1699256868.697812 0.0 0.0
1699256868.7477164 None None
1699256868.7979722 0.0 0.0
1699256868.9706697 0.0 0.0
1699256869.0202217 0.0 0.0
1699256869.1752656 0.0 0.0
1699256869.2246902 0.0 0.0
1699256869.2745745 0.0 0.0
1699256869.437195 0.0 0.0
1699256869.4876456 0.0 0.0
1699256869.5379384 0.17743428253578852 -0.09178621460630032
1699256869.757158 0.16773723144997266 -0.08579617692968701
1699256869.9592423 0.16773723144997266 -0.08579617692968701
1699256870.0087962 0.09533571048294223 -0.024906977554575768
1699256870.2059317 0.09533571048294223 -0.024906977554575768
1699256870.2553031 0.09533571048294223 -0.024906977554575768
1699256870.3066614 0.01703647156691096 -0.01247509815037838
1699256870.5506725 0.01703647156691096 -0.01247509815037838
1699256870.6002867 0.01703647156691096 -0.01247509815037838
1699256870.649962 -0.0006040645335180983 -0.02677115769197632
1699256870.8412557 -0.0006040645335180983 -0.02677115769197632
1699256870.8909004 -0.0006040645335180983 -0.02677115769197632
1699256870.9409754 -0.003258048361126199 -0.023948488483683382
1699256871.1662505 -0.003258048361126199 -0.023948488483683382
1699256871.2165804 -0.003258048361126199 -0.023948488483683382
1699256871.266782 -0.0036006294880267533 -0.023296143772674104
1699256871.4994211 -0.0036006294880267533 -0.023296143772674104
1699256871.5483937 -0.0036006294880267533 -0.023296143772674104
1699256871.5988116 -0.0031757731126394366 -0.023172247204761312
1699256871.8123891 -0.0031757731126394366 -0.023172247204761312
1699256871.8601406 -0.0031757731126394366 -0.023172247204761312
1699256871.9107747 -0.0031757731126394366 -0.023172247204761312
1699256871.96107 -0.0023274945678681985 -0.022389158775750966
1699256872.1780627 -0.0023274945678681985 -0.022389158775750966
1699256872.2276027 -0.0023274945678681985 -0.022389158775750966
1699256872.2774782 -0.0023274945678681985 -0.022389158775750966
1699256872.3275542 -0.0032827570837422977 -0.021070073646176943
1699256872.5190418 -0.0032827570837422977 -0.021070073646176943
1699256872.5678117 -0.0032827570837422977 -0.021070073646176943
1699256872.6184764 -0.0032827570837422977 -0.021070073646176943
1699256872.6744068 -0.004949900026735968 -0.019950070561404392
1699256872.9056456 -0.004949900026735968 -0.019950070561404392
1699256872.9557936 -0.004949900026735968 -0.019950070561404392
1699256873.005868 -0.00581621243068506 -0.019416918734326567
1699256873.2177196 -0.00581621243068506 -0.019416918734326567
1699256873.2672052 -0.00581621243068506 -0.019416918734326567
1699256873.3170028 -0.00581621243068506 -0.019416918734326567
1699256873.3674169 -0.006546822156698968 -0.019186295355719894
1699256873.5715213 -0.0069077960544609894 -0.01892787151917446
1699256873.7749968 -0.0069077960544609894 -0.01892787151917446
1699256873.8240752 -0.007126656740567647 -0.01835891323114746
1699256874.017961 -0.007126656740567647 -0.01835891323114746
1699256874.0668354 -0.007126656740567647 -0.01835891323114746
1699256874.1176865 -0.008557938522858305 -0.017587837725011747
1699256874.3361824 -0.008557938522858305 -0.017587837725011747
1699256874.385462 -0.008557938522858305 -0.017587837725011747
1699256874.4357677 -0.008557938522858305 -0.017587837725011747
1699256874.4859915 -0.009656951489645368 -0.01691315909182788
1699256874.7907095 -0.010377476581940309 -0.01636497365058521
1699256874.9973454 -0.010377476581940309 -0.01636497365058521
1699256875.046636 -0.011047102494701049 -0.015894649823980384
1699256875.275658 -0.011047102494701049 -0.015894649823980384
1699256875.3251894 -0.011047102494701049 -0.015894649823980384
1699256875.3759165 -0.011608703718881145 -0.01537831808437207
1699256875.5830803 -0.011608703718881145 -0.01537831808437207
1699256875.630883 -0.011608703718881145 -0.01537831808437207
1699256875.681208 -0.011608703718881145 -0.01537831808437207
1699256875.731754 -0.01199233972241229 -0.014884227138914876
1699256875.959652 -0.012223103357269246 -0.014417841779733378
1699256876.187871 -0.012223103357269246 -0.014417841779733378
1699256876.2377963 -0.013262384879210982 -0.013903220245255194
1699256876.4610977 -0.013262384879210982 -0.013903220245255194
1699256876.5099435 -0.013262384879210982 -0.013903220245255194
1699256876.5608997 -0.01417609154158504 -0.013265444728122336
1699256876.782734 -0.01417609154158504 -0.013265444728122336
1699256876.8321972 -0.01417609154158504 -0.013265444728122336
1699256876.8829668 -0.014945732217600927 -0.012686655480453536
1699256877.101768 -0.014945732217600927 -0.012686655480453536
1699256877.151584 -0.014945732217600927 -0.012686655480453536
1699256877.2017212 -0.014945732217600927 -0.012686655480453536
1699256877.2520335 -0.015608276812973053 -0.012154951918605297
1699256877.4752557 -0.016096364654500546 -0.011678018982666122
1699256877.6661425 -0.016096364654500546 -0.011678018982666122
1699256877.7159255 -0.016516854750596617 -0.011159806935209552
1699256877.946389 -0.016516854750596617 -0.011159806935209552
1699256877.9953 -0.016516854750596617 -0.011159806935209552
1699256878.045899 -0.016516854750596617 -0.011159806935209552
1699256878.0962248 -0.018263381023690198 -0.010088818842338917
1699256878.3373816 -0.018263381023690198 -0.010088818842338917
1699256878.396628 -0.018263381023690198 -0.010088818842338917
1699256878.447484 -0.018263381023690198 -0.010088818842338917
1699256878.4947212 -0.018946818022492578 -0.009579136942837829
1699256878.748447 -0.01952958075987506 -0.009096733111976722
1699256879.010123 -0.01952958075987506 -0.009096733111976722
1699256879.0691009 -0.020103901940080347 -0.008635337404997858
1699256879.2988513 -0.020103901940080347 -0.008635337404997858
1699256879.348722 -0.020103901940080347 -0.008635337404997858
1699256879.4097013 -0.020103901940080347 -0.008635337404997858
1699256879.468383 -0.020939206186881987 -0.007674174958820467
1699256879.7008226 -0.020939206186881987 -0.007674174958820467
1699256879.7555354 -0.020939206186881987 -0.007674174958820467
1699256879.814929 -0.020939206186881987 -0.007674174958820467
1699256879.867712 -0.02133076928567378 -0.007230756296311789
1699256880.0921113 -0.021623429672827835 -0.006796049842577819
1699256880.3329308 -0.021623429672827835 -0.006796049842577819
1699256880.3828537 -0.02234804637813077 -0.00638711115253059
1699256880.6027176 -0.02234804637813077 -0.00638711115253059
1699256880.6573436 -0.02234804637813077 -0.00638711115253059
1699256880.7042925 -0.0230023207372811 -0.006027143301703735
1699256880.902892 -0.0230023207372811 -0.006027143301703735
1699256880.9614213 -0.0230023207372811 -0.006027143301703735
1699256881.0162385 -0.0230023207372811 -0.006027143301703735
1699256881.077531 -0.023567710956550244 -0.005664486810551519
1699256881.325603 -0.023567710956550244 -0.005664486810551519
1699256881.3765528 -0.023567710956550244 -0.005664486810551519
1699256881.4377265 -0.023567710956550244 -0.005664486810551519
1699256881.4933808 -0.024469505003409473 -0.004955272800527124
1699256881.7331176 -0.024469505003409473 -0.004955272800527124
1699256881.7883563 -0.024469505003409473 -0.004955272800527124
1699256881.8603132 -0.024469505003409473 -0.004955272800527124
1699256881.9204605 -0.02512810186693437 -0.004385006594464689
1699256882.1762233 -0.02512810186693437 -0.004385006594464689
1699256882.2329297 -0.02512810186693437 -0.004385006594464689
1699256882.2841158 -0.02512810186693437 -0.004385006594464689
1699256882.33786 -0.02570249968433667 -0.004117678930657414
