1697089527.8250008 -0.0 0
1697089528.3218646 -0.0 0
1697089528.4833493 -0.0 0
1697089528.532221 -0.0 0
1697089528.5856285 -0.0 0
1697089528.6370482 -0.0 0
1697089528.6865902 -0.0 0
1697089528.7375255 -0.0 0
1697089528.7877004 -0.0 0
1697089528.8385634 -0.0 0
1697089528.8919573 -0.0 0
1697089528.9422257 -0.0 0
1697089528.9928179 -0.0 0
1697089529.0419345 -0.0 0
1697089529.0924659 -0.0 0
1697089529.1408162 -0.0 0
1697089529.1909401 -0.0 0
1697089529.241611 -0.0 0
1697089529.2909994 -0.0 0
1697089529.3431394 -0.0 0
1697089529.4039576 -0.0 0
1697089529.4441836 -0.0 0
1697089529.4950461 -0.0 0
1697089529.5462365 -0.0 0
1697089529.597291 -0.0 0
1697089529.6458938 -0.0 0
1697089529.6960537 -0.0 0
1697089529.7492957 -0.0 0
1697089529.8164954 -0.0 0
1697089529.8647788 -0.0 0
1697089529.911875 -0.0 0
1697089529.957289 -0.0 0
1697089530.0035715 -0.0 0
1697089530.0524802 -0.0 0
1697089530.1031613 -0.0 0
1697089530.1535845 -0.0 0
1697089530.2191432 -0.0 0
1697089530.262461 -0.0 0
1697089530.3138905 -0.0 0
1697089530.3639138 -0.0 0
1697089530.413437 -0.0 0
1697089530.463682 -0.0 0
1697089530.5161955 -0.0 0
1697089530.5678508 -0.0 0
1697089530.6166444 -0.0 0
1697089530.6686733 -0.0 0
1697089530.7169938 -0.0 0
1697089530.767356 -0.0 0
1697089530.8173964 -0.0 0
1697089530.8676054 -0.0 0
1697089530.9202464 -0.0 0
1697089530.972348 -0.0 0
1697089531.022609 -0.0 0
1697089531.0723448 -0.0 0
1697089531.1308312 -0.0 0
1697089531.1789036 -0.0 0
1697089531.2318015 -0.0 0
1697089531.2817876 -0.0 0
1697089531.3325565 -0.0 0
1697089531.382734 -0.0 0
1697089531.4316359 -0.0 0
1697089531.485022 -0.0 0
1697089531.5409124 -0.0 0
1697089531.590429 -0.0 0
1697089531.640153 -0.0 0
1697089531.6901038 -0.0 0
1697089531.741025 -0.0 0
1697089531.7911649 -0.0 0
1697089531.8410752 -0.0 0
1697089531.8944986 -0.0 0
1697089531.942914 -0.0 0
1697089531.9922836 -0.0 0
1697089532.0427032 -0.0 0
1697089532.0929587 -0.0 0
1697089532.1428983 -0.0 0
1697089532.196347 -0.0 0
1697089532.2470536 -0.0 0
1697089532.3017676 -0.0 0
1697089532.351847 -0.0 0
1697089532.4046905 -0.0 0
1697089532.4544213 -0.0 0
1697089532.5059328 -0.0 0
1697089532.5545292 -0.0 0
1697089532.6048017 -0.0 0
1697089532.6548274 -0.0 0
1697089532.7049785 -0.0 0
1697089532.7587135 -0.0 0
1697089532.8081946 -0.0 0
1697089532.869707 -0.0 0
1697089532.912776 -0.0 0
1697089532.9638577 -0.0 0
1697089533.0206552 -0.0 0
1697089533.0644567 -0.0 0
1697089533.1156683 -0.0 0
1697089533.1715314 -0.0 0
1697089533.224856 -0.0 0
1697089533.2688031 -0.0 0
1697089533.3186321 -0.0 0
1697089533.3678012 -0.0 0
1697089533.4190786 -0.0 0
1697089533.4735408 -0.0 0
1697089533.5212953 -0.0 0
1697089533.5701127 -0.0 0
1697089533.6193907 -0.0 0
1697089533.6706612 -0.0 0
1697089533.721507 -0.0 0
1697089533.772042 -0.0 0
1697089533.8212938 -0.0 0
1697089533.8713562 -0.0 0
1697089533.9289994 -0.0 0
1697089533.971468 -0.0 0
1697089534.0221505 -0.0 0
1697089534.0731773 -0.0 0
1697089534.1226778 -0.0 0
1697089534.1769004 -0.0 0
1697089534.2293584 -0.0 0
1697089534.280076 -0.0 0
1697089534.3287566 -0.0 0
1697089534.3794484 -0.0 0
1697089534.433361 -0.0 0
1697089534.4823842 -0.0 0
1697089534.5331476 -0.0 0
1697089534.5880978 -0.0 0
1697089534.6385396 -0.0 0
1697089534.6872873 -0.0 0
1697089534.7374036 -0.0 0
1697089534.7897177 -0.0 0
1697089534.8408434 -0.0 0
1697089534.889685 -0.0 0
1697089534.939764 -0.0 0
1697089534.9898844 -0.0 0
1697089535.040906 -0.0 0
1697089535.0910735 -0.0 0
1697089535.1454964 -0.0 0
1697089535.1970677 -0.0 0
1697089535.24547 -0.0 0
1697089535.296489 -0.0 0
1697089535.3474612 -0.0 0
1697089535.3964596 -0.0 0
1697089535.448513 -0.0 0
1697089535.4969027 -0.0 0
1697089535.549061 -0.0 0
1697089535.5991697 -0.0 0
1697089535.648485 -0.0 0
1697089535.6975079 -0.0 0
1697089535.7477725 -0.0 0
1697089535.7976856 -0.0 0
1697089535.849468 -0.0 0
1697089535.8987944 -0.0 0
1697089535.949692 -0.0 0
1697089536.0008004 -0.0 0
1697089536.051073 -0.0 0
1697089536.1008754 -0.0 0
1697089536.1504538 -0.0 0
1697089536.2051618 -0.0 0
1697089536.2567682 -0.0 0
1697089536.3054767 -0.0 0
1697089536.3566349 -0.0 0
1697089536.4073727 -0.0 0
1697089536.457186 -0.0 0
1697089536.5091898 -0.0 0
1697089536.5585294 -0.0 0
1697089536.6085136 -0.0 0
1697089536.6587617 -0.0 0
1697089536.7086713 -0.0 0
1697089536.7589662 -0.0 0
1697089536.810035 -0.0 0
1697089536.8606954 -0.0 0
1697089536.916701 -0.0 0
1697089536.9654047 -0.0 0
1697089537.0155313 -0.0 0
1697089537.0661905 -0.0 0
1697089537.1154532 -0.0 0
1697089537.16569 -0.0 0
1697089537.2166855 -0.0 0
1697089537.2683246 -0.0 0
1697089537.3195255 -0.0 0
1697089537.3729365 -0.0 0
1697089537.4228246 -0.0 0
1697089537.476279 -0.0 0
1697089537.5240798 -0.0 0
1697089537.5772984 -0.0 0
1697089537.6611404 -0.0 0
1697089537.7405946 -0.0 0
1697089537.795043 -0.0 0
1697089537.8313682 -0.0 0
1697089537.8619173 -0.0 0
1697089537.914111 -0.0 0
1697089537.959194 -0.0 0
1697089538.0053027 -0.0 0
1697089538.0442653 -0.0 0
1697089538.0906649 -0.0 0
1697089538.1404057 -0.0 0
1697089538.1929877 -0.0 0
1697089538.2414567 -0.0 0
1697089538.2905715 -0.0 0
1697089538.3414025 -0.0 0
1697089538.3908167 -0.0 0
1697089538.4405856 -0.0 0
1697089538.4930596 -0.0 0
1697089538.5447693 -0.0 0
1697089538.5945158 -0.0 0
1697089538.6440175 -0.0 0
1697089538.694038 -0.0 0
1697089538.7462869 -0.0 0
1697089538.7957664 -0.0 0
1697089538.8468096 -0.0 0
1697089538.896608 -0.0 0
1697089538.9469285 -0.0 0
1697089538.996827 -0.0 0
1697089539.046988 -0.0 0
1697089539.098498 -0.0 0
1697089539.147799 -0.0 0
1697089539.1986136 -0.0 0
1697089539.2486632 -0.0 0
1697089539.300852 -0.0 0
1697089539.3499591 -0.0 0
1697089539.4012313 -0.0 0
1697089539.4523563 -0.0 0
1697089539.5029297 -0.0 0
1697089539.5537393 -0.0 0
1697089539.6033647 -0.0 0
1697089539.6534235 -0.0 0
1697089539.704229 -0.0 0
1697089539.754619 -0.0 0
1697089539.805282 -0.0 0
1697089539.855551 -0.0 0
1697089539.909476 -0.0 0
1697089539.9577844 -0.0 0
1697089540.0066385 -0.0 0
1697089540.0573468 -0.0 0
1697089540.1069553 -0.0 0
1697089540.1596675 -0.0 0
1697089540.2090206 -0.0 0
1697089540.2588692 -0.0 0
1697089540.3099694 -0.0 0
1697089540.3593466 -0.0 0
1697089540.4101179 -0.0 0
1697089540.4596362 -0.0 0
1697089540.5115361 -0.0 0
1697089540.5602896 -0.0 0
1697089540.610493 -0.0 0
1697089540.6612842 -0.0 0
1697089540.71095 -0.0 0
1697089540.763285 -0.0 0
1697089540.8125074 -0.0 0
1697089540.8653607 -0.0 0
1697089540.937129 -0.0 0
1697089541.0007334 -0.0 0
1697089541.043051 -0.0 0
1697089541.0796201 -0.0 0
1697089541.1293647 -0.0 0
1697089541.1784034 -0.0 0
1697089541.227234 -0.0 0
1697089541.2768588 -0.0 0
1697089541.3307946 -0.0 0
1697089541.380089 -0.0 0
1697089541.4414272 -0.0 0
1697089541.4841723 -0.0 0
1697089541.5339556 -0.0 0
1697089541.584342 -0.0 0
1697089541.6415348 -0.0 0
1697089541.7070544 -0.0 0
1697089541.7680514 -0.0 0
1697089541.8290071 -0.0 0
1697089541.869286 -0.0 0
1697089541.9122703 -0.0 0
1697089541.96059 -0.0 0
1697089542.0097866 -0.0 0
1697089542.0588353 -0.0 0
1697089542.1113648 -0.0 0
1697089542.1681795 -0.0 0
1697089542.2101624 -0.0 0
1697089542.2596657 -0.0 0
1697089542.309514 -0.0 0
1697089542.3623524 -0.0 0
1697089542.4141114 -0.0 0
1697089542.4886749 -0.0 0
1697089542.5425272 -0.0 0
1697089542.6030736 -0.0 0
1697089542.661119 -0.0 0
1697089542.6972988 -0.0 0
1697089542.7442307 -0.0 0
1697089542.795196 -0.0 0
1697089542.8445497 -0.0 0
1697089542.8955982 -0.0 0
1697089542.9446523 -0.0 0
1697089542.997188 -0.0 0
1697089543.0464165 -0.0 0
1697089543.0978243 -0.0 0
1697089543.1511428 -0.0 0
1697089543.200533 -0.0 0
1697089543.2493365 -0.0 0
1697089543.2985785 -0.0 0
1697089543.3496048 -0.0 0
1697089543.403119 -0.0 0
1697089543.4510756 -0.0 0
1697089543.5005918 -0.0 0
1697089543.55193 -0.0 0
1697089543.6022732 -0.0 0
1697089543.654497 -0.0 0
1697089543.7035522 -0.0 0
1697089543.7536273 -0.0 0
1697089543.8029356 -0.0 0
1697089543.854375 -0.0 0
1697089543.9038198 -0.0 0
1697089543.9534981 -0.0 0
1697089544.0077906 -0.0 0
1697089544.0563958 -0.0 0
1697089544.105988 -0.0 0
1697089544.1556578 -0.0 0
1697089544.2061205 -0.0 0
1697089544.2565207 -0.0 0
1697089544.3100772 -0.0 0
1697089544.3588595 -0.0 0
1697089544.4092853 -0.0 0
1697089544.4586945 -0.0 0
1697089544.5160642 -0.0 0
1697089544.56581 -0.0 0
1697089544.6149027 -0.0 0
1697089544.6647577 -0.0 0
1697089544.7147093 -0.0 0
1697089544.7730598 -0.0 0
1697089544.815448 -0.0 0
1697089544.8660529 -0.0 0
1697089544.9159508 -0.0 0
1697089544.9658737 -0.0 0
1697089545.0160213 -0.0 0
1697089545.0667498 -0.0 0
1697089545.1192493 -0.0 0
1697089545.1694918 -0.0 0
1697089545.226524 -0.0 0
1697089545.2748673 -0.0 0
1697089545.3232787 -0.0 0
1697089545.3719137 -0.0 0
1697089545.4217684 -0.0 0
1697089545.4761472 -0.0 0
1697089545.522527 -0.0 0
1697089545.5720997 -0.0 0
1697089545.6240578 -0.0 0
1697089545.6780558 -0.0 0
1697089545.7277815 -0.0 0
1697089545.7760456 -0.0 0
1697089545.8254712 -0.0 0
1697089545.8749282 -0.0 0
1697089545.925096 -0.0 0
1697089545.9749184 -0.0 0
1697089546.025148 -0.0 0
1697089546.0756795 -0.0 0
1697089546.1268792 -0.0 0
1697089546.1775227 -0.0 0
1697089546.2274601 -0.0 0
1697089546.2766821 -0.0 0
1697089546.3265667 -0.0 0
1697089546.3769412 -0.0 0
1697089546.4266028 -0.0 0
1697089546.4769309 -0.0 0
1697089546.527767 -0.0 0
1697089546.5779924 -0.0 0
1697089546.6277635 -0.0 0
1697089546.6796262 -0.0 0
1697089546.72984 -0.0 0
1697089546.7811368 -0.0 0
1697089546.8357763 -0.0 0
1697089546.8836586 -0.0 0
1697089546.9342237 -0.0 0
1697089546.983868 -0.0 0
1697089547.0339222 -0.0 0
1697089547.084202 -0.0 0
1697089547.1348143 -0.0 0
1697089547.1848524 -0.0 0
1697089547.2403622 -0.0 0
1697089547.2882628 -0.0 0
1697089547.3379052 -0.0 0
1697089547.3875914 -0.0 0
1697089547.4401603 -0.0 0
1697089547.4893692 -0.0 0
1697089547.5388768 -0.0 0
1697089547.58858 -0.0 0
1697089547.6403944 -0.0 0
1697089547.6895592 -0.0 0
1697089547.7396982 -0.0 0
1697089547.7895904 -0.0 0
1697089547.8394952 -0.0 0
1697089547.890273 -0.0 0
1697089547.9409924 -0.0 0
1697089547.9924467 -0.0 0
1697089548.0423265 -0.0 0
1697089548.0915563 -0.0 0
1697089548.1422682 -0.0 0
1697089548.1955447 -0.0 0
1697089548.2442262 -0.0 0
1697089548.2940555 -0.0 0
1697089548.3431683 -0.0 0
1697089548.3957074 -0.0 0
1697089548.4454775 -0.0 0
1697089548.4954164 -0.0 0
1697089548.5457046 -0.0 0
1697089548.5957606 -0.0 0
1697089548.6459103 -0.0 0
1697089548.701129 -0.0 0
1697089548.7477403 -0.0 0
1697089548.79851 -0.0 0
1697089548.8478937 -0.0 0
1697089548.8997607 -0.0 0
1697089548.9496238 -0.0 0
1697089549.0001369 -0.0 0
1697089549.051726 -0.0 0
1697089549.1097553 -0.0 0
1697089549.1543612 -0.0 0
1697089549.2026935 -0.0 0
1697089549.2523584 -0.0 0
1697089549.30197 -0.0 0
1697089549.352513 -0.0 0
1697089549.4023817 -0.0 0
1697089549.4570208 -0.0 0
1697089549.5073435 -0.0 0
1697089549.557684 -0.0 0
1697089549.6089237 -0.0 0
1697089549.6586885 -0.0 0
1697089549.7094326 -0.0 0
1697089549.7592027 -0.0 0
1697089549.8092418 -0.0 0
1697089549.8594527 -0.0 0
1697089549.9099858 -0.0 0
1697089549.9597657 -0.0 0
1697089550.0103042 -0.0 0
1697089550.060868 -0.0 0
1697089550.1111739 -0.0 0
1697089550.1608694 -0.0 0
1697089550.2156827 -0.0 0
1697089550.2667892 -0.0 0
1697089550.3171518 -0.0 0
1697089550.366799 -0.0 0
1697089550.4182494 -0.0 0
1697089550.4686832 -0.0 0
1697089550.5223196 -0.0 0
1697089550.569274 -0.0 0
1697089550.619561 -0.0 0
1697089550.6726823 -0.0 0
1697089550.76032 -0.0 0
1697089550.8134747 -0.0 0
1697089550.8491993 -0.0 0
1697089550.8825765 -0.0 0
1697089550.9292002 -0.0 0
1697089550.9785361 -0.0 0
1697089551.0291686 -0.0 0
1697089551.0785227 -0.0 0
1697089551.1284664 -0.0 0
1697089551.179352 -0.0 0
1697089551.2307708 -0.0 0
1697089551.2798626 -0.0 0
1697089551.330036 -0.0 0
1697089551.3816009 -0.0 0
1697089551.4329746 -0.0 0
1697089551.4855134 -0.0 0
1697089551.533184 -0.0 0
1697089551.583426 -0.0 0
1697089551.6365647 -0.0 0
1697089551.685862 -0.0 0
1697089551.7349691 -0.0 0
1697089551.7851999 -0.0 0
1697089551.834751 -0.0 0
1697089551.886341 -0.0 0
1697089551.9362223 -0.0 0
1697089551.9913528 -0.0 0
1697089552.0379786 -0.0 0
1697089552.0880406 -0.0 0
1697089552.1382635 -0.0 0
1697089552.1910508 -0.0 0
1697089552.2413669 -0.0 0
1697089552.2898986 -0.0 0
1697089552.340482 -0.0 0
1697089552.3974524 -0.0 0
1697089552.4460018 -0.0 0
1697089552.495549 -0.0 0
1697089552.5480962 -0.0 0
1697089552.5955615 -0.0 0
1697089552.6465 -0.0 0
1697089552.6997488 -0.0 0
1697089552.7502704 -0.0 0
1697089552.8006709 -0.0 0
1697089552.8504736 -0.0 0
1697089552.9019706 -0.0 0
1697089552.9519763 -0.0 0
1697089553.0015461 -0.0 0
1697089553.0530744 -0.0 0
1697089553.1031706 -0.0 0
1697089553.165407 -0.0 0
1697089553.2137384 -0.0 0
1697089553.2591226 -0.0 0
1697089553.313715 -0.0 0
1697089553.3710437 -0.0 0
1697089553.4115522 -0.0 0
1697089553.4618587 -0.0 0
1697089553.5118268 -0.0 0
1697089553.562324 -0.0 0
1697089553.612451 -0.0 0
1697089553.6626985 -0.0 0
1697089553.7125123 -0.0 0
1697089553.7635803 -0.0 0
1697089553.814654 -0.0 0
1697089553.8663485 -0.0 0
1697089553.9157314 -0.0 0
1697089553.9654942 -0.0 0
1697089554.0152574 -0.0 0
1697089554.065742 -0.0 0
1697089554.1157968 -0.0 0
1697089554.1664612 -0.0 0
1697089554.2172894 -0.0 0
1697089554.268735 -0.0 0
1697089554.3211782 -0.0 0
1697089554.3723543 -0.0 0
1697089554.42114 -0.0 0
1697089554.4706295 -0.0 0
1697089554.5225246 -0.0 0
1697089554.5741155 -0.0 0
1697089554.6224225 -0.0 0
1697089554.6736479 -0.0 0
1697089554.722577 -0.0 0
1697089554.7728155 -0.0 0
1697089554.8226616 -0.0 0
1697089554.872238 -0.0 0
1697089554.92276 -0.0 0
1697089554.9727232 -0.0 0
1697089555.0237708 -0.0 0
1697089555.0736432 -0.0 0
1697089555.1249013 -0.0 0
1697089555.175339 -0.0 0
1697089555.226332 -0.0 0
1697089555.2801738 -0.0 0
1697089555.3284214 -0.0 0
1697089555.37796 -0.0 0
1697089555.4279497 -0.0 0
1697089555.479984 -0.0 0
1697089555.529985 -0.0 0
1697089555.5807736 -0.0 0
1697089555.6305265 -0.0 0
1697089555.6804693 -0.0 0
1697089555.730483 -0.0 0
1697089555.782558 -0.0 0
1697089555.8336437 -0.0 0
1697089555.8831618 -0.0 0
1697089555.9353375 -0.0 0
1697089555.9842665 -0.0 0
1697089556.0335586 -0.0 0
1697089556.0835297 -0.0 0
1697089556.1340926 -0.0 0
1697089556.1844864 -0.0 0
1697089556.2356126 -0.0 0
1697089556.2860804 -0.0 0
1697089556.340566 -0.0 0
1697089556.390452 -0.0 0
1697089556.4414132 -0.0 0
1697089556.4906027 -0.0 0
1697089556.541917 -0.0 0
1697089556.5929053 -0.0 0
1697089556.6456747 -0.0 0
1697089556.693986 -0.0 0
1697089556.7449737 -0.0 0
1697089556.7946534 -0.0 0
1697089556.8433664 -0.0 0
1697089556.89631 -0.0 0
1697089556.9458187 -0.0 0
1697089556.9959376 -0.0 0
1697089557.0450625 -0.0 0
1697089557.09442 -0.0 0
1697089557.143973 -0.0 0
1697089557.194138 -0.0 0
1697089557.2444186 -0.0 0
1697089557.294554 -0.0 0
1697089557.3447573 -0.0 0
1697089557.3949022 -0.0 0
1697089557.4463198 -0.0 0
1697089557.4976504 -0.0 0
1697089557.5462759 -0.0 0
1697089557.5968022 -0.0 0
1697089557.6539786 -0.0 0
1697089557.7081547 -0.0 0
1697089557.7520432 -0.0 0
1697089557.800569 -0.0 0
1697089557.852129 -0.0 0
1697089557.9028766 -0.0 0
1697089557.9527924 -0.0 0
1697089558.0032358 -0.0 0
1697089558.0539184 -0.0 0
1697089558.1050208 -0.0 0
1697089558.1554375 -0.0 0
1697089558.2072377 -0.0 0
1697089558.2697897 -0.0 0
1697089558.314694 -0.0 0
1697089558.3636787 -0.0 0
1697089558.4116828 -0.0 0
1697089558.4618053 -0.0 0
1697089558.5102897 -0.0 0
1697089558.5599277 -0.0 0
1697089558.614128 -0.0 0
1697089558.6627443 -0.0 0
1697089558.7116506 -0.0 0
1697089558.7627413 -0.0 0
1697089558.8127878 -0.0 0
1697089558.867636 -0.0 0
1697089558.9261317 -0.0 0
1697089558.9752207 -0.0 0
1697089559.02297 -0.0 0
1697089559.0744743 -0.0 0
1697089559.123329 -0.0 0
1697089559.1763265 -0.0 0
1697089559.2265425 -0.0 0
1697089559.278727 -0.0 0
1697089559.3317351 -0.0 0
1697089559.3810613 -0.0 0
1697089559.4301758 -0.0 0
1697089559.47983 -0.0 0
1697089559.5532048 -0.0 0
1697089559.609727 -0.0 0
1697089559.647426 -0.0 0
1697089559.6884522 -0.0 0
1697089559.7374985 -0.0 0
1697089559.787829 -0.0 0
1697089559.8374267 -0.0 0
1697089559.889714 -0.0 0
1697089559.9408617 -0.0 0
1697089559.9944525 -0.0 0
1697089560.0421822 -0.0 0
1697089560.0967574 -0.0 0
1697089560.1510835 -0.0 0
1697089560.2066796 -0.0 0
1697089560.2578478 -0.0 0
1697089560.312721 -0.0 0
1697089560.3708415 -0.0 0
1697089560.4180176 -0.0 0
1697089560.4694252 -0.0 0
1697089560.5258322 -0.0 0
1697089560.5783207 -0.0 0
1697089560.6290152 -0.0 0
1697089560.688068 -0.0 0
1697089560.7407808 -0.0 0
1697089560.8031883 -0.0 0
1697089560.8548381 -0.0 0
1697089560.9018085 -0.0 0
1697089560.9499943 -0.0 0
1697089561.0011656 -0.0 0
1697089561.0604029 -0.0 0
1697089561.1239827 -0.0 0
1697089561.1792576 -0.0 0
1697089561.2315652 -0.0 0
1697089561.30077 -0.0 0
1697089561.3653352 -0.0 0
1697089561.4222403 -0.0 0
1697089561.474073 -0.0 0
1697089561.5449295 -0.0 0
1697089561.595701 -0.0 0
1697089561.644346 -0.0 0
1697089561.687052 -0.0 0
1697089561.7353458 -0.0 0
1697089561.7772918 -0.0 0
1697089561.828688 -0.0 0
1697089561.8740308 -0.0 0
1697089561.9211683 -0.0 0
1697089561.9696364 -0.0 0
1697089562.0198605 -0.0 0
1697089562.0701165 -0.0 0
1697089562.1201513 -0.0 0
1697089562.1861825 -0.0 0
1697089562.240244 -0.0 0
1697089562.2815783 -0.0 0
1697089562.3249543 -0.0 0
1697089562.3723044 -0.0 0
1697089562.424864 -0.0 0
1697089562.4727771 -0.0 0
1697089562.5228662 -0.0 0
1697089562.5726676 -0.0 0
1697089562.6232786 -0.0 0
1697089562.673823 -0.0 0
1697089562.724599 -0.0 0
1697089562.7753358 -0.0 0
1697089562.825714 -0.0 0
1697089562.8763974 -0.0 0
1697089562.9262326 -0.0 0
1697089562.9762018 -0.0 0
1697089563.0259671 -0.0 0
1697089563.0762947 -0.0 0
1697089563.1256185 -0.0 0
1697089563.1758926 -0.0 0
1697089563.226467 -0.0 0
1697089563.2774994 -0.0 0
1697089563.3295898 -0.0 0
1697089563.379116 -0.0 0
1697089563.428822 -0.0 0
1697089563.4789355 -0.0 0
1697089563.529461 -0.0 0
1697089563.578954 -0.0 0
1697089563.6298237 -0.0 0
1697089563.6791031 -0.0 0
1697089563.7290123 -0.0 0
1697089563.7803512 -0.0 0
1697089563.8449562 -0.0 0
1697089563.9046624 -0.0 0
1697089563.943488 -0.0 0
1697089563.9909358 -0.0 0
1697089564.039498 -0.0 0
1697089564.085654 -0.0 0
1697089564.1373131 -0.0 0
1697089564.1867373 -0.0 0
1697089564.2386613 -0.0 0
1697089564.2888865 -0.0 0
1697089564.3385015 -0.0 0
1697089564.3880978 -0.0 0
1697089564.4388454 -0.0 0
1697089564.4905725 -0.0 0
1697089564.5392163 -0.0 0
1697089564.5912726 -0.0 0
1697089564.6393235 -0.0 0
1697089564.6895752 -0.0 0
1697089564.7391052 -0.0 0
1697089564.789564 -0.0 0
1697089564.8409324 -0.0 0
1697089564.8901303 -0.0 0
1697089564.9401472 -0.0 0
1697089564.9906578 -0.0 0
1697089565.040749 -0.0 0
1697089565.0927043 -0.0 0
1697089565.142327 -0.0 0
1697089565.1931407 -0.0 0
1697089565.2433114 -0.0 0
1697089565.2954745 -0.0 0
1697089565.3447664 -0.0 0
1697089565.3949957 -0.0 0
1697089565.4454896 -0.0 0
1697089565.4966812 -0.0 0
1697089565.546247 -0.0 0
1697089565.5968428 -0.0 0
1697089565.6467247 -0.0 0
1697089565.6971254 -0.0 0
1697089565.7495546 -0.0 0
1697089565.8014243 -0.0 0
1697089565.85381 -0.0 0
1697089565.9013033 -0.0 0
1697089565.9520826 -0.0 0
1697089566.0020692 -0.0 0
1697089566.0519671 -0.0 0
1697089566.102365 -0.0 0
1697089566.1534421 -0.0 0
1697089566.2049496 -0.0 0
1697089566.2592516 -0.0 0
1697089566.311759 -0.0 0
1697089566.3580658 -0.0 0
1697089566.4066837 -0.0 0
1697089566.4553661 -0.0 0
1697089566.5065022 -0.0 0
1697089566.556452 -0.0 0
1697089566.607435 -0.0 0
1697089566.65705 -0.0 0
1697089566.7076654 -0.0 0
1697089566.757362 -0.0 0
1697089566.8077374 -0.0 0
1697089566.857685 -0.0 0
1697089566.9086425 -0.0 0
1697089566.959459 -0.0 0
1697089567.0093863 -0.0 0
1697089567.0596402 -0.0 0
1697089567.1095927 -0.0 0
1697089567.1638281 -0.0 0
1697089567.2113981 -0.0 0
1697089567.2621324 -0.0 0
1697089567.312939 -0.0 0
1697089567.3688984 -0.0 0
1697089567.417547 -0.0 0
1697089567.4663348 -0.0 0
1697089567.518304 -0.0 0
1697089567.5668998 -0.0 0
1697089567.6162355 -0.0 0
1697089567.6665578 -0.0 0
1697089567.7170327 -0.0 0
1697089567.7671804 -0.0 0
1697089567.8178687 -0.0 0
1697089567.867645 -0.0 0
1697089567.917865 -0.0 0
1697089567.9698806 -0.0 0
1697089568.0220373 -0.0 0
1697089568.0723784 -0.0 0
1697089568.1230276 -0.0 0
1697089568.1736712 -0.0 0
1697089568.223923 -0.0 0
1697089568.2744095 -0.0 0
1697089568.3264973 -0.0 0
1697089568.377402 -0.0 0
1697089568.4280767 -0.0 0
1697089568.4781199 -0.0 0
1697089568.5279455 -0.0 0
1697089568.5788312 -0.0 0
1697089568.629066 -0.0 0
1697089568.6789017 -0.0 0
1697089568.730996 -0.0 0
1697089568.780388 -0.0 0
1697089568.830425 -0.0 0
1697089568.880154 -0.0 0
1697089568.9313846 -0.0 0
1697089568.9811654 -0.0 0
1697089569.0310519 -0.0 0
1697089569.081915 -0.0 0
1697089569.1315796 -0.0 0
1697089569.1824934 -0.0 0
1697089569.2323139 -0.0 0
1697089569.282584 -0.0 0
1697089569.3351853 -0.0 0
1697089569.3847845 -0.0 0
1697089569.438352 -0.0 0
1697089569.4864004 -0.0 0
1697089569.5358968 -0.0 0
1697089569.5867257 -0.0 0
1697089569.6361053 -0.0 0
1697089569.6862447 -0.0 0
1697089569.7358668 -0.0 0
1697089569.7861812 -0.0 0
1697089569.8364244 -0.0 0
1697089569.886491 -0.0 0
1697089569.9372668 -0.0 0
1697089569.9877837 -0.0 0
1697089570.0427375 -0.0 0
1697089570.0892467 -0.0 0
1697089570.1403654 -0.0 0
1697089570.1908858 -0.0 0
1697089570.2406533 -0.0 0
1697089570.2912087 -0.0 0
1697089570.3416317 -0.0 0
1697089570.3920298 -0.0 0
1697089570.4431365 -0.0 0
1697089570.4929276 -0.0 0
1697089570.5430694 -0.0 0
1697089570.592969 -0.0 0
1697089570.6434057 -0.0 0
1697089570.6934154 -0.0 0
1697089570.743566 -0.0 0
1697089570.7944872 -0.0 0
1697089570.8443828 -0.0 0
1697089570.8942492 -0.0 0
1697089570.944352 -0.0 0
1697089570.9948175 -0.0 0
1697089571.0448432 -0.0 0
1697089571.094846 -0.0 0
1697089571.1457617 -0.0 0
1697089571.1994202 -0.0 0
1697089571.2461421 -0.0 0
1697089571.2968614 -0.0 0
1697089571.347788 -0.0 0
1697089571.3969824 -0.0 0
1697089571.44687 -0.0 0
1697089571.4977088 -0.0 0
1697089571.5472543 -0.0 0
1697089571.5977492 -0.0 0
1697089571.6479166 -0.0 0
1697089571.698057 -0.0 0
1697089571.749332 -0.0 0
1697089571.7988575 -0.0 0
1697089571.851241 -0.0 0
1697089571.9023764 -0.0 0
1697089571.9569585 -0.0 0
1697089572.0024972 -0.0 0
1697089572.053769 -0.0 0
1697089572.1073158 -0.0 0
1697089572.1545656 -0.0 0
1697089572.2068698 -0.0 0
1697089572.2563117 -0.0 0
1697089572.306257 -0.0 0
1697089572.35678 -0.0 0
1697089572.4089406 -0.0 0
1697089572.457691 -0.0 0
1697089572.5090506 -0.0 0
1697089572.5584493 -0.0 0
1697089572.607456 -0.0 0
1697089572.660327 -0.0 0
1697089572.7100854 -0.0 0
1697089572.7628362 -0.0 0
1697089572.8119457 -0.0 0
1697089572.8615994 -0.0 0
1697089572.9111986 -0.0 0
1697089572.9611344 -0.0 0
1697089573.0128512 -0.0 0
1697089573.0702 -0.0 0
1697089573.120235 -0.0 0
1697089573.17033 -0.0 0
1697089573.2205904 -0.0 0
1697089573.2723608 -0.0 0
1697089573.3323832 -0.0 0
1697089573.37618 -0.0 0
1697089573.42338 -0.0 0
1697089573.4747097 -0.0 0
1697089573.536075 -0.0 0
1697089573.5797966 -0.0 0
1697089573.6256416 -0.0 0
1697089573.6745393 -0.0 0
1697089573.729873 -0.0 0
1697089573.7846816 -0.0 0
1697089573.8350115 -0.0 0
1697089573.886254 -0.0 0
1697089573.9362974 -0.0 0
1697089573.987914 -0.0 0
1697089574.0383284 -0.0 0
1697089574.0876174 -0.0 0
1697089574.1376524 -0.0 0
1697089574.1870449 -0.0 0
1697089574.237466 -0.0 0
1697089574.290287 -0.0 0
1697089574.3400779 -0.0 0
1697089574.3900776 -0.0 0
1697089574.4407244 -0.0 0
1697089574.4906378 -0.0 0
1697089574.5410526 -0.0 0
1697089574.5938945 -0.0 0
1697089574.6476438 -0.0 0
1697089574.7058003 -0.0 0
1697089574.7551613 -0.0 0
1697089574.8059216 -0.0 0
1697089574.8577027 -0.0 0
1697089574.9091253 -0.0 0
1697089574.9592783 -0.0 0
1697089575.0082724 -0.0 0
1697089575.0570502 -0.0 0
1697089575.113135 -0.0 0
1697089575.1608398 -0.0 0
1697089575.211123 -0.0 0
1697089575.2649603 -0.0 0
1697089575.3137538 -0.0 0
1697089575.3630502 -0.0 0
1697089575.4142733 -0.0 0
1697089575.4647727 -0.0 0
1697089575.515039 -0.0 0
1697089575.5650468 -0.0 0
1697089575.6171618 -0.0 0
1697089575.668906 -0.0 0
1697089575.718187 -0.0 0
1697089575.76889 -0.0 0
1697089575.818142 -0.0 0
1697089575.867767 -0.0 0
1697089575.918323 -0.0 0
1699339870.1099083 0 -0.04
1699339870.3578808 0 -0.04
1699339870.4417675 0 -0.04
1699339870.5176215 0 -0.04
1699339870.594315 0 -0.04
1699339870.6711547 0 -0.04
1699339870.746388 0 -0.04
1699339870.8227637 0 -0.04
1699339870.9022648 0 -0.04
1699339870.9802306 0 -0.04
1699339871.0508945 0 -0.04
1699339871.1296272 0 -0.04
1699339871.2042322 0 -0.04
1699339871.2829773 0 -0.04
1699339871.3637753 0 -0.04
1699339871.443516 0 -0.04
1699339871.5191734 0 -0.04
1699339871.5975354 0 -0.04
1699339871.6805573 0 -0.04
1699339871.7571802 0 -0.04
1699339871.8360717 0 -0.04
1699339871.9145246 0 -0.04
1699339871.9949353 0 -0.04
1699339872.0745544 0 -0.04
1699339872.1535473 0 -0.04
1699339872.2277226 0 -0.04
1699339872.3052423 0 -0.04
1699339872.3845723 0 -0.04
1699339872.4652402 0 -0.04
1699339872.543404 0 -0.04
1699339872.6235673 0 -0.04
1699339872.6976783 0 -0.04
1699339872.7734194 0 -0.04
1699339872.8490062 0 -0.04
1699339872.9229636 0 -0.04
1699339873.0013878 0 -0.04
1699339873.0823262 0 -0.04
1699339873.1555407 0 -0.04
1699339873.235544 0 -0.04
1699339873.3122137 0 -0.04
1699339873.3890269 0 -0.04
1699339873.4653876 0 -0.04
1699339873.541439 0 -0.04
1699339873.6209266 0 -0.04
1699339873.7014718 0 -0.04
1699339873.7847722 0 -0.04
1699339873.8605638 0 -0.04
1699339873.9370723 0 -0.04
1699339874.016024 0 -0.04
1699339874.0951056 0 -0.04
1699339874.1767066 0 -0.04
1699339874.2506802 0 -0.04
1699339874.325449 0 -0.04
1699339874.4017994 0 -0.04
1699339874.481758 0 -0.04
1699339874.5623374 0 -0.04
1699339874.6401095 0 -0.04
1699339874.716803 0 -0.04
1699339874.7980528 0 -0.04
1699339874.874394 0 -0.04
1699339874.956754 0 -0.04
1699339875.0318372 0 -0.04
1699339875.1083264 0 -0.04
1699339875.187028 0 -0.04
1699339875.2683127 0 -0.04
1699339875.361524 0 -0.04
1699339875.4436593 0 -0.04
1699339875.5212033 0 -0.04
1699339875.6021795 0 -0.04
1699339875.6836612 0 -0.04
1699339875.7660215 0 -0.04
1699339875.840608 0 -0.04
1699339875.916182 0 -0.04
1699339875.9947288 0 -0.04
1699339876.0711918 0 -0.04
1699339876.1506567 0 -0.04
1699339876.2928185 0 -0.04
1699339876.3691866 0 -0.04
1699339876.4445457 0 -0.04
1699339876.5262964 0 -0.04
1699339876.608217 0 -0.04
1699339876.6878462 0 -0.04
1699339876.7688553 0 -0.04
1699339876.8484557 0 -0.04
1699339876.9311063 0 -0.04
1699339877.0094004 0 -0.04
1699339877.0873308 0 -0.04
1699339877.1718667 0 -0.04
1699339877.253079 0 -0.04
1699339877.3336065 0 -0.04
1699339877.416588 0 -0.04
1699339877.4910796 0 -0.04
1699339877.5662954 0 -0.04
1699339877.6446126 0 -0.04
1699339877.7293878 0 -0.04
1699339877.8089259 0 -0.04
1699339877.885523 0 -0.04
1699339877.9688256 0 -0.04
1699339878.0476177 0 -0.04
1699339878.125666 0 -0.04
1699339878.2004402 0 -0.04
1699339878.2793097 0 -0.04
1699339878.3575828 0 -0.04
1699339878.434359 0 -0.04
1699339878.515892 0 -0.04
1699339878.5965889 0 -0.04
1699339878.6748607 0 -0.04
1699339878.750941 0 -0.04
1699339878.8330014 0 -0.04
1699339878.913967 0 -0.04
1699339878.9973693 0 -0.04
1699339879.078087 0 -0.04
1699339879.151749 0 -0.04
1699339879.2309725 0 -0.04
1699339879.3138733 0 -0.04
1699339879.3961337 0 -0.04
1699339879.4742467 0 -0.04
1699339879.5539782 0 -0.04
1699339879.6357386 0 -0.04
1699339879.7296112 0 -0.04
1699339879.8088622 0 -0.04
1699339879.882849 0 -0.04
1699339879.9581378 0 -0.04
1699339880.0339346 0 -0.04
1699339880.1175158 0 -0.04
1699339880.1969728 0 -0.04
1699339880.2747347 0 -0.04
1699339880.35375 0 -0.04
1699339880.4374871 0 -0.04
1699339880.5158165 0 -0.04
1699339880.597469 0 -0.04
1699339880.678691 0 -0.04
1699339880.760983 0 -0.04
1699339880.8364358 0 -0.04
1699339880.9168444 0 -0.04
1699339880.9962006 0 -0.04
1699339881.073684 0 -0.04
1699339881.151887 0 -0.04
1699339881.2304657 0 -0.04
1699339881.3061016 0 -0.04
1699339881.389149 0 -0.04
1699339881.468619 0 -0.04
1699339881.546492 0 -0.04
1699339881.6330016 0 -0.04
1699339881.7140255 0 -0.04
1699339881.795035 0 -0.04
1699339881.8771305 0 -0.04
1699339881.9588091 0 -0.04
1699339882.0458882 0 -0.04
1699339882.1309967 0 -0.04
1699339882.2076762 0 -0.04
1699339882.2887769 0 -0.04
1699339882.3712597 0 -0.04
1699339882.4523375 0 -0.04
1699339882.5329754 0 -0.04
1699339882.6266577 0 -0.04
1699339882.7058954 0 -0.04
1699339882.7858377 0 -0.04
1699339882.8669236 0 -0.04
1699339882.9559448 0 -0.04
1699339883.0383303 0 -0.04
1699339883.1247947 0 -0.04
1699339883.2106252 0 -0.04
1699339883.2980418 0 -0.04
1699339883.3903859 0 -0.04
1699339883.4710763 0 -0.04
1699339883.5502923 0 -0.04
1699339883.6283634 0 -0.04
1699339883.7064657 0 -0.04
1699339883.7930062 0 -0.04
1699339883.8739154 0 -0.04
1699339883.956559 0 -0.04
1699339884.0355623 0 -0.04
1699339884.117705 0 -0.04
1699339884.1977823 0 -0.04
1699339884.2758427 0 -0.04
1699339884.3565505 0 -0.04
1699339884.4352977 0 -0.04
1699339884.5168402 0 -0.04
1699339884.597108 0 -0.04
1699339884.6717486 0 -0.04
1699339884.7473955 0 -0.04
1699339884.8253717 0 -0.04
1699339884.9060087 0 -0.04
1699339884.9888284 0 -0.04
1699339885.0729501 0 -0.04
1699339885.1547465 0 -0.04
1699339885.2314634 0 -0.04
1699339885.3147197 0 -0.04
1699339885.3957527 0 -0.04
1699339885.4765346 0 -0.04
1699339885.5692542 0 -0.04
1699339885.6441777 0 -0.04
1699339885.7308042 0 -0.04
1699339885.812529 0 -0.04
1699339885.9044933 0 -0.04
1699339885.998323 0 -0.04
1699339886.096196 0 -0.04
1699339886.190166 0 -0.04
1699339886.2765894 0 -0.04
1699339886.3689806 0 -0.04
1699339886.463265 0 -0.04
1699339886.5614078 0 -0.04
1699339886.6549976 0 -0.04
1699339886.7449481 0 -0.04
1699339886.8344188 0 -0.04
1699339886.9302738 0 -0.04
1699339887.0259376 0 -0.04
1699339887.116133 0 -0.04
1699339887.209462 0 -0.04
1699339887.3143294 0 -0.04
1699339887.4124095 0 -0.04
1699339887.4994595 0 -0.04
1699339887.5974326 0 -0.04
1699339887.6953855 0 -0.04
1699339887.7806873 0 -0.04
1699339887.8733249 0 -0.04
1699339887.963338 0 -0.04
1699339888.0626702 0 -0.04
1699339888.1597724 0 -0.04
1699339888.2519493 0 -0.04
1699339888.3420641 0 -0.04
1699339888.4365618 0 -0.04
1699339888.5380461 0 -0.04
1699339888.6308808 0 -0.04
1699339888.7226057 0 -0.04
1699339888.8163097 0 -0.04
1699339888.8980045 0 -0.04
1699339888.981723 0 -0.04
1699339889.0600374 0 -0.04
1699339889.1388066 0 -0.04
1699339889.2156467 0 -0.04
1699339889.287845 0 -0.04
1699339889.3780606 0 -0.04
1699339889.4597323 0 -0.04
1699339889.5393422 0 -0.04
1699339889.612106 0 -0.04
1699339889.7054627 0 -0.04
1699339889.7827485 0 -0.04
1699339889.8667114 0 -0.04
1699339889.9421246 0 -0.04
1699339890.0179834 0 -0.04
1699339890.0995936 0 -0.04
1699339890.1896493 0 -0.04
1699339890.2661958 0 -0.04
1699339890.346131 0 -0.04
1699339890.420463 0 -0.04
1699339890.5017176 0 -0.04
1699339890.5841572 0 -0.04
1699339890.662156 0 -0.04
1699339890.7373343 0 -0.04
1699339890.8175159 0 -0.04
1699339890.9013228 0 -0.04
1699339890.9846232 0 -0.04
1699339891.0663729 0 -0.04
1699339891.1414979 0 -0.04
1699339891.2201912 0 -0.04
1699339891.3076682 0 -0.04
1699339891.3876293 0 -0.04
1699339891.4615486 0 -0.04
1699339891.5378163 0 -0.04
1699339891.619599 0 -0.04
1699339891.7049098 0 -0.04
1699339891.7865875 0 -0.04
1699339891.8662019 0 -0.04
1699339891.9471493 0 -0.04
1699339892.0273788 0 -0.04
1699339892.1088057 0 -0.04
