1697192494.85705 -0.0 0
1697192495.0238135 -0.0 0
1697192495.1293285 -0.0 0
1697192495.1639528 -0.0 0
1697192495.1822457 -0.0 0
1697192495.223538 -0.0 0
1697192495.2739267 -0.0 0
1697192495.3237963 -0.0 0
1697192495.374589 -0.0 0
1697192495.4245431 -0.0 0
1697192495.4741123 -0.0 0
1697192495.5240126 -0.0 0
1697192495.5740738 -0.0 0
1697192495.6240764 -0.0 0
1697192495.6751473 -0.0 0
1697192495.7255032 -0.0 0
1697192495.7760623 -0.0 0
1697192495.8272753 -0.0 0
1697192495.8777401 -0.0 0
1697192495.9275687 -0.0 0
1697192495.977946 -0.0 0
1697192496.0280995 -0.0 0
1697192496.0787003 -0.0 0
1697192496.1287496 -0.0 0
1697192496.1789243 -0.0 0
1697192496.2295418 -0.0 0
1697192496.279345 -0.0 0
1697192496.3293674 -0.0 0
1697192496.3795767 -0.0 0
1697192496.4294882 -0.0 0
1697192496.4805312 -0.0 0
1697192496.5307708 -0.0 0
1697192496.5811632 -0.0 0
1697192496.631313 -0.0 0
1697192496.6820874 -0.0 0
1697192496.731579 -0.0 0
1697192496.7828586 -0.0 0
1697192496.832715 -0.0 0
1697192496.8825674 -0.0 0
1697192496.932167 -0.0 0
1697192496.9825046 -0.0 0
1697192497.0330367 -0.0 0
1697192497.082877 -0.0 0
1697192497.1327662 -0.0 0
1697192497.1835341 -0.0 0
1697192497.2332973 -0.0 0
1697192497.2834082 -0.0 0
1697192497.3336332 -0.0 0
1697192497.3847234 -0.0 0
1697192497.4351678 -0.0 0
1697192497.4847202 -0.0 0
1697192497.5376132 -0.0 0
1697192497.587832 -0.0 0
1697192497.6372738 -0.0 0
1697192497.686956 -0.0 0
1697192497.7370634 -0.0 0
1697192497.787196 -0.0 0
1697192497.8372972 -0.0 0
1697192497.8880804 -0.0 0
1697192497.938856 -0.0 0
1697192497.9888072 -0.0 0
1697192498.0382056 -0.0 0
1697192498.088549 -0.0 0
1697192498.1382775 -0.0 0
1697192498.188047 -0.0 0
1697192498.238198 -0.0 0
1697192498.2910256 -0.0 0
1697192498.3407655 -0.0 0
1697192498.3905993 -0.0 0
1697192498.4405742 -0.0 0
1697192498.491063 -0.0 0
1697192498.5406911 -0.0 0
1697192498.5908785 -0.0 0
1697192498.642166 -0.0 0
1697192498.6918206 -0.0 0
1697192498.7417257 -0.0 0
1697192498.792708 -0.0 0
1697192498.8423593 -0.0 0
1697192498.8924913 -0.0 0
1697192498.943258 -0.0 0
1697192498.9936342 -0.0 0
1697192499.0440023 -0.0 0
1697192499.0937977 -0.0 0
1697192499.1437166 -0.0 0
1697192499.1940494 -0.0 0
1697192499.2440398 -0.0 0
1697192499.2944236 -0.0 0
1697192499.3446028 -0.0 0
1697192499.3948152 -0.0 0
1697192499.4453137 -0.0 0
1697192499.4959686 -0.0 0
1697192499.546422 -0.0 0
1697192499.596219 -0.0 0
1697192499.6467724 -0.0 0
1697192499.6971555 -0.0 0
1697192499.7473793 -0.0 0
1697192499.7984607 -0.0 0
1697192499.8480444 -0.0 0
