1697175104.3325937 -0.0 0
1697175104.5841036 -0.0 0
1697175104.7096906 -0.0 0
1697175104.7350242 -0.0 0
1697175104.76377 -0.0 0
1697175104.784339 -0.0 0
1697175104.834749 -0.0 0
1697175104.8847501 -0.0 0
1697175104.9348388 -0.0 0
1697175104.9853373 -0.0 0
1697175105.0349808 -0.0 0
1697175105.0855086 -0.0 0
1697175105.1354482 -0.0 0
1697175105.1859071 -0.0 0
1697175105.2356548 -0.0 0
1697175105.2857082 -0.0 0
1697175105.335833 -0.0 0
1697175105.3860066 -0.0 0
1697175105.4362044 -0.0 0
1697175105.4871495 -0.0 0
1697175105.5370257 -0.0 0
1697175105.5871725 -0.0 0
1697175105.6379764 -0.0 0
1697175105.6874568 -0.0 0
1697175105.7378693 -0.0 0
1697175105.787756 -0.0 0
1697175105.8388073 -0.0 0
1697175105.8898025 -0.0 0
1697175105.940288 -0.0 0
1697175105.990067 -0.0 0
1697175106.0408697 -0.0 0
1697175106.0895402 -0.0 0
1697175106.140057 -0.0 0
1697175106.1902776 -0.0 0
1697175106.2403946 -0.0 0
1697175106.290865 -0.0 0
1697175106.3412898 -0.0 0
1697175106.391658 -0.0 0
1697175106.4414413 -0.0 0
1697175106.4917111 -0.0 0
1697175106.5418139 -0.0 0
1697175106.5919573 -0.0 0
1697175106.6450999 -0.0 0
1697175106.729847 -0.0 0
1697175106.7792137 -0.0 0
1697175106.822693 -0.0 0
1697175106.856636 -0.0 0
1697175106.9101589 -0.0 0
1697175106.957345 -0.0 0
1697175107.006448 -0.0 0
1697175107.0565252 -0.0 0
1697175107.1059132 -0.0 0
1697175107.1560318 -0.0 0
1697175107.2067068 -0.0 0
1697175107.257376 -0.0 0
1697175107.3084006 -0.0 0
1697175107.3577945 -0.0 0
1697175107.4076724 -0.0 0
1697175107.458496 -0.0 0
1697175107.5083168 -0.0 0
1697175107.5580451 -0.0 0
1697175107.608792 -0.0 0
1697175107.6594245 -0.0 0
1697175107.709867 -0.0 0
1697175107.759506 -0.0 0
1697175107.8096106 -0.0 0
1697175107.8597624 -0.0 0
1697175107.9101074 -0.0 0
1697175107.961351 -0.0 0
1697175108.0123754 -0.0 0
1697175108.0627687 -0.0 0
1697175108.114129 -0.0 0
1697175108.2026453 -0.0 0
1697175108.2448173 -0.0 0
1697175108.309847 -0.0 0
1697175108.387563 -0.0 0
1697175108.4380221 -0.0 0
1697175108.4750443 -0.0 0
1697175108.5036333 -0.0 0
1697175108.5193882 -0.0 0
1697175108.5668564 -0.0 0
1697175108.6169183 -0.0 0
1697175108.6670494 -0.0 0
1697175108.7178502 -0.0 0
1697175108.7676938 -0.0 0
1697175108.818218 -0.0 0
1697175108.8682196 -0.0 0
1697175108.9182162 -0.0 0
1697175108.9684043 -0.0 0
1697175109.0185184 -0.0 0
1697175109.0689704 -0.0 0
1697175109.1189544 -0.0 0
1697175109.1694076 -0.0 0
1697175109.219261 -0.0 0
1697175109.2694144 -0.0 0
1697175109.3194478 -0.0 0
1697175109.3697546 -0.0 0
1697175109.4197645 -0.0 0
1697175109.470725 -0.0 0
1697175109.522741 -0.0 0
1697175109.5719562 -0.0 0
1697175109.6217039 -0.0 0
1697175109.6721642 -0.0 0
1697175109.7218416 -0.0 0
1697175109.7731185 -0.0 0
1697175109.8240159 -0.0 0
1697175109.8749335 -0.0 0
1697175109.9243467 -0.0 0
1697175109.9745245 -0.0 0
1697175110.024411 -0.0 0
1697175110.074718 -0.0 0
1697175110.1246567 -0.0 0
1697175110.1755319 -0.0 0
1697175110.2250736 -0.0 0
1697175110.2754874 -0.0 0
1697175110.3257356 -0.0 0
1697175110.3762195 -0.0 0
1697175110.4263804 -0.0 0
1697175110.4773793 -0.0 0
1697175110.5277002 -0.0 0
1697175110.5785785 -0.0 0
1697175110.6283772 -0.0 0
1697175110.6787388 -0.0 0
1697175110.7293622 -0.0 0
1697175110.7787025 -0.0 0
1697175110.830486 -0.0 0
1697175110.8945928 -0.0 0
1697175110.9511645 -0.0 0
1697175111.0034504 -0.0 0
1697175111.0496254 -0.0 0
1697175111.092789 -0.0 0
1697175111.1330264 -0.0 0
1697175111.1843507 -0.0 0
1697175111.2347941 -0.0 0
1697175111.2848349 -0.0 0
1697175111.3348675 -0.0 0
1697175111.3854065 -0.0 0
1697175111.4346178 -0.0 0
1697175111.4851937 -0.0 0
1697175111.53551 -0.0 0
1697175111.5859582 -0.0 0
1697175111.6357563 -0.0 0
1697175111.6862206 -0.0 0
1697175111.7365906 -0.0 0
1697175111.7877202 -0.0 0
1697175111.838822 -0.0 0
1697175111.8891845 -0.0 0
1697175111.9393408 -0.0 0
1697175111.98897 -0.0 0
1697175112.039209 -0.0 0
1697175112.0893888 -0.0 0
1697175112.1400404 -0.0 0
1697175112.1894493 -0.0 0
1697175112.2399073 -0.0 0
1697175112.2907584 -0.0 0
1697175112.3406718 -0.0 0
1697175112.3906548 -0.0 0
1697175112.4411314 -0.0 0
1697175112.4912071 -0.0 0
1697175112.541238 -0.0 0
1697175112.5925932 -0.0 0
1697175112.643463 -0.0 0
1697175112.6936636 -0.0 0
1697175112.7433627 -0.0 0
1697175112.7932942 -0.0 0
1697175112.843273 -0.0 0
1697175112.893474 -0.0 0
1697175112.9437432 -0.0 0
1697175112.9946125 -0.0 0
1697175113.0448027 -0.0 0
1697175113.0953448 -0.0 0
1697175113.1451077 -0.0 0
1697175113.1950445 -0.0 0
1697175113.2450893 -0.0 0
1697175113.2950647 -0.0 0
1697175113.3456125 -0.0 0
1697175113.3954391 -0.0 0
1697175113.445455 -0.0 0
1697175113.4972775 -0.0 0
1697175113.5460954 -0.0 0
1697175113.596634 -0.0 0
1697175113.646664 -0.0 0
1697175113.6966977 -0.0 0
1697175113.747162 -0.0 0
1697175113.7972248 -0.0 0
1697175113.848275 -0.0 0
1697175113.897919 -0.0 0
1697175113.947568 -0.0 0
1697175113.9987712 -0.0 0
1697175114.0485098 -0.0 0
1697175114.0986445 -0.0 0
1697175114.1480753 -0.0 0
1697175114.1985888 -0.0 0
1697175114.2489367 -0.0 0
1697175114.2987463 -0.0 0
1697175114.3749774 -0.0 0
1697175114.4240522 -0.0 0
1697175114.46945 -0.0 0
1697175114.513489 -0.0 0
1697175114.5681655 -0.0 0
1697175114.6175828 -0.0 0
1697175114.676457 -0.0 0
1697175114.7197654 -0.0 0
1697175114.7611609 -0.0 0
1697175114.8072577 -0.0 0
1697175114.8528926 -0.0 0
1697175114.9030983 -0.0 0
1697175114.953184 -0.0 0
1697175115.0039263 -0.0 0
1697175115.0635774 -0.0 0
1697175115.1054711 -0.0 0
1697175115.1561413 -0.0 0
1697175115.2058315 -0.0 0
1697175115.2560084 -0.0 0
1697175115.3061693 -0.0 0
1697175115.356331 -0.0 0
1697175115.4076905 -0.0 0
1697175115.4883807 -0.0 0
1697175115.5331798 -0.0 0
1697175115.5804515 -0.0 0
1697175115.6264315 -0.0 0
1697175115.6651092 -0.0 0
1697175115.7151008 -0.0 0
1697175115.7657695 -0.0 0
1697175115.8154435 -0.0 0
1697175115.8663726 -0.0 0
1697175115.9158237 -0.0 0
1697175115.9661517 -0.0 0
1697175116.0160394 -0.0 0
1697175116.0669413 -0.0 0
1697175116.116625 -0.0 0
1697175116.1666117 -0.0 0
1697175116.2167468 -0.0 0
1697175116.267052 -0.0 0
1697175116.318182 -0.0 0
1697175116.3676467 -0.0 0
1697175116.4192934 -0.0 0
1697175116.4696286 -0.0 0
1697175116.5201797 -0.0 0
1697175116.5698774 -0.0 0
1697175116.620437 -0.0 0
1697175116.6713848 -0.0 0
1697175116.7207916 -0.0 0
1697175116.770516 -0.0 0
1697175116.8206713 -0.0 0
1697175116.8712795 -0.0 0
1697175116.9207575 -0.0 0
1697175116.9706526 -0.0 0
1697175117.02138 -0.0 0
1697175117.071193 -0.0 0
1697175117.121501 -0.0 0
1697175117.1717331 -0.0 0
1697175117.2216504 -0.0 0
1697175117.2719536 -0.0 0
1697175117.3230588 -0.0 0
1697175117.3732576 -0.0 0
1697175117.4230661 -0.0 0
1697175117.4744527 -0.0 0
1697175117.524021 -0.0 0
1697175117.5747082 -0.0 0
1697175117.62444 -0.0 0
1697175117.6744618 -0.0 0
1697175117.7258468 -0.0 0
1697175117.7756414 -0.0 0
1697175117.825878 -0.0 0
1697175117.8754752 -0.0 0
1697175117.9252603 -0.0 0
1697175117.9766362 -0.0 0
1697175118.0259628 -0.0 0
1697175118.0769048 -0.0 0
1697175118.1272798 -0.0 0
1697175118.178015 -0.0 0
1697175118.228483 -0.0 0
1697175118.2784731 -0.0 0
1697175118.3291993 -0.0 0
1697175118.3793123 -0.0 0
1697175118.4301496 -0.0 0
1697175118.4797218 -0.0 0
1697175118.5303345 -0.0 0
1697175118.5804827 -0.0 0
1697175118.6311064 -0.0 0
1697175118.6811538 -0.0 0
1697175118.7321966 -0.0 0
1697175118.7834578 -0.0 0
1697175118.8339233 -0.0 0
1697175118.8833358 -0.0 0
1697175118.9333146 -0.0 0
1697175118.9832668 -0.0 0
1697175119.03345 -0.0 0
1697175119.083442 -0.0 0
1697175119.1341596 -0.0 0
1697175119.1838696 -0.0 0
1697175119.2340188 -0.0 0
1697175119.2842026 -0.0 0
1697175119.3348584 -0.0 0
1697175119.3850121 -0.0 0
1697175119.4351168 -0.0 0
1697175119.4850354 -0.0 0
1697175119.5352662 -0.0 0
1697175119.5857387 -0.0 0
1697175119.6363037 -0.0 0
1697175119.6867943 -0.0 0
1697175119.7365596 -0.0 0
1697175119.7865667 -0.0 0
1697175119.8365302 -0.0 0
1697175119.8883579 -0.0 0
1697175119.938201 -0.0 0
1697175119.9888487 -0.0 0
1697175120.038299 -0.0 0
1697175120.0885105 -0.0 0
1697175120.1383321 -0.0 0
1697175120.1887102 -0.0 0
1697175120.2391727 -0.0 0
1697175120.2902243 -0.0 0
1697175120.3408866 -0.0 0
1697175120.3913248 -0.0 0
1697175120.4415684 -0.0 0
1697175120.4932919 -0.0 0
1697175120.5451086 -0.0 0
1697175120.5948637 -0.0 0
1697175120.6466563 -0.0 0
1697175120.6975198 -0.0 0
1697175120.759317 -0.0 0
1697175120.804654 -0.0 0
1697175120.8488317 -0.0 0
1697175120.8999763 -0.0 0
1697175120.9592588 -0.0 0
1697175121.0004187 -0.0 0
1697175121.0508103 -0.0 0
1697175121.1009037 -0.0 0
1697175121.150953 -0.0 0
1697175121.2011442 -0.0 0
1697175121.2511106 -0.0 0
1697175121.3013628 -0.0 0
1697175121.351504 -0.0 0
1697175121.4018738 -0.0 0
1697175121.4517698 -0.0 0
1697175121.501775 -0.0 0
1697175121.552099 -0.0 0
1697175121.6026227 -0.0 0
1697175121.6525617 -0.0 0
1697175121.702523 -0.0 0
1697175121.752542 -0.0 0
1697175121.803496 -0.0 0
1697175121.8539524 -0.0 0
1697175121.9048886 -0.0 0
1697175121.9545066 -0.0 0
1697175122.0059407 -0.0 0
1697175122.0556145 -0.0 0
1697175122.1055562 -0.0 0
1697175122.155383 -0.0 0
1697175122.206733 -0.0 0
1697175122.2570171 -0.0 0
1697175122.3076267 -0.0 0
1697175122.3577948 -0.0 0
1697175122.4087741 -0.0 0
1697175122.4605846 -0.0 0
1697175122.5106697 -0.0 0
1697175122.5628538 -0.0 0
1697175122.6122804 -0.0 0
1697175122.663124 -0.0 0
1697175122.7128994 -0.0 0
1697175122.762887 -0.0 0
1697175122.8135867 -0.0 0
1697175122.8630223 -0.0 0
1697175122.9160562 -0.0 0
1697175122.9659634 -0.0 0
1697175123.0163627 -0.0 0
1697175123.0665 -0.0 0
1697175123.1168902 -0.0 0
1697175123.1674392 -0.0 0
1697175123.217948 -0.0 0
1697175123.2682033 -0.0 0
1697175123.318291 -0.0 0
1697175123.3695736 -0.0 0
1697175123.4204683 -0.0 0
1697175123.4717488 -0.0 0
1697175123.5222735 -0.0 0
1697175123.5725904 -0.0 0
1697175123.6222835 -0.0 0
1697175123.6724925 -0.0 0
1697175123.722516 -0.0 0
1697175123.7729764 -0.0 0
1697175123.8230927 -0.0 0
1697175123.8739996 -0.0 0
1697175123.9254167 -0.0 0
1697175123.9755473 -0.0 0
1697175124.025348 -0.0 0
1697175124.0747063 -0.0 0
1697175124.12587 -0.0 0
1697175124.1760018 -0.0 0
1697175124.2266269 -0.0 0
1697175124.2762303 -0.0 0
1697175124.3264906 -0.0 0
1697175124.3769627 -0.0 0
1697175124.4270728 -0.0 0
1697175124.4774694 -0.0 0
1697175124.5276475 -0.0 0
1697175124.5783846 -0.0 0
1697175124.6288142 -0.0 0
1697175124.67863 -0.0 0
1697175124.7286584 -0.0 0
1697175124.7798493 -0.0 0
1697175124.8302581 -0.0 0
1697175124.8802085 -0.0 0
1697175124.9301808 -0.0 0
1697175124.9815657 -0.0 0
1697175125.0309124 -0.0 0
1697175125.0811923 -0.0 0
1697175125.1322212 -0.0 0
1697175125.1824162 -0.0 0
1697175125.2337384 -0.0 0
1697175125.2831311 -0.0 0
1697175125.332663 -0.0 0
1697175125.3826582 -0.0 0
1697175125.432607 -0.0 0
1697175125.48274 -0.0 0
1697175125.5330284 -0.0 0
1697175125.583226 -0.0 0
1697175125.6334596 -0.0 0
1697175125.683543 -0.0 0
1697175125.7354631 -0.0 0
1697175125.7854686 -0.0 0
1697175125.8360424 -0.0 0
1697175125.8878698 -0.0 0
1697175125.9391904 -0.0 0
1697175125.9878821 -0.0 0
1697175126.0377264 -0.0 0
1697175126.087647 -0.0 0
1697175126.1378212 -0.0 0
1697175126.1885118 -0.0 0
1697175126.2381046 -0.0 0
1697175126.2882042 -0.0 0
1697175126.338237 -0.0 0
1697175126.3885763 -0.0 0
1697175126.438602 -0.0 0
1697175126.4887455 -0.0 0
1697175126.5388129 -0.0 0
1697175126.588774 -0.0 0
1697175126.6389148 -0.0 0
1697175126.6896274 -0.0 0
1697175126.7394528 -0.0 0
1697175126.7898405 -0.0 0
1697175126.8405883 -0.0 0
1697175126.8903632 -0.0 0
1697175126.9409492 -0.0 0
1697175126.9913821 -0.0 0
1697175127.042049 -0.0 0
1697175127.0920997 -0.0 0
1697175127.1419108 -0.0 0
1697175127.1919904 -0.0 0
1697175127.2420688 -0.0 0
1697175127.2923117 -0.0 0
1697175127.3423963 -0.0 0
1697175127.39255 -0.0 0
1697175127.4426348 -0.0 0
1697175127.4929814 -0.0 0
1697175127.5437067 -0.0 0
1697175127.5938423 -0.0 0
1697175127.6436799 -0.0 0
1697175127.6939805 -0.0 0
1697175127.7438996 -0.0 0
1697175127.79434 -0.0 0
1697175127.8440676 -0.0 0
1697175127.8945127 -0.0 0
1697175127.9449964 -0.0 0
1697175127.9955118 -0.0 0
1697175128.0460832 -0.0 0
1697175128.095783 -0.0 0
1697175128.1460674 -0.0 0
1697175128.1962068 -0.0 0
1697175128.2466068 -0.0 0
1697175128.2964454 -0.0 0
1697175128.3467124 -0.0 0
1697175128.3965154 -0.0 0
1697175128.4467406 -0.0 0
1697175128.4968138 -0.0 0
1697175128.5471957 -0.0 0
1697175128.597334 -0.0 0
1697175128.647542 -0.0 0
1697175128.697526 -0.0 0
1697175128.748396 -0.0 0
1697175128.798571 -0.0 0
1697175128.8481445 -0.0 0
1697175128.8989177 -0.0 0
1697175128.9486206 -0.0 0
1697175128.9987695 -0.0 0
1697175129.0488508 -0.0 0
1697175129.098977 -0.0 0
1697175129.1500976 -0.0 0
1697175129.1999357 -0.0 0
1697175129.249983 -0.0 0
1697175129.2998598 -0.0 0
1697175129.3501647 -0.0 0
1697175129.400304 -0.0 0
1697175129.4503849 -0.0 0
1697175129.500448 -0.0 0
1697175129.5509958 -0.0 0
1697175129.6008275 -0.0 0
1697175129.6508923 -0.0 0
1697175129.7011814 -0.0 0
1697175129.7513723 -0.0 0
1697175129.8023021 -0.0 0
1697175129.8524685 -0.0 0
1697175129.9033165 -0.0 0
1697175129.953504 -0.0 0
1697175130.0031166 -0.0 0
1697175130.0531917 -0.0 0
1697175130.1037416 -0.0 0
1697175130.153385 -0.0 0
1697175130.2034614 -0.0 0
1697175130.2543764 -0.0 0
1697175130.3043444 -0.0 0
1697175130.3548841 -0.0 0
1697175130.4048095 -0.0 0
1697175130.4550474 -0.0 0
1697175130.5051956 -0.0 0
1697175130.5553129 -0.0 0
1697175130.6064973 -0.0 0
1697175130.6556647 -0.0 0
1697175130.706322 -0.0 0
1697175130.75633 -0.0 0
1697175130.8064153 -0.0 0
1697175130.8567147 -0.0 0
1697175130.9070225 -0.0 0
1697175130.9567852 -0.0 0
1697175131.0078254 -0.0 0
1697175131.0579836 -0.0 0
1697175131.1084204 -0.0 0
1697175131.1586123 -0.0 0
1697175131.2093892 -0.0 0
1697175131.2596226 -0.0 0
1697175131.3100078 -0.0 0
1697175131.3604703 -0.0 0
1697175131.4112484 -0.0 0
1697175131.4606311 -0.0 0
1697175131.5106642 -0.0 0
1697175131.5608065 -0.0 0
1697175131.6108136 -0.0 0
1697175131.6612928 -0.0 0
1697175131.7117226 -0.0 0
1697175131.7615561 -0.0 0
1697175131.8120582 -0.0 0
1697175131.86184 -0.0 0
1697175131.9119377 -0.0 0
1697175131.962173 -0.0 0
1697175132.0123062 -0.0 0
1697175132.0626361 -0.0 0
1697175132.1125998 -0.0 0
1697175132.1628778 -0.0 0
1697175132.213713 -0.0 0
1697175132.2634897 -0.0 0
1697175132.3141246 -0.0 0
1697175132.3642087 -0.0 0
1697175132.4144902 -0.0 0
1697175132.4648492 -0.0 0
1697175132.5161045 -0.0 0
1697175132.5666852 -0.0 0
1697175132.6164274 -0.0 0
1697175132.6682441 -0.0 0
1697175132.7187319 -0.0 0
1697175132.7691116 -0.0 0
1697175132.8188882 -0.0 0
1697175132.8687508 -0.0 0
1697175132.9188724 -0.0 0
1697175132.970502 -0.0 0
1697175133.0201638 -0.0 0
1697175133.070119 -0.0 0
1697175133.1206014 -0.0 0
1697175133.1706169 -0.0 0
1697175133.220195 -0.0 0
1697175133.2702918 -0.0 0
1697175133.3204818 -0.0 0
1697175133.370749 -0.0 0
1697175133.4206574 -0.0 0
1697175133.4713686 -0.0 0
1697175133.521342 -0.0 0
1697175133.5717828 -0.0 0
1697175133.6219342 -0.0 0
1697175133.6722436 -0.0 0
1697175133.7225654 -0.0 0
1697175133.7724674 -0.0 0
1697175133.8227098 -0.0 0
1697175133.872621 -0.0 0
1697175133.9232984 -0.0 0
1697175133.9732215 -0.0 0
1697175134.0235238 -0.0 0
1697175134.0737886 -0.0 0
1697175134.124024 -0.0 0
1697175134.1743581 -0.0 0
1697175134.2248573 -0.0 0
1697175134.275859 -0.0 0
1697175134.3260298 -0.0 0
1697175134.3758988 -0.0 0
1697175134.425835 -0.0 0
1697175134.4764225 -0.0 0
1697175134.5263572 -0.0 0
1697175134.5769258 -0.0 0
1697175134.626954 -0.0 0
1697175134.677457 -0.0 0
1697175134.7274294 -0.0 0
1697175134.7786305 -0.0 0
1697175134.8289216 -0.0 0
1697175134.8787637 -0.0 0
1697175134.9288304 -0.0 0
1697175134.9794884 -0.0 0
1697175135.029178 -0.0 0
1697175135.0792456 -0.0 0
1697175135.129446 -0.0 0
1697175135.179434 -0.0 0
1697175135.2298896 -0.0 0
1697175135.2798414 -0.0 0
1697175135.3298593 -0.0 0
1697175135.380595 -0.0 0
1697175135.430319 -0.0 0
1697175135.4811995 -0.0 0
1697175135.5315125 -0.0 0
1697175135.5824358 -0.0 0
1697175135.6318593 -0.0 0
1697175135.681765 -0.0 0
1697175135.732338 -0.0 0
1697175135.7823613 -0.0 0
1697175135.8324149 -0.0 0
1697175135.8825939 -0.0 0
1697175135.9327333 -0.0 0
1697175135.9829361 -0.0 0
1697175136.0330076 -0.0 0
1697175136.0831466 -0.0 0
1697175136.133254 -0.0 0
1697175136.1835907 -0.0 0
1697175136.2339716 -0.0 0
1697175136.2839122 -0.0 0
1697175136.3350484 -0.0 0
1697175136.3843622 -0.0 0
1697175136.4344487 -0.0 0
1697175136.4845214 -0.0 0
1697175136.534658 -0.0 0
1697175136.584954 -0.0 0
1697175136.6352131 -0.0 0
1697175136.6857834 -0.0 0
1697175136.7357926 -0.0 0
1697175136.7858837 -0.0 0
1697175136.8357432 -0.0 0
1697175136.8858373 -0.0 0
1697175136.9361036 -0.0 0
1697175136.9865372 -0.0 0
1697175137.036905 -0.0 0
1697175137.087154 -0.0 0
1697175137.137263 -0.0 0
1697175137.1872654 -0.0 0
1697175137.2374268 -0.0 0
1697175137.2875443 -0.0 0
1697175137.337642 -0.0 0
1697175137.3884091 -0.0 0
1697175137.4379976 -0.0 0
1697175137.4888792 -0.0 0
1697175137.5388968 -0.0 0
1697175137.5891576 -0.0 0
1697175137.6395705 -0.0 0
1697175137.6893528 -0.0 0
1697175137.7397742 -0.0 0
1697175137.7904968 -0.0 0
1697175137.8403425 -0.0 0
1697175137.8909843 -0.0 0
1697175137.941282 -0.0 0
1697175137.9911628 -0.0 0
1697175138.0412862 -0.0 0
1697175138.0912607 -0.0 0
1697175138.1420252 -0.0 0
1697175138.1915781 -0.0 0
1697175138.2421677 -0.0 0
1697175138.291957 -0.0 0
1697175138.341715 -0.0 0
1697175138.3919964 -0.0 0
1697175138.4429767 -0.0 0
1697175138.4932175 -0.0 0
1697175138.5429351 -0.0 0
1697175138.5928254 -0.0 0
1697175138.6429796 -0.0 0
1697175138.6926885 -0.0 0
1697175138.7433424 -0.0 0
1697175138.7937093 -0.0 0
1697175138.8434885 -0.0 0
1697175138.8939307 -0.0 0
1697175138.9437664 -0.0 0
1697175138.9942815 -0.0 0
1697175139.044146 -0.0 0
1697175139.0942466 -0.0 0
1697175139.144427 -0.0 0
1697175139.195169 -0.0 0
1697175139.2446318 -0.0 0
1697175139.2949796 -0.0 0
1697175139.3453417 -0.0 0
1697175139.3956695 -0.0 0
1697175139.4459105 -0.0 0
1697175139.4956412 -0.0 0
1697175139.5459013 -0.0 0
1697175139.5962088 -0.0 0
1697175139.6462784 -0.0 0
1697175139.6965368 -0.0 0
1697175139.7468376 -0.0 0
1697175139.7968042 -0.0 0
1697175139.8479857 -0.0 0
1697175139.8983753 -0.0 0
1697175139.9496837 -0.0 0
1697175139.9995835 -0.0 0
1697175140.0528016 -0.0 0
1697175140.0997107 -0.0 0
1697175140.1497388 -0.0 0
1697175140.2000153 -0.0 0
1697175140.2502475 -0.0 0
1697175140.3005831 -0.0 0
1697175140.3506234 -0.0 0
1697175140.4014645 -0.0 0
1697175140.451584 -0.0 0
1697175140.5017252 -0.0 0
1697175140.552158 -0.0 0
1697175140.6022785 -0.0 0
1697175140.6526735 -0.0 0
1697175140.7027278 -0.0 0
1697175140.7527082 -0.0 0
1697175140.8032496 -0.0 0
1697175140.8529236 -0.0 0
1697175140.903068 -0.0 0
1697175140.9531372 -0.0 0
1697175141.003514 -0.0 0
1697175141.053775 -0.0 0
1697175141.1043932 -0.0 0
1697175141.1545768 -0.0 0
1697175141.2045383 -0.0 0
1697175141.2547143 -0.0 0
1697175141.306016 -0.0 0
1697175141.3563821 -0.0 0
1697175141.406237 -0.0 0
1697175141.4572916 -0.0 0
1697175141.506999 -0.0 0
1697175141.5569768 -0.0 0
1697175141.6072607 -0.0 0
1697175141.6573825 -0.0 0
1697175141.707275 -0.0 0
1697175141.7577796 -0.0 0
1697175141.8079386 -0.0 0
1697175141.8578606 -0.0 0
1697175141.9080834 -0.0 0
1697175141.9582543 -0.0 0
1697175142.0085187 -0.0 0
1697175142.0584252 -0.0 0
1697175142.108814 -0.0 0
1697175142.1588933 -0.0 0
1697175142.2089787 -0.0 0
