1698905174.2530215 -0.0 0
1698905174.4725819 -0.0 0
1698905174.604553 -0.0 0
1698905174.6389987 -0.0 0
1698905174.6736763 -0.0 0
1698905174.706239 -0.0 0
1698905174.7250042 -0.0 0
1698905174.7734895 -0.0 0
1698905174.82289 -0.0 0
1698905174.873007 -0.0 0
1698905174.923563 -0.0 0
1698905174.9735467 -0.0 0
1698905175.0237317 -0.0 0
1698905175.0739386 -0.0 0
1698905175.1244593 -0.0 0
1698905175.174414 -0.0 0
1698905175.22465 -0.0 0
1698905175.2747774 -0.0 0
1698905175.3249283 -0.0 0
1698905175.374856 -0.0 0
1698905175.4248157 -0.0 0
1698905175.4752584 -0.0 0
1698905175.5255141 -0.0 0
1698905175.5756366 -0.0 0
1698905175.628333 -0.0 0
1698905175.6783683 -0.0 0
1698905175.7284005 -0.0 0
1698905175.7789745 -0.0 0
1698905175.8289597 -0.0 0
1698905175.8790967 -0.0 0
1698905175.9292414 -0.0 0
1698905175.9794252 -0.0 0
1698905176.031349 -0.0 0
1698905176.0818114 -0.0 0
1698905176.131924 -0.0 0
1698905176.182399 -0.0 0
1698905176.2322803 -0.0 0
1698905176.28251 -0.0 0
1698905176.3325293 -0.0 0
1698905176.382667 -0.0 0
1698905176.4327722 -0.0 0
1698905176.4828498 -0.0 0
1698905176.532935 -0.0 0
1698905176.58303 -0.0 0
1698905176.6335979 -0.0 0
1698905176.683765 -0.0 0
1698905176.7339137 -0.0 0
1698905176.784932 -0.0 0
1698905176.8342133 -0.0 0
1698905176.8842485 -0.0 0
1698905176.9344356 -0.0 0
1698905176.984822 -0.0 0
1698905177.0351105 -0.0 0
1698905177.0850606 -0.0 0
1698905177.135159 -0.0 0
1698905177.185491 -0.0 0
1698905177.2357168 -0.0 0
1698905177.2860808 -0.0 0
1698905177.3360045 -0.0 0
1698905177.3865428 -0.0 0
1698905177.436058 -0.0 0
1698905177.4864295 -0.0 0
1698905177.5366411 -0.0 0
1698905177.5867858 -0.0 0
1698905177.6369617 -0.0 0
1698905177.6868575 -0.0 0
1698905177.7369263 -0.0 0
1698905177.7871764 -0.0 0
1698905177.8371856 -0.0 0
1698905177.8873057 -0.0 0
1698905177.9375615 -0.0 0
1698905177.9877014 -0.0 0
1698905178.0384583 -0.0 0
1698905178.0880146 -0.0 0
1698905178.137902 -0.0 0
1698905178.188091 -0.0 0
1698905178.2379925 -0.0 0
1698905178.2883387 -0.0 0
1698905178.338634 -0.0 0
1698905178.3888605 -0.0 0
1698905178.438833 -0.0 0
1698905178.4889297 -0.0 0
1698905178.5392659 -0.0 0
1698905178.5889971 -0.0 0
1698905178.6406777 -0.0 0
1698905178.689822 -0.0 0
1698905178.739553 -0.0 0
1698905178.789837 -0.0 0
1698905178.840006 -0.0 0
1698905178.8899806 -0.0 0
1698905178.9404383 -0.0 0
1698905178.990482 -0.0 0
1698905179.040544 -0.0 0
1698905179.0907469 -0.0 0
1698905179.1408355 -0.0 0
1698905179.1911182 -0.0 0
1698905179.2408485 -0.0 0
1698905179.2909927 -0.0 0
1698905179.3410163 -0.0 0
1698905179.3912072 -0.0 0
1698905179.441758 -0.0 0
1698905179.4913814 -0.0 0
1698905179.5417225 -0.0 0
1698905179.5917673 -0.0 0
1698905179.6419654 -0.0 0
1698905179.6921263 -0.0 0
1698905179.7422655 -0.0 0
1698905179.7924314 -0.0 0
1698905179.8428826 -0.0 0
1698905179.8930838 -0.0 0
1698905179.9428933 -0.0 0
1698905179.9932816 -0.0 0
1698905180.0431254 -0.0 0
1698905180.0931764 -0.0 0
1698905180.143248 -0.0 0
1698905180.1937673 -0.0 0
1698905180.243774 -0.0 0
1698905180.2942038 -0.0 0
1698905180.3448098 -0.0 0
1698905180.3994231 -0.0 0
1698905180.4488347 -0.0 0
1698905180.4985723 -0.0 0
1698905180.5486486 -0.0 0
1698905180.5987213 -0.0 0
1698905180.6489463 -0.0 0
1698905180.6990583 -0.0 0
1698905180.7488523 -0.0 0
1698905180.7987807 -0.0 0
1698905180.849396 -0.0 0
1698905180.899258 -0.0 0
1698905180.9496875 -0.0 0
1698905180.9997435 -0.0 0
1698905181.0498757 -0.0 0
1698905181.1009192 -0.0 0
1698905181.150497 -0.0 0
1698905181.201271 -0.0 0
1698905181.2509868 -0.0 0
1698905181.3009896 -0.0 0
1698905181.350886 -0.0 0
1698905181.401284 -0.0 0
1698905181.4515905 -0.0 0
1698905181.501606 -0.0 0
1698905181.5516908 -0.0 0
1698905181.6019828 -0.0 0
1698905181.6518831 -0.0 0
1698905181.7026277 -0.0 0
1698905181.7522798 -0.0 0
1698905181.8025253 -0.0 0
1698905181.8526533 -0.0 0
1698905181.9027674 -0.0 0
1698905181.952788 -0.0 0
1698905182.0029252 -0.0 0
1698905182.05283 -0.0 0
1698905182.1034071 -0.0 0
1698905182.1537986 -0.0 0
1698905182.204024 -0.0 0
1698905182.2540874 -0.0 0
1698905182.3042412 -0.0 0
1698905182.3550482 -0.0 0
1698905182.405595 -0.0 0
1698905182.4552615 -0.0 0
1698905182.5050993 -0.0 0
1698905182.5552151 -0.0 0
1698905182.605148 -0.0 0
1698905182.6551726 -0.0 0
1698905182.7060068 -0.0 0
1698905182.755972 -0.0 0
1698905182.805974 -0.0 0
1698905182.8559175 -0.0 0
1698905182.9060392 -0.0 0
1698905182.9563262 -0.0 0
1698905183.0064478 -0.0 0
1698905183.05679 -0.0 0
1698905183.106826 -0.0 0
1698905183.1574812 -0.0 0
1698905183.206998 -0.0 0
1698905183.2573457 -0.0 0
1698905183.3075416 -0.0 0
1698905183.35757 -0.0 0
1698905183.408589 -0.0 0
1698905183.4583592 -0.0 0
1698905183.5086267 -0.0 0
1698905183.5585926 -0.0 0
1698905183.6086528 -0.0 0
1698905183.6587865 -0.0 0
1698905183.7091558 -0.0 0
1698905183.7590773 -0.0 0
1698905183.8088834 -0.0 0
1698905183.8591292 -0.0 0
1698905183.9095306 -0.0 0
1698905183.960247 -0.0 0
1698905184.009701 -0.0 0
1698905184.0605893 -0.0 0
1698905184.1104102 -0.0 0
1698905184.1608648 -0.0 0
1698905184.210408 -0.0 0
1698905184.2606518 -0.0 0
1698905184.3104248 -0.0 0
1698905184.3606224 -0.0 0
1698905184.4117079 -0.0 0
1698905184.4619162 -0.0 0
1698905184.5139592 -0.0 0
1698905184.5637124 -0.0 0
1698905184.613847 -0.0 0
