1697029757.862176 -0.0 0
1697029758.2524908 -0.0 0
1697029758.4727283 -0.0 0
1697029758.523157 -0.0 0
1697029758.5738807 -0.0 0
1697029758.6247094 -0.0 0
1697029758.674106 -0.0 0
1697029758.7243571 -0.0 0
1697029758.774239 -0.0 0
1697029758.8242407 -0.0 0
1697029758.8763418 -0.0 0
1697029758.9266446 -0.0 0
1697029758.977416 -0.0 0
1697029759.02559 -0.0 0
1697029759.0761163 -0.0 0
1697029759.1266742 -0.0 0
1697029759.1770105 -0.0 0
1697029759.231088 -0.0 0
1697029759.2829423 -0.0 0
1697029759.3290532 -0.0 0
1697029759.3779478 -0.0 0
1697029759.4287484 -0.0 0
1697029759.4791284 -0.0 0
1697029759.5278313 -0.0 0
1697029759.5781534 -0.0 0
1697029759.6337037 -0.0 0
1697029759.6877246 -0.0 0
1697029759.7363727 -0.0 0
1697029759.7843745 -0.0 0
1697029759.8292546 -0.0 0
1697029759.8793712 -0.0 0
1697029759.9293525 -0.0 0
1697029759.9799283 -0.0 0
1697029760.0320446 -0.0 0
1697029760.080614 -0.0 0
1697029760.1304154 -0.0 0
1697029760.1806479 -0.0 0
1697029760.2323773 -0.0 0
1697029760.284687 -0.0 0
1697029760.3331594 -0.0 0
1697029760.3916917 -0.0 0
1697029760.4379318 -0.0 0
1697029760.483839 -0.0 0
1697029760.539041 -0.0 0
1697029760.5863962 -0.0 0
1697029760.63372 -0.0 0
1697029760.6890252 -0.0 0
1697029760.736532 -0.0 0
1697029760.786007 -0.0 0
1697029760.834906 -0.0 0
1697029760.8858688 -0.0 0
1697029760.9349575 -0.0 0
1697029760.985139 -0.0 0
1697029761.0372767 -0.0 0
1697029761.0885124 -0.0 0
1697029761.135644 -0.0 0
1697029761.1864405 -0.0 0
1697029761.2365468 -0.0 0
1697029761.2864115 -0.0 0
1697029761.342072 -0.0 0
1697029761.392276 -0.0 0
1697029761.437357 -0.0 0
1697029761.488444 -0.0 0
1697029761.5376215 -0.0 0
1697029761.5877042 -0.0 0
1697029761.6393785 -0.0 0
1697029761.688978 -0.0 0
1697029761.7402468 -0.0 0
1697029761.7892313 -0.0 0
1697029761.8390086 -0.0 0
1697029761.888782 -0.0 0
1697029761.938981 -0.0 0
1697029761.989321 -0.0 0
1697029762.039919 -0.0 0
1697029762.090496 -0.0 0
1697029762.1429079 -0.0 0
1697029762.1907816 -0.0 0
1697029762.24039 -0.0 0
1697029762.2909615 -0.0 0
1697029762.340846 -0.0 0
1697029762.39252 -0.0 0
1697029762.4411025 -0.0 0
1697029762.4913893 -0.0 0
1697029762.5416057 -0.0 0
1697029762.5915434 -0.0 0
1697029762.6437175 -0.0 0
1697029762.691626 -0.0 0
1697029762.746668 -0.0 0
1697029762.7944655 -0.0 0
1697029762.843716 -0.0 0
1697029762.9020662 -0.0 0
1697029762.9476738 -0.0 0
1697029762.995919 -0.0 0
1697029763.0456288 -0.0 0
1697029763.0948792 -0.0 0
1697029763.1455674 -0.0 0
1697029763.195535 -0.0 0
1697029763.2479727 -0.0 0
1697029763.297721 -0.0 0
1697029763.3469718 -0.0 0
1697029763.3968444 -0.0 0
1697029763.4483542 -0.0 0
1697029763.497231 -0.0 0
1697029763.5476134 -0.0 0
1697029763.5974178 -0.0 0
1697029763.6473644 -0.0 0
1697029763.6976674 -0.0 0
1697029763.7517846 -0.0 0
1697029763.8002915 -0.0 0
1697029763.8496187 -0.0 0
1697029763.8998666 -0.0 0
1697029763.9502897 -0.0 0
1697029764.0001578 -0.0 0
1697029764.0512683 -0.0 0
1697029764.1010356 -0.0 0
1697029764.1507604 -0.0 0
1697029764.2036252 -0.0 0
1697029764.252185 -0.0 0
1697029764.301282 -0.0 0
1697029764.3518066 -0.0 0
1697029764.402372 -0.0 0
1697029764.4528553 -0.0 0
1697029764.502566 -0.0 0
1697029764.554591 -0.0 0
1697029764.603658 -0.0 0
1697029764.653451 -0.0 0
1697029764.7060456 -0.0 0
1697029764.7535882 -0.0 0
1697029764.8045628 -0.0 0
1697029764.8559213 -0.0 0
1697029764.9045792 -0.0 0
1697029764.9556918 -0.0 0
1697029765.0044343 -0.0 0
1697029765.0560465 -0.0 0
1697029765.1049798 -0.0 0
1697029765.1551135 -0.0 0
1697029765.2065487 -0.0 0
1697029765.261989 -0.0 0
1697029765.31612 -0.0 0
1697029765.3649693 -0.0 0
1697029765.4070802 -0.0 0
1697029765.4562995 -0.0 0
1697029765.506513 -0.0 0
1697029765.5569942 -0.0 0
1697029765.6086197 -0.0 0
1697029765.6599114 -0.0 0
1697029765.712262 -0.0 0
1697029765.7584414 -0.0 0
1697029765.8081417 -0.0 0
1697029765.8583815 -0.0 0
1697029765.90866 -0.0 0
1697029765.9687285 -0.0 0
1697029766.0206122 -0.0 0
1697029766.0662878 -0.0 0
1697029766.1197858 -0.0 0
1697029766.1676748 -0.0 0
1697029766.2162864 -0.0 0
1697029766.264933 -0.0 0
1697029766.313329 -0.0 0
1697029766.363175 -0.0 0
1697029766.415274 -0.0 0
1697029766.46424 -0.0 0
1697029766.5201106 -0.0 0
1697029766.5684602 -0.0 0
1697029766.6176877 -0.0 0
1697029766.668832 -0.0 0
1697029766.7217212 -0.0 0
1697029766.769791 -0.0 0
1697029766.8186274 -0.0 0
1697029766.8657749 -0.0 0
1697029766.915353 -0.0 0
1697029766.9670558 -0.0 0
1697029767.0180497 -0.0 0
1697029767.0663095 -0.0 0
1697029767.1160061 -0.0 0
1697029767.1685622 -0.0 0
1697029767.216415 -0.0 0
1697029767.2666445 -0.0 0
1697029767.3167315 -0.0 0
1697029767.3668501 -0.0 0
1697029767.4191594 -0.0 0
1697029767.4670532 -0.0 0
1697029767.5176976 -0.0 0
1697029767.5682607 -0.0 0
1697029767.6184506 -0.0 0
1697029767.672007 -0.0 0
1697029767.7224605 -0.0 0
1697029767.7746842 -0.0 0
1697029767.8246956 -0.0 0
1697029767.8707922 -0.0 0
1697029767.9196398 -0.0 0
1697029767.9787235 -0.0 0
1697029768.024854 -0.0 0
1697029768.0720985 -0.0 0
1697029768.1197069 -0.0 0
1697029768.175506 -0.0 0
1697029768.228231 -0.0 0
1697029768.275489 -0.0 0
1697029768.321776 -0.0 0
1697029768.370403 -0.0 0
1697029768.4208338 -0.0 0
1697029768.470666 -0.0 0
1697029768.5240393 -0.0 0
1697029768.5732234 -0.0 0
1697029768.6236773 -0.0 0
1697029768.6723022 -0.0 0
1697029768.7221994 -0.0 0
1697029768.773289 -0.0 0
1697029768.8238862 -0.0 0
1697029768.8742213 -0.0 0
1697029768.924603 -0.0 0
1697029768.9756112 -0.0 0
1697029769.0258567 -0.0 0
1697029769.0753753 -0.0 0
1697029769.1269221 -0.0 0
1697029769.1770551 -0.0 0
1697029769.2258196 -0.0 0
1697029769.2760465 -0.0 0
1697029769.326712 -0.0 0
1697029769.3791397 -0.0 0
1697029769.4271452 -0.0 0
1697029769.4764674 -0.0 0
1697029769.5273595 -0.0 0
1697029769.5777159 -0.0 0
1697029769.6271634 -0.0 0
1697029769.6788833 -0.0 0
1697029769.7282064 -0.0 0
1697029769.7811408 -0.0 0
1697029769.830969 -0.0 0
1697029769.880858 -0.0 0
1697029769.932282 -0.0 0
1697029769.982511 -0.0 0
1697029770.0346937 -0.0 0
1697029770.0837233 -0.0 0
1697029770.1320174 -0.0 0
1697029770.1906192 -0.0 0
1697029770.2415633 -0.0 0
1697029770.2931097 -0.0 0
1697029770.3418503 -0.0 0
1697029770.3883119 -0.0 0
1697029770.440355 -0.0 0
1697029770.4897318 -0.0 0
1697029770.5391624 -0.0 0
1697029770.590783 -0.0 0
1697029770.6378403 -0.0 0
1697029770.6875565 -0.0 0
1697029770.7366962 -0.0 0
1697029770.7882278 -0.0 0
1697029770.8515394 -0.0 0
1697029770.8977058 -0.0 0
1697029770.9376643 -0.0 0
1697029770.9874957 -0.0 0
1697029771.0381296 -0.0 0
1697029771.0895715 -0.0 0
1697029771.1382303 -0.0 0
1697029771.190179 -0.0 0
1697029771.2383962 -0.0 0
1697029771.2885437 -0.0 0
1697029771.339307 -0.0 0
1697029771.3894715 -0.0 0
1697029771.4392939 -0.0 0
1697029771.4894543 -0.0 0
1697029771.539414 -0.0 0
1697029771.5895376 -0.0 0
1697029771.639668 -0.0 0
1697029771.6912742 -0.0 0
1697029771.7402143 -0.0 0
1697029771.7906718 -0.0 0
1697029771.8413026 -0.0 0
1697029771.891753 -0.0 0
1697029771.942012 -0.0 0
1697029771.9918091 -0.0 0
1697029772.042266 -0.0 0
1697029772.0926251 -0.0 0
1697029772.1424077 -0.0 0
1697029772.192936 -0.0 0
1697029772.2429605 -0.0 0
1697029772.2931197 -0.0 0
1697029772.3436313 -0.0 0
1697029772.3938825 -0.0 0
1697029772.4557943 -0.0 0
1697029772.5045538 -0.0 0
1697029772.5518954 -0.0 0
1697029772.6008754 -0.0 0
1697029772.649974 -0.0 0
1697029772.7072482 -0.0 0
1697029772.7564125 -0.0 0
1697029772.801983 -0.0 0
1697029772.8542674 -0.0 0
1697029772.9019806 -0.0 0
1697029772.9462705 -0.0 0
1697029772.9964182 -0.0 0
1697029773.0468836 -0.0 0
1697029773.0968688 -0.0 0
1697029773.1473107 -0.0 0
1697029773.1976259 -0.0 0
1697029773.2482483 -0.0 0
1697029773.3014874 -0.0 0
1697029773.3552005 -0.0 0
1697029773.4030495 -0.0 0
1697029773.4511101 -0.0 0
1697029773.501438 -0.0 0
1697029773.551745 -0.0 0
1697029773.6024952 -0.0 0
1697029773.652953 -0.0 0
1697029773.703098 -0.0 0
1697029773.7543 -0.0 0
1697029773.8027213 -0.0 0
1697029773.85422 -0.0 0
1697029773.912069 -0.0 0
1697029773.9596963 -0.0 0
1697029774.0051146 -0.0 0
1697029774.0539286 -0.0 0
1697029774.1039848 -0.0 0
1697029774.1541612 -0.0 0
1697029774.2044053 -0.0 0
1697029774.254274 -0.0 0
1697029774.3049614 -0.0 0
1697029774.3547907 -0.0 0
1697029774.4057267 -0.0 0
1697029774.4547997 -0.0 0
1697029774.5047154 -0.0 0
1697029774.5553389 -0.0 0
1697029774.6054466 -0.0 0
1697029774.6555095 -0.0 0
1697029774.705775 -0.0 0
1697029774.755857 -0.0 0
1697029774.8063207 -0.0 0
1697029774.8596764 -0.0 0
1697029774.9131958 -0.0 0
1697029774.9606657 -0.0 0
1697029775.0095513 -0.0 0
1697029775.0588222 -0.0 0
1697029775.1083136 -0.0 0
1697029775.157944 -0.0 0
1697029775.208187 -0.0 0
1697029775.2654858 -0.0 0
1697029775.3090096 -0.0 0
1697029775.3590765 -0.0 0
1697029775.4097102 -0.0 0
1697029775.45931 -0.0 0
1697029775.5095906 -0.0 0
1697029775.559343 -0.0 0
1697029775.6101415 -0.0 0
1697029775.6609375 -0.0 0
1697029775.7107108 -0.0 0
1697029775.760412 -0.0 0
1697029775.810807 -0.0 0
1697029775.860807 -0.0 0
1697029775.911295 -0.0 0
1697029775.961408 -0.0 0
1697029776.015906 -0.0 0
1697029776.0648353 -0.0 0
1697029776.1119225 -0.0 0
1697029776.1640618 -0.0 0
1697029776.2121592 -0.0 0
1697029776.2621517 -0.0 0
1697029776.3123105 -0.0 0
1697029776.362734 -0.0 0
1697029776.413074 -0.0 0
1697029776.4639292 -0.0 0
1697029776.5143964 -0.0 0
1697029776.566188 -0.0 0
1697029776.616276 -0.0 0
1697029776.674859 -0.0 0
1697029776.7232878 -0.0 0
1697029776.7679608 -0.0 0
1697029776.8191655 -0.0 0
1697029776.8685355 -0.0 0
1697029776.932383 -0.0 0
1697029776.9908972 -0.0 0
1697029777.0409234 -0.0 0
1697029777.0970926 -0.0 0
1697029777.1448076 -0.0 0
1697029777.2026494 -0.0 0
1697029777.2561932 -0.0 0
1697029777.3084278 -0.0 0
1697029777.3690796 -0.0 0
1697029777.4217947 -0.0 0
1697029777.4782255 -0.0 0
1697029777.5280392 -0.0 0
1697029777.5754595 -0.0 0
1697029777.6289334 -0.0 0
1697029777.690968 -0.0 0
1697029777.7412195 -0.0 0
1697029777.792744 -0.0 0
1697029777.843665 -0.0 0
1697029777.8975208 -0.0 0
1697029777.9444995 -0.0 0
1697029777.997867 -0.0 0
1697029778.0543783 -0.0 0
1697029778.11028 -0.0 0
1697029778.1669922 -0.0 0
1697029778.2165298 -0.0 0
1699339227.119232 0.04 0
1699339227.409102 0.04 0
1699339227.5658875 0.04 0
1699339227.6802046 0.04 0
1699339227.8033972 0.04 0
1699339227.924161 0.04 0
1699339228.0448334 0.04 0
1699339228.1625943 0.04 0
1699339228.2768133 0.04 0
1699339228.3883412 0.04 0
1699339228.505331 0.04 0
1699339228.6220555 0.04 0
1699339228.73902 0.04 0
1699339228.849546 0.04 0
1699339228.9666526 0.04 0
1699339229.0859823 0.04 0
1699339229.2152264 0.04 0
1699339229.340696 0.04 0
1699339229.4624143 0.04 0
1699339229.5842466 0.04 0
1699339229.6992185 0.04 0
1699339229.8146625 0.04 0
1699339229.9252608 0.04 0
1699339230.0502653 0.04 0
1699339230.1645303 0.04 0
1699339230.2767653 0.04 0
1699339230.4013333 0.04 0
1699339230.526155 0.04 0
1699339230.6430564 0.04 0
1699339230.7697787 0.04 0
1699339230.878236 0.04 0
1699339230.9923441 0.04 0
1699339231.1084118 0.04 0
1699339231.232152 0.04 0
1699339231.345683 0.04 0
1699339231.4564414 0.04 0
1699339231.5742977 0.04 0
1699339231.6921563 0.04 0
1699339231.8109205 0.04 0
1699339231.93242 0.04 0
1699339232.0522795 0.04 0
1699339232.1686954 0.04 0
1699339232.2875395 0.04 0
1699339232.4147258 0.04 0
1699339232.5280302 0.04 0
1699339232.646996 0.04 0
1699339232.767481 0.04 0
1699339232.881659 0.04 0
1699339233.0607712 0.04 0
1699339233.1810868 0.04 0
1699339233.301867 0.04 0
1699339233.4221196 0.04 0
1699339233.5366035 0.04 0
1699339233.6521223 0.04 0
1699339233.7726676 0.04 0
1699339233.8894937 0.04 0
1699339234.0060148 0.04 0
1699339234.1270964 0.04 0
1699339234.2413514 0.04 0
1699339234.3720608 0.04 0
1699339234.4886835 0.04 0
1699339234.6048462 0.04 0
1699339234.719128 0.04 0
1699339234.848056 0.04 0
1699339234.9664483 0.04 0
1699339235.080459 0.04 0
1699339235.2020206 0.04 0
1699339235.3194501 0.04 0
1699339235.4346497 0.04 0
1699339235.552859 0.04 0
1699339235.6780608 0.04 0
1699339235.7977564 0.04 0
1699339235.9177735 0.04 0
1699339236.0425694 0.04 0
1699339236.1610718 0.04 0
1699339236.2955933 0.04 0
1699339236.4173548 0.04 0
1699339236.52786 0.04 0
1699339236.6442344 0.04 0
1699339236.76947 0.04 0
1699339236.885489 0.04 0
1699339237.0069158 0.04 0
1699339237.1265712 0.04 0
1699339237.2505453 0.04 0
1699339237.3660254 0.04 0
1699339237.4867609 0.04 0
1699339237.6028569 0.04 0
1699339237.717142 0.04 0
1699339237.8328085 0.04 0
1699339237.9535565 0.04 0
1699339238.0683544 0.04 0
1699339238.1922803 0.04 0
1699339238.3067303 0.04 0
1699339238.4245543 0.04 0
1699339238.5441377 0.04 0
1699339238.6608076 0.04 0
1699339238.784419 0.04 0
1699339238.898969 0.04 0
1699339239.0128193 0.04 0
1699339239.1350377 0.04 0
1699339239.2574232 0.04 0
1699339239.373322 0.04 0
1699339239.48411 0.04 0
1699339239.6107135 0.04 0
1699339239.7360306 0.04 0
1699339239.8544867 0.04 0
1699339239.981815 0.04 0
1699339240.1115599 0.04 0
1699339240.228917 0.04 0
1699339240.3544343 0.04 0
1699339240.485587 0.04 0
1699339240.6076784 0.04 0
1699339240.7319813 0.04 0
1699339240.8539505 0.04 0
1699339240.9703298 0.04 0
1699339241.1056087 0.04 0
1699339241.2242978 0.04 0
1699339241.3618457 0.04 0
1699339241.4853728 0.04 0
1699339241.604404 0.04 0
1699339241.7294264 0.04 0
1699339241.8489497 0.04 0
1699339241.971246 0.04 0
1699339242.0962799 0.04 0
1699339242.2103815 0.04 0
1699339242.331376 0.04 0
1699339242.4532423 0.04 0
1699339242.563631 0.04 0
1699339242.6838107 0.04 0
1699339242.8044372 0.04 0
1699339242.9208438 0.04 0
1699339243.0380406 0.04 0
1699339243.1653705 0.04 0
1699339243.2809677 0.04 0
1699339243.4011428 0.04 0
1699339243.5261657 0.04 0
1699339243.6502578 0.04 0
1699339243.770627 0.04 0
1699339243.8960829 0.04 0
1699339244.0230174 0.04 0
1699339244.140968 0.04 0
1699339244.258545 0.04 0
1699339244.376109 0.04 0
1699339244.495824 0.04 0
1699339244.6133811 0.04 0
1699339244.7358892 0.04 0
1699339244.8520956 0.04 0
1699339244.9703429 0.04 0
1699339245.0891473 0.04 0
1699339245.2139661 0.04 0
1699339245.330915 0.04 0
1699339245.4540691 0.04 0
1699339245.5722687 0.04 0
1699339245.7212515 0.04 0
1699339245.833816 0.04 0
1699339245.9546866 0.04 0
1699339246.078335 0.04 0
1699339246.1887534 0.04 0
1699339246.3076606 0.04 0
1699339246.4333873 0.04 0
1699339246.5468514 0.04 0
1699339246.6606145 0.04 0
1699339246.78442 0.04 0
1699339246.897362 0.04 0
1699339247.0128827 0.04 0
1699339247.1386123 0.04 0
1699339247.2612576 0.04 0
1699339247.3901205 0.04 0
1699339247.5210028 0.04 0
1699339247.641928 0.04 0
1699339247.759891 0.04 0
1699339247.8770263 0.04 0
1699339247.9979374 0.04 0
1699339248.115368 0.04 0
1699339248.2390614 0.04 0
1699339248.3562064 0.04 0
1699339248.4810202 0.04 0
1699339248.5976164 0.04 0
1699339248.719124 0.04 0
1699339248.8487015 0.04 0
1699339248.9748647 0.04 0
1699339249.0934412 0.04 0
1699339249.2155745 0.04 0
1699339249.335914 0.04 0
1699339249.45255 0.04 0
1699339249.5690267 0.04 0
1699339249.6847813 0.04 0
1699339249.7961292 0.04 0
1699339249.90814 0.04 0
1699339250.0496082 0.04 0
1699339250.1758454 0.04 0
1699339250.2926369 0.04 0
1699339250.4175882 0.04 0
1699339250.5366647 0.04 0
1699339250.6533213 0.04 0
1699339250.7806876 0.04 0
1699339250.8989198 0.04 0
1699339251.0086014 0.04 0
1699339251.1346838 0.04 0
1699339251.256822 0.04 0
1699339251.3808577 0.04 0
1699339251.5162272 0.04 0
1699339251.6368845 0.04 0
1699339251.758462 0.04 0
1699339251.8827467 0.04 0
1699339252.0150695 0.04 0
1699339252.13855 0.04 0
1699339252.269098 0.04 0
1699339252.3963416 0.04 0
1699339252.5123274 0.04 0
1699339252.6270163 0.04 0
1699339252.747687 0.04 0
1699339252.876758 0.04 0
1699339253.009278 0.04 0
1699339253.1442854 0.04 0
1699339253.2784355 0.04 0
1699339253.3998132 0.04 0
1699339253.5184953 0.04 0
1699339253.6340778 0.04 0
1699339253.7507234 0.04 0
1699339253.8611712 0.04 0
1699339253.977889 0.04 0
1699339254.1018856 0.04 0
1699339254.2238474 0.04 0
1699339254.3411899 0.04 0
1699339254.480335 0.04 0
1699339254.6023717 0.04 0
1699339254.7333071 0.04 0
1699339254.8472183 0.04 0
1699339254.9653542 0.04 0
1699339255.085805 0.04 0
1699339255.2151208 0.04 0
1699339255.341886 0.04 0
1699339255.4707687 0.04 0
1699339255.5898175 0.04 0
1699339255.6996853 0.04 0
1699339255.810071 0.04 0
1699339255.9379163 0.04 0
1699339256.0585237 0.04 0
1699339256.1752765 0.04 0
1699339256.2992315 0.04 0
1699339256.4203072 0.04 0
1699339256.538767 0.04 0
1699339256.673525 0.04 0
1699339256.7953312 0.04 0
1699339256.9070566 0.04 0
1699339257.0287302 0.04 0
1699339257.1494696 0.04 0
1699339257.2787638 0.04 0
1699339257.4006848 0.04 0
1699339257.5214608 0.04 0
1699339257.635544 0.04 0
1699339257.7600794 0.04 0
1699339257.8906524 0.04 0
1699339258.016654 0.04 0
1699339258.1351979 0.04 0
1699339258.2569063 0.04 0
1699339258.3752658 0.04 0
1699339258.500631 0.04 0
1699339258.6121802 0.04 0
1699339258.7341924 0.04 0
1699339258.8699021 0.04 0
1699339258.9874506 0.04 0
1699339259.1065128 0.04 0
1699339259.2262828 0.04 0
1699339259.3407555 0.04 0
1699339259.4565785 0.04 0
1699339259.571954 0.04 0
1699339259.6888628 0.04 0
1699339259.806087 0.04 0
1699339259.9331975 0.04 0
1699339260.0555484 0.04 0
1699339260.174371 0.04 0
1699339260.2935772 0.04 0
1699339260.4092157 0.04 0
1699339260.5242736 0.04 0
1699339260.6453109 0.04 0
1699339260.7683964 0.04 0
1699339260.880252 0.04 0
1699339260.9972873 0.04 0
1699339261.112538 0.04 0
1699339261.2329946 0.04 0
1699339261.3595874 0.04 0
1699339261.477417 0.04 0
1699339261.5989382 0.04 0
1699339261.7157319 0.04 0
1699339261.8306534 0.04 0
1699339261.9491158 0.04 0
1699339262.072168 0.04 0
1699339262.1892211 0.04 0
1699339262.3088768 0.04 0
1699339262.434192 0.04 0
1699339262.549283 0.04 0
1699339262.6599422 0.04 0
1699339262.784475 0.04 0
1699339262.9128828 0.04 0
1699339263.0312984 0.04 0
1699339263.1734324 0.04 0
1699339263.2943554 0.04 0
1699339263.420983 0.04 0
1699339263.5474315 0.04 0
1699339263.6641936 0.04 0
1699339263.785842 0.04 0
1699339263.9069448 0.04 0
1699339264.023038 0.04 0
1699339264.1424434 0.04 0
1699339264.2674177 0.04 0
1699339264.3913493 0.04 0
1699339264.5042727 0.04 0
1699339264.6285899 0.04 0
1699339264.7548172 0.04 0
1699339264.884257 0.04 0
1699339265.0102353 0.04 0
1699339265.1320815 0.04 0
1699339265.2603927 0.04 0
1699339265.3841393 0.04 0
1699339265.5071714 0.04 0
1699339265.6474082 0.04 0
1699339265.7634273 0.04 0
1699339265.886927 0.04 0
1699339266.0189862 0.04 0
1699339266.1430788 0.04 0
1699339266.269926 0.04 0
1699339266.3888621 0.04 0
1699339266.5099716 0.04 0
1699339266.6348875 0.04 0
1699339266.7641628 0.04 0
1699339266.8883235 0.04 0
1699339267.0064223 0.04 0
1699339267.1216593 0.04 0
1699339267.2507544 0.04 0
1699339267.3679678 0.04 0
1699339267.4883618 0.04 0
1699339267.627976 0.04 0
1699339267.7545805 0.04 0
1699339267.8809667 0.04 0
1699339268.101169 0.04 0
1699339268.2273245 0.04 0
1699339268.3527572 0.04 0
1699339268.4719393 0.04 0
1699339268.591118 0.04 0
1699339268.7086017 0.04 0
1699339268.8322327 0.04 0
1699339268.962036 0.04 0
1699339269.0762007 0.04 0
1699339269.20761 0.04 0
1699339269.3253288 0.04 0
1699339269.4471972 0.04 0
1699339269.5739264 0.04 0
1699339269.6991165 0.04 0
1699339269.8163333 0.04 0
1699339269.9361217 0.04 0
1699339270.0610712 0.04 0
1699339270.1885085 0.04 0
1699339270.306386 0.04 0
1699339270.4246535 0.04 0
1699339270.5423331 0.04 0
1699339270.6568453 0.04 0
1699339270.782918 0.04 0
1699339270.9095984 0.04 0
1699339271.0326555 0.04 0
1699339271.1621754 0.04 0
1699339271.2776477 0.04 0
1699339271.395399 0.04 0
1699339271.5127826 0.04 0
1699339271.6408036 0.04 0
1699339271.7571974 0.04 0
1699339271.8730724 0.04 0
1699339272.0151885 0.04 0
1699339272.1329296 0.04 0
1699339272.255077 0.04 0
1699339272.3747985 0.04 0
1699339272.4970734 0.04 0
1699339272.6130803 0.04 0
1699339272.7378333 0.04 0
1699339272.8568473 0.04 0
1699339272.9701226 0.04 0
1699339273.0934222 0.04 0
1699339273.210312 0.04 0
1699339273.330069 0.04 0
1699339273.4466639 0.04 0
1699339273.5720317 0.04 0
1699339273.6931095 0.04 0
1699339273.817502 0.04 0
1699339273.9370723 0.04 0
1699339274.0568774 0.04 0
1699339274.1777458 0.04 0
1699339274.3082783 0.04 0
1699339274.4294846 0.04 0
1699339274.5478978 0.04 0
1699339274.6652958 0.04 0
1699339274.7877212 0.04 0
1699339274.9105506 0.04 0
1699339275.0247338 0.04 0
1699339275.1413867 0.04 0
1699339275.2644413 0.04 0
1699339275.3793197 0.04 0
1699339275.4938323 0.04 0
1699339275.6183107 0.04 0
1699339275.7520394 0.04 0
1699339275.8711686 0.04 0
1699339275.996207 0.04 0
1699339276.1111124 0.04 0
1699339276.2311704 0.04 0
1699339276.3818285 0.04 0
1699339276.4969728 0.04 0
1699339276.6100707 0.04 0
1699339276.735599 0.04 0
1699339276.8579783 0.04 0
