1699269110.0768363 0.0 0.0
1699269110.3398972 0.0 0.0
1699269110.4981322 0.0 0.0
1699269110.5470595 0.0 0.0
1699269110.5975444 0.0 0.0
1699269110.6479535 0.0 0.0
1699269110.6978912 0.0 0.0
1699269110.7479403 0.0 0.0
1699269110.7978575 0.0 0.0
1699269110.8483627 0.0 0.0
1699269110.898945 0.0 0.0
1699269110.9486163 0.0 0.0
1699269110.9988635 0.0 0.0
1699269111.04882 0.0 0.0
1699269111.0989964 0.0 0.0
1699269111.148771 0.0 0.0
1699269111.1990852 0.0 0.0
1699269111.2489052 0.0 0.0
1699269111.299157 0.0 0.0
1699269111.349281 0.0 0.0
1699269111.3995883 0.0 0.0
1699269111.4508522 0.0 0.0
1699269111.5008233 0.0 0.0
1699269111.5512817 0.0 0.0
1699269111.6010695 0.0 0.0
1699269111.6516738 0.0 0.0
1699269111.7012994 0.0 0.0
1699269111.751335 0.0 0.0
1699269111.8016965 0.0 0.0
1699269111.8518598 None None
1699269111.9018042 0.0 0.0
1699269111.9519236 0.0 0.0
1699269112.0018933 0.0 0.0
1699269112.0521858 0.0 0.0
1699269112.1024256 None None
1699269112.152699 0.0 0.0
1699269112.2029283 0.0 0.0
1699269112.2529004 0.0 0.0
1699269112.3030374 None None
1699269112.3530185 0.0 0.0
1699269112.4029777 0.0 0.0
1699269112.4530895 0.0 0.0
1699269112.5029776 None None
1699269112.55361 0.0 0.0
1699269112.6039288 0.0 0.0
1699269112.6537385 0.0 0.0
1699269112.7040443 0.0 0.0
1699269112.753907 None None
1699269112.8041506 0.0 0.0
1699269112.8543158 0.0 0.0
1699269112.9043922 0.0 0.0
1699269112.9552908 0.0 0.0
1699269113.0049021 None None
1699269113.0549364 0.0 0.0
1699269113.1051054 0.0 0.0
1699269113.1549115 0.0 0.0
1699269113.2049415 0.0 0.0
1699269113.2550251 None None
1699269113.3052797 0.0 0.0
1699269113.355579 0.0 0.0
1699269113.4058082 0.0 0.0
1699269113.4560142 None None
1699269113.5057945 0.0 0.0
1699269113.55609 0.0 0.0
1699269113.6060126 0.0 0.0
1699269113.6560805 0.0 0.0
1699269113.706693 None None
1699269113.7566671 0.0 0.0
1699269113.806739 0.0 0.0
1699269113.8569353 0.0 0.0
1699269113.9069235 0.0 0.0
1699269113.9570165 None None
1699269114.0072312 0.0 0.0
1699269114.0575886 0.0 0.0
1699269114.1080563 0.0 0.0
1699269114.159544 0.0 0.0
1699269114.2091248 None None
1699269114.259248 0.0 0.0
1699269114.3093722 0.0 0.0
1699269114.3595521 0.0 0.0
1699269114.4096632 None None
1699269114.4600275 0.0 0.0
1699269114.509935 0.0 0.0
1699269114.5600867 0.0 0.0
1699269114.6103446 0.0 0.0
1699269114.6604998 None None
1699269114.7110453 0.0 0.0
1699269114.7607505 0.0 0.0
1699269114.8116088 0.0 0.0
1699269114.8614237 None None
1699269114.9117472 0.0 0.0
1699269114.962171 0.0 0.0
1699269115.0119102 0.0 0.0
1699269115.0621803 None None
1699269115.112172 0.0 0.0
1699269115.1623504 0.0 0.0
1699269115.2127738 0.0 0.0
1699269115.2636902 0.0 0.0
1699269115.3129196 None None
1699269115.3629067 0.0 0.0
1699269115.4129853 0.0 0.0
1699269115.463066 0.0 0.0
1699269115.5132368 0.0 0.0
1699269115.5636501 None None
1699269115.6136475 0.0 0.0
1699269115.6640158 0.0 0.0
1699269115.7140284 0.0 0.0
1699269115.76391 0.0 0.0
1699269115.8139482 None None
1699269115.863943 0.0 0.0
1699269115.914093 0.0 0.0
1699269115.964562 0.0 0.0
1699269116.0144472 None None
1699269116.064918 0.0 0.0
1699269116.1151137 0.0 0.0
1699269116.1650686 0.0 0.0
1699269116.2150514 None None
1699269116.2649095 0.0 0.0
1699269116.315616 0.0 0.0
1699269116.3654678 0.0 0.0
1699269116.4157603 0.0 0.0
1699269116.4657433 None None
1699269116.5157847 0.0 0.0
1699269116.5660818 0.0 0.0
1699269116.616089 0.0 0.0
1699269116.6664164 0.0 0.0
1699269116.7167218 None None
1699269116.7667596 0.0 0.0
1699269116.8168743 0.0 0.0
1699269116.8668394 0.0 0.0
1699269116.9169943 None None
1699269116.9670854 0.0 0.0
1699269117.0172813 0.0 0.0
1699269117.0677931 0.0 0.0
1699269117.117755 0.0 0.0
1699269117.1679056 None None
1699269117.2178717 0.0 0.0
1699269117.2678523 0.0 0.0
1699269117.317677 0.0 0.0
1699269117.3679454 None None
1699269117.4186978 0.0 0.0
1699269117.4688532 0.0 0.0
1699269117.5190172 0.0 0.0
1699269117.5688481 0.0 0.0
1699269117.6191041 None None
1699269117.6695974 0.0 0.0
1699269117.7191136 0.0 0.0
1699269117.7694528 0.0 0.0
1699269117.8203008 0.0 0.0
1699269117.870141 None None
1699269117.9201283 0.0 0.0
1699269117.9701562 0.0 0.0
1699269118.0204935 0.0 0.0
1699269118.070562 0.0 0.0
1699269118.120596 None None
1699269118.1709602 0.0 0.0
1699269118.2207768 0.0 0.0
1699269118.270906 0.0 0.0
1699269118.321032 0.0 0.0
1699269118.371266 None None
1699269118.4210308 0.0 0.0
1699269118.4709682 0.0 0.0
1699269118.5211205 0.0 0.0
1699269118.571918 0.0 0.0
1699269118.621634 None None
1699269118.6721041 0.0 0.0
1699269118.721781 0.0 0.0
1699269118.772179 0.0 0.0
1699269118.9332461 0.0 0.0
1699269118.9826798 0.0 0.0
1699269119.0328224 0.0 0.0
1699269119.0831761 0.0 0.0
1699269119.133322 0.0 0.0
1699269119.1837766 0.0 0.0
1699269119.2336383 None None
1699269119.2838883 0.0 0.0
1699269119.3338244 0.0 0.0
1699269119.3841622 0.0 0.0
1699269119.4338176 0.0 0.0
1699269119.4840813 None None
1699269119.5341191 0.0 0.0
1699269119.5847588 0.0 0.0
1699269119.6344166 0.0 0.0
1699269119.6842878 0.0 0.0
1699269119.734552 None None
1699269119.7851298 0.0 0.0
1699269119.8352728 0.0 0.0
1699269119.8851879 0.0 0.0
1699269119.9357734 0.0 0.0
1699269119.9860406 None None
1699269120.0365071 0.0 0.0
1699269120.0863445 0.0 0.0
1699269120.1363657 0.0 0.0
1699269120.1863315 0.0 0.0
1699269120.2366104 None None
1699269120.2868433 0.0 0.0
1699269120.337107 0.0 0.0
1699269120.3869095 0.0 0.0
1699269120.4371943 0.0 0.0
1699269120.4869137 None None
1699269120.5369942 0.0 0.0
1699269120.587782 0.0 0.0
1699269120.6377308 0.0 0.0
1699269120.6883285 0.0 0.0
1699269120.738154 None None
1699269120.7883015 0.0 0.0
1699269120.8379118 0.0 0.0
1699269120.887969 0.0 0.0
1699269120.9380102 0.0 0.0
1699269120.9881094 None None
1699269121.0381835 0.0 0.0
1699269121.0886834 0.0 0.0
1699269121.1387105 0.0 0.0
1699269121.188972 0.0 0.0
1699269121.2387824 None None
1699269121.2890222 0.0 0.0
1699269121.3395135 0.0 0.0
1699269121.3893023 0.0 0.0
1699269121.4395995 0.0 0.0
1699269121.4896636 None None
1699269121.5399442 0.0 0.0
1699269121.5900533 0.0 0.0
1699269121.6401036 0.0 0.0
1699269121.6905491 None None
1699269121.7407598 0.0 0.0
1699269121.7909598 0.0 0.0
1699269121.8408437 0.0 0.0
1699269121.8907876 None None
1699269121.9410305 0.0 0.0
1699269121.992637 0.0 0.0
1699269122.0415254 0.0 0.0
1699269122.0917811 0.0 0.0
1699269122.1418405 None None
1699269122.1921802 0.0 0.0
1699269122.2424183 0.0 0.0
1699269122.2926655 0.0 0.0
1699269122.342884 0.0 0.0
1699269122.3929574 None None
1699269122.443715 0.0 0.0
1699269122.4932377 0.0 0.0
1699269122.5436878 0.0 0.0
1699269122.5936036 0.0 0.0
1699269122.6438076 None None
1699269122.6940107 0.0 0.0
1699269122.7438462 0.0 0.0
1699269122.793975 0.0 0.0
1699269122.84405 None None
1699269122.8944755 0.0 0.0
1699269122.9447837 0.0 0.0
1699269122.9946873 0.0 0.0
1699269123.0449195 None None
1699269123.0948095 0.0 0.0
1699269123.1449084 0.0 0.0
1699269123.1965258 0.0 0.0
1699269123.2449741 0.0 0.0
1699269123.295729 None None
1699269123.3457315 0.0 0.0
1699269123.3958576 0.0 0.0
1699269123.4459674 0.0 0.0
1699269123.4960957 0.0 0.0
1699269123.5462372 None None
1699269123.596219 0.0 0.0
1699269123.6467628 0.0 0.0
1699269123.6967049 None None
1699269123.7480075 0.0 0.0
1699269123.7966628 None None
1699269123.846937 0.0 0.0
1699269123.8970113 0.0 0.0
1699269123.9473627 0.0 0.0
1699269123.9971778 0.0 0.0
1699269124.047658 None None
1699269124.097627 0.0 0.0
1699269124.1479447 0.0 0.0
1699269124.1981397 0.0 0.0
1699269124.3563578 0.0 0.0
1699269124.4061892 0.0 0.0
1699269124.5450199 0.0 0.0
1699269124.5681894 0.0 0.0
1699269124.6013808 0.0 0.0
1699269124.736581 0.0 0.0
1699269124.7867498 0.0 0.0
1699269124.8366485 0.17743428253578852 -0.09178621460630032
1699269125.0355113 0.16773723144997266 -0.08579617692968701
1699269125.2162242 0.16773723144997266 -0.08579617692968701
1699269125.2662995 0.09533571048294223 -0.024906977554575768
1699269125.4496346 0.09533571048294223 -0.024906977554575768
1699269125.49934 0.09533571048294223 -0.024906977554575768
1699269125.549081 0.01703647156691096 -0.01247509815037838
1699269125.7390933 0.01703647156691096 -0.01247509815037838
1699269125.7886806 0.01703647156691096 -0.01247509815037838
1699269125.839055 -0.0006040645335180983 -0.02677115769197632
1699269126.031236 -0.0006040645335180983 -0.02677115769197632
1699269126.0807278 -0.0006040645335180983 -0.02677115769197632
1699269126.130678 -0.003258048361126199 -0.023948488483683382
1699269126.3119893 -0.003258048361126199 -0.023948488483683382
1699269126.3609877 -0.003258048361126199 -0.023948488483683382
1699269126.4119844 -0.0036006294880267533 -0.023296143772674104
1699269126.59916 -0.0036006294880267533 -0.023296143772674104
1699269126.6487868 -0.0036006294880267533 -0.023296143772674104
1699269126.6988971 -0.0031757731126394366 -0.023172247204761312
1699269126.8889544 -0.0031757731126394366 -0.023172247204761312
1699269126.9386907 -0.0031757731126394366 -0.023172247204761312
1699269126.9888601 -0.0031757731126394366 -0.023172247204761312
1699269127.0389807 -0.0023274945678681985 -0.022389158775750966
1699269127.2266426 -0.0023274945678681985 -0.022389158775750966
1699269127.2759626 -0.0023274945678681985 -0.022389158775750966
1699269127.3261716 -0.0023274945678681985 -0.022389158775750966
1699269127.375957 -0.0032827570837422977 -0.021070073646176943
1699269127.5677154 -0.0032827570837422977 -0.021070073646176943
1699269127.6168506 -0.0032827570837422977 -0.021070073646176943
1699269127.6669314 -0.0032827570837422977 -0.021070073646176943
1699269127.7170603 -0.004949900026735968 -0.019950070561404392
1699269127.8958924 -0.004949900026735968 -0.019950070561404392
1699269127.9454663 -0.004949900026735968 -0.019950070561404392
1699269127.9977195 -0.00581621243068506 -0.019416918734326567
1699269128.1848898 -0.00581621243068506 -0.019416918734326567
1699269128.2349842 -0.00581621243068506 -0.019416918734326567
1699269128.2850428 -0.00581621243068506 -0.019416918734326567
1699269128.3349507 -0.006546822156698968 -0.019186295355719894
1699269128.5340726 -0.0069077960544609894 -0.01892787151917446
1699269128.7244434 -0.0069077960544609894 -0.01892787151917446
1699269128.7736435 -0.007126656740567647 -0.01835891323114746
1699269128.9634466 -0.007126656740567647 -0.01835891323114746
1699269129.013466 -0.007126656740567647 -0.01835891323114746
1699269129.0637214 -0.008557938522858305 -0.017587837725011747
1699269129.255454 -0.008557938522858305 -0.017587837725011747
1699269129.305474 -0.008557938522858305 -0.017587837725011747
1699269129.3559592 -0.008557938522858305 -0.017587837725011747
1699269129.4056592 -0.009656951489645368 -0.01691315909182788
1699269129.6739407 -0.010377476581940309 -0.01636497365058521
1699269129.866019 -0.010377476581940309 -0.01636497365058521
1699269129.916254 -0.011047102494701049 -0.015894649823980384
1699269130.1054385 -0.011047102494701049 -0.015894649823980384
1699269130.1560614 -0.011047102494701049 -0.015894649823980384
1699269130.2057948 -0.011608703718881145 -0.01537831808437207
1699269130.387776 -0.011608703718881145 -0.01537831808437207
1699269130.4371178 -0.011608703718881145 -0.01537831808437207
1699269130.4873703 -0.011608703718881145 -0.01537831808437207
1699269130.537815 -0.01199233972241229 -0.014884227138914876
1699269130.7288277 -0.012223103357269246 -0.014417841779733378
1699269130.9210973 -0.012223103357269246 -0.014417841779733378
1699269130.9713652 -0.013262384879210982 -0.013903220245255194
1699269131.1566713 -0.013262384879210982 -0.013903220245255194
1699269131.206092 -0.013262384879210982 -0.013903220245255194
1699269131.256161 -0.01417609154158504 -0.013265444728122336
1699269131.4518173 -0.01417609154158504 -0.013265444728122336
1699269131.5011203 -0.01417609154158504 -0.013265444728122336
1699269131.5512354 -0.014945732217600927 -0.012686655480453536
1699269131.7397168 -0.014945732217600927 -0.012686655480453536
1699269131.7886515 -0.014945732217600927 -0.012686655480453536
1699269131.8390682 -0.014945732217600927 -0.012686655480453536
1699269131.8891623 -0.015608276812973053 -0.012154951918605297
1699269132.0907676 -0.016096364654500546 -0.011678018982666122
1699269132.273692 -0.016096364654500546 -0.011678018982666122
1699269132.3230891 -0.016516854750596617 -0.011159806935209552
1699269132.5132594 -0.016516854750596617 -0.011159806935209552
1699269132.5628328 -0.016516854750596617 -0.011159806935209552
1699269132.6128929 -0.016516854750596617 -0.011159806935209552
1699269132.6631265 -0.018263381023690198 -0.010088818842338917
1699269132.8465526 -0.018263381023690198 -0.010088818842338917
1699269132.895676 -0.018263381023690198 -0.010088818842338917
1699269132.945838 -0.018263381023690198 -0.010088818842338917
1699269132.995997 -0.018946818022492578 -0.009579136942837829
1699269133.1860101 -0.01952958075987506 -0.009096733111976722
1699269133.380188 -0.01952958075987506 -0.009096733111976722
1699269133.4302428 -0.020103901940080347 -0.008635337404997858
1699269133.6224294 -0.020103901940080347 -0.008635337404997858
1699269133.672654 -0.020103901940080347 -0.008635337404997858
1699269133.7231476 -0.020103901940080347 -0.008635337404997858
1699269133.7727745 -0.020939206186881987 -0.007674174958820467
1699269133.9588153 -0.020939206186881987 -0.007674174958820467
1699269134.0082924 -0.020939206186881987 -0.007674174958820467
1699269134.0585043 -0.020939206186881987 -0.007674174958820467
1699269134.1085546 -0.02133076928567378 -0.007230756296311789
1699269134.293116 -0.021623429672827835 -0.006796049842577819
1699269134.4818919 -0.021623429672827835 -0.006796049842577819
1699269134.5315795 -0.02234804637813077 -0.00638711115253059
1699269134.7123075 -0.02234804637813077 -0.00638711115253059
1699269134.7630465 -0.02234804637813077 -0.00638711115253059
1699269134.8125799 -0.0230023207372811 -0.006027143301703735
1699269134.9964864 -0.0230023207372811 -0.006027143301703735
1699269135.0456793 -0.0230023207372811 -0.006027143301703735
1699269135.0959065 -0.0230023207372811 -0.006027143301703735
1699269135.1461728 -0.023567710956550244 -0.005664486810551519
1699269135.3400881 -0.023567710956550244 -0.005664486810551519
1699269135.3888679 -0.023567710956550244 -0.005664486810551519
1699269135.4391308 -0.023567710956550244 -0.005664486810551519
1699269135.489299 -0.024469505003409473 -0.004955272800527124
1699269135.6711545 -0.024469505003409473 -0.004955272800527124
1699269135.720336 -0.024469505003409473 -0.004955272800527124
1699269135.770668 -0.024469505003409473 -0.004955272800527124
1699269135.8202825 -0.02512810186693437 -0.004385006594464689
1699269136.0022695 -0.02512810186693437 -0.004385006594464689
1699269136.0516381 -0.02512810186693437 -0.004385006594464689
1699269136.1018083 -0.02512810186693437 -0.004385006594464689
1699269136.1518764 -0.02570249968433667 -0.004117678930657414
1699269136.3370924 -0.026201452244674232 -0.0038636468639906456
1699269136.5349982 -0.026201452244674232 -0.0038636468639906456
1699269136.5846522 -0.026672583159866366 -0.0036722949333166236
1699269136.7642527 -0.026672583159866366 -0.0036722949333166236
1699269136.8136554 -0.026672583159866366 -0.0036722949333166236
1699269136.8637674 -0.027105799769930064 -0.003457656363102328
1699269137.050139 -0.027105799769930064 -0.003457656363102328
1699269137.100421 -0.027105799769930064 -0.003457656363102328
1699269137.1504514 -0.027105799769930064 -0.003457656363102328
1699269137.2003412 -0.02790981846302391 -0.0030779410221585656
1699269137.384897 -0.02790981846302391 -0.0030779410221585656
1699269137.4351075 -0.02790981846302391 -0.0030779410221585656
1699269137.4848096 -0.028158857868724897 -0.0029650500903153645
1699269137.688423 -0.028158857868724897 -0.0029650500903153645
1699269137.7376158 -0.028158857868724897 -0.0029650500903153645
1699269137.7878988 -0.028373928695883826 -0.0028401124515522094
1699269137.990869 -0.028373928695883826 -0.0028401124515522094
1699269138.040232 -0.028373928695883826 -0.0028401124515522094
1699269138.0909429 -0.028373928695883826 -0.0028401124515522094
1699269138.1408415 -0.028770187438111133 -0.0027538479116797766
1699269138.326282 -0.029145928628846973 -0.0026095773433985016
1699269138.520962 -0.029145928628846973 -0.0026095773433985016
1699269138.5711527 -0.02950160808294279 -0.002501268737930306
1699269138.7512991 -0.02950160808294279 -0.002501268737930306
1699269138.8007338 -0.02950160808294279 -0.002501268737930306
1699269138.8513472 -0.02981500183878319 -0.002399561937974004
1699269139.030185 -0.02981500183878319 -0.002399561937974004
1699269139.0799873 -0.02981500183878319 -0.002399561937974004
1699269139.130522 -0.030141459760845302 -0.0022563939700826225
1699269139.3302991 -0.030141459760845302 -0.0022563939700826225
1699269139.3799355 -0.030141459760845302 -0.0022563939700826225
1699269139.4303613 -0.030457974002967896 -0.0021433998655838813
1699269139.6240296 -0.030457974002967896 -0.0021433998655838813
1699269139.6738458 -0.030457974002967896 -0.0021433998655838813
1699269139.7238657 -0.03081223748067067 -0.0020836599802185555
1699269139.9140546 -0.03081223748067067 -0.0020836599802185555
1699269139.9640615 -0.03081223748067067 -0.0020836599802185555
1699269140.0139046 -0.031138364444074976 -0.002028171317622639
1699269140.2025757 -0.031138364444074976 -0.002028171317622639
1699269140.2529535 -0.031138364444074976 -0.002028171317622639
1699269140.3028364 -0.031138364444074976 -0.002028171317622639
1699269140.3530898 -0.03147240493944568 -0.0019685568570962436
1699269140.5470176 -0.03179427214478468 -0.001923755659532158
1699269140.753438 -0.03179427214478468 -0.001923755659532158
1699269140.8031354 -0.032094716503015 -0.0018748200748005598
1699269140.985947 -0.032094716503015 -0.0018748200748005598
1699269141.035743 -0.032094716503015 -0.0018748200748005598
1699269141.0858035 -0.03240410961170557 -0.001861249916266499
1699269141.276264 -0.03240410961170557 -0.001861249916266499
1699269141.3264651 -0.03240410961170557 -0.001861249916266499
1699269141.3761747 -0.03240410961170557 -0.001861249916266499
1699269141.4265308 -0.03278556735252906 -0.0018376416254370454
1699269141.6154351 -0.033118714068626647 -0.0018322215621825086
