1699265533.0645957 0.0 0.0
1699265533.3495183 0.0 0.0
1699265533.5160592 0.0 0.0
1699265533.5652354 0.0 0.0
1699265533.615033 0.0 0.0
1699265533.6658807 0.0 0.0
1699265533.7154715 0.0 0.0
1699265533.7652943 0.0 0.0
1699265533.8155057 0.0 0.0
1699265533.8656456 0.0 0.0
1699265533.9157689 0.0 0.0
1699265533.9727974 0.0 0.0
1699265534.0164075 0.0 0.0
1699265534.0664716 0.0 0.0
1699265534.1165478 0.0 0.0
1699265534.1668103 0.0 0.0
1699265534.2169921 0.0 0.0
1699265534.2676625 0.0 0.0
1699265534.3172863 0.0 0.0
1699265534.367674 0.0 0.0
1699265534.4175873 0.0 0.0
1699265534.4679978 0.0 0.0
1699265534.51794 0.0 0.0
1699265534.5679536 0.0 0.0
1699265534.6183949 0.0 0.0
1699265534.6680436 0.0 0.0
1699265534.7183836 0.0 0.0
1699265534.7687428 0.0 0.0
1699265534.8187213 0.0 0.0
1699265534.8689733 0.0 0.0
1699265534.9190319 0.0 0.0
1699265534.9692495 None None
1699265535.019468 0.0 0.0
1699265535.069559 0.0 0.0
1699265535.1195858 0.0 0.0
1699265535.169717 None None
1699265535.2198777 0.0 0.0
1699265535.2698638 0.0 0.0
1699265535.3198023 0.0 0.0
1699265535.3704534 0.0 0.0
1699265535.4203148 None None
1699265535.4707751 0.0 0.0
1699265535.52074 0.0 0.0
1699265535.5709078 0.0 0.0
1699265535.6209812 None None
1699265535.6712105 0.0 0.0
1699265535.7214746 0.0 0.0
1699265535.7717836 0.0 0.0
1699265535.8223863 0.0 0.0
1699265535.873428 0.0 0.0
1699265535.9226055 None None
1699265535.9723952 0.0 0.0
1699265536.0224173 0.0 0.0
1699265536.072161 0.0 0.0
1699265536.1237206 None None
1699265536.1730692 0.0 0.0
1699265536.2227871 0.0 0.0
1699265536.2729082 0.0 0.0
1699265536.322776 0.0 0.0
1699265536.3728871 None None
1699265536.4230983 0.0 0.0
1699265536.4740238 0.0 0.0
1699265536.524272 0.0 0.0
1699265536.5741735 None None
1699265536.62406 0.0 0.0
1699265536.6770267 0.0 0.0
1699265536.7272048 0.0 0.0
1699265536.7773414 0.0 0.0
1699265536.8277247 None None
1699265536.878065 0.0 0.0
1699265536.927966 0.0 0.0
1699265536.9781938 0.0 0.0
1699265537.028548 0.0 0.0
1699265537.07861 None None
1699265537.1290793 0.0 0.0
1699265537.1801333 0.0 0.0
1699265537.2292545 0.0 0.0
1699265537.279279 0.0 0.0
1699265537.329318 None None
1699265537.37987 0.0 0.0
1699265537.429736 0.0 0.0
1699265537.480205 0.0 0.0
1699265537.5323584 0.0 0.0
1699265537.5805588 None None
1699265537.6309457 0.0 0.0
1699265537.6806967 0.0 0.0
1699265537.7310379 None None
1699265537.7808409 0.0 0.0
1699265537.8309147 0.0 0.0
1699265537.88272 0.0 0.0
1699265537.9313526 0.0 0.0
1699265537.9820497 None None
1699265538.0320666 0.0 0.0
1699265538.082417 0.0 0.0
1699265538.1328232 0.0 0.0
1699265538.1819608 0.0 0.0
1699265538.232063 None None
1699265538.2824936 0.0 0.0
1699265538.332674 0.0 0.0
1699265538.3834832 0.0 0.0
1699265538.4336536 0.0 0.0
1699265538.4840605 None None
1699265538.5336108 0.0 0.0
1699265538.5838552 0.0 0.0
1699265538.634689 0.0 0.0
1699265538.6838655 None None
1699265538.733825 0.0 0.0
1699265538.7843423 0.0 0.0
1699265538.834073 0.0 0.0
1699265538.884355 0.0 0.0
1699265538.9348242 None None
1699265538.9864817 0.0 0.0
1699265539.035294 0.0 0.0
1699265539.0852685 0.0 0.0
1699265539.135036 None None
1699265539.1854374 0.0 0.0
1699265539.2360184 0.0 0.0
1699265539.2856717 0.0 0.0
1699265539.335782 0.0 0.0
1699265539.385986 None None
1699265539.4366107 0.0 0.0
1699265539.486804 0.0 0.0
1699265539.5366395 0.0 0.0
1699265539.5870533 None None
1699265539.637152 0.0 0.0
1699265539.6869051 0.0 0.0
1699265539.7368932 0.0 0.0
1699265539.7884104 0.0 0.0
1699265539.8374753 None None
1699265539.888263 0.0 0.0
1699265539.9384117 0.0 0.0
1699265539.9886749 0.0 0.0
1699265540.03892 None None
1699265540.08907 0.0 0.0
1699265540.1394637 0.0 0.0
1699265540.189539 0.0 0.0
1699265540.2395365 0.0 0.0
1699265540.2895918 None None
1699265540.3400548 0.0 0.0
1699265540.3898785 0.0 0.0
1699265540.43988 0.0 0.0
1699265540.4901376 0.0 0.0
1699265540.5406845 None None
1699265540.5909157 0.0 0.0
1699265540.6409729 0.0 0.0
1699265540.6913962 0.0 0.0
1699265540.7412698 0.0 0.0
1699265540.791769 None None
1699265540.8420525 0.0 0.0
1699265540.8920891 0.0 0.0
1699265540.9422708 0.0 0.0
1699265540.9920774 None None
1699265541.0420635 0.0 0.0
1699265541.0922403 0.0 0.0
1699265541.14255 0.0 0.0
1699265541.192598 0.0 0.0
1699265541.24292 None None
1699265541.2932417 0.0 0.0
1699265541.3432589 0.0 0.0
1699265541.3932083 0.0 0.0
1699265541.4435334 0.0 0.0
1699265541.4934855 0.0 0.0
1699265541.5436778 None None
1699265541.5943599 0.0 0.0
1699265541.6442442 0.0 0.0
1699265541.6966739 0.0 0.0
1699265541.744523 None None
1699265541.7943935 0.0 0.0
1699265541.960311 0.0 0.0
1699265542.0099983 0.0 0.0
1699265542.0601223 0.0 0.0
1699265542.1103032 0.0 0.0
1699265542.1601224 0.0 0.0
1699265542.21043 0.0 0.0
1699265542.2605965 0.0 0.0
1699265542.3107285 0.0 0.0
1699265542.360859 0.0 0.0
1699265542.4120142 None None
1699265542.4618473 0.0 0.0
1699265542.5120225 0.0 0.0
1699265542.5624115 0.0 0.0
1699265542.6122942 0.0 0.0
1699265542.662534 0.0 0.0
1699265542.7131782 None None
1699265542.7632506 0.0 0.0
1699265542.8139591 0.0 0.0
1699265542.8634174 0.0 0.0
1699265542.9133394 None None
1699265542.963565 0.0 0.0
1699265543.0134416 0.0 0.0
1699265543.0641832 0.0 0.0
1699265543.1157548 0.0 0.0
1699265543.163824 None None
1699265543.2142484 0.0 0.0
1699265543.264197 0.0 0.0
1699265543.3145003 0.0 0.0
1699265543.364505 0.0 0.0
1699265543.417079 0.0 0.0
1699265543.4667842 None None
1699265543.516674 0.0 0.0
1699265543.5671084 0.0 0.0
1699265543.616976 0.0 0.0
1699265543.6673806 None None
1699265543.717205 0.0 0.0
1699265543.767443 0.0 0.0
1699265543.8175676 0.0 0.0
1699265543.8681164 0.0 0.0
1699265543.9174745 None None
1699265543.9680984 0.0 0.0
1699265544.0182872 0.0 0.0
1699265544.0683818 0.0 0.0
1699265544.1187599 0.0 0.0
1699265544.1687496 0.0 0.0
1699265544.2193775 None None
1699265544.2695081 0.0 0.0
1699265544.3193383 0.0 0.0
1699265544.3696737 0.0 0.0
1699265544.4197505 None None
1699265544.4699728 0.0 0.0
1699265544.5200753 0.0 0.0
1699265544.57008 0.0 0.0
1699265544.6204247 None None
1699265544.67054 0.0 0.0
1699265544.7208898 0.0 0.0
1699265544.7710452 0.0 0.0
1699265544.8208373 None None
1699265544.8720646 0.0 0.0
1699265544.9223807 0.0 0.0
1699265544.9722679 0.0 0.0
1699265545.022528 0.0 0.0
1699265545.0728598 0.0 0.0
1699265545.1232452 None None
1699265545.1729054 0.0 0.0
1699265545.223391 0.0 0.0
1699265545.2736967 0.0 0.0
1699265545.3247433 None None
1699265545.374595 0.0 0.0
1699265545.4242585 0.0 0.0
1699265545.4745717 0.0 0.0
1699265545.5243423 0.0 0.0
1699265545.5744903 None None
1699265545.625269 0.0 0.0
1699265545.6758356 0.0 0.0
1699265545.7249024 0.0 0.0
1699265545.775126 0.0 0.0
1699265545.825371 None None
1699265545.8753984 0.0 0.0
1699265545.925485 0.0 0.0
1699265545.9795413 0.0 0.0
1699265546.0294616 None None
1699265546.0800712 0.0 0.0
1699265546.1296904 0.0 0.0
1699265546.1797683 0.0 0.0
1699265546.2296932 0.0 0.0
1699265546.280306 None None
1699265546.3303726 0.0 0.0
1699265546.380694 0.0 0.0
1699265546.430559 0.0 0.0
1699265546.4807365 0.0 0.0
1699265546.5309296 None None
1699265546.5808883 0.0 0.0
1699265546.6310039 0.0 0.0
1699265546.6814218 None None
1699265546.7314901 None None
1699265546.7817085 0.0 0.0
1699265546.8331904 0.0 0.0
1699265546.8830907 0.0 0.0
1699265546.9330478 0.0 0.0
1699265546.982829 None None
1699265547.0328863 0.0 0.0
1699265547.0837302 0.0 0.0
1699265547.133513 0.0 0.0
1699265547.1843367 0.0 0.0
1699265547.3505247 0.0 0.0
1699265547.3999636 0.0 0.0
1699265547.533337 0.0 0.0
1699265547.5710483 0.0 0.0
1699265547.5882404 0.0 0.0
1699265547.732021 0.0 0.0
1699265547.782191 0.0 0.0
1699265547.8325348 0.17743428253578852 -0.09178621460630032
1699265548.0398417 0.16773723144997266 -0.08579617692968701
1699265548.2444353 0.16773723144997266 -0.08579617692968701
1699265548.2936814 0.09533571048294223 -0.024906977554575768
1699265548.4867198 0.09533571048294223 -0.024906977554575768
1699265548.5357227 0.09533571048294223 -0.024906977554575768
1699265548.5857916 0.01703647156691096 -0.01247509815037838
1699265548.7809122 0.01703647156691096 -0.01247509815037838
1699265548.8302765 0.01703647156691096 -0.01247509815037838
1699265548.8802693 -0.0006040645335180983 -0.02677115769197632
1699265549.0756595 -0.0006040645335180983 -0.02677115769197632
1699265549.1248257 -0.0006040645335180983 -0.02677115769197632
1699265549.1748908 -0.003258048361126199 -0.023948488483683382
1699265549.3645194 -0.003258048361126199 -0.023948488483683382
1699265549.413764 -0.003258048361126199 -0.023948488483683382
1699265549.464036 -0.0036006294880267533 -0.023296143772674104
1699265549.6718738 -0.0036006294880267533 -0.023296143772674104
1699265549.7215433 -0.0036006294880267533 -0.023296143772674104
1699265549.771728 -0.0031757731126394366 -0.023172247204761312
1699265549.9605858 -0.0031757731126394366 -0.023172247204761312
1699265550.0105295 -0.0031757731126394366 -0.023172247204761312
1699265550.0620291 -0.0031757731126394366 -0.023172247204761312
1699265550.1124587 -0.0023274945678681985 -0.022389158775750966
1699265550.3170695 -0.0023274945678681985 -0.022389158775750966
1699265550.3669178 -0.0023274945678681985 -0.022389158775750966
1699265550.4171064 -0.0023274945678681985 -0.022389158775750966
1699265550.4673727 -0.0032827570837422977 -0.021070073646176943
1699265550.6470046 -0.0032827570837422977 -0.021070073646176943
1699265550.6967342 -0.0032827570837422977 -0.021070073646176943
1699265550.7471447 -0.0032827570837422977 -0.021070073646176943
1699265550.7973788 -0.004949900026735968 -0.019950070561404392
1699265550.9827948 -0.004949900026735968 -0.019950070561404392
1699265551.0325437 -0.004949900026735968 -0.019950070561404392
1699265551.0830474 -0.00581621243068506 -0.019416918734326567
1699265551.286866 -0.00581621243068506 -0.019416918734326567
1699265551.336554 -0.00581621243068506 -0.019416918734326567
1699265551.3871086 -0.00581621243068506 -0.019416918734326567
1699265551.436921 -0.006546822156698968 -0.019186295355719894
1699265551.622844 -0.0069077960544609894 -0.01892787151917446
1699265551.8049996 -0.0069077960544609894 -0.01892787151917446
1699265551.8553176 -0.007126656740567647 -0.01835891323114746
1699265552.0535548 -0.007126656740567647 -0.01835891323114746
1699265552.1032307 -0.007126656740567647 -0.01835891323114746
1699265552.1533833 -0.008557938522858305 -0.017587837725011747
1699265552.344138 -0.008557938522858305 -0.017587837725011747
1699265552.3951871 -0.008557938522858305 -0.017587837725011747
1699265552.4447937 -0.008557938522858305 -0.017587837725011747
1699265552.4964933 -0.009656951489645368 -0.01691315909182788
1699265552.7778573 -0.010377476581940309 -0.01636497365058521
1699265552.9841847 -0.010377476581940309 -0.01636497365058521
1699265553.033948 -0.011047102494701049 -0.015894649823980384
1699265553.2372317 -0.011047102494701049 -0.015894649823980384
1699265553.2867541 -0.011047102494701049 -0.015894649823980384
1699265553.3368556 -0.011608703718881145 -0.01537831808437207
