1699265588.8122606 0.0 0.0
1699265589.1112707 0.0 0.0
1699265589.2799892 0.0 0.0
1699265589.3291647 0.0 0.0
1699265589.3794506 0.0 0.0
1699265589.429465 0.0 0.0
1699265589.4794645 0.0 0.0
1699265589.5306609 0.0 0.0
1699265589.5801878 0.0 0.0
1699265589.630563 0.0 0.0
1699265589.6805317 0.0 0.0
1699265589.730706 0.0 0.0
1699265589.7809515 0.0 0.0
1699265589.8308735 0.0 0.0
1699265589.8811538 0.0 0.0
1699265589.9314167 0.0 0.0
1699265589.9814122 0.0 0.0
1699265590.0316484 0.0 0.0
1699265590.0820885 0.0 0.0
1699265590.131798 0.0 0.0
1699265590.1820798 0.0 0.0
1699265590.2321289 0.0 0.0
1699265590.2828906 0.0 0.0
1699265590.333064 0.0 0.0
1699265590.3832386 0.0 0.0
1699265590.4335754 0.0 0.0
1699265590.4837167 0.0 0.0
1699265590.5337777 0.0 0.0
1699265590.5839417 0.0 0.0
1699265590.6344995 0.0 0.0
1699265590.684941 0.0 0.0
1699265590.7355134 0.0 0.0
1699265590.785302 None None
1699265590.8354182 0.0 0.0
1699265590.8855572 0.0 0.0
1699265590.9356651 0.0 0.0
1699265590.985741 None None
1699265591.0358226 0.0 0.0
1699265591.0864005 0.0 0.0
1699265591.1363764 0.0 0.0
1699265591.1863406 0.0 0.0
1699265591.2363868 None None
1699265591.2867577 0.0 0.0
1699265591.3369358 0.0 0.0
1699265591.3873873 0.0 0.0
1699265591.4372923 0.0 0.0
1699265591.4879427 None None
1699265591.5376759 0.0 0.0
1699265591.587768 0.0 0.0
1699265591.637777 0.0 0.0
1699265591.6879349 0.0 0.0
1699265591.738653 None None
1699265591.7886257 0.0 0.0
1699265591.8388982 0.0 0.0
1699265591.8888056 0.0 0.0
1699265591.9388878 0.0 0.0
1699265591.9888558 None None
1699265592.03895 0.0 0.0
1699265592.0891593 0.0 0.0
1699265592.139466 0.0 0.0
1699265592.1895578 None None
1699265592.2401023 0.0 0.0
1699265592.2899175 0.0 0.0
1699265592.3398821 0.0 0.0
1699265592.3899143 0.0 0.0
1699265592.4401069 None None
1699265592.4908166 0.0 0.0
1699265592.5408175 0.0 0.0
1699265592.5909557 0.0 0.0
1699265592.6414106 0.0 0.0
1699265592.691099 None None
1699265592.7415574 0.0 0.0
1699265592.791801 0.0 0.0
1699265592.84188 0.0 0.0
1699265592.8928983 None None
1699265592.9419646 0.0 0.0
1699265592.9922495 0.0 0.0
1699265593.0423214 0.0 0.0
1699265593.0927281 0.0 0.0
1699265593.1425354 None None
1699265593.1927917 0.0 0.0
1699265593.243107 0.0 0.0
1699265593.2938397 0.0 0.0
1699265593.344272 0.0 0.0
1699265593.3939219 None None
1699265593.4440396 0.0 0.0
1699265593.4937537 0.0 0.0
1699265593.5437899 0.0 0.0
1699265593.5941093 None None
1699265593.6444201 0.0 0.0
1699265593.6950185 0.0 0.0
1699265593.7450144 0.0 0.0
1699265593.7950988 None None
1699265593.8450165 0.0 0.0
1699265593.8953092 0.0 0.0
1699265593.9454317 0.0 0.0
1699265593.995681 0.0 0.0
1699265594.0460086 None None
1699265594.09572 0.0 0.0
1699265594.1462815 0.0 0.0
1699265594.1957612 0.0 0.0
1699265594.2459176 0.0 0.0
1699265594.296106 None None
1699265594.3467174 0.0 0.0
1699265594.396789 0.0 0.0
1699265594.4470756 0.0 0.0
1699265594.4969442 None None
1699265594.5473354 0.0 0.0
1699265594.5975244 0.0 0.0
1699265594.647366 0.0 0.0
1699265594.697498 0.0 0.0
1699265594.747944 None None
1699265594.79829 0.0 0.0
1699265594.848759 0.0 0.0
1699265594.8990574 0.0 0.0
1699265594.948951 None None
1699265594.9992082 0.0 0.0
1699265595.0496006 0.0 0.0
1699265595.09987 0.0 0.0
1699265595.1500404 0.0 0.0
1699265595.199934 None None
1699265595.2498603 0.0 0.0
1699265595.3011768 0.0 0.0
1699265595.3514714 0.0 0.0
1699265595.4018056 0.0 0.0
1699265595.4521682 None None
1699265595.5023339 0.0 0.0
1699265595.552335 0.0 0.0
1699265595.6029713 0.0 0.0
1699265595.6528091 None None
1699265595.7029097 0.0 0.0
1699265595.752846 0.0 0.0
1699265595.8032346 0.0 0.0
1699265595.8539684 0.0 0.0
1699265595.9038243 None None
1699265595.9538789 0.0 0.0
1699265596.0040872 0.0 0.0
1699265596.0540302 0.0 0.0
1699265596.1042953 None None
1699265596.1544619 0.0 0.0
1699265596.2047668 0.0 0.0
1699265596.2551503 0.0 0.0
1699265596.305516 0.0 0.0
1699265596.3551333 None None
1699265596.404829 0.0 0.0
1699265596.454983 0.0 0.0
1699265596.505113 0.0 0.0
1699265596.5555315 0.0 0.0
1699265596.605477 None None
1699265596.6560235 0.0 0.0
1699265596.7065551 0.0 0.0
1699265596.755996 0.0 0.0
1699265596.806658 0.0 0.0
1699265596.857002 None None
1699265596.907282 0.0 0.0
1699265596.9574926 0.0 0.0
1699265597.007776 0.0 0.0
1699265597.057853 0.0 0.0
1699265597.1075706 None None
1699265597.1573696 0.0 0.0
1699265597.2076283 0.0 0.0
1699265597.259332 0.0 0.0
1699265597.308751 0.0 0.0
1699265597.3589575 None None
1699265597.4089074 0.0 0.0
1699265597.4588876 0.0 0.0
1699265597.5088701 0.0 0.0
1699265597.6723235 0.0 0.0
1699265597.7224352 0.0 0.0
1699265597.7722604 0.0 0.0
1699265597.8227706 0.0 0.0
1699265597.8727534 0.0 0.0
1699265597.923262 0.0 0.0
1699265597.9730144 None None
1699265598.0238938 0.0 0.0
1699265598.0739563 0.0 0.0
1699265598.124287 0.0 0.0
1699265598.1742055 0.0 0.0
1699265598.2245724 0.0 0.0
1699265598.274676 None None
1699265598.3247175 0.0 0.0
1699265598.3747387 0.0 0.0
1699265598.4252849 0.0 0.0
1699265598.475373 0.0 0.0
1699265598.5256882 None None
1699265598.5762227 0.0 0.0
1699265598.6264627 0.0 0.0
1699265598.6762078 0.0 0.0
1699265598.7262254 0.0 0.0
1699265598.7764647 None None
1699265598.82715 0.0 0.0
1699265598.8769205 0.0 0.0
1699265598.9269993 0.0 0.0
1699265598.9770818 0.0 0.0
1699265599.0277839 None None
1699265599.077218 0.0 0.0
1699265599.12733 0.0 0.0
1699265599.1774113 0.0 0.0
1699265599.2276115 None None
1699265599.2777684 0.0 0.0
1699265599.3281267 0.0 0.0
1699265599.3781097 0.0 0.0
1699265599.4287453 0.0 0.0
1699265599.4787211 None None
1699265599.5286105 0.0 0.0
1699265599.5795708 0.0 0.0
1699265599.628964 0.0 0.0
1699265599.6795728 0.0 0.0
1699265599.7291753 0.0 0.0
1699265599.7794023 None None
1699265599.8300037 0.0 0.0
1699265599.8797913 0.0 0.0
1699265599.9316278 0.0 0.0
1699265599.9815047 0.0 0.0
1699265600.0316234 None None
1699265600.0818691 0.0 0.0
1699265600.131959 0.0 0.0
1699265600.1821542 0.0 0.0
1699265600.232124 None None
1699265600.2824361 0.0 0.0
1699265600.3327713 0.0 0.0
1699265600.3834832 0.0 0.0
1699265600.4332445 None None
1699265600.483192 0.0 0.0
1699265600.533195 0.0 0.0
1699265600.5835056 0.0 0.0
1699265600.6334078 None None
1699265600.6837885 0.0 0.0
1699265600.7336216 0.0 0.0
1699265600.783921 0.0 0.0
1699265600.8340633 0.0 0.0
1699265600.884194 0.0 0.0
1699265600.9344027 None None
1699265600.9844072 0.0 0.0
1699265601.0349367 0.0 0.0
1699265601.0847778 0.0 0.0
1699265601.1349647 None None
1699265601.1851768 0.0 0.0
1699265601.2372391 0.0 0.0
1699265601.2869449 0.0 0.0
1699265601.3373716 0.0 0.0
1699265601.3888862 None None
1699265601.4381723 0.0 0.0
1699265601.4878843 0.0 0.0
1699265601.5379517 0.0 0.0
1699265601.5880358 None None
1699265601.6382754 0.0 0.0
1699265601.6885083 0.0 0.0
1699265601.738972 0.0 0.0
1699265601.7890837 0.0 0.0
1699265601.8393145 None None
1699265601.889536 0.0 0.0
1699265601.9397001 0.0 0.0
1699265601.9897602 0.0 0.0
1699265602.0398598 0.0 0.0
1699265602.089779 None None
1699265602.140206 0.0 0.0
1699265602.1900828 0.0 0.0
1699265602.240489 0.0 0.0
1699265602.2914767 0.0 0.0
1699265602.3409612 None None
1699265602.391459 0.0 0.0
1699265602.442554 None None
1699265602.4922495 0.0 0.0
1699265602.5424664 None None
1699265602.5926723 0.0 0.0
1699265602.6425486 0.0 0.0
1699265602.6926434 0.0 0.0
1699265602.7424328 0.0 0.0
1699265602.7932556 None None
1699265602.8436635 0.0 0.0
1699265602.8941755 0.0 0.0
1699265602.9439425 0.0 0.0
1699265603.1244516 0.0 0.0
1699265603.1742074 0.0 0.0
1699265603.3205054 0.0 0.0
1699265603.345065 0.0 0.0
1699265603.3801446 0.0 0.0
1699265603.5218573 0.0 0.0
1699265603.5711467 0.0 0.0
1699265603.6209 0.17743428253578852 -0.09178621460630032
1699265603.818229 0.16773723144997266 -0.08579617692968701
1699265604.0257928 0.16773723144997266 -0.08579617692968701
1699265604.075513 0.09533571048294223 -0.024906977554575768
1699265604.2637477 0.09533571048294223 -0.024906977554575768
1699265604.312754 0.09533571048294223 -0.024906977554575768
1699265604.3625643 0.01703647156691096 -0.01247509815037838
1699265604.5560951 0.01703647156691096 -0.01247509815037838
1699265604.605649 0.01703647156691096 -0.01247509815037838
1699265604.656371 -0.0006040645335180983 -0.02677115769197632
1699265604.860437 -0.0006040645335180983 -0.02677115769197632
1699265604.9101722 -0.0006040645335180983 -0.02677115769197632
1699265604.9602559 -0.003258048361126199 -0.023948488483683382
1699265605.157732 -0.003258048361126199 -0.023948488483683382
1699265605.206908 -0.003258048361126199 -0.023948488483683382
1699265605.2568629 -0.0036006294880267533 -0.023296143772674104
1699265605.479761 -0.0036006294880267533 -0.023296143772674104
1699265605.5295477 -0.0036006294880267533 -0.023296143772674104
1699265605.5798643 -0.0031757731126394366 -0.023172247204761312
1699265605.7925584 -0.0031757731126394366 -0.023172247204761312
1699265605.8419704 -0.0031757731126394366 -0.023172247204761312
1699265605.8919563 -0.0031757731126394366 -0.023172247204761312
1699265605.9425185 -0.0023274945678681985 -0.022389158775750966
1699265606.1308272 -0.0023274945678681985 -0.022389158775750966
1699265606.180841 -0.0023274945678681985 -0.022389158775750966
1699265606.2307618 -0.0023274945678681985 -0.022389158775750966
1699265606.2817483 -0.0032827570837422977 -0.021070073646176943
1699265606.4954095 -0.0032827570837422977 -0.021070073646176943
1699265606.5444043 -0.0032827570837422977 -0.021070073646176943
1699265606.595323 -0.0032827570837422977 -0.021070073646176943
1699265606.6454818 -0.004949900026735968 -0.019950070561404392
1699265606.8573182 -0.004949900026735968 -0.019950070561404392
1699265606.907215 -0.004949900026735968 -0.019950070561404392
1699265606.957101 -0.00581621243068506 -0.019416918734326567
1699265607.151066 -0.00581621243068506 -0.019416918734326567
1699265607.2005782 -0.00581621243068506 -0.019416918734326567
1699265607.2505512 -0.00581621243068506 -0.019416918734326567
1699265607.300485 -0.006546822156698968 -0.019186295355719894
1699265607.5010023 -0.0069077960544609894 -0.01892787151917446
1699265607.7010982 -0.0069077960544609894 -0.01892787151917446
1699265607.7514718 -0.007126656740567647 -0.01835891323114746
1699265607.9483633 -0.007126656740567647 -0.01835891323114746
1699265607.9981496 -0.007126656740567647 -0.01835891323114746
1699265608.0488644 -0.008557938522858305 -0.017587837725011747
1699265608.2612004 -0.008557938522858305 -0.017587837725011747
1699265608.311089 -0.008557938522858305 -0.017587837725011747
1699265608.3612099 -0.008557938522858305 -0.017587837725011747
1699265608.4725685 -0.009656951489645368 -0.01691315909182788
1699265608.6691809 -0.010377476581940309 -0.01636497365058521
1699265608.8734524 -0.010377476581940309 -0.01636497365058521
1699265608.9236848 -0.011047102494701049 -0.015894649823980384
1699265609.1227083 -0.011047102494701049 -0.015894649823980384
1699265609.1729643 -0.011047102494701049 -0.015894649823980384
1699265609.2241008 -0.011608703718881145 -0.01537831808437207
1699265609.4325135 -0.011608703718881145 -0.01537831808437207
1699265609.4816082 -0.011608703718881145 -0.01537831808437207
1699265609.5317676 -0.011608703718881145 -0.01537831808437207
1699265609.5817246 -0.01199233972241229 -0.014884227138914876
1699265609.7889283 -0.012223103357269246 -0.014417841779733378
1699265609.9907115 -0.012223103357269246 -0.014417841779733378
1699265610.0369446 -0.013262384879210982 -0.013903220245255194
1699265610.2519977 -0.013262384879210982 -0.013903220245255194
1699265610.3008466 -0.013262384879210982 -0.013903220245255194
1699265610.351673 -0.01417609154158504 -0.013265444728122336
1699265610.5609553 -0.01417609154158504 -0.013265444728122336
1699265610.61041 -0.01417609154158504 -0.013265444728122336
1699265610.6603959 -0.014945732217600927 -0.012686655480453536
1699265610.8716376 -0.014945732217600927 -0.012686655480453536
1699265610.921073 -0.014945732217600927 -0.012686655480453536
1699265610.9717438 -0.014945732217600927 -0.012686655480453536
1699265611.0219593 -0.015608276812973053 -0.012154951918605297
1699265611.226349 -0.016096364654500546 -0.011678018982666122
1699265611.4296165 -0.016096364654500546 -0.011678018982666122
1699265611.4788735 -0.016516854750596617 -0.011159806935209552
1699265611.6894388 -0.016516854750596617 -0.011159806935209552
1699265611.7392206 -0.016516854750596617 -0.011159806935209552
1699265611.7892027 -0.016516854750596617 -0.011159806935209552
1699265611.8401816 -0.018263381023690198 -0.010088818842338917
1699265612.0400398 -0.018263381023690198 -0.010088818842338917
1699265612.0902352 -0.018263381023690198 -0.010088818842338917
1699265612.1408207 -0.018263381023690198 -0.010088818842338917
1699265612.1903112 -0.018946818022492578 -0.009579136942837829
1699265612.396445 -0.01952958075987506 -0.009096733111976722
1699265612.6126935 -0.01952958075987506 -0.009096733111976722
1699265612.6623785 -0.020103901940080347 -0.008635337404997858
1699265612.8682256 -0.020103901940080347 -0.008635337404997858
1699265612.9179106 -0.020103901940080347 -0.008635337404997858
1699265612.9686143 -0.020103901940080347 -0.008635337404997858
1699265613.018005 -0.020939206186881987 -0.007674174958820467
1699265613.2330282 -0.020939206186881987 -0.007674174958820467
1699265613.2827277 -0.020939206186881987 -0.007674174958820467
1699265613.3328278 -0.020939206186881987 -0.007674174958820467
1699265613.3831906 -0.02133076928567378 -0.007230756296311789
1699265613.5838523 -0.021623429672827835 -0.006796049842577819
1699265613.7845452 -0.021623429672827835 -0.006796049842577819
1699265613.834552 -0.02234804637813077 -0.00638711115253059
1699265614.0427032 -0.02234804637813077 -0.00638711115253059
1699265614.0924525 -0.02234804637813077 -0.00638711115253059
1699265614.1441228 -0.0230023207372811 -0.006027143301703735
1699265614.3395681 -0.0230023207372811 -0.006027143301703735
1699265614.3886647 -0.0230023207372811 -0.006027143301703735
1699265614.4390774 -0.0230023207372811 -0.006027143301703735
1699265614.4902093 -0.023567710956550244 -0.005664486810551519
1699265614.7016685 -0.023567710956550244 -0.005664486810551519
1699265614.7509625 -0.023567710956550244 -0.005664486810551519
1699265614.8014297 -0.023567710956550244 -0.005664486810551519
1699265614.8518124 -0.024469505003409473 -0.004955272800527124
1699265615.047429 -0.024469505003409473 -0.004955272800527124
1699265615.0978193 -0.024469505003409473 -0.004955272800527124
1699265615.1479974 -0.024469505003409473 -0.004955272800527124
1699265615.1982124 -0.02512810186693437 -0.004385006594464689
1699265615.387867 -0.02512810186693437 -0.004385006594464689
1699265615.4376252 -0.02512810186693437 -0.004385006594464689
1699265615.487536 -0.02512810186693437 -0.004385006594464689
1699265615.5380864 -0.02570249968433667 -0.004117678930657414
1699265615.7489016 -0.026201452244674232 -0.0038636468639906456
1699265615.9333797 -0.026201452244674232 -0.0038636468639906456
1699265615.9830923 -0.026672583159866366 -0.0036722949333166236
1699265616.1815 -0.026672583159866366 -0.0036722949333166236
1699265616.2301755 -0.026672583159866366 -0.0036722949333166236
1699265616.2804925 -0.027105799769930064 -0.003457656363102328
1699265616.4881277 -0.027105799769930064 -0.003457656363102328
1699265616.5385563 -0.027105799769930064 -0.003457656363102328
1699265616.5884798 -0.027105799769930064 -0.003457656363102328
1699265616.6386719 -0.02790981846302391 -0.0030779410221585656
1699265616.8334432 -0.02790981846302391 -0.0030779410221585656
1699265616.8829668 -0.02790981846302391 -0.0030779410221585656
1699265616.9329863 -0.028158857868724897 -0.0029650500903153645
1699265617.1300237 -0.028158857868724897 -0.0029650500903153645
1699265617.1789222 -0.028158857868724897 -0.0029650500903153645
1699265617.22906 -0.028373928695883826 -0.0028401124515522094
1699265617.4378655 -0.028373928695883826 -0.0028401124515522094
1699265617.4869032 -0.028373928695883826 -0.0028401124515522094
1699265617.5371947 -0.028373928695883826 -0.0028401124515522094
1699265617.5875647 -0.028770187438111133 -0.0027538479116797766
1699265617.7794144 -0.029145928628846973 -0.0026095773433985016
1699265617.9736414 -0.029145928628846973 -0.0026095773433985016
1699265618.023304 -0.02950160808294279 -0.002501268737930306
1699265618.2192795 -0.02950160808294279 -0.002501268737930306
1699265618.2684288 -0.02950160808294279 -0.002501268737930306
1699265618.318844 -0.02981500183878319 -0.002399561937974004
1699265618.5171163 -0.02981500183878319 -0.002399561937974004
1699265618.5668457 -0.02981500183878319 -0.002399561937974004
1699265618.6171467 -0.030141459760845302 -0.0022563939700826225
1699265618.8114188 -0.030141459760845302 -0.0022563939700826225
1699265618.8608656 -0.030141459760845302 -0.0022563939700826225
1699265618.9109607 -0.030457974002967896 -0.0021433998655838813
1699265619.0970192 -0.030457974002967896 -0.0021433998655838813
1699265619.1466272 -0.030457974002967896 -0.0021433998655838813
1699265619.196843 -0.03081223748067067 -0.0020836599802185555
1699265619.392114 -0.03081223748067067 -0.0020836599802185555
1699265619.4414253 -0.03081223748067067 -0.0020836599802185555
1699265619.4917452 -0.031138364444074976 -0.002028171317622639
1699265619.6816509 -0.031138364444074976 -0.002028171317622639
1699265619.7315743 -0.031138364444074976 -0.002028171317622639
1699265619.7814505 -0.031138364444074976 -0.002028171317622639
1699265619.8313117 -0.03147240493944568 -0.0019685568570962436
1699265620.0380955 -0.03179427214478468 -0.001923755659532158
1699265620.2394583 -0.03179427214478468 -0.001923755659532158
1699265620.2889655 -0.032094716503015 -0.0018748200748005598
1699265620.4883444 -0.032094716503015 -0.0018748200748005598
1699265620.5377667 -0.032094716503015 -0.0018748200748005598
1699265620.5883126 -0.03240410961170557 -0.001861249916266499
1699265620.8016217 -0.03240410961170557 -0.001861249916266499
1699265620.8509345 -0.03240410961170557 -0.001861249916266499
1699265620.9007523 -0.03240410961170557 -0.001861249916266499
1699265620.950935 -0.03278556735252906 -0.0018376416254370454
1699265621.1416287 -0.033118714068626647 -0.0018322215621825086
1699265621.3443751 -0.033118714068626647 -0.0018322215621825086
1699265621.3932166 -0.033382526994023276 -0.001838257763945448
1699265621.5881288 -0.033382526994023276 -0.001838257763945448
1699265621.6376696 -0.033382526994023276 -0.001838257763945448
1699265621.687803 -0.033382526994023276 -0.001838257763945448
1699265621.7378647 -0.033928163918597716 -0.001883929461458978
1699265621.9277983 -0.033928163918597716 -0.001883929461458978
1699265621.977494 -0.033928163918597716 -0.001883929461458978
1699265622.0282433 -0.03417239534745314 -0.0019336385253323836
1699265622.2161062 -0.03417239534745314 -0.0019336385253323836
1699265622.2658896 -0.03417239534745314 -0.0019336385253323836
1699265622.3158832 -0.034412005508687206 -0.0019570009525727928
1699265622.5131478 -0.034412005508687206 -0.0019570009525727928
1699265622.5628054 -0.034412005508687206 -0.0019570009525727928
1699265622.612693 -0.03464474225349044 -0.001998761283210725
1699265622.811845 -0.03464474225349044 -0.001998761283210725
1699265622.861218 -0.03464474225349044 -0.001998761283210725
1699265622.9113913 -0.03464474225349044 -0.001998761283210725
1699265622.9614701 -0.03506161532219801 -0.0020862066049708475
1699265623.1694157 -0.03506161532219801 -0.0020862066049708475
1699265623.2182112 -0.03506161532219801 -0.0020862066049708475
1699265623.268512 -0.035248284001054585 -0.002123550077955352
1699265623.4621956 -0.035248284001054585 -0.002123550077955352
1699265623.5119982 -0.035248284001054585 -0.002123550077955352
1699265623.562153 -0.035248284001054585 -0.002123550077955352
1699265623.6122694 -0.03544804277111307 -0.002173544221613806
1699265623.8019648 -0.03544804277111307 -0.002173544221613806
1699265623.8515606 -0.03544804277111307 -0.002173544221613806
1699265623.901076 -0.03563950186940444 -0.0022307879986111227
1699265624.0994663 -0.03563950186940444 -0.0022307879986111227
1699265624.1490092 -0.03563950186940444 -0.0022307879986111227
1699265624.1990619 -0.03563950186940444 -0.0022307879986111227
1699265624.2496665 -0.035831084429631566 -0.0022968083593061465
1699265624.4527893 -0.036036421572554364 -0.0023739408708918024
1699265624.6469793 -0.036036421572554364 -0.0023739408708918024
1699265624.6967108 -0.036176752127886895 -0.0024130957796230403
1699265624.8942106 -0.036176752127886895 -0.0024130957796230403
1699265624.9434907 -0.036176752127886895 -0.0024130957796230403
1699265624.994007 -0.036176752127886895 -0.0024130957796230403
1699265625.0508704 -0.03648582698637438 -0.002524797462725169
1699265625.249333 -0.03648582698637438 -0.002524797462725169
1699265625.2987792 -0.03648582698637438 -0.002524797462725169
1699265625.348889 -0.03662835523396667 -0.002582227674637976
1699265625.545029 -0.03662835523396667 -0.002582227674637976
1699265625.5949237 -0.03662835523396667 -0.002582227674637976
1699265625.6448674 -0.03662835523396667 -0.002582227674637976
1699265625.6959965 -0.03691318378988702 -0.0027065411790082915
1699265625.8980145 -0.03691318378988702 -0.0027065411790082915
1699265625.9480999 -0.03691318378988702 -0.0027065411790082915
1699265625.997931 -0.03691318378988702 -0.0027065411790082915
1699265626.0477538 -0.03706655055654227 -0.0027770042812201813
1699265626.245525 -0.037145242771584354 -0.0028383119954682
1699265626.446683 -0.037145242771584354 -0.0028383119954682
1699265626.4961352 -0.03721452812774589 -0.002884690374798609
1699265626.6931076 -0.03721452812774589 -0.002884690374798609
1699265626.7419226 -0.03721452812774589 -0.002884690374798609
1699265626.7919455 -0.03721452812774589 -0.002884690374798609
1699265626.8418598 -0.03740889494080812 -0.0029858092759120617
1699265627.0400414 -0.03740889494080812 -0.0029858092759120617
1699265627.089791 -0.03740889494080812 -0.0029858092759120617
1699265627.1398237 -0.03740889494080812 -0.0029858092759120617
1699265627.1901298 -0.03760055429753569 -0.00306599966335884
1699265627.3808684 -0.03760055429753569 -0.00306599966335884
1699265627.4296744 -0.03760055429753569 -0.00306599966335884
1699265627.4797246 -0.03768606798918914 -0.003113391296999839
1699265627.677528 -0.03768606798918914 -0.003113391296999839
1699265627.7270205 -0.03768606798918914 -0.003113391296999839
1699265627.7769058 -0.0377255598994345 -0.003160489574497892
1699265627.9760377 -0.0377255598994345 -0.003160489574497892
1699265628.025827 -0.0377255598994345 -0.003160489574497892
1699265628.0760372 -0.03777919514778959 -0.003214730662320605
1699265628.2753756 -0.03777919514778959 -0.003214730662320605
1699265628.3250687 -0.03777919514778959 -0.003214730662320605
1699265628.3755035 -0.03783563605248207 -0.003268958812326261
1699265628.5780017 -0.03783563605248207 -0.003268958812326261
1699265628.6272593 -0.03783563605248207 -0.003268958812326261
1699265628.6772375 -0.037886592135839385 -0.0032908207826449687
1699265628.8713794 -0.037886592135839385 -0.0032908207826449687
1699265628.9218283 -0.037886592135839385 -0.0032908207826449687
1699265628.9712903 -0.037886592135839385 -0.0032908207826449687
1699265629.0215104 -0.037948879463150766 -0.003312889889186245
1699265629.2410405 -0.03802952456482182 -0.0033414465451217915
1699265629.4368145 -0.03802952456482182 -0.0033414465451217915
1699265629.4857185 -0.0381018028973789 -0.003377055203420239
1699265629.6760504 -0.0381018028973789 -0.003377055203420239
1699265629.7249258 -0.0381018028973789 -0.003377055203420239
1699265629.775781 -0.03819244593397743 -0.003407038438688887
1699265629.9715168 -0.03819244593397743 -0.003407038438688887
1699265630.020915 -0.03819244593397743 -0.003407038438688887
1699265630.0713522 -0.038250581430411004 -0.003394221551120602
1699265630.2857664 -0.038250581430411004 -0.003394221551120602
1699265630.3350668 -0.038250581430411004 -0.003394221551120602
1699265630.3847556 -0.03830682331223048 -0.0033882520169596945
1699265630.5957222 -0.03830682331223048 -0.0033882520169596945
1699265630.645345 -0.03830682331223048 -0.0033882520169596945
1699265630.6961582 -0.038366816727566345 -0.00338792082686331
1699265630.9120648 -0.038366816727566345 -0.00338792082686331
1699265630.9618428 -0.038366816727566345 -0.00338792082686331
1699265631.0116928 -0.038366816727566345 -0.00338792082686331
1699265631.0617032 -0.0384360688199312 -0.0033941041969065486
1699265631.2675405 -0.03850656612918442 -0.003406408727489082
1699265631.4732866 -0.03850656612918442 -0.003406408727489082
1699265631.5231407 -0.03858324650226396 -0.0034098271109196006
1699265631.743061 -0.03858324650226396 -0.0034098271109196006
1699265631.7923374 -0.03858324650226396 -0.0034098271109196006
1699265631.8487916 -0.0386810453082933 -0.003428146781887836
1699265632.055112 -0.0386810453082933 -0.003428146781887836
1699265632.1052098 -0.0386810453082933 -0.003428146781887836
1699265632.1561456 -0.038783347052171 -0.0034545013979253468
1699265632.3616917 -0.038783347052171 -0.0034545013979253468
1699265632.411354 -0.038783347052171 -0.0034545013979253468
1699265632.461135 -0.03882949498445687 -0.0034435948462761884
1699265632.6595757 -0.03882949498445687 -0.0034435948462761884
1699265632.709653 -0.03882949498445687 -0.0034435948462761884
1699265632.7597501 -0.03882949498445687 -0.0034435948462761884
1699265632.8098056 -0.03889089334874059 -0.0034390056982310634
1699265633.0007825 -0.038953694873848296 -0.0034364490717691473
1699265633.1985662 -0.038953694873848296 -0.0034364490717691473
1699265633.2480278 -0.03900779126760033 -0.0034242574658352887
1699265633.4449105 -0.03900779126760033 -0.0034242574658352887
1699265633.4944913 -0.03900779126760033 -0.0034242574658352887
1699265633.5443609 -0.03900779126760033 -0.0034242574658352887
1699265633.5958674 -0.039154931692618265 -0.0034174878768736348
