1699264791.7256548 -0.04 0
1699264791.9937308 -0.04 0
1699264792.1393862 -0.04 0
1699264792.169997 -0.04 0
1699264792.2040153 -0.04 0
1699264792.2360146 -0.04 0
1699264792.2553544 -0.04 0
1699264792.293709 -0.04 0
1699264792.343874 -0.04 0
1699264792.3939235 -0.04 0
1699264792.4439125 -0.04 0
1699264792.495543 -0.04 0
1699264792.5443528 -0.04 0
1699264792.5947168 -0.04 0
1699264792.644856 -0.04 0
1699264792.6949973 -0.04 0
1699264792.7447348 -0.04 0
1699264792.795768 -0.04 0
1699264792.8455853 -0.04 0
1699264792.8956542 -0.04 0
1699264792.9458783 -0.04 0
1699264792.9959185 -0.04 0
1699264793.0457835 -0.04 0
1699264793.0957937 -0.04 0
1699264793.1457324 -0.04 0
1699264793.1981325 -0.04 0
1699264793.2468538 -0.04 0
1699264793.2967057 -0.04 0
1699264793.3468146 -0.04 0
1699264793.3973699 -0.04 0
1699264793.4468226 -0.04 0
1699264793.4968214 -0.04 0
1699264793.5469244 -0.04 0
1699264793.5969994 -0.04 0
1699264793.6471877 -0.04 0
1699264793.6974692 -0.04 0
1699264793.7476401 -0.04 0
1699264793.7979019 -0.04 0
1699264793.848102 -0.04 0
1699264793.8982387 -0.04 0
1699264793.9484468 -0.04 0
1699264793.9989483 -0.04 0
1699264794.0487714 -0.04 0
1699264794.0992944 -0.04 0
1699264794.1490824 -0.04 0
1699264794.1990714 -0.04 0
1699264794.2493622 -0.04 0
1699264794.2995794 -0.04 0
1699264794.3496044 -0.04 0
1699264794.399851 -0.04 0
1699264794.4500823 -0.04 0
1699264794.5001895 -0.04 0
1699264794.550435 -0.04 0
1699264794.6007068 -0.04 0
1699264794.6507635 -0.04 0
1699264794.7008948 -0.04 0
1699264794.7514722 -0.04 0
1699264794.8014379 -0.04 0
1699264794.8517454 -0.04 0
1699264794.9031394 -0.04 0
1699264794.9533584 -0.04 0
1699264795.0032692 -0.04 0
1699264795.0541015 -0.04 0
1699264795.1039352 -0.04 0
1699264795.1539524 -0.04 0
1699264795.2039278 -0.04 0
1699264795.254263 -0.04 0
1699264795.304198 -0.04 0
1699264795.3542302 -0.04 0
1699264795.4049373 -0.04 0
1699264795.4553094 -0.04 0
1699264795.5055118 -0.04 0
1699264795.555859 -0.04 0
1699264795.606212 -0.04 0
1699264795.6558208 -0.04 0
1699264795.705701 -0.04 0
1699264795.757122 -0.04 0
1699264795.8072646 -0.04 0
1699264795.8573568 -0.04 0
1699264795.9081929 -0.04 0
1699264795.9588947 -0.04 0
1699264796.008665 -0.04 0
1699264796.0589619 -0.04 0
1699264796.1095517 -0.04 0
1699264796.1594543 -0.04 0
1699264796.209365 -0.04 0
1699264796.2596269 -0.04 0
1699264796.3098783 -0.04 0
1699264796.3599575 -0.04 0
1699264796.410153 -0.04 0
1699264796.4601903 -0.04 0
1699264796.5103195 -0.04 0
1699264796.5607371 -0.04 0
1699264796.6108127 -0.04 0
1699264796.6609156 -0.04 0
1699264796.7109525 -0.04 0
1699264796.760915 -0.04 0
1699264796.810884 -0.04 0
1699264796.8618615 -0.04 0
1699264796.9119012 -0.04 0
1699264796.962289 -0.04 0
1699264797.0126812 -0.04 0
1699264797.0630336 -0.04 0
1699264797.1135712 -0.04 0
1699264797.1630604 -0.04 0
1699264797.2138734 -0.04 0
1699264797.2633824 -0.04 0
1699264797.3139935 -0.04 0
1699264797.364511 -0.04 0
1699264797.4145167 -0.04 0
1699264797.4642193 -0.04 0
1699264797.5154564 -0.04 0
1699264797.5652893 -0.04 0
1699264797.6156678 -0.04 0
1699264797.6658366 -0.04 0
1699264797.7164538 -0.04 0
1699264797.766086 -0.04 0
1699264797.816238 -0.04 0
1699264797.8664167 -0.04 0
1699264797.9167538 -0.04 0
1699264797.9672036 -0.04 0
1699264798.0173976 -0.04 0
1699264798.068386 -0.04 0
1699264798.1184826 -0.04 0
1699264798.168749 -0.04 0
1699264798.219003 -0.04 0
1699264798.2688875 -0.04 0
1699264798.3191674 -0.04 0
1699264798.369965 -0.04 0
1699264798.419545 -0.04 0
1699264798.4697313 -0.04 0
1699264798.5198689 -0.04 0
1699264798.5698657 -0.04 0
1699264798.6202514 -0.04 0
1699264798.6726294 -0.04 0
1699264798.7215872 -0.04 0
1699264798.7718318 -0.04 0
1699264798.8218765 -0.04 0
1699264798.8710904 -0.04 0
1699264798.922849 -0.04 0
1699264798.9713533 -0.04 0
1699264799.0225675 -0.04 0
1699264799.0716474 -0.04 0
1699264799.1217546 -0.04 0
