1699264281.75684 3.5 0.1
1699264282.892119 3.454595603942871 0.1
1699264283.4634292 3.43174165725708 0.1
1699264283.5594726 3.4279024696350096 0.1
1699264283.7168994 3.4216162967681885 0.1
1699264283.8216252 3.417414264678955 0.1
1699264283.9993029 3.4103088092803957 0.1
1699264284.0953355 3.4064684581756595 0.1
1699264284.2203608 3.401476974487305 0.1
1699264284.4023273 3.39419135093689 0.1
1699264284.5827742 3.3869721031188966 0.1
1699264284.6624706 3.383779764175415 0.1
1699264284.7502494 3.3802705001831055 0.1
1699264284.8430736 3.376555948257446 0.1
1699264284.9873297 3.370790338516235 0.1
1699264285.1488085 3.3643268775939936 0.1
1699264285.2957602 3.3584530162811275 0.1
1699264285.3826866 3.354972991943359 0.1
1699264285.5302608 3.349089088439941 0.1
1699264285.6538646 3.344121751785278 0.1
1699264285.7517781 3.340209980010986 0.1
1699264285.8380666 3.336760501861572 0.1
1699264285.915921 3.333640642166137 0.1
1699264286.0344982 3.3289028644561762 0.1
1699264286.202336 3.322185840606689 0.1
1699264286.2893977 3.3187088489532464 0.1
1699264286.3797162 3.315093278884887 0.1
1699264286.4629166 3.3117628288269034 0.1
1699264286.5926952 3.306578836441039 0.1
1699264286.6836972 3.3029339504241935 0.1
1699264286.861954 3.295806045532226 0.1
1699264287.0336123 3.2889424324035637 0.1
1699264287.200797 3.2822474384307854 0.1
1699264287.3687782 3.275532283782958 0.1
1699264287.5300374 3.2690785789489736 0.1
1699264287.6571352 3.2639988422393786 0.1
1699264287.7447236 3.260492124557494 0.1
1699264287.8374062 3.256784276962279 0.1
1699264287.9215078 3.253418569564818 0.1
1699264288.0504053 3.2482685089111314 0.1
1699264288.2391465 3.24071657180786 0.1
1699264288.3892515 3.234715061187743 0.1
1699264288.5484445 3.2283495235443103 0.1
1699264288.7212667 3.2214313507080066 0.1
1699264288.8416924 3.2166192245483387 0.1
1699264289.0166442 3.2096252727508534 0.1
1699264289.135693 3.204857778549193 0.1
1699264289.3411632 3.1966489028930654 0.1
1699264289.5213265 3.189435176849364 0.1
1699264289.6853504 3.1828721237182607 0.1
1699264289.8619602 3.175809516906737 0.1
1699264290.0091956 3.169921951293944 0.1
1699264290.1884649 3.1627465915679918 0.1
1699264290.3518953 3.1562151718139635 0.1
1699264290.521049 3.149444751739501 0.1
1699264290.6995935 3.142298774719237 0.1
1699264290.875497 3.1352657604217518 0.1
1699264291.0539095 3.128124036788939 0.1
1699264291.2149084 3.121686162948607 0.1
1699264291.367063 3.115599489212035 0.1
1699264291.5379903 3.108767042160033 0.1
1699264291.6812816 3.103034753799437 0.1
1699264291.842043 3.0966006851196277 0.1
1699264292.0039 3.090126276016234 0.1
1699264292.1059668 3.0860424613952624 0.1
1699264292.2702866 3.079470119476317 0.1
1699264292.417333 3.073592491149901 0.1
1699264292.592961 3.0665661525726304 0.1
1699264292.770582 3.059475708007811 0.1
1699264292.94383 3.0525279521942124 0.1
1699264293.0444016 3.0485058498382553 0.1
1699264293.191197 3.0426370716094957 0.1
1699264293.3270004 3.037200679779051 0.1
1699264293.5029604 3.0301664352416977 0.1
1699264293.667183 3.0235972976684553 0.1
1699264293.8393297 3.016711874008177 0.1
1699264294.0260584 3.009247713088987 0.1
1699264294.221222 3.0014495372772196 0.1
1699264294.3424842 2.9965831661224347 0.1
1699264294.4904218 2.9906697750091533 0.1
1699264294.6395335 2.9847056674957257 0.1
1699264294.788956 2.978725967407225 0.1
1699264294.9681218 2.9715634536743147 0.1
1699264295.1611896 2.963841991424559 0.1
1699264295.3361766 2.956834774017332 0.1
1699264295.4379163 2.9527629947662337 0.1
1699264295.5979602 2.946365671157835 0.1
1699264295.731841 2.9410054016113265 0.1
1699264295.869075 2.935524177551268 0.1
1699264295.9925487 2.9305908203124984 0.1
1699264296.1398022 2.924690103530882 0.1
1699264296.3095603 2.9179026699066144 0.1
1699264296.474306 2.911310214996336 0.1
1699264296.5662868 2.907631874084471 0.1
1699264296.65936 2.9039061069488508 0.1
1699264296.8289936 2.8971256542205794 0.1
1699264296.9919178 2.89060667991638 0.1
1699264297.1222458 2.8853927421569807 0.1
1699264297.3048422 2.878094806671141 0.1
1699264297.4737098 2.8713345241546615 0.1
1699264297.6089404 2.8659289073944074 0.1
1699264297.7865858 2.8588235950469953 0.1
1699264297.946695 2.8524169445037826 0.1
1699264298.121599 2.8454167842864972 0.1
1699264298.232423 2.840984115600584 0.1
1699264298.3348901 2.8368843841552716 0.1
1699264298.4898946 2.8306863975524883 0.1
1699264298.6368868 2.824808473587034 0.1
1699264298.7649705 2.819684591293333 0.1
1699264298.9014206 2.8142239952087382 0.1
1699264299.0606267 2.8078646564483623 0.1
1699264299.1852036 2.802871284484861 0.1
1699264299.3445857 2.7965007591247537 0.1
1699264299.4739704 2.791327104568479 0.1
1699264299.611755 2.785817737579343 0.1
1699264299.7226577 2.781378450393674 0.1
1699264299.8166108 2.7776198863983126 0.1
1699264299.9209683 2.7734417057037324 0.1
1699264300.0292852 2.7691094398498506 0.1
1699264300.157754 2.7639719486236545 0.1
1699264300.2960463 2.7584418869018528 0.1
1699264300.4225543 2.753386888504026 0.1
1699264300.5442734 2.7485141181945774 0.1
1699264300.6653771 2.743665332794187 0.1
1699264300.826529 2.737227392196653 0.1
1699264300.9307203 2.7330511760711644 0.1
1699264301.0444078 2.7285077285766577 0.1
1699264301.1687183 2.7235313796997045 0.1
1699264301.2876682 2.7187754154205295 0.1
1699264301.3969185 2.7144031906127903 0.1
1699264301.5169806 2.709605751037595 0.1
1699264301.6342654 2.704912786483762 0.1
1699264301.7607539 2.699851236343381 0.1
1699264301.8819134 2.6950102233886692 0.1
1699264302.0175016 2.6895819854736303 0.1
1699264302.1726418 2.6833801460266087 0.1
1699264302.3326068 2.6769872760772677 0.1
1699264302.4299903 2.6730832386016816 0.1
1699264302.5509765 2.6682414627075164 0.1
1699264302.6751788 2.663274803161618 0.1
1699264302.8115554 2.657818861007687 0.1
1699264302.9269447 2.653204002380368 0.1
1699264303.0479536 2.6483627891540498 0.1
1699264303.1838136 2.642928524017331 0.1
1699264303.3423436 2.636589422225949 0.1
1699264303.5142534 2.6297120666503875 0.1
1699264303.6449647 2.6244825172424284 0.1
1699264303.7400086 2.6206819534301724 0.1
1699264303.8856938 2.6148535633087127 0.1
1699264304.0230289 2.60935828208923 0.1
1699264304.1541653 2.6041136550903285 0.1
1699264304.2760952 2.5992410564422572 0.1
1699264304.411085 2.5938491153717007 0.1
1699264304.568637 2.5875386524200406 0.1
1699264304.7200851 2.581478013992306 0.1
1699264304.852079 2.5762005996704067 0.1
1699264304.9874184 2.570784530639645 0.1
1699264305.1362932 2.56483417510986 0.1
1699264305.265198 2.5596734905242884 0.1
1699264305.406605 2.5540167617797818 0.1
1699264305.5310357 2.5490419578552213 0.1
1699264305.6675498 2.5435794830322234 0.1
1699264305.8043704 2.538107128143307 0.1
1699264305.9254882 2.533261623382565 0.1
1699264306.0400095 2.528680839538571 0.1
1699264306.165448 2.523661994934079 0.1
1699264306.31014 2.5178750133514374 0.1
1699264306.446304 2.512436122894284 0.1
1699264306.5622673 2.5077900218963594 0.1
1699264306.6840253 2.502924213409421 0.1
1699264306.8336658 2.496935272216794 0.1
1699264307.0260184 2.4892405414581273 0.1
1699264307.1537664 2.484132575988767 0.1
1699264307.2683878 2.479543600082395 0.1
1699264307.3751948 2.4752725696563695 0.1
1699264307.4892464 2.4707131290435767 0.1
1699264307.6029675 2.4661673164367652 0.1
1699264307.750224 2.4602709770202615 0.1
1699264307.8821952 2.454993257522581 0.1
1699264308.027495 2.449180440902708 0.1
1699264308.1582527 2.443953447341917 0.1
1699264308.2878604 2.438769979476927 0.1
1699264308.3996859 2.4342984008789044 0.1
1699264308.5361967 2.4288324546813946 0.1
1699264308.659125 2.4239212608337386 0.1
1699264308.7813814 2.4190228176116926 0.1
1699264308.8900251 2.4146873283386214 0.1
1699264309.03892 2.4087233257293685 0.1
1699264309.1438208 2.404529428482054 0.1
1699264309.26935 2.3995078945159896 0.1
1699264309.4298952 2.393086338043211 0.1
1699264309.5678275 2.387568464279173 0.1
1699264309.6852422 2.3828707599639873 0.1
1699264309.7996013 2.378303689956663 0.1
1699264309.9220126 2.373399639129637 0.1
1699264310.0201423 2.369474220275877 0.1
1699264310.1203222 2.365469560623167 0.1
1699264310.235439 2.3608675384521467 0.1
1699264310.353324 2.356153669357298 0.1
1699264310.4917622 2.3506143760681133 0.1
1699264310.6395051 2.344701623916624 0.1
1699264310.7948337 2.338498373031614 0.1
1699264310.9283266 2.3331527137756325 0.1
1699264311.0414066 2.3286387062072733 0.1
1699264311.203309 2.322153081893919 0.1
1699264311.3403623 2.31666679382324 0.1
1699264311.4682724 2.3115498828887917 0.1
1699264311.6139643 2.305722837448118 0.1
1699264311.7458248 2.3004509735107397 0.1
1699264311.8738816 2.295323562622068 0.1
1699264312.0115528 2.289833707809446 0.1
1699264312.13135 2.2850262069702127 0.1
1699264312.295226 2.278473005294798 0.1
1699264312.4379456 2.272767000198362 0.1
1699264312.5752726 2.267272329330442 0.1
1699264312.694097 2.262520465850828 0.1
1699264312.832973 2.256965818405149 0.1
1699264312.9545825 2.252100324630735 0.1
1699264313.1606739 2.2438571643829324 0.1
1699264313.3139315 2.2377235221862772 0.1
1699264313.4630432 2.231758680343626 0.1
1699264313.614036 2.22572329521179 0.1
1699264313.763777 2.219732847213743 0.1
1699264313.921726 2.2134118080139142 0.1
1699264314.0489438 2.208322896957396 0.1
1699264314.183497 2.2029441070556626 0.1
1699264314.3074844 2.1979832935333237 0.1
1699264314.439633 2.1926952171325667 0.1
1699264314.5526497 2.188174810409544 0.1
1699264314.6672893 2.1835886573791483 0.1
1699264314.801475 2.1782246017456033 0.1
1699264314.9446173 2.1724987697601295 0.1
1699264315.1009982 2.16624292373657 0.1
1699264315.2586994 2.159934225082395 0.1
1699264315.440828 2.1526484584808325 0.1
1699264315.6164942 2.1456224346160866 0.1
1699264315.7880127 2.1387611579895 0.1
1699264315.9804502 2.1310654830932596 0.1
1699264316.1627061 2.12377354621887 0.1
1699264316.36453 2.1157028865814187 0.1
1699264316.5511572 2.108235759735105 0.1
1699264316.7420065 2.100601596832273 0.1
1699264316.9326565 2.0929760551452614 0.1
1699264317.118062 2.0855746459960915 0.1
1699264317.3133898 2.077745742797849 0.1
1699264317.5120783 2.0698016548156715 0.1
1699264317.719063 2.0615178394317604 0.1
1699264317.9102733 2.053871641159055 0.1
1699264318.1280708 2.045175046920774 0.1
1699264318.3106756 2.0378536510467504 0.1
1699264318.509916 2.029888601303098 0.1
1699264318.7096562 2.0218933677673316 0.1
1699264318.8901343 2.014675874710081 0.1
1699264319.060338 2.0078671360015847 0.1
1699264319.241233 2.0006323051452615 0.1
1699264319.4527545 1.9921701622009256 0.1
1699264319.6381335 1.9847557830810525 0.1
1699264319.8591368 1.97591878890991 0.1
1699264320.0327613 1.9689784240722634 0.1
1699264320.2073233 1.9619861030578591 0.1
1699264320.442868 1.9525764560699441 0.1
1699264320.6496468 1.9443022155761698 0.1
1699264320.8791351 1.9351173973083475 0.1
1699264321.124182 1.9253165531158427 0.1
1699264321.281153 1.9190364456176738 0.1
1699264321.4572496 1.911990728378294 0.1
1699264321.6378098 1.904768409729002 0.1
1699264321.7926161 1.8985768985748273 0.1
1699264321.9803996 1.891066532135008 0.1
1699264322.1528776 1.884164915084837 0.1
1699264322.3312414 1.877035598754881 0.1
1699264322.5000196 1.8702783298492414 0.1
1699264322.6643918 1.8637051010131818 0.1
1699264322.8289979 1.8571210193634016 0.1
1699264323.013708 1.8497361755371076 0.1
1699264323.186033 1.8428414058685285 0.1
1699264323.343747 1.8365363979339582 0.1
1699264323.5037487 1.8301364612579327 0.1
1699264323.69111 1.822635889053343 0.1
1699264323.8596835 1.8158935928344708 0.1
1699264324.0032241 1.8101508522033674 0.1
1699264324.1806774 1.8030555057525617 0.1
1699264324.5059686 1.790042657852171 0.1
1699264324.7439601 1.7805243301391585 0.1
1699264324.9302776 1.773069286346434 0.1
1699264325.107612 1.7659779739379866 0.1
1699264325.2394097 1.7607057571411115 0.1
1699264325.3397636 1.7566930675506574 0.1
1699264325.4682603 1.75155376434326 0.1
1699264325.601603 1.7462673187255842 0.1
1699264325.7324252 1.7409864425659163 0.1
1699264325.8807871 1.7350503921508773 0.1
1699264326.0018377 1.7302074718475327 0.1
1699264326.146347 1.7244256973266587 0.1
1699264326.2882957 1.7187499332427965 0.1
1699264326.4149563 1.7136828899383532 0.1
1699264326.5603743 1.7078658008575427 0.1
1699264326.6869056 1.7028045654296862 0.1
1699264326.799818 1.6982895565032945 0.1
1699264326.9361348 1.6928396415710436 0.1
1699264327.0492527 1.6883139038085924 0.1
1699264327.1918733 1.682609891891478 0.1
1699264327.311073 1.6778386974334702 0.1
1699264327.433811 1.6729534721374497 0.1
1699264327.586255 1.6668301200866684 0.1
1699264327.685462 1.6628665733337387 0.1
1699264327.8212717 1.657429981231688 0.1
1699264327.9793012 1.6511124515533433 0.1
1699264328.1291046 1.6451173496246323 0.1
1699264328.2751656 1.6392772293090805 0.1
1699264328.4279318 1.6331658267974838 0.1
1699264328.5528054 1.6281762599945053 0.1
1699264328.694978 1.622483234405516 0.1
1699264328.8510702 1.616241302490233 0.1
1699264328.9912229 1.6106376934051498 0.1
1699264329.1369224 1.6048071861267075 0.1
1699264329.2667208 1.5996149158477768 0.1
1699264329.4031265 1.594165821075438 0.1
1699264329.538702 1.5887509632110581 0.1
1699264329.6500704 1.5842778587341295 0.1
1699264329.768975 1.579523878097533 0.1
1699264329.8923283 1.574588117599486 0.1
1699264330.0058076 1.570047340393065 0.1
1699264330.1182437 1.5655486202239977 0.1
1699264330.2401054 1.5606910228729234 0.1
1699264330.367435 1.5555835056304916 0.1
1699264330.4784317 1.5511468601226792 0.1
1699264330.5940144 1.546566648483275 0.1
1699264330.7174737 1.5415841007232651 0.1
1699264330.8449874 1.536486721038817 0.1
1699264330.9714181 1.531426916122435 0.1
1699264331.1357508 1.5248506259918198 0.1
1699264331.2834046 1.5189465236663804 0.1
1699264331.4097772 1.5138941192626938 0.1
1699264331.555303 1.50807271003723 0.1
1699264331.6834288 1.50294632911682 0.1
1699264331.8083377 1.4979510879516589 0.1
1699264331.925631 1.4932550716400135 0.1
1699264332.0368528 1.4888108921051013 0.1
1699264332.152403 1.4841878509521471 0.1
1699264332.282875 1.478965730667113 0.1
1699264332.4036827 1.4741350841522203 0.1
1699264332.5122418 1.4697936439514145 0.1
1699264332.615262 1.4656737613677964 0.1
1699264332.7649322 1.4596831512451156 0.1
1699264332.8773975 1.4551859664916977 0.1
1699264333.0052578 1.4500719165801987 0.1
1699264333.1176476 1.4455776309967026 0.1
1699264333.2364476 1.440826444625853 0.1
1699264333.3497133 1.4362951564788804 0.1
1699264333.4580815 1.4319598484039293 0.1
1699264333.6130226 1.425761032104491 0.1
1699264333.714891 1.4216954421997057 0.1
1699264333.852746 1.416172008514403 0.1
1699264333.9914794 1.4106279754638658 0.1
1699264334.1110415 1.4058397197723373 0.1
1699264334.2267783 1.4012101650238022 0.1
1699264334.371918 1.39540425300598 0.1
1699264334.4910233 1.3906404209136949 0.1
1699264334.59582 1.386447315216063 0.1
1699264334.7283626 1.381149749755858 0.1
1699264334.8499026 1.3762876033782945 0.1
1699264334.9482176 1.3723527717590318 0.1
1699264335.0761445 1.367235708236693 0.1
1699264335.205556 1.362058696746825 0.1
1699264335.3456128 1.356459045410155 0.1
1699264335.4822707 1.3509926891326893 0.1
1699264335.5991356 1.3463184452056873 0.1
1699264335.7072117 1.3419932365417468 0.1
1699264335.825323 1.337270507812499 0.1
1699264335.9639096 1.3317254447937001 0.1
1699264336.0931158 1.3265580368041983 0.1
1699264336.2340484 1.3209223079681387 0.1
1699264336.3685973 1.3155404853820791 0.1
1699264336.5187104 1.3095367622375478 0.1
1699264336.633921 1.3049271869659413 0.1
1699264336.771453 1.2994242858886709 0.1
1699264336.8778384 1.2951666355133047 0.1
1699264337.0099056 1.2898872470855702 0.1
1699264337.141005 1.2846459674835196 0.1
1699264337.3050256 1.2780837917327872 0.1
1699264337.4184875 1.273540678024291 0.1
1699264337.5254955 1.2692659854888906 0.1
1699264337.6740448 1.2633181858062734 0.1
1699264337.8388066 1.2567284011840811 0.1
1699264337.9843934 1.2509062480926505 0.1
1699264338.1032362 1.2461548137664786 0.1
1699264338.2481523 1.2403581428527823 0.1
1699264338.4014833 1.2342276573181143 0.1
1699264338.5225904 1.2293774509429922 0.1
1699264338.6604311 1.2238682079315175 0.1
1699264338.8030457 1.218164348602294 0.1
1699264338.9167912 1.2136149311065665 0.1
1699264339.0308414 1.2090499782562247 0.1
1699264339.1695988 1.2034993648529044 0.1
1699264339.285486 1.198865489959716 0.1
1699264339.421832 1.1934081745147698 0.1
1699264339.5293117 1.1891090869903558 0.1
1699264339.6395328 1.1847014427185052 0.1
1699264339.7309704 1.181040658950805 0.1
1699264339.8539557 1.176120700836181 0.1
1699264339.9730275 1.1713602828979486 0.1
1699264340.0804186 1.1670633220672602 0.1
1699264340.185801 1.1628495407104487 0.1
1699264340.2977219 1.1583723926544185 0.1
1699264340.4054973 1.1540609550476069 0.1
1699264340.5121815 1.1497934818267816 0.1
1699264340.61904 1.1455178260803216 0.1
1699264340.7252028 1.141272821426391 0.1
1699264340.8423488 1.1365913581848137 0.1
1699264341.0037394 1.130132579803466 0.1
1699264341.1421971 1.1245964241027824 0.1
1699264341.2918725 1.1186067104339592 0.1
1699264341.4414465 1.1126257324218742 0.1
1699264341.5496387 1.1082999801635736 0.1
1699264341.6741588 1.1033156490325922 0.1
1699264341.8300807 1.0970790290832513 0.1
1699264341.931155 1.0930380153655999 0.1
1699264342.0519874 1.0882038497924797 0.1
1699264342.1747348 1.0832942390441886 0.1
1699264342.323304 1.0773508453369132 0.1
1699264342.4670956 1.071597309112548 0.1
1699264342.5832496 1.066953983306884 0.1
1699264342.7624547 1.0597817707061759 0.1
1699264342.8843906 1.0549066066741934 0.1
1699264343.0269122 1.04921305656433 0.1
1699264343.190183 1.042737522125243 0.1
1699264343.3135276 1.0377399253845203 0.1
1699264343.4511244 1.0322373008728016 0.1
1699264343.5828943 1.0269676971435535 0.1
1699264343.7176669 1.021579542160033 0.1
1699264343.8439207 1.0165251064300527 0.1
1699264343.9704578 1.0114620208740224 0.1
1699264344.0788743 1.0071256828308095 0.1
1699264344.2026227 1.0021919536590567 0.1
1699264344.3414106 0.9966291618347158 0.1
1699264344.4716897 0.9914151382446279 0.1
1699264344.6340165 0.9849216556549062 0.1
1699264344.7731576 0.979355010986327 0.1
1699264344.8908129 0.97465100288391 0.1
1699264345.0052865 0.9700720977783193 0.1
1699264345.1490512 0.9643216133117666 0.1
1699264345.283249 0.9589591693878163 0.1
1699264345.4268 0.9532100391387929 0.1
1699264345.565377 0.9476662635803212 0.1
1699264345.6603832 0.9438695907592763 0.1
1699264345.7576635 0.9399742126464834 0.1
1699264345.8705623 0.9354622554779043 0.1
1699264345.9744215 0.9313058853149404 0.1
1699264346.1332138 0.9249544620513906 0.1
1699264346.2563677 0.9200290775299063 0.1
1699264346.3811493 0.915039062499999 0.1
1699264346.5068882 0.9100052547454824 0.1
1699264346.6453137 0.9044708061218252 0.1
1699264346.7869503 0.8988013172149648 0.1
1699264346.9040859 0.8941234683990469 0.1
1699264347.0320654 0.8890013790130605 0.1
1699264347.1673706 0.8835860633850088 0.1
1699264347.2831087 0.878956880569457 0.1
1699264347.402416 0.8741895580291738 0.1
1699264347.5239432 0.8693215179443349 0.1
1699264347.650787 0.8642498111724843 0.1
1699264347.7531295 0.8601538372039785 0.1
1699264347.8556786 0.8560535717010489 0.1
1699264347.9762657 0.851238832473754 0.1
1699264348.1217623 0.8454138851165762 0.1
1699264348.2255225 0.8412585639953604 0.1
1699264348.3433552 0.8365499687194815 0.1
1699264348.4968557 0.8304074954986563 0.1
1699264348.6066947 0.8260119247436515 0.1
1699264348.7221053 0.8214019775390616 0.1
1699264348.8654804 0.8156643295288077 0.1
1699264349.0017874 0.8102110099792472 0.1
1699264349.1368701 0.8048078441619865 0.1
1699264349.241275 0.8006353855133048 0.1
1699264349.3822563 0.794992780685424 0.1
1699264349.5357153 0.7888509464263908 0.1
1699264349.6425488 0.7845828247070304 0.1
1699264349.776013 0.7792428493499748 0.1
1699264349.9008799 0.7742640113830559 0.1
1699264350.0529912 0.768165616989135 0.1
1699264350.1813703 0.7630262756347649 0.1
1699264350.3321106 0.7569964504241936 0.1
1699264350.4422925 0.7525918483734123 0.1
1699264350.5561104 0.7480384063720695 0.1
1699264350.6889515 0.7427249717712394 0.1
1699264350.8075247 0.7379825592041007 0.1
1699264350.94031 0.7326773166656486 0.1
1699264351.0766928 0.7272224617004387 0.1
1699264351.2085762 0.721943054199218 0.1
1699264351.368521 0.7155471324920647 0.1
1699264351.4929028 0.7105656719207757 0.1
1699264351.601032 0.7062422752380364 0.1
1699264351.7479713 0.7003690528869622 0.1
1699264351.8631175 0.6957640075683587 0.1
1699264352.0082653 0.6899538040161126 0.1
1699264352.1361077 0.6848392581939691 0.1
1699264352.2786303 0.6791365242004388 0.1
1699264352.4057605 0.6740476703643792 0.1
1699264352.504317 0.6701095962524407 0.1
1699264352.6542222 0.6641170215606682 0.1
1699264352.7942233 0.6585181617736809 0.1
1699264352.921338 0.6534286117553704 0.1
1699264353.0257208 0.6492519950866692 0.1
1699264353.1614065 0.6438262939453118 0.1
1699264353.2920005 0.6386014366149895 0.1
1699264353.4381282 0.6327586841583245 0.1
1699264353.561662 0.6278247833251946 0.1
1699264353.6782694 0.6231494331359857 0.1
1699264353.8178988 0.6175713825225824 0.1
1699264353.9787266 0.6111326885223383 0.1
1699264354.0991485 0.606315717697143 0.1
1699264354.25823 0.5999544811248774 0.1
1699264354.395878 0.5944442844390864 0.1
1699264354.5277352 0.5891719341278071 0.1
1699264354.6486235 0.5843374156951899 0.1
1699264354.7878451 0.5787772750854487 0.1
1699264354.921103 0.573438282012939 0.1
1699264355.0212436 0.5694343185424801 0.1
1699264355.1479557 0.5643661212921138 0.1
1699264355.269343 0.5595130729675288 0.1
1699264355.3739052 0.5553249645233149 0.1
1699264355.4983304 0.5503489780426021 0.1
1699264355.672864 0.5433690929412838 0.1
1699264355.7990777 0.5383203124999996 0.1
1699264355.9226406 0.5333822727203364 0.1
1699264356.0459218 0.5284407424926754 0.1
1699264356.157281 0.5239892005920406 0.1
1699264356.2553356 0.5200687980651851 0.1
1699264356.363478 0.5157418251037593 0.1
1699264356.4638624 0.5117289829254146 0.1
1699264356.5753243 0.5072701930999751 0.1
1699264356.7218244 0.501410408020019 0.1
1699264356.839975 0.49668163299560497 0.1
1699264356.9573627 0.4919828987121577 0.1
1699264357.0615602 0.4878418445587153 0.1
1699264357.2138758 0.48173304557800245 0.1
1699264357.3236814 0.4773299884796138 0.1
1699264357.4437745 0.47252992630004836 0.1
1699264357.554768 0.46809398651123 0.1
1699264357.6797724 0.4630958557128902 0.1
1699264357.8024607 0.4581812763214107 0.1
1699264357.9327896 0.45296565055847127 0.1
1699264358.0521603 0.4481907749176021 0.1
1699264358.1431947 0.4445550346374508 0.1
1699264358.254301 0.440111398696899 0.1
1699264358.3246357 0.43729454040527305 0.1
1699264358.3986459 0.43433835029602014 0.1
1699264358.4848118 0.43088709831237754 0.1
1699264358.6024847 0.426180381774902 0.1
1699264358.687165 0.42279284477233847 0.1
1699264358.752453 0.4201809120178219 0.1
1699264358.8243067 0.41730734825134236 0.1
1699264358.9193778 0.4135065460205074 0.1
1699264359.0034215 0.4101391887664791 0.1
1699264359.0865254 0.40681824684143025 0.1
1699264359.1577196 0.403968935012817 0.1
1699264359.2389185 0.40072968482971155 0.1
1699264359.349806 0.39628852844238244 0.1
1699264359.471765 0.3914108943939205 0.1
1699264359.577027 0.3872034263610836 0.1
1699264359.6607482 0.3838575172424313 0.1
1699264359.771995 0.37940268516540493 0.1
1699264359.9033065 0.3741491031646725 0.1
1699264360.0117664 0.36980767250061 0.1
1699264360.0907192 0.3666484832763668 0.1
1699264360.1681616 0.363556337356567 0.1
1699264360.2624972 0.3597804641723629 0.1
1699264360.3375735 0.3567791938781735 0.1
1699264360.408524 0.3539362144470211 0.1
1699264360.5196698 0.3494950866699215 0.1
1699264360.6066737 0.3460131359100338 0.1
1699264360.6960351 0.3424378490447994 0.1
1699264360.7629216 0.339760999679565 0.1
1699264360.8470452 0.33639922142028766 0.1
1699264360.9298542 0.33309133529663043 0.1
1699264361.0031133 0.33015173912048296 0.1
1699264361.0874522 0.32678238868713333 0.1
1699264361.1921566 0.32260299682617144 0.1
1699264361.277479 0.3191967105865474 0.1
1699264361.378578 0.31513765335082966 0.1
1699264361.4656703 0.3116506767272945 0.1
1699264361.5633848 0.30774178504943805 0.1
1699264361.6356804 0.3048526382446285 0.1
1699264361.7086864 0.3019412040710445 0.1
1699264361.795558 0.2984588527679439 0.1
1699264361.886305 0.29483222007751425 0.1
1699264361.9521036 0.2921980094909664 0.1
1699264362.0104759 0.2898579311370846 0.1
1699264362.0817323 0.2870120429992672 0.1
1699264362.1600003 0.28388156890869104 0.1
1699264362.2194026 0.28150267601013146 0.1
1699264362.2782803 0.279147796630859 0.1
1699264362.3317738 0.27700507164001426 0.1
1699264362.3886855 0.2747303009033199 0.1
1699264362.4462252 0.2724321460723873 0.1
1699264362.5193403 0.2695083808898922 0.1
1699264362.6191938 0.2655090999603268 0.1
1699264362.6811962 0.2630291843414303 0.1
1699264362.744979 0.26047931671142543 0.1
1699264362.798667 0.2583306503295895 0.1
1699264362.863426 0.255746040344238 0.1
1699264362.9618812 0.251809215545654 0.1
1699264363.0435488 0.24853906631469697 0.1
1699264363.1166718 0.24561569213867157 0.1
1699264363.1772492 0.2431878376007077 0.1
1699264363.2584963 0.23993807792663543 0.1
1699264363.368648 0.23553580284118622 0.1
1699264363.4670238 0.2315983295440671 0.1
1699264363.557515 0.2279788875579831 0.1
1699264363.63506 0.2248780345916745 0.1
1699264363.734994 0.2208790874481198 0.1
1699264363.79543 0.21846345901489225 0.1
1699264363.8460538 0.2164356708526608 0.1
1699264363.908574 0.2139368152618405 0.1
1699264363.97436 0.21130299568176236 0.1
1699264364.058155 0.20795193672180143 0.1
1699264364.1656709 0.20365305900573696 0.1
1699264364.249856 0.20028304100036587 0.1
1699264364.3179913 0.19756093978881803 0.1
1699264364.380219 0.19506956100463835 0.1
1699264364.4443214 0.19250593185424772 0.1
1699264364.5165982 0.18961608886718717 0.1
1699264364.587854 0.18676216125488249 0.1
1699264364.6715834 0.18341803550720182 0.1
1699264364.7736301 0.17933453559875456 0.1
1699264364.8597696 0.17588624000549286 0.1
1699264364.9656186 0.17165452003478973 0.1
1699264365.0312867 0.16902608871459932 0.1
1699264365.0949605 0.16648076057434052 0.1
1699264365.1688871 0.16352660179138154 0.1
1699264365.2400215 0.1606758975982663 0.1
1699264365.323755 0.15732625007629367 0.1
1699264365.4021475 0.1541918754577634 0.1
1699264365.4750574 0.15127902984619113 0.1
1699264365.5823145 0.14698625564575168 0.1
1699264365.6738098 0.14332518577575656 0.1
1699264365.7751458 0.13927469253540012 0.1
1699264365.8745642 0.13530333518981907 0.1
1699264365.978396 0.13114350318908666 0.1
1699264366.0784285 0.12714425086975073 0.1
1699264366.1646516 0.12369220733642554 0.1
1699264366.2609143 0.11984407424926734 0.1
1699264366.3647344 0.1156877231597898 0.1
1699264366.4672527 0.1115905094146726 0.1
1699264366.5758708 0.10724539756774878 0.1
1699264366.6624718 0.10378190040588355 0.1
1699264366.7941003 0.0985175800323484 0.1
1699264366.8882978 0.09475028991699196 0.1
1699264366.9797914 0.09108977317810035 0.1
1699264367.0640953 0.08771419525146461 0.1
1699264367.1727235 0.08337262153625465 0.1
1699264367.2967565 0.07841745376586891 0.1
1699264367.3846793 0.07489079475402809 0.1
1699264367.4987228 0.07032865524291969 0.1
1699264367.6197379 0.06549155235290505 0.1
1699264367.7050898 0.06207703590393044 0.1
1699264367.808362 0.05794525146484353 0.1
1699264367.8921745 0.05459351539611794 0.1
1699264367.975754 0.05124828338623024 0.1
1699264368.0860298 0.04684077262878395 0.1
1699264368.1741598 0.043313980102538834 0.1
1699264368.2741814 0.0393152046203611 0.1
1699264368.3513174 0.03622575759887673 0.1
1699264368.4388266 0.03272949218749978 0.1
1699264368.5206184 0.029460582733154075 0.1
1699264368.6225667 0.02537788391113259 0.1
1699264368.7059345 0.02204658508300759 0.1
1699264368.7922025 0.01859188079833962 0.1
1699264368.8713286 0.015425825119018332 0.1
1699264368.9825184 0.010979146957397238 0.1
1699264369.0626292 0.007773427963256613 0.1
1699264369.1476142 0.004371347427367941 0.1
1699264369.2558715 4.2667388915792505e-05 0.1
1699264369.3657618 -0.004346876144409403 0.1
1699264369.4612017 -0.008169479370117411 0.1
1699264369.5351908 -0.01112790107727073 0.1
1699264369.6200335 -0.014517803192138894 0.1
1699264369.7372136 -0.01921001434326194 0.1
1699264369.8345697 -0.023102092742920143 0.1
1699264369.9209175 -0.026553287506103737 0.1
1699264370.0001214 -0.029722652435302956 0.1
1699264370.0999222 -0.033712615966797095 0.1
1699264370.2044075 -0.03789934158325217 0.1
1699264370.2970703 -0.0416033458709719 0.1
1699264370.3897774 -0.04530952453613303 0.1
1699264370.4732738 -0.048652925491333224 0.1
1699264370.5554821 -0.05194230079650901 0.1
1699264370.6396239 -0.05530676841735862 0.1
1699264370.7410817 -0.05936239242553733 0.1
1699264370.8371294 -0.06320295333862326 0.1
1699264370.9358206 -0.0671536445617678 0.1
1699264371.0102935 -0.07013092994689964 0.1
1699264371.078458 -0.07285856246948265 0.1
1699264371.1664054 -0.07637113571167015 0.1
1699264371.2655635 -0.08032567977905296 0.1
1699264371.3766642 -0.08478169441223167 0.1
1699264371.468118 -0.08844544410705589 0.1
1699264371.5509148 -0.09175823211669945 0.1
1699264371.6336951 -0.09506711006164574 0.1
1699264371.7061198 -0.09796895027160668 0.1
1699264371.7821362 -0.10100786209106469 0.1
1699264371.8666043 -0.10438582420349145 0.1
1699264371.9562995 -0.10797148704528832 0.1
1699264372.0371776 -0.11120560646057152 0.1
1699264372.1209574 -0.11455860137939476 0.1
1699264372.1953006 -0.1175329685211184 0.1
1699264372.2798634 -0.1209130668640139 0.1
1699264372.3638866 -0.12427685737609886 0.1
1699264372.4564607 -0.12798160552978538 0.1
1699264372.5304778 -0.13093713760376 0.1
1699264372.6327958 -0.135033760070801 0.1
1699264372.7138586 -0.13827683448791525 0.1
1699264372.770662 -0.14054017066955588 0.1
1699264372.8399775 -0.14331955909729024 0.1
1699264372.9295654 -0.14690138816833517 0.1
1699264373.0679815 -0.15244235038757345 0.1
1699264373.151941 -0.15579841613769552 0.1
1699264373.2440665 -0.1594855308532717 0.1
1699264373.3405824 -0.16334450721740743 0.1
1699264373.4355335 -0.1671446704864504 0.1
1699264373.5095842 -0.1701052761077883 0.1
1699264373.5719037 -0.17259386062622092 0.1
1699264373.6582408 -0.1760525703430178 0.1
1699264373.7773297 -0.1808087730407717 0.1
1699264373.8481176 -0.1836395835876467 0.1
1699264373.910341 -0.1861348056793215 0.1
1699264373.9673584 -0.18841528892517112 0.1
1699264374.0407283 -0.19134971618652366 0.1
1699264374.114372 -0.19429277420043967 0.1
1699264374.2161527 -0.19836616516113303 0.1
1699264374.304124 -0.20188147544860863 0.1
1699264374.3821821 -0.2049931621551516 0.1
1699264374.457538 -0.20802274703979515 0.1
1699264374.5368867 -0.21119644165039084 0.1
1699264374.6185207 -0.2144613552093508 0.1
1699264374.6937766 -0.21747283935546896 0.1
1699264374.7624884 -0.2202228069305422 0.1
1699264374.8581057 -0.22404850959777853 0.1
1699264374.9549627 -0.2279211711883547 0.1
1699264375.0640411 -0.2322808074951174 0.1
1699264375.1429865 -0.23543827056884786 0.1
1699264375.2416358 -0.23938672065734884 0.1
1699264375.3264115 -0.24277832984924336 0.1
1699264375.4069421 -0.2459997844696047 0.1
1699264375.474306 -0.248692150115967 0.1
1699264375.5461276 -0.2515638732910158 0.1
1699264375.6061301 -0.2539658164978029 0.1
1699264375.711775 -0.2581864356994631 0.1
1699264375.8015544 -0.26178503036499046 0.1
1699264375.8819537 -0.26500119209289574 0.1
1699264375.946563 -0.26757991790771507 0.1
1699264376.0126286 -0.2702276420593264 0.1
1699264376.1077745 -0.27403079032897976 0.1
1699264376.1842303 -0.27708658218383814 0.1
1699264376.260843 -0.2801541900634768 0.1
1699264376.36135 -0.28417535781860376 0.1
1699264376.4609303 -0.2881509876251223 0.1
1699264376.5549939 -0.29192008018493676 0.1
1699264376.6444457 -0.2954972267150881 0.1
1699264376.7335243 -0.29904580116271995 0.1
1699264376.8150415 -0.30231715202331566 0.1
1699264376.8899777 -0.30532059669494654 0.1
1699264377.0050097 -0.3099225234985354 0.1
1699264377.1075494 -0.314017667770386 0.1
1699264377.1970167 -0.3175938510894778 0.1
1699264377.2942338 -0.32147462844848657 0.1
1699264377.3739095 -0.32467815399169947 0.1
1699264377.4527776 -0.3278234672546389 0.1
1699264377.552278 -0.3318064403533938 0.1
1699264377.6581833 -0.3360495185852053 0.1
1699264377.754285 -0.33989329338073754 0.1
1699264377.8313167 -0.3429740715026858 0.1
1699264377.8978407 -0.3456361007690432 0.1
1699264377.95767 -0.3480279064178469 0.1
1699264378.028271 -0.3508535194396975 0.1
1699264378.1075802 -0.3540252780914309 0.1
1699264378.1903234 -0.3573329544067385 0.1
1699264378.2609897 -0.3601552677154543 0.1
1699264378.3244388 -0.3626997470855715 0.1
1699264378.3789923 -0.3648825263977053 0.1
1699264378.4425943 -0.3674270153045657 0.1
1699264378.5593848 -0.37209440231323265 0.1
1699264378.6493306 -0.375696544647217 0.1
1699264378.736366 -0.3791716384887698 0.1
1699264378.8236692 -0.3826642704010012 0.1
1699264378.9018247 -0.3857937240600588 0.1
1699264378.9846249 -0.38909743309021017 0.1
1699264379.0766873 -0.3927834701538088 0.1
1699264379.1431508 -0.3954484653472903 0.1
1699264379.2122238 -0.3982061386108401 0.1
1699264379.3055942 -0.4019455432891848 0.1
1699264379.4002507 -0.405728979110718 0.1
1699264379.4850996 -0.40912114143371603 0.1
1699264379.5811872 -0.41296659469604513 0.1
1699264379.6599052 -0.4161194705963137 0.1
1699264379.748735 -0.4196630477905276 0.1
1699264379.8115003 -0.4221787548065188 0.1
1699264379.8779616 -0.4248408699035647 0.1
1699264379.9350715 -0.4271252727508547 0.1
1699264379.9971519 -0.4296091938018801 0.1
1699264380.0848284 -0.4331131744384768 0.1
1699264380.1962187 -0.4375684452056887 0.1
1699264380.2578564 -0.44003001213073756 0.1
1699264380.3215137 -0.442580318450928 0.1
1699264380.3860898 -0.4451631164550784 0.1
1699264380.5123801 -0.4502105712890628 0.1
1699264380.5945878 -0.4535027313232425 0.1
1699264380.6621118 -0.45620643615722684 0.1
1699264380.719724 -0.45850596427917506 0.1
1699264380.7792652 -0.4608931064605715 0.1
1699264380.8565369 -0.4639831829071047 0.1
1699264380.9313602 -0.4669747638702395 0.1
1699264381.0185769 -0.47046708106994656 0.1
1699264381.089688 -0.4733063983917239 0.1
1699264381.1502237 -0.47573131561279325 0.1
1699264381.208774 -0.47807432174682646 0.1
1699264381.2827532 -0.48102858543396027 0.1
1699264381.3558056 -0.4839546298980716 0.1
1699264381.4175813 -0.4864255428314212 0.1
1699264381.4753196 -0.4887338733673099 0.1
1699264381.5421498 -0.4914056396484378 0.1
1699264381.5939462 -0.49347827911376985 0.1
1699264381.66571 -0.496345195770264 0.1
1699264381.781806 -0.5009939002990725 0.1
1699264381.8466442 -0.5035867309570315 0.1
1699264381.9103854 -0.5061359024047855 0.1
1699264381.978717 -0.5088540172576907 0.1
1699264382.0553067 -0.511924390792847 0.1
1699264382.1299362 -0.5149092102050785 0.1
1699264382.206185 -0.5179658889770512 0.1
1699264382.265062 -0.5203238201141361 0.1
1699264382.3308609 -0.5229583740234379 0.1
1699264382.3840551 -0.525082988739014 0.1
1699264382.4461143 -0.5275611686706547 0.1
1699264382.553471 -0.5318578720092778 0.1
1699264382.6415508 -0.5353799819946293 0.1
1699264382.7095716 -0.5381035900115971 0.1
1699264382.777619 -0.5408283519744878 0.1
1699264382.8583 -0.5440534114837651 0.1
1699264382.9509559 -0.5477563095092778 0.1
1699264383.0361853 -0.5511704730987553 0.1
1699264383.1152587 -0.5543319702148441 0.1
1699264383.1848736 -0.5571138000488285 0.1
1699264383.2587638 -0.5600736331939701 0.1
1699264383.3270354 -0.5627940273284916 0.1
1699264383.395825 -0.5655513572692875 0.1
1699264383.4597151 -0.5681086921691899 0.1
1699264383.5302477 -0.5709320259094243 0.1
1699264383.5894995 -0.5733015918731694 0.1
1699264383.6488338 -0.5756698608398443 0.1
1699264383.7251344 -0.578720035552979 0.1
1699264383.8068614 -0.5819929790496832 0.1
1699264383.8822398 -0.5850107574462896 0.1
1699264383.9471977 -0.5876107501983648 0.1
1699264384.0123086 -0.5902156066894537 0.1
1699264384.0907598 -0.5933488559722906 0.1
1699264384.1582909 -0.5960517978668218 0.1
1699264384.2180326 -0.5984441375732428 0.1
1699264384.2736423 -0.6006666564941412 0.1
1699264384.3329625 -0.6030408191680914 0.1
1699264384.4153795 -0.6063315391540532 0.1
1699264384.5019677 -0.6097979259490972 0.1
1699264384.5866907 -0.6131914329528814 0.1
1699264384.6557424 -0.6159474945068364 0.1
1699264384.7101026 -0.6181257915496831 0.1
1699264384.775949 -0.6207595825195317 0.1
1699264384.8368967 -0.6231955051422123 0.1
1699264384.9092782 -0.6260910415649418 0.1
1699264384.98811 -0.6292461776733402 0.1
1699264385.129867 -0.6349150085449222 0.1
1699264385.1822448 -0.6370085430145267 0.1
1699264385.240317 -0.6393319702148441 0.1
1699264385.3608398 -0.6441491031646732 0.1
1699264385.4667504 -0.648392772674561 0.1
1699264385.5409994 -0.6513612747192387 0.1
1699264385.6047542 -0.6539110660552983 0.1
1699264385.660641 -0.6561478328704838 0.1
1699264385.7388313 -0.6592771244049077 0.1
1699264385.817554 -0.6624230575561528 0.1
1699264385.879976 -0.6649208641052251 0.1
1699264385.9417877 -0.6673937511444097 0.1
1699264386.006616 -0.6699863815307622 0.1
1699264386.0825527 -0.6730196857452397 0.1
1699264386.1535609 -0.6758651924133305 0.1
1699264386.2315073 -0.6789803218841557 0.1
1699264386.2937672 -0.6814713954925541 0.1
1699264386.3584528 -0.6840608882904057 0.1
1699264386.4245524 -0.686704082489014 0.1
1699264386.5020602 -0.6898026466369632 0.1
1699264386.566276 -0.6923718261718753 0.1
1699264386.6346602 -0.6951099491119388 0.1
1699264386.6961956 -0.6975683021545414 0.1
1699264386.7555032 -0.69994086265564 0.1
1699264386.811165 -0.702169923782349 0.1
1699264386.9001968 -0.7057230091094975 0.1
1699264387.000083 -0.7097225570678715 0.1
1699264387.084593 -0.713106956481934 0.1
1699264387.159499 -0.7161017322540287 0.1
1699264387.236647 -0.7191841602325444 0.1
1699264387.3213108 -0.7225738811492924 0.1
1699264387.3990781 -0.7256852626800542 0.1
1699264387.506015 -0.7299582767486577 0.1
1699264387.6069202 -0.7339985561370854 0.1
1699264387.6940367 -0.7374780654907231 0.1
1699264387.784707 -0.7411076641082769 0.1
1699264387.8587327 -0.7440710353851323 0.1
1699264387.9242072 -0.7466903114318852 0.1
1699264388.022318 -0.7506104564666752 0.1
1699264388.1012437 -0.7537680625915532 0.1
1699264388.1926353 -0.757405281066895 0.1
1699264388.2762718 -0.7607703685760503 0.1
1699264388.3429022 -0.7634384441375738 0.1
1699264388.408722 -0.7660713577270514 0.1
1699264388.4876833 -0.7692283535003668 0.1
1699264388.568731 -0.7724724006652838 0.1
1699264388.634736 -0.7751122474670415 0.1
1699264388.709533 -0.7781021499633795 0.1
1699264388.7782948 -0.7808514881134039 0.1
1699264388.8574727 -0.784022302627564 0.1
1699264388.9380198 -0.7872437667846685 0.1
1699264389.0082405 -0.7900494670867925 0.1
1699264389.074181 -0.7926887989044195 0.1
1699264389.1334426 -0.7950545024871831 0.1
1699264389.1968317 -0.797591934204102 0.1
1699264389.2616801 -0.8001826000213628 0.1
1699264389.3469608 -0.8035949516296391 0.1
1699264389.405157 -0.8059249877929692 0.1
1699264389.4600914 -0.808124513626099 0.1
1699264389.5218644 -0.8105940914154057 0.1
1699264389.586905 -0.8131966209411625 0.1
1699264389.6566982 -0.8159751033782963 0.1
1699264389.739234 -0.8192921352386479 0.1
1699264389.8194392 -0.8225009727478031 0.1
1699264389.8984344 -0.8256599712371829 0.1
1699264389.9643524 -0.8282975864410403 0.1
1699264390.0456295 -0.8315425395965579 0.1
1699264390.12494 -0.8347134017944339 0.1
1699264390.2139204 -0.8382772922515872 0.1
1699264390.2720127 -0.8405965137481692 0.1
1699264390.3369207 -0.8431939697265628 0.1
1699264390.3948023 -0.8455151939392093 0.1
1699264390.4725955 -0.8486261844635012 0.1
1699264390.5327203 -0.8510305690765384 0.1
1699264390.5916505 -0.8533881664276126 0.1
1699264390.6552231 -0.855929346084595 0.1
1699264390.7176044 -0.8584280109405521 0.1
1699264390.7756333 -0.8607475852966312 0.1
1699264390.8562708 -0.8639679813385013 0.1
1699264390.9376228 -0.8672283267974856 0.1
1699264391.0089576 -0.8700770568847659 0.1
1699264391.081843 -0.8729962348937991 0.1
1699264391.1462302 -0.8755724620819094 0.1
1699264391.2110913 -0.8781663131713869 0.1
1699264391.2864785 -0.8811788272857668 0.1
1699264391.356281 -0.8839741039276126 0.1
1699264391.4186547 -0.8864700126647952 0.1
1699264391.4821587 -0.8890092849731448 0.1
1699264391.5448465 -0.8915149211883547 0.1
1699264391.6114945 -0.8941837501525881 0.1
1699264391.6892364 -0.8972852325439455 0.1
1699264391.77674 -0.9007800579071047 0.1
1699264391.864822 -0.904315061569214 0.1
1699264391.934157 -0.9070821475982668 0.1
1699264392.0037286 -0.9098697471618654 0.1
1699264392.0821576 -0.9129957580566408 0.1
1699264392.1678429 -0.9164338684082033 0.1
1699264392.2265115 -0.9187821769714357 0.1
1699264392.284128 -0.9210877799987794 0.1
1699264392.3493636 -0.9236913299560549 0.1
1699264392.4031565 -0.9258489990234376 0.1
1699264392.4910576 -0.9293624496459962 0.1
1699264392.5869613 -0.9331996536254884 0.1
1699264392.6637099 -0.9362705612182618 0.1
1699264392.7175841 -0.9384224033355714 0.1
1699264392.7728732 -0.9406373023986817 0.1
1699264392.8265653 -0.9427866935729982 0.1
1699264392.8910286 -0.9453643512725831 0.1
1699264392.965159 -0.9483249282836915 0.1
1699264393.0499146 -0.9517194175720216 0.1
1699264393.1312575 -0.9549737453460695 0.1
1699264393.2119303 -0.9581998825073244 0.1
1699264393.336937 -0.9631984043121339 0.1
1699264393.420546 -0.966531744003296 0.1
1699264393.5035052 -0.969858446121216 0.1
1699264393.5806253 -0.9729434967041017 0.1
1699264393.6558802 -0.9759568691253664 0.1
1699264393.7303119 -0.9789332485198976 0.1
1699264393.8012662 -0.9817731666564943 0.1
1699264393.8651233 -0.984324941635132 0.1
1699264393.9334636 -0.9870543384552003 0.1
1699264394.0082042 -0.9900482177734377 0.1
1699264394.0840418 -0.9930805301666261 0.1
1699264394.1446118 -0.9954988193511964 0.1
1699264394.2069495 -0.9979982185363772 0.1
1699264394.26546 -1.0003420162200929 0.1
1699264394.322129 -1.002603349685669 0.1
1699264394.3802571 -1.0049300479888916 0.1
1699264394.4533458 -1.0078555297851564 0.1
1699264394.5215352 -1.010583543777466 0.1
1699264394.5954175 -1.0135366153717043 0.1
1699264394.655773 -1.0159483051300051 0.1
1699264394.733134 -1.0190459251403812 0.1
1699264394.7954009 -1.0215393352508548 0.1
1699264394.857986 -1.0240435028076176 0.1
1699264394.9223506 -1.0266182327270512 0.1
1699264395.013504 -1.0302565097808842 0.1
1699264395.0834148 -1.0330604267120367 0.1
1699264395.133163 -1.0350494766235356 0.1
1699264395.2042823 -1.0378857421875005 0.1
1699264395.272369 -1.0406167507171635 0.1
1699264395.337018 -1.0432041549682622 0.1
1699264395.4130435 -1.0462405014038092 0.1
1699264395.4913485 -1.049370489120484 0.1
1699264395.561081 -1.0521662235260016 0.1
1699264395.6199055 -1.0545164680480963 0.1
1699264395.6899047 -1.0573198604583747 0.1
1699264395.754209 -1.0598920536041265 0.1
1699264395.811552 -1.0621795940399175 0.1
1699264395.8737936 -1.0646653461456304 0.1
1699264395.9317398 -1.0669920253753666 0.1
1699264395.9993868 -1.069691314697266 0.1
1699264396.0904047 -1.0733374595642093 0.1
1699264396.1597228 -1.076100578308106 0.1
1699264396.231983 -1.0790015029907232 0.1
1699264396.2829323 -1.0810388088226324 0.1
1699264396.3389995 -1.083282327651978 0.1
1699264396.3945916 -1.0855065345764165 0.1
1699264396.4594898 -1.0881024265289312 0.1
1699264396.5335796 -1.0910626697540289 0.1
1699264396.600303 -1.0937335872650151 0.1
1699264396.666429 -1.0963810729980474 0.1
1699264396.7295556 -1.0989059734344488 0.1
1699264396.7856681 -1.101141557693482 0.1
1699264396.848692 -1.103657894134522 0.1
1699264396.9158206 -1.1063527584075934 0.1
1699264396.9795365 -1.1089024066925055 0.1
1699264397.0390298 -1.111282224655152 0.1
1699264397.0937345 -1.1134694194793706 0.1
1699264397.149675 -1.1157039451599127 0.1
1699264397.222768 -1.1186260128021246 0.1
1699264397.2901735 -1.1213306140899664 0.1
1699264397.3531802 -1.1238513088226323 0.1
1699264397.419892 -1.1265179824829106 0.1
1699264397.4774656 -1.1288168430328374 0.1
1699264397.547631 -1.1316291999816899 0.1
1699264397.6166754 -1.1343803501129155 0.1
1699264397.721123 -1.138567218780518 0.1
1699264397.7806094 -1.140943517684937 0.1
1699264397.8372176 -1.1432076168060308 0.1
1699264397.8976412 -1.1456295299530035 0.1
1699264397.9658194 -1.1483541965484625 0.1
1699264398.0389063 -1.1512772750854499 0.1
1699264398.1042855 -1.1538940525054937 0.1
1699264398.1709352 -1.1565604305267339 0.1
1699264398.230913 -1.1589566230773931 0.1
1699264398.2935812 -1.161464004516602 0.1
1699264398.4170895 -1.1663953685760502 0.1
1699264398.5319757 -1.1709984779357914 0.1
1699264398.6011896 -1.1737717056274417 0.1
1699264398.6673405 -1.1764171314239504 0.1
1699264398.7385623 -1.1792626953125003 0.1
1699264398.794618 -1.1815080928802493 0.1
1699264398.858436 -1.1840605068206789 0.1
1699264398.9223917 -1.186619281768799 0.1
1699264398.9894304 -1.1892956829071046 0.1
1699264399.0451145 -1.1915259456634524 0.1
1699264399.0998313 -1.1937158870697024 0.1
1699264399.1531906 -1.1958474636077885 0.1
1699264399.2054408 -1.1979383945465092 0.1
1699264399.2691774 -1.2004861164093021 0.1
1699264399.338626 -1.2032678890228274 0.1
1699264399.4024704 -1.2058222293853762 0.1
1699264399.4672253 -1.2084122085571292 0.1
1699264399.5285988 -1.2108641052246096 0.1
1699264399.5786624 -1.2128639030456545 0.1
1699264399.6457026 -1.2155412483215333 0.1
1699264399.7195687 -1.2185045337677003 0.1
1699264399.7861037 -1.2211683654785157 0.1
1699264399.856866 -1.2239936828613283 0.1
1699264399.915725 -1.2263526630401613 0.1
1699264399.9784145 -1.2288582897186282 0.1
1699264400.0579507 -1.232040138244629 0.1
1699264400.1435366 -1.235463905334473 0.1
1699264400.2036493 -1.2378699874877932 0.1
1699264400.2858355 -1.241147623062134 0.1
1699264400.3453255 -1.2435359668731694 0.1
1699264400.4001853 -1.2457284832000737 0.1
1699264400.4711847 -1.2485697269439702 0.1
1699264400.5535452 -1.251863813400269 0.1
1699264400.627045 -1.2548018836975103 0.1
1699264400.6904378 -1.257339000701905 0.1
1699264400.7460594 -1.259565801620484 0.1
1699264400.8143716 -1.2622943687438972 0.1
1699264400.877973 -1.2648378276824959 0.1
1699264400.947026 -1.2676027679443367 0.1
1699264401.0162299 -1.2703468799591071 0.1
1699264401.0745075 -1.272702016830445 0.1
1699264401.1264243 -1.2747780799865729 0.1
1699264401.1796708 -1.276901588439942 0.1
1699264401.2413678 -1.2793787097930913 0.1
1699264401.3052046 -1.281931705474854 0.1
1699264401.3704007 -1.2845386695861822 0.1
1699264401.4310358 -1.2869648551940924 0.1
1699264401.4987054 -1.2896702384948737 0.1
1699264401.5573266 -1.292013597488404 0.1
1699264401.6312373 -1.2949664306640631 0.1
1699264401.6973636 -1.2976106739044195 0.1
1699264401.7704399 -1.3005414772033697 0.1
1699264401.8350503 -1.303124618530274 0.1
1699264401.905776 -1.3059522151947027 0.1
1699264401.9615831 -1.308186588287354 0.1
1699264402.02544 -1.3107401657104498 0.1
1699264402.0874248 -1.3132165145874029 0.1
1699264402.1496937 -1.3157070732116705 0.1
1699264402.2239177 -1.3186658859252935 0.1
1699264402.2874515 -1.3212122535705573 0.1
1699264402.3505666 -1.323741827011109 0.1
1699264402.408501 -1.3260610675811773 0.1
1699264402.4701664 -1.328528728485108 0.1
1699264402.5325508 -1.331023321151734 0.1
1699264402.600065 -1.3337246799469 0.1
1699264402.6502683 -1.3357348537445075 0.1
1699264402.6994972 -1.3376682662963875 0.1
1699264402.755575 -1.339944858551026 0.1
1699264402.803862 -1.34187391281128 0.1
1699264402.8545914 -1.343904991149903 0.1
1699264402.9161277 -1.3463640785217292 0.1
1699264402.9818301 -1.348994388580323 0.1
1699264403.0597746 -1.3521133136749275 0.1
1699264403.1110315 -1.3541628170013436 0.1
1699264403.1667511 -1.3563919925689705 0.1
1699264403.2275145 -1.358823900222779 0.1
1699264403.2944944 -1.3614969635009773 0.1
1699264403.369692 -1.3645117187500007 0.1
1699264403.4415934 -1.3673801136016852 0.1
1699264403.5026128 -1.3698246860504157 0.1
1699264403.5718362 -1.3725921249389657 0.1
1699264403.633988 -1.375073194503785 0.1
1699264403.7065203 -1.3779822158813486 0.1
1699264403.7741456 -1.380686559677125 0.1
1699264403.8488941 -1.3836785507202158 0.1
1699264403.9060946 -1.3859620475769052 0.1
1699264403.9699912 -1.388491106033326 0.1
1699264404.0494583 -1.3916936683654793 0.1
1699264404.1327715 -1.3950275421142586 0.1
1699264404.1871655 -1.397209720611573 0.1
1699264404.2677588 -1.4004322147369392 0.1
1699264404.3313327 -1.4029742622375496 0.1
1699264404.4037557 -1.4058708477020272 0.1
1699264404.4726026 -1.4086271762847908 0.1
1699264404.5457215 -1.4115448093414316 0.1
1699264404.6172216 -1.414412393569947 0.1
1699264404.673198 -1.4166460132598886 0.1
1699264404.7252831 -1.4187340450286874 0.1
1699264404.7784781 -1.4208630371093758 0.1
1699264404.8445888 -1.423501920700074 0.1
1699264404.9222684 -1.4266140842437753 0.1
1699264404.989856 -1.429310541152955 0.1
1699264405.05897 -1.4320793437957773 0.1
1699264405.113426 -1.4342594718933115 0.1
1699264405.1693587 -1.4364927959442149 0.1
1699264405.2330062 -1.4390324783325206 0.1
1699264405.2911716 -1.4413699626922618 0.1
1699264405.3535 -1.4438623237609873 0.1
1699264405.4076116 -1.4460223770141611 0.1
1699264405.4834764 -1.4490623092651378 0.1
1699264405.5414193 -1.4513782691955577 0.1
1699264405.5907998 -1.4533553791046152 0.1
1699264405.6493447 -1.4556889343261727 0.1
1699264405.7242613 -1.4586838817596444 0.1
1699264405.7969415 -1.4615978717803964 0.1
1699264405.8560927 -1.463960323333741 0.1
1699264405.919846 -1.466505374908448 0.1
1699264405.9837584 -1.4690722274780281 0.1
1699264406.0578115 -1.4720345973968514 0.1
1699264406.1222513 -1.4746142864227303 0.1
1699264406.1846225 -1.4771070098876962 0.1
1699264406.2480597 -1.4796421813964853 0.1
1699264406.3096094 -1.482106065750123 0.1
1699264406.3593016 -1.48387043952942 0.1
1699264406.432331 -1.4870095920562754 0.1
1699264406.5032473 -1.4898509883880624 0.1
1699264406.5649664 -1.492321319580079 0.1
1699264406.618109 -1.4944470596313486 0.1
1699264406.674127 -1.4966855525970468 0.1
1699264406.723929 -1.498679952621461 0.1
1699264406.77855 -1.5008660125732431 0.1
1699264406.8415287 -1.5033850574493417 0.1
1699264406.9112096 -1.5061647796630868 0.1
1699264406.987755 -1.5092336750030526 0.1
1699264407.0593476 -1.5120944213867196 0.1
1699264407.1107686 -1.5141529846191415 0.1
1699264407.1601648 -1.5161276531219492 0.1
1699264407.2338634 -1.5190700244903574 0.1
1699264407.3003886 -1.5217373752594003 0.1
1699264407.3687472 -1.5244734954833994 0.1
1699264407.4191163 -1.5264871025085458 0.1
1699264407.4825742 -1.5290262794494638 0.1
1699264407.5422482 -1.531411838531495 0.1
1699264407.6023479 -1.5338146209716805 0.1
1699264407.6730328 -1.5366451454162606 0.1
1699264407.7454226 -1.5395329093933114 0.1
1699264407.8057408 -1.54194923400879 0.1
1699264407.8679802 -1.5444420719146736 0.1
1699264407.9259262 -1.546758003234864 0.1
1699264407.9799223 -1.5489198875427252 0.1
1699264408.0516944 -1.5517867279052742 0.1
1699264408.1319437 -1.554997863769532 0.1
1699264408.2082734 -1.5580452823638924 0.1
1699264408.282979 -1.561042308807374 0.1
1699264408.3457882 -1.5635556697845467 0.1
1699264408.3989491 -1.5656801033020027 0.1
1699264408.4663246 -1.5683721637725838 0.1
1699264408.5406551 -1.5713475036621103 0.1
1699264408.6102872 -1.5741312885284433 0.1
1699264408.679446 -1.5769007110595712 0.1
1699264408.7331982 -1.579051113128663 0.1
1699264408.7875562 -1.5812249755859384 0.1
1699264408.8622763 -1.5842029285430919 0.1
1699264408.9379144 -1.587239933013917 0.1
1699264409.014102 -1.5902848434448253 0.1
1699264409.0838976 -1.5930780315399182 0.1
1699264409.1368876 -1.595194606781007 0.1
1699264409.2104185 -1.5981398773193372 0.1
1699264409.27444 -1.6007008075714124 0.1
1699264409.3567753 -1.6039921379089368 0.1
1699264409.4176197 -1.606428680419923 0.1
1699264409.486342 -1.6091716766357433 0.1
1699264409.5483916 -1.6116573047637952 0.1
1699264409.6199543 -1.6145178890228284 0.1
1699264409.7017117 -1.6177757740020764 0.1
1699264409.7710888 -1.6205664825439465 0.1
1699264409.8340454 -1.6230820941925062 0.1
1699264409.897423 -1.6256190109252942 0.1
1699264409.9641457 -1.6282873249053966 0.1
1699264410.043825 -1.631475534439088 0.1
1699264410.1075423 -1.6340209388732923 0.1
1699264410.1715117 -1.636584634780885 0.1
1699264410.235599 -1.6391469573974622 0.1
1699264410.302243 -1.641811389923097 0.1
1699264410.3599172 -1.6441130924224867 0.1
1699264410.4247267 -1.6467113971710219 0.1
1699264410.4917357 -1.6493903446197524 0.1
1699264410.5589902 -1.6520779991149916 0.1
1699264410.6218457 -1.6545938587188735 0.1
1699264410.6862078 -1.657168292999269 0.1
1699264410.7398078 -1.6593133449554458 0.1
1699264410.7925816 -1.661422958374025 0.1
1699264410.8597043 -1.6641119861602798 0.1
1699264410.9358392 -1.667155799865724 0.1
1699264410.9906816 -1.669348297119142 0.1
1699264411.0447934 -1.671514463424684 0.1
1699264411.0973175 -1.6736160373687756 0.1
1699264411.1510787 -1.675765714645387 0.1
1699264411.2061343 -1.6779670143127454 0.1
1699264411.2739832 -1.6806824779510512 0.1
1699264411.3376665 -1.683229837417604 0.1
1699264411.4032173 -1.6858524131774917 0.1
1699264411.4684615 -1.6884330081939711 0.1
1699264411.534358 -1.6910907363891616 0.1
1699264411.5942056 -1.6934919643402115 0.1
1699264411.6584046 -1.696059484481813 0.1
1699264411.7257767 -1.6987453079223649 0.1
1699264411.7973819 -1.7016168403625505 0.1
1699264411.8720617 -1.7045950126647966 0.1
1699264411.935751 -1.7071497726440448 0.1
1699264411.990749 -1.7093492889404316 0.1
1699264412.0614102 -1.712170181274416 0.1
1699264412.1316028 -1.7149825859069843 0.1
1699264412.2016747 -1.7177863883972186 0.1
1699264412.2597897 -1.7201124191284198 0.1
1699264412.3134995 -1.7222636985778828 0.1
1699264412.372594 -1.7246207809448262 0.1
1699264412.4389553 -1.7272715854644796 0.1
1699264412.5199513 -1.730522050857546 0.1
1699264412.5960724 -1.7335581779480003 0.1
1699264412.6661112 -1.736368217468264 0.1
1699264412.7212467 -1.738566474914553 0.1
1699264412.7795696 -1.7409009265899682 0.1
1699264412.8434603 -1.7434610843658471 0.1
1699264412.9067752 -1.7459941291809107 0.1
1699264412.9627545 -1.7482284450531032 0.1
1699264413.0495157 -1.7517032909393335 0.1
1699264413.101459 -1.7537784671783472 0.1
1699264413.1600745 -1.7561251926422143 0.1
1699264413.210397 -1.7581395339965844 0.1
1699264413.2736948 -1.760670375823977 0.1
1699264413.347813 -1.7636314964294457 0.1
1699264413.4180624 -1.7664445018768333 0.1
1699264413.466344 -1.7683757209777855 0.1
1699264413.5200648 -1.770521564483645 0.1
1699264413.5776083 -1.772827539443972 0.1
1699264413.6546304 -1.7758997631073021 0.1
1699264413.7227993 -1.7786353683471703 0.1
1699264413.7960336 -1.7815616893768333 0.1
1699264413.859132 -1.7840878295898461 0.1
1699264413.9142988 -1.7862909221649195 0.1
1699264413.9774787 -1.7888210678100611 0.1
1699264414.0419836 -1.7914023685455347 0.1
1699264414.108335 -1.7940451717376733 0.1
1699264414.1770842 -1.7968004798889183 0.1
1699264414.2495708 -1.7997065639495873 0.1
1699264414.3013835 -1.8017778015136743 0.1
1699264414.3593156 -1.8040926551818872 0.1
1699264414.4116874 -1.8061850070953394 0.1
1699264414.4852057 -1.8091251850128198 0.1
1699264414.556188 -1.811964025497439 0.1
1699264414.6621478 -1.8162074375152613 0.1
1699264414.7130766 -1.81824251174927 0.1
1699264414.7711608 -1.8205673217773461 0.1
1699264414.8355772 -1.8231415557861352 0.1
1699264414.901561 -1.8257808494567895 0.1
1699264414.9857185 -1.8291491794586205 0.1
1699264415.051067 -1.831765289306643 0.1
1699264415.1066735 -1.8339881420135522 0.1
1699264415.1534252 -1.8358552169799829 0.1
1699264415.2111623 -1.8381704425811791 0.1
1699264415.2897294 -1.8413134288787865 0.1
1699264415.3622406 -1.8442080593109154 0.1
1699264415.4197278 -1.846512613296511 0.1
1699264415.485029 -1.8491249847412132 0.1
1699264415.545655 -1.8515496730804466 0.1
1699264415.601177 -1.8537661743164084 0.1
1699264415.6594186 -1.856099843978884 0.1
1699264415.734337 -1.8590907001495383 0.1
1699264415.7923417 -1.861403675079348 0.1
1699264415.8608172 -1.8641509246826193 0.1
1699264415.9177482 -1.8664311122894308 0.1
1699264415.983713 -1.8690688037872336 0.1
1699264416.053594 -1.871864242553713 0.1
1699264416.1219127 -1.8745999050140403 0.1
1699264416.187058 -1.8772063446044944 0.1
1699264416.2540216 -1.8798819541931175 0.1
1699264416.3077538 -1.8820315551757836 0.1
1699264416.360976 -1.884160776138308 0.1
1699264416.4278793 -1.8868318080902122 0.1
1699264416.4973803 -1.8896051216125511 0.1
1699264416.5570703 -1.8919991874694848 0.1
1699264416.6349928 -1.895122461318972 0.1
1699264416.7068698 -1.8979928779602075 0.1
1699264416.7838695 -1.901074066162112 0.1
1699264416.870524 -1.9045336723327662 0.1
1699264416.9687908 -1.9084709930419947 0.1
1699264417.0681462 -1.9124413490295435 0.1
1699264417.2047696 -1.9179070949554469 0.1
1699264417.3126101 -1.9222209262847925 0.1
1699264417.4123893 -1.9262140941619896 0.1
1699264417.5248199 -1.9307120800018334 0.1
1699264417.6327016 -1.9350225830078147 0.1
1699264417.7262816 -1.9387638950347923 0.1
1699264417.830984 -1.9429543399810814 0.1
1699264417.9201574 -1.9465248012542746 0.1
1699264417.9804008 -1.9489387702941916 0.1
1699264418.0453446 -1.951531515121462 0.1
1699264418.115286 -1.9543214988708517 0.1
1699264418.1837943 -1.9570711421966573 0.1
1699264418.2618997 -1.9601865196228048 0.1
1699264418.327745 -1.9628331089019795 0.1
1699264418.392129 -1.9654037857055684 0.1
1699264418.4568808 -1.9679994201660176 0.1
1699264418.5377817 -1.971235065460207 0.1
1699264418.5994682 -1.97370128631592 0.1
1699264418.6608691 -1.9761552429199238 0.1
1699264418.731744 -1.9789920234680196 0.1
1699264418.7986712 -1.9816664886474629 0.1
1699264418.8720448 -1.9846021461486836 0.1
1699264418.9454124 -1.9875374794006366 0.1
1699264419.0018535 -1.9897974014282245 0.1
1699264419.061085 -1.9921634769439716 0.1
1699264419.1271322 -1.9948043823242205 0.1
1699264419.196433 -1.9975801372528095 0.1
1699264419.2729912 -2.0006423187255877 0.1
1699264419.34854 -2.00366201400757 0.1
1699264419.4083276 -2.006051435470583 0.1
1699264419.4710166 -2.008561849594118 0.1
1699264419.531389 -2.0109760856628434 0.1
1699264419.5926034 -2.01342480659485 0.1
1699264419.6589785 -2.0160799694061295 0.1
1699264419.7275329 -2.0188222408294694 0.1
1699264419.7941668 -2.021485919952394 0.1
1699264419.8618903 -2.0241975307464615 0.1
1699264419.931038 -2.0269632244110123 0.1
1699264420.0045907 -2.0298986911773698 0.1
1699264420.0730968 -2.032647657394411 0.1
1699264420.1581433 -2.0360441017150896 0.1
1699264420.2107546 -2.0381420707702653 0.1
1699264420.270122 -2.040523567199709 0.1
1699264420.3348856 -2.0431170940399186 0.1
1699264420.4009764 -2.0457605457305923 0.1
1699264420.467566 -2.048423881530763 0.1
1699264420.5354788 -2.0511398601532 0.1
1699264420.5956295 -2.053547906875612 0.1
1699264420.6466436 -2.0555875873565688 0.1
1699264420.702799 -2.057829275131227 0.1
1699264420.76414 -2.0602744674682634 0.1
1699264420.8277206 -2.062832155227663 0.1
1699264420.9015532 -2.065782995224001 0.1
