1699267034.8905537 0.0 0.0
1699267035.1783535 0.0 0.0
1699267035.3382938 0.0 0.0
1699267035.3883219 0.0 0.0
1699267035.4384353 0.0 0.0
1699267035.488887 0.0 0.0
1699267035.539285 0.0 0.0
1699267035.5893328 0.0 0.0
1699267035.639623 0.0 0.0
1699267035.6895058 0.0 0.0
1699267035.7407563 0.0 0.0
1699267035.7906792 0.0 0.0
1699267035.8413064 0.0 0.0
1699267035.891273 0.0 0.0
1699267035.941616 0.0 0.0
1699267035.99146 0.0 0.0
1699267036.0415976 0.0 0.0
1699267036.0917647 0.0 0.0
1699267036.1419802 0.0 0.0
1699267036.1921823 0.0 0.0
1699267036.2423012 0.0 0.0
1699267036.2922814 0.0 0.0
1699267036.342465 0.0 0.0
1699267036.39267 0.0 0.0
1699267036.442737 0.0 0.0
1699267036.4933088 0.0 0.0
1699267036.543153 0.0 0.0
1699267036.592984 0.0 0.0
1699267036.643193 0.0 0.0
1699267036.693318 0.0 0.0
1699267036.7435293 0.0 0.0
1699267036.7936742 None None
1699267036.843801 0.0 0.0
1699267036.8944683 0.0 0.0
1699267036.9446464 0.0 0.0
1699267036.9955013 None None
1699267037.0453503 0.0 0.0
1699267037.0955482 0.0 0.0
1699267037.145621 0.0 0.0
1699267037.1957052 0.0 0.0
1699267037.2460225 None None
1699267037.2963655 0.0 0.0
1699267037.346529 0.0 0.0
1699267037.396578 0.0 0.0
1699267037.4470296 None None
1699267037.4969718 0.0 0.0
1699267037.5468779 0.0 0.0
1699267037.5972261 0.0 0.0
1699267037.64794 0.0 0.0
1699267037.6977482 None None
1699267037.747918 0.0 0.0
1699267037.7978961 0.0 0.0
1699267037.8477232 0.0 0.0
1699267037.8977795 0.0 0.0
1699267037.9478374 None None
1699267037.9980688 0.0 0.0
1699267038.049122 0.0 0.0
1699267038.0989885 0.0 0.0
1699267038.1494448 0.0 0.0
1699267038.1992564 None None
1699267038.2505608 0.0 0.0
1699267038.30003 0.0 0.0
1699267038.350089 0.0 0.0
1699267038.3998268 None None
1699267038.4504583 0.0 0.0
1699267038.5001366 0.0 0.0
1699267038.550595 0.0 0.0
1699267038.6006622 0.0 0.0
1699267038.6507692 None None
1699267038.7014806 0.0 0.0
1699267038.7516723 0.0 0.0
1699267038.8020926 0.0 0.0
1699267038.8523362 0.0 0.0
1699267038.9018123 None None
1699267038.9517615 0.0 0.0
1699267039.0017323 0.0 0.0
1699267039.0518355 0.0 0.0
1699267039.102034 0.0 0.0
1699267039.1525238 None None
1699267039.2024643 0.0 0.0
1699267039.252777 0.0 0.0
1699267039.3026314 0.0 0.0
1699267039.3527908 0.0 0.0
1699267039.4028614 None None
1699267039.453598 0.0 0.0
1699267039.50358 0.0 0.0
1699267039.5541961 None None
1699267039.6037915 0.0 0.0
1699267039.6538863 0.0 0.0
1699267039.7038257 0.0 0.0
1699267039.7538345 0.0 0.0
1699267039.8038988 None None
1699267039.8544538 0.0 0.0
1699267039.9047654 0.0 0.0
1699267039.956515 0.0 0.0
1699267040.005184 0.0 0.0
1699267040.0554373 None None
1699267040.105663 0.0 0.0
1699267040.1555965 0.0 0.0
1699267040.2059858 0.0 0.0
1699267040.2565863 0.0 0.0
1699267040.3063552 None None
1699267040.3563938 0.0 0.0
1699267040.406368 0.0 0.0
1699267040.4565163 0.0 0.0
1699267040.506673 None None
1699267040.5575218 0.0 0.0
1699267040.6069357 0.0 0.0
1699267040.657798 0.0 0.0
1699267040.707407 0.0 0.0
1699267040.7575858 None None
1699267040.8076634 0.0 0.0
1699267040.8577273 0.0 0.0
1699267040.9079 0.0 0.0
1699267040.9580553 None None
1699267041.0081973 0.0 0.0
1699267041.0586035 0.0 0.0
1699267041.108443 0.0 0.0
1699267041.158853 None None
1699267041.208677 0.0 0.0
1699267041.2587454 0.0 0.0
1699267041.3097928 0.0 0.0
1699267041.3592277 0.0 0.0
1699267041.4095407 None None
1699267041.459588 0.0 0.0
1699267041.5098453 0.0 0.0
1699267041.559996 0.0 0.0
1699267041.6100445 0.0 0.0
1699267041.6610432 None None
1699267041.7103941 0.0 0.0
1699267041.761559 0.0 0.0
1699267041.8109357 0.0 0.0
1699267041.8608909 None None
1699267041.9108787 0.0 0.0
1699267041.9609244 0.0 0.0
1699267042.011107 0.0 0.0
1699267042.0617871 0.0 0.0
1699267042.1115522 None None
1699267042.1621819 0.0 0.0
1699267042.211845 0.0 0.0
1699267042.2618253 0.0 0.0
1699267042.3119922 None None
1699267042.3620238 0.0 0.0
1699267042.4129775 0.0 0.0
1699267042.46353 0.0 0.0
1699267042.5134816 0.0 0.0
1699267042.563305 None None
1699267042.6132731 0.0 0.0
1699267042.6651983 0.0 0.0
1699267042.7154036 0.0 0.0
1699267042.766459 0.0 0.0
1699267042.8160706 None None
1699267042.8663664 0.0 0.0
1699267042.9162638 0.0 0.0
1699267042.966581 0.0 0.0
1699267043.0164418 0.0 0.0
1699267043.066886 None None
1699267043.117251 0.0 0.0
1699267043.167403 0.0 0.0
1699267043.2176278 0.0 0.0
1699267043.2680373 0.0 0.0
1699267043.3176281 None None
1699267043.3678627 0.0 0.0
1699267043.417803 0.0 0.0
1699267043.4681401 0.0 0.0
1699267043.5184283 0.0 0.0
1699267043.5690322 None None
1699267043.6191404 0.0 0.0
1699267043.8355458 0.0 0.0
1699267043.8854587 0.0 0.0
1699267043.9352627 0.0 0.0
1699267043.985544 0.0 0.0
1699267044.0354667 0.0 0.0
1699267044.0857766 0.0 0.0
1699267044.135462 0.0 0.0
1699267044.1856427 0.0 0.0
1699267044.2357876 0.0 0.0
1699267044.285923 0.0 0.0
1699267044.3363252 0.0 0.0
1699267044.386642 0.0 0.0
1699267044.436898 0.0 0.0
1699267044.4868872 None None
1699267044.5368433 0.0 0.0
1699267044.5866325 0.0 0.0
1699267044.6372056 0.0 0.0
1699267044.6873357 0.0 0.0
1699267044.7377324 None None
1699267044.788113 0.0 0.0
1699267044.8383634 0.0 0.0
1699267044.8877802 0.0 0.0
1699267044.9378479 0.0 0.0
1699267044.9881573 None None
1699267045.0381043 0.0 0.0
1699267045.088968 0.0 0.0
1699267045.1389284 0.0 0.0
1699267045.1892526 0.0 0.0
1699267045.2394233 None None
1699267045.2894297 0.0 0.0
1699267045.3394606 0.0 0.0
1699267045.390008 0.0 0.0
1699267045.4398863 0.0 0.0
1699267045.490522 None None
1699267045.540847 0.0 0.0
1699267045.5906553 0.0 0.0
1699267045.6407475 0.0 0.0
1699267045.6908014 0.0 0.0
1699267045.7415721 None None
1699267045.7920878 0.0 0.0
1699267045.842009 0.0 0.0
1699267045.892139 0.0 0.0
1699267045.9422777 0.0 0.0
1699267045.9924982 0.0 0.0
1699267046.0426989 None None
1699267046.0939398 0.0 0.0
1699267046.1431882 0.0 0.0
1699267046.1929164 0.0 0.0
1699267046.2433681 None None
1699267046.2935843 0.0 0.0
1699267046.3437092 0.0 0.0
1699267046.393776 0.0 0.0
1699267046.4438424 None None
1699267046.494022 0.0 0.0
1699267046.5439637 0.0 0.0
1699267046.593956 0.0 0.0
1699267046.643904 None None
1699267046.6941168 0.0 0.0
1699267046.744174 0.0 0.0
1699267046.7944121 0.0 0.0
1699267046.8448727 0.0 0.0
1699267046.8949654 None None
1699267046.9450643 0.0 0.0
1699267046.9954162 0.0 0.0
1699267047.045562 0.0 0.0
1699267047.0957024 0.0 0.0
1699267047.145615 None None
1699267047.1956246 0.0 0.0
1699267047.2460134 0.0 0.0
1699267047.2960522 0.0 0.0
1699267047.3460777 0.0 0.0
1699267047.396776 None None
1699267047.4463353 0.0 0.0
1699267047.496733 0.0 0.0
1699267047.546871 0.0 0.0
1699267047.5975575 None None
1699267047.647404 0.0 0.0
1699267047.6978827 0.0 0.0
1699267047.7480564 0.0 0.0
1699267047.7977417 None None
1699267047.8477736 0.0 0.0
1699267047.8978548 0.0 0.0
1699267047.9481058 0.0 0.0
1699267047.998448 0.0 0.0
1699267048.0487318 0.0 0.0
1699267048.0988817 None None
1699267048.1489444 0.0 0.0
1699267048.1991317 0.0 0.0
1699267048.2495646 0.0 0.0
1699267048.2998784 None None
1699267048.3500564 0.0 0.0
1699267048.401024 0.0 0.0
1699267048.4510937 0.0 0.0
1699267048.5012522 None None
1699267048.551512 None None
1699267048.6015098 0.0 0.0
1699267048.6516438 0.0 0.0
1699267048.7021112 0.0 0.0
1699267048.7520225 0.0 0.0
1699267048.802236 None None
1699267048.8526733 0.0 0.0
1699267048.9024718 0.0 0.0
1699267048.9525976 0.0 0.0
1699267049.002985 None None
1699267049.0534515 0.0 0.0
1699267049.2198532 0.0 0.0
1699267049.26974 0.0 0.0
1699267049.4000728 0.0 0.0
1699267049.4316273 0.0 0.0
1699267049.4640374 0.0 0.0
1699267049.5952184 0.0 0.0
1699267049.6447122 0.0 0.0
1699267049.694953 0.17743428253578852 -0.09178621460630032
1699267049.892142 0.16773723144997266 -0.08579617692968701
1699267050.0930321 0.16773723144997266 -0.08579617692968701
1699267050.142387 0.09533571048294223 -0.024906977554575768
1699267050.3201299 0.09533571048294223 -0.024906977554575768
1699267050.36992 0.09533571048294223 -0.024906977554575768
1699267050.4203012 0.01703647156691096 -0.01247509815037838
1699267050.6517134 0.01703647156691096 -0.01247509815037838
1699267050.7019196 0.01703647156691096 -0.01247509815037838
1699267050.7518911 -0.0006040645335180983 -0.02677115769197632
1699267050.954567 -0.0006040645335180983 -0.02677115769197632
1699267051.0049157 -0.0006040645335180983 -0.02677115769197632
1699267051.0549166 -0.003258048361126199 -0.023948488483683382
1699267051.2413292 -0.003258048361126199 -0.023948488483683382
1699267051.291387 -0.003258048361126199 -0.023948488483683382
1699267051.3418312 -0.0036006294880267533 -0.023296143772674104
1699267051.5394146 -0.0036006294880267533 -0.023296143772674104
1699267051.5891707 -0.0036006294880267533 -0.023296143772674104
1699267051.6394734 -0.0031757731126394366 -0.023172247204761312
1699267051.8252761 -0.0031757731126394366 -0.023172247204761312
1699267051.8751836 -0.0031757731126394366 -0.023172247204761312
1699267051.9253912 -0.0031757731126394366 -0.023172247204761312
1699267051.9755971 -0.0023274945678681985 -0.022389158775750966
1699267052.165456 -0.0023274945678681985 -0.022389158775750966
1699267052.2153878 -0.0023274945678681985 -0.022389158775750966
1699267052.2653916 -0.0023274945678681985 -0.022389158775750966
1699267052.315525 -0.0032827570837422977 -0.021070073646176943
1699267052.5107362 -0.0032827570837422977 -0.021070073646176943
1699267052.5600364 -0.0032827570837422977 -0.021070073646176943
1699267052.6100154 -0.0032827570837422977 -0.021070073646176943
1699267052.6599903 -0.004949900026735968 -0.019950070561404392
1699267052.8576906 -0.004949900026735968 -0.019950070561404392
1699267052.9077828 -0.004949900026735968 -0.019950070561404392
1699267052.9580219 -0.00581621243068506 -0.019416918734326567
1699267053.154811 -0.00581621243068506 -0.019416918734326567
1699267053.2051294 -0.00581621243068506 -0.019416918734326567
1699267053.2547905 -0.00581621243068506 -0.019416918734326567
1699267053.3050354 -0.006546822156698968 -0.019186295355719894
1699267053.4960048 -0.0069077960544609894 -0.01892787151917446
1699267053.6888926 -0.0069077960544609894 -0.01892787151917446
1699267053.7382896 -0.007126656740567647 -0.01835891323114746
1699267053.9187684 -0.007126656740567647 -0.01835891323114746
1699267053.9685483 -0.007126656740567647 -0.01835891323114746
1699267054.0180604 -0.008557938522858305 -0.017587837725011747
1699267054.2243462 -0.008557938522858305 -0.017587837725011747
1699267054.2746286 -0.008557938522858305 -0.017587837725011747
1699267054.3248198 -0.008557938522858305 -0.017587837725011747
1699267054.3741264 -0.009656951489645368 -0.01691315909182788
1699267054.6444356 -0.010377476581940309 -0.01636497365058521
1699267054.831035 -0.010377476581940309 -0.01636497365058521
1699267054.8807237 -0.011047102494701049 -0.015894649823980384
1699267055.0756974 -0.011047102494701049 -0.015894649823980384
1699267055.125718 -0.011047102494701049 -0.015894649823980384
1699267055.1758754 -0.011608703718881145 -0.01537831808437207
1699267055.366471 -0.011608703718881145 -0.01537831808437207
1699267055.4156215 -0.011608703718881145 -0.01537831808437207
1699267055.4655204 -0.011608703718881145 -0.01537831808437207
1699267055.5155115 -0.01199233972241229 -0.014884227138914876
1699267055.7051358 -0.012223103357269246 -0.014417841779733378
1699267055.898206 -0.012223103357269246 -0.014417841779733378
1699267055.9483314 -0.013262384879210982 -0.013903220245255194
1699267056.1361253 -0.013262384879210982 -0.013903220245255194
1699267056.1854005 -0.013262384879210982 -0.013903220245255194
1699267056.2357078 -0.01417609154158504 -0.013265444728122336
1699267056.4232965 -0.01417609154158504 -0.013265444728122336
1699267056.4732096 -0.01417609154158504 -0.013265444728122336
1699267056.5236232 -0.014945732217600927 -0.012686655480453536
1699267056.7150142 -0.014945732217600927 -0.012686655480453536
1699267056.7670815 -0.014945732217600927 -0.012686655480453536
1699267056.8153622 -0.014945732217600927 -0.012686655480453536
1699267056.8654985 -0.015608276812973053 -0.012154951918605297
1699267057.050286 -0.016096364654500546 -0.011678018982666122
1699267057.2503417 -0.016096364654500546 -0.011678018982666122
1699267057.2994752 -0.016516854750596617 -0.011159806935209552
1699267057.5084045 -0.016516854750596617 -0.011159806935209552
1699267057.5581944 -0.016516854750596617 -0.011159806935209552
1699267057.6083064 -0.016516854750596617 -0.011159806935209552
1699267057.658709 -0.018263381023690198 -0.010088818842338917
1699267057.8377666 -0.018263381023690198 -0.010088818842338917
1699267057.8873508 -0.018263381023690198 -0.010088818842338917
1699267057.9379678 -0.018263381023690198 -0.010088818842338917
1699267057.9878416 -0.018946818022492578 -0.009579136942837829
1699267058.1829522 -0.01952958075987506 -0.009096733111976722
1699267058.3632941 -0.01952958075987506 -0.009096733111976722
1699267058.413238 -0.020103901940080347 -0.008635337404997858
1699267058.6080096 -0.020103901940080347 -0.008635337404997858
1699267058.6575491 -0.020103901940080347 -0.008635337404997858
1699267058.7079103 -0.020103901940080347 -0.008635337404997858
1699267058.7577915 -0.020939206186881987 -0.007674174958820467
1699267058.9556437 -0.020939206186881987 -0.007674174958820467
1699267059.0058231 -0.020939206186881987 -0.007674174958820467
1699267059.0560455 -0.020939206186881987 -0.007674174958820467
1699267059.1079977 -0.02133076928567378 -0.007230756296311789
1699267059.3061733 -0.021623429672827835 -0.006796049842577819
1699267059.5127714 -0.021623429672827835 -0.006796049842577819
1699267059.5622668 -0.02234804637813077 -0.00638711115253059
1699267059.7533484 -0.02234804637813077 -0.00638711115253059
1699267059.8028905 -0.02234804637813077 -0.00638711115253059
1699267059.8535643 -0.0230023207372811 -0.006027143301703735
1699267060.0419283 -0.0230023207372811 -0.006027143301703735
1699267060.0915117 -0.0230023207372811 -0.006027143301703735
1699267060.142442 -0.0230023207372811 -0.006027143301703735
1699267060.1920831 -0.023567710956550244 -0.005664486810551519
1699267060.3873124 -0.023567710956550244 -0.005664486810551519
1699267060.4366882 -0.023567710956550244 -0.005664486810551519
1699267060.4869106 -0.023567710956550244 -0.005664486810551519
1699267060.537133 -0.024469505003409473 -0.004955272800527124
1699267060.7421935 -0.024469505003409473 -0.004955272800527124
1699267060.7918315 -0.024469505003409473 -0.004955272800527124
1699267060.8418446 -0.024469505003409473 -0.004955272800527124
1699267060.8936474 -0.02512810186693437 -0.004385006594464689
1699267061.0919094 -0.02512810186693437 -0.004385006594464689
1699267061.1415253 -0.02512810186693437 -0.004385006594464689
1699267061.192649 -0.02512810186693437 -0.004385006594464689
1699267061.242594 -0.02570249968433667 -0.004117678930657414
1699267061.433168 -0.026201452244674232 -0.0038636468639906456
1699267061.6691563 -0.026201452244674232 -0.0038636468639906456
1699267061.7185225 -0.026672583159866366 -0.0036722949333166236
1699267061.9219027 -0.026672583159866366 -0.0036722949333166236
1699267061.971569 -0.026672583159866366 -0.0036722949333166236
1699267062.0218472 -0.027105799769930064 -0.003457656363102328
1699267062.2212875 -0.027105799769930064 -0.003457656363102328
1699267062.2706213 -0.027105799769930064 -0.003457656363102328
1699267062.3208342 -0.027105799769930064 -0.003457656363102328
1699267062.3709154 -0.02790981846302391 -0.0030779410221585656
1699267062.569353 -0.02790981846302391 -0.0030779410221585656
1699267062.6195135 -0.02790981846302391 -0.0030779410221585656
1699267062.6698618 -0.028158857868724897 -0.0029650500903153645
1699267062.8594244 -0.028158857868724897 -0.0029650500903153645
1699267062.9095027 -0.028158857868724897 -0.0029650500903153645
1699267062.9594173 -0.028373928695883826 -0.0028401124515522094
1699267063.158221 -0.028373928695883826 -0.0028401124515522094
1699267063.2081406 -0.028373928695883826 -0.0028401124515522094
1699267063.2582326 -0.028373928695883826 -0.0028401124515522094
1699267063.3092995 -0.028770187438111133 -0.0027538479116797766
1699267063.505194 -0.029145928628846973 -0.0026095773433985016
1699267063.6906009 -0.029145928628846973 -0.0026095773433985016
1699267063.7398195 -0.02950160808294279 -0.002501268737930306
1699267063.92862 -0.02950160808294279 -0.002501268737930306
1699267063.978746 -0.02950160808294279 -0.002501268737930306
1699267064.0296624 -0.02981500183878319 -0.002399561937974004
1699267064.219172 -0.02981500183878319 -0.002399561937974004
1699267064.2696204 -0.02981500183878319 -0.002399561937974004
1699267064.319719 -0.030141459760845302 -0.0022563939700826225
1699267064.507345 -0.030141459760845302 -0.0022563939700826225
1699267064.5577378 -0.030141459760845302 -0.0022563939700826225
1699267064.6074376 -0.030457974002967896 -0.0021433998655838813
1699267064.7948022 -0.030457974002967896 -0.0021433998655838813
1699267064.8457003 -0.030457974002967896 -0.0021433998655838813
1699267064.8949678 -0.03081223748067067 -0.0020836599802185555
1699267065.08046 -0.03081223748067067 -0.0020836599802185555
1699267065.1305382 -0.03081223748067067 -0.0020836599802185555
1699267065.1812823 -0.031138364444074976 -0.002028171317622639
1699267065.3852544 -0.031138364444074976 -0.002028171317622639
1699267065.437164 -0.031138364444074976 -0.002028171317622639
1699267065.4868398 -0.031138364444074976 -0.002028171317622639
1699267065.5373685 -0.03147240493944568 -0.0019685568570962436
1699267065.7348027 -0.03179427214478468 -0.001923755659532158
1699267065.93574 -0.03179427214478468 -0.001923755659532158
1699267065.9857104 -0.032094716503015 -0.0018748200748005598
1699267066.1837738 -0.032094716503015 -0.0018748200748005598
1699267066.2330458 -0.032094716503015 -0.0018748200748005598
1699267066.2836022 -0.03240410961170557 -0.001861249916266499
1699267066.4770668 -0.03240410961170557 -0.001861249916266499
1699267066.5260468 -0.03240410961170557 -0.001861249916266499
1699267066.5765636 -0.03240410961170557 -0.001861249916266499
1699267066.6263092 -0.03278556735252906 -0.0018376416254370454
1699267066.8113158 -0.033118714068626647 -0.0018322215621825086
1699267066.9981368 -0.033118714068626647 -0.0018322215621825086
1699267067.047684 -0.033382526994023276 -0.001838257763945448
1699267067.2412267 -0.033382526994023276 -0.001838257763945448
1699267067.2908828 -0.033382526994023276 -0.001838257763945448
1699267067.341239 -0.033382526994023276 -0.001838257763945448
1699267067.391451 -0.033928163918597716 -0.001883929461458978
1699267067.5799913 -0.033928163918597716 -0.001883929461458978
1699267067.6300313 -0.033928163918597716 -0.001883929461458978
1699267067.6802995 -0.03417239534745314 -0.0019336385253323836
1699267067.8761897 -0.03417239534745314 -0.0019336385253323836
1699267067.9261384 -0.03417239534745314 -0.0019336385253323836
1699267067.9758155 -0.034412005508687206 -0.0019570009525727928
1699267068.1805565 -0.034412005508687206 -0.0019570009525727928
1699267068.2301657 -0.034412005508687206 -0.0019570009525727928
1699267068.281298 -0.03464474225349044 -0.001998761283210725
1699267068.487923 -0.03464474225349044 -0.001998761283210725
1699267068.537947 -0.03464474225349044 -0.001998761283210725
1699267068.5879087 -0.03464474225349044 -0.001998761283210725
1699267068.6383054 -0.03506161532219801 -0.0020862066049708475
1699267068.8306441 -0.03506161532219801 -0.0020862066049708475
1699267068.8797505 -0.03506161532219801 -0.0020862066049708475
1699267068.9302754 -0.035248284001054585 -0.002123550077955352
1699267069.113094 -0.035248284001054585 -0.002123550077955352
1699267069.162884 -0.035248284001054585 -0.002123550077955352
1699267069.2132032 -0.035248284001054585 -0.002123550077955352
1699267069.2631721 -0.03544804277111307 -0.002173544221613806
1699267069.4755056 -0.03544804277111307 -0.002173544221613806
1699267069.525927 -0.03544804277111307 -0.002173544221613806
1699267069.5757532 -0.03563950186940444 -0.0022307879986111227
1699267069.7744534 -0.03563950186940444 -0.0022307879986111227
1699267069.824002 -0.03563950186940444 -0.0022307879986111227
1699267069.874024 -0.03563950186940444 -0.0022307879986111227
1699267069.9239802 -0.035831084429631566 -0.0022968083593061465
1699267070.1314485 -0.036036421572554364 -0.0023739408708918024
1699267070.3326573 -0.036036421572554364 -0.0023739408708918024
1699267070.3822193 -0.036176752127886895 -0.0024130957796230403
1699267070.570083 -0.036176752127886895 -0.0024130957796230403
1699267070.619892 -0.036176752127886895 -0.0024130957796230403
1699267070.6699085 -0.036176752127886895 -0.0024130957796230403
1699267070.7198617 -0.03648582698637438 -0.002524797462725169
1699267070.9094274 -0.03648582698637438 -0.002524797462725169
1699267070.959516 -0.03648582698637438 -0.002524797462725169
1699267071.0096858 -0.03662835523396667 -0.002582227674637976
1699267071.2043717 -0.03662835523396667 -0.002582227674637976
1699267071.2543266 -0.03662835523396667 -0.002582227674637976
1699267071.3042853 -0.03662835523396667 -0.002582227674637976
1699267071.3552172 -0.03691318378988702 -0.0027065411790082915
1699267071.5442522 -0.03691318378988702 -0.0027065411790082915
1699267071.5941257 -0.03691318378988702 -0.0027065411790082915
1699267071.6452327 -0.03691318378988702 -0.0027065411790082915
1699267071.6946352 -0.03706655055654227 -0.0027770042812201813
1699267071.8734124 -0.037145242771584354 -0.0028383119954682
1699267072.0709288 -0.037145242771584354 -0.0028383119954682
1699267072.1208365 -0.03721452812774589 -0.002884690374798609
1699267072.3102863 -0.03721452812774589 -0.002884690374798609
1699267072.3598714 -0.03721452812774589 -0.002884690374798609
1699267072.410199 -0.03721452812774589 -0.002884690374798609
1699267072.460945 -0.03740889494080812 -0.0029858092759120617
1699267072.6564019 -0.03740889494080812 -0.0029858092759120617
1699267072.7060378 -0.03740889494080812 -0.0029858092759120617
1699267072.7559907 -0.03740889494080812 -0.0029858092759120617
1699267072.8059053 -0.03760055429753569 -0.00306599966335884
1699267072.996706 -0.03760055429753569 -0.00306599966335884
1699267073.0465505 -0.03760055429753569 -0.00306599966335884
1699267073.0967178 -0.03768606798918914 -0.003113391296999839
1699267073.3027143 -0.03768606798918914 -0.003113391296999839
1699267073.3534577 -0.03768606798918914 -0.003113391296999839
1699267073.40399 -0.0377255598994345 -0.003160489574497892
1699267073.6007106 -0.0377255598994345 -0.003160489574497892
1699267073.6502066 -0.0377255598994345 -0.003160489574497892
1699267073.7004192 -0.03777919514778959 -0.003214730662320605
1699267073.8922439 -0.03777919514778959 -0.003214730662320605
1699267073.9410117 -0.03777919514778959 -0.003214730662320605
1699267073.9910989 -0.03783563605248207 -0.003268958812326261
1699267074.1856203 -0.03783563605248207 -0.003268958812326261
1699267074.2347872 -0.03783563605248207 -0.003268958812326261
1699267074.2850845 -0.037886592135839385 -0.0032908207826449687
1699267074.4850721 -0.037886592135839385 -0.0032908207826449687
1699267074.5350604 -0.037886592135839385 -0.0032908207826449687
1699267074.5849323 -0.037886592135839385 -0.0032908207826449687
1699267074.6355882 -0.037948879463150766 -0.003312889889186245
1699267074.8411074 -0.03802952456482182 -0.0033414465451217915
1699267075.0350616 -0.03802952456482182 -0.0033414465451217915
1699267075.085097 -0.0381018028973789 -0.003377055203420239
1699267075.2723541 -0.0381018028973789 -0.003377055203420239
1699267075.321793 -0.0381018028973789 -0.003377055203420239
1699267075.374582 -0.03819244593397743 -0.003407038438688887
1699267075.5698516 -0.03819244593397743 -0.003407038438688887
1699267075.6186004 -0.03819244593397743 -0.003407038438688887
1699267075.6696854 -0.038250581430411004 -0.003394221551120602
1699267075.85918 -0.038250581430411004 -0.003394221551120602
1699267075.908923 -0.038250581430411004 -0.003394221551120602
1699267075.9587884 -0.03830682331223048 -0.0033882520169596945
1699267076.1547012 -0.03830682331223048 -0.0033882520169596945
1699267076.2045012 -0.03830682331223048 -0.0033882520169596945
1699267076.2544906 -0.038366816727566345 -0.00338792082686331
1699267076.4502573 -0.038366816727566345 -0.00338792082686331
1699267076.499902 -0.038366816727566345 -0.00338792082686331
1699267076.5509229 -0.038366816727566345 -0.00338792082686331
1699267076.6001058 -0.0384360688199312 -0.0033941041969065486
1699267076.787185 -0.03850656612918442 -0.003406408727489082
1699267076.9846156 -0.03850656612918442 -0.003406408727489082
1699267077.0347598 -0.03858324650226396 -0.0034098271109196006
1699267077.2272804 -0.03858324650226396 -0.0034098271109196006
1699267077.2776608 -0.03858324650226396 -0.0034098271109196006
1699267077.328543 -0.0386810453082933 -0.003428146781887836
1699267077.5267084 -0.0386810453082933 -0.003428146781887836
1699267077.5762625 -0.0386810453082933 -0.003428146781887836
1699267077.6262348 -0.038783347052171 -0.0034545013979253468
1699267077.8248744 -0.038783347052171 -0.0034545013979253468
1699267077.874564 -0.038783347052171 -0.0034545013979253468
1699267077.924076 -0.03882949498445687 -0.0034435948462761884
1699267078.1171405 -0.03882949498445687 -0.0034435948462761884
1699267078.1662326 -0.03882949498445687 -0.0034435948462761884
1699267078.2163274 -0.03882949498445687 -0.0034435948462761884
1699267078.2665055 -0.03889089334874059 -0.0034390056982310634
1699267078.4664118 -0.038953694873848296 -0.0034364490717691473
1699267078.6635315 -0.038953694873848296 -0.0034364490717691473
1699267078.7127295 -0.03900779126760033 -0.0034242574658352887
1699267078.904278 -0.03900779126760033 -0.0034242574658352887
1699267078.9545908 -0.03900779126760033 -0.0034242574658352887
1699267079.0051324 -0.03900779126760033 -0.0034242574658352887
1699267079.054893 -0.039154931692618265 -0.0034174878768736348
1699267079.245669 -0.039154931692618265 -0.0034174878768736348
1699267079.2951562 -0.039154931692618265 -0.0034174878768736348
1699267079.3468852 -0.039223743153940754 -0.0034075387230282496
1699267079.526867 -0.039223743153940754 -0.0034075387230282496
1699267079.5764432 -0.039223743153940754 -0.0034075387230282496
1699267079.626743 -0.039223743153940754 -0.0034075387230282496
1699267079.677355 -0.03923766457611143 -0.0033636753138088864
1699267079.874844 -0.03926391780501923 -0.0033224110937712095
1699267080.0743494 -0.03926391780501923 -0.0033224110937712095
1699267080.124217 -0.039293275934449354 -0.0032823097669174637
1699267080.31993 -0.039293275934449354 -0.0032823097669174637
1699267080.3699594 -0.039293275934449354 -0.0032823097669174637
1699267080.4198272 -0.039293275934449354 -0.0032823097669174637
1699267080.469825 -0.03937923732120185 -0.0032087085902829386
1699267080.677761 -0.03937923732120185 -0.0032087085902829386
1699267080.726652 -0.03937923732120185 -0.0032087085902829386
1699267080.7768598 -0.03937923732120185 -0.0032087085902829386
1699267080.8268082 -0.039389734717430964 -0.0031549615472490087
1699267081.0186172 -0.039389734717430964 -0.0031549615472490087
1699267081.0683613 -0.039389734717430964 -0.0031549615472490087
1699267081.118797 -0.03938911791809216 -0.003109769109388268
1699267081.3138058 -0.03938911791809216 -0.003109769109388268
1699267081.3631895 -0.03938911791809216 -0.003109769109388268
1699267081.4135346 -0.039406967431131 -0.003059044056386809
1699267081.5965204 -0.039406967431131 -0.003059044056386809
1699267081.6455142 -0.039406967431131 -0.003059044056386809
1699267081.6955721 -0.039406967431131 -0.003059044056386809
1699267081.7458394 -0.03943702569475967 -0.003010695099919918
1699267081.9542997 -0.039472085266343666 -0.0029645285756233365
1699267082.1519792 -0.039472085266343666 -0.0029645285756233365
1699267082.2018292 -0.039504214759331226 -0.0029252063165230435
1699267082.3919957 -0.039504214759331226 -0.0029252063165230435
1699267082.442107 -0.039504214759331226 -0.0029252063165230435
1699267082.4930422 -0.03954580471019708 -0.00289605083558185
1699267082.6922383 -0.03954580471019708 -0.00289605083558185
1699267082.7411678 -0.03954580471019708 -0.00289605083558185
1699267082.791853 -0.03954580471019708 -0.00289605083558185
1699267082.842203 -0.03959739431274142 -0.0028578153768156435
1699267083.0425024 -0.03961347782630211 -0.0028140027280384706
1699267083.2401993 -0.03961347782630211 -0.0028140027280384706
1699267083.2898526 -0.0396249673723304 -0.0027841604157906787
