1697475617.5717852 -0.0 0
1697475617.8251398 -0.0 0
1697475617.9755752 -0.0 0
1697475618.0165675 -0.0 0
1697475618.0585928 -0.0 0
1697475618.0965354 -0.0 0
1697475618.1355796 -0.0 0
1697475618.1748781 -0.0 0
1697475618.2192464 -0.0 0
1697475618.2700086 -0.0 0
1697475618.3170516 -0.0 0
1697475618.3574617 -0.0 0
1697475618.3931549 -0.0 0
1697475618.435708 -0.0 0
1697475618.4795523 -0.0 0
1697475618.527351 -0.0 0
1697475618.5780003 -0.0 0
1697475618.6275861 -0.0 0
1697475618.6776645 -0.0 0
1697475618.7279153 -0.0 0
1697475618.7778268 -0.0 0
1697475618.8279727 -0.0 0
1697475618.8780706 -0.0 0
1697475618.9282248 -0.0 0
1697475618.978099 -0.0 0
1697475619.0288913 -0.0 0
1697475619.0791874 -0.0 0
1697475619.1292522 -0.0 0
1697475619.1794674 -0.0 0
1697475619.2296526 -0.0 0
1697475619.2797463 -0.0 0
1697475619.3300726 -0.0 0
1697475619.379989 -0.0 0
1697475619.43131 -0.0 0
1697475619.4805508 -0.0 0
1697475619.530565 -0.0 0
1697475619.5806448 -0.0 0
1697475619.6307027 -0.0 0
1697475619.680936 -0.0 0
1697475619.7308638 -0.0 0
1697475619.780856 -0.0 0
1697475619.8311565 -0.0 0
1697475619.8811922 -0.0 0
1697475619.931417 -0.0 0
1697475619.9816847 -0.0 0
1697475620.0316758 -0.0 0
1697475620.0818818 -0.0 0
1697475620.132334 -0.0 0
1697475620.1824045 -0.0 0
1697475620.2327187 -0.0 0
1697475620.2827694 -0.0 0
1697475620.3330061 -0.0 0
1697475620.382566 -0.0 0
1697475620.433294 -0.0 0
1697475620.4828928 -0.0 0
1697475620.5333073 -0.0 0
1697475620.5829985 -0.0 0
1697475620.633201 -0.0 0
1697475620.6839871 -0.0 0
1697475620.733858 -0.0 0
1697475620.7837465 -0.0 0
1697475620.8346198 -0.0 0
1697475620.8845253 -0.0 0
1697475620.9343073 -0.0 0
1697475620.984492 -0.0 0
1697475621.034654 -0.0 0
1697475621.084579 -0.0 0
1697475621.1348872 -0.0 0
1697475621.1854422 -0.0 0
1697475621.2380285 -0.0 0
1697475621.287771 -0.0 0
1697475621.3381937 -0.0 0
1697475621.388235 -0.0 0
1697475621.4381006 -0.0 0
1697475621.4887724 -0.0 0
1697475621.5386312 -0.0 0
1697475621.5889442 -0.0 0
1697475621.6387825 -0.0 0
1697475621.689876 -0.0 0
1697475621.7391598 -0.0 0
1697475621.7893739 -0.0 0
1697475621.8395188 -0.0 0
1697475621.8899412 -0.0 0
1697475621.9404762 -0.0 0
1697475621.990574 -0.0 0
1697475622.0406942 -0.0 0
1697475622.0908217 -0.0 0
1697475622.1410618 -0.0 0
1697475622.1911345 -0.0 0
1697475622.242352 -0.0 0
1697475622.2919664 -0.0 0
1697475622.3422925 -0.0 0
1697475622.3920443 -0.0 0
1697475622.442254 -0.0 0
1697475622.4925008 -0.0 0
1697475622.5426955 -0.0 0
1697475622.5931432 -0.0 0
1697475622.6429465 -0.0 0
1697475622.6929083 -0.0 0
1697475622.742945 -0.0 0
1697475622.7929163 -0.0 0
1697475622.8430932 -0.0 0
1697475622.8932576 -0.0 0
1697475622.943619 -0.0 0
1697475622.9938843 -0.0 0
1697475623.044132 -0.0 0
1697475623.0940368 -0.0 0
1697475623.144049 -0.0 0
1697475623.1942227 -0.0 0
1697475623.244609 -0.0 0
1697475623.2946157 -0.0 0
1697475623.344722 -0.0 0
1697475623.3948743 -0.0 0
1697475623.4466255 -0.0 0
1697475623.4966006 -0.0 0
1697475623.546608 -0.0 0
1697475623.597022 -0.0 0
1697475623.6470153 -0.0 0
1697475623.6967793 -0.0 0
1697475623.7469668 -0.0 0
1697475623.797175 -0.0 0
1697475623.8469307 -0.0 0
1697475623.8971524 -0.0 0
1697475623.9475043 -0.0 0
1697475623.997712 -0.0 0
1697475624.0476558 -0.0 0
1697475624.0979762 -0.0 0
1697475624.1479123 -0.0 0
1697475624.198124 -0.0 0
1697475624.248117 -0.0 0
1697475624.298836 -0.0 0
1697475624.348757 -0.0 0
1697475624.3988023 -0.0 0
1697475624.4492574 -0.0 0
1697475624.4990737 -0.0 0
1697475624.549204 -0.0 0
1697475624.599249 -0.0 0
1697475624.6498826 -0.0 0
1697475624.7000737 -0.0 0
1697475624.750254 -0.0 0
1697475624.8005576 -0.0 0
1697475624.8511534 -0.0 0
1697475624.9013877 -0.0 0
1697475624.9514952 -0.0 0
1697475625.0016935 -0.0 0
1697475625.0525 -0.0 0
1697475625.1019135 -0.0 0
1697475625.1519186 -0.0 0
1697475625.2025676 -0.0 0
1697475625.2523553 -0.0 0
1697475625.302428 -0.0 0
1697475625.3523676 -0.0 0
1697475625.4027328 -0.0 0
1697475625.4527671 -0.0 0
1697475625.502758 -0.0 0
1697475625.5527828 -0.0 0
1697475625.6032138 -0.0 0
1697475625.653649 -0.0 0
1697475625.7043693 -0.0 0
1697475625.7538252 -0.0 0
1697475625.803848 -0.0 0
1697475625.8538678 -0.0 0
1697475625.9040473 -0.0 0
1697475625.9544656 -0.0 0
1697475626.004475 -0.0 0
1697475626.0545988 -0.0 0
1697475626.1046193 -0.0 0
1697475626.154904 -0.0 0
1697475626.205855 -0.0 0
1697475626.2563047 -0.0 0
1697475626.3066027 -0.0 0
1697475626.357 -0.0 0
1697475626.4071004 -0.0 0
1697475626.457224 -0.0 0
1697475626.5072584 -0.0 0
1697475626.557204 -0.0 0
1697475626.607396 -0.0 0
1697475626.6576812 -0.0 0
1697475626.7077212 -0.0 0
1697475626.758232 -0.0 0
1697475626.8079152 -0.0 0
1697475626.858128 -0.0 0
1697475626.9082737 -0.0 0
1697475626.9584532 -0.0 0
1697475627.0084882 -0.0 0
1697475627.0587208 -0.0 0
1697475627.1089034 -0.0 0
1697475627.15911 -0.0 0
1697475627.209472 -0.0 0
1697475627.2594526 -0.0 0
1697475627.3132887 -0.0 0
1697475627.3633165 -0.0 0
1697475627.4165173 -0.0 0
1697475627.4634302 -0.0 0
1697475627.5120153 -0.0 0
1697475627.5650473 -0.0 0
1697475627.612636 -0.0 0
1697475627.662173 -0.0 0
1697475627.715471 -0.0 0
1697475627.7646468 -0.0 0
1697475627.8150306 -0.0 0
1697475627.8652759 -0.0 0
1697475627.9154623 -0.0 0
1697475627.9655876 -0.0 0
1697475628.0156975 -0.0 0
1697475628.0660903 -0.0 0
1697475628.1159527 -0.0 0
1697475628.1665413 -0.0 0
1697475628.2160523 -0.0 0
1697475628.2662249 -0.0 0
1697475628.3166199 -0.0 0
1697475628.36691 -0.0 0
1697475628.4167314 -0.0 0
1697475628.4670522 -0.0 0
1697475628.5170789 -0.0 0
1697475628.567365 -0.0 0
1697475628.617487 -0.0 0
1697475628.6675599 -0.0 0
1697475628.717613 -0.0 0
1697475628.7677436 -0.0 0
1697475628.818116 -0.0 0
1697475628.8677948 -0.0 0
1697475628.917761 -0.0 0
1697475628.9678774 -0.0 0
1697475629.0180414 -0.0 0
1697475629.0684345 -0.0 0
1697475629.118405 -0.0 0
1697475629.1685805 -0.0 0
1697475629.2187858 -0.0 0
1697475629.2692883 -0.0 0
1697475629.3191872 -0.0 0
1697475629.3694363 -0.0 0
1697475629.419439 -0.0 0
1697475629.4693327 -0.0 0
1697475629.5195422 -0.0 0
1697475629.5701354 -0.0 0
1697475629.6199656 -0.0 0
1697475629.6700256 -0.0 0
1697475629.720173 -0.0 0
1697475629.7706506 -0.0 0
1697475629.820675 -0.0 0
1697475629.8706713 -0.0 0
1697475629.9206884 -0.0 0
1697475629.9709902 -0.0 0
1697475630.0212557 -0.0 0
1697475630.0717642 -0.0 0
1697475630.121852 -0.0 0
1697475630.1720107 -0.0 0
1697475630.2218552 -0.0 0
1697475630.2718887 -0.0 0
1697475630.322107 -0.0 0
1697475630.3723772 -0.0 0
1697475630.4225442 -0.0 0
1697475630.472919 -0.0 0
1697475630.522907 -0.0 0
1697475630.5731013 -0.0 0
1697475630.6232603 -0.0 0
1697475630.673892 -0.0 0
1697475630.7239878 -0.0 0
1697475630.773786 -0.0 0
1697475630.8237755 -0.0 0
1697475630.8739264 -0.0 0
1697475630.924383 -0.0 0
1697475630.9749494 -0.0 0
1697475631.0246234 -0.0 0
1697475631.0747788 -0.0 0
1697475631.1249454 -0.0 0
1697475631.1748505 -0.0 0
1697475631.2247639 -0.0 0
1697475631.274843 -0.0 0
1697475631.3316636 -0.0 0
1697475631.3751116 -0.0 0
1697475631.4256716 -0.0 0
1697475631.475496 -0.0 0
1697475631.525738 -0.0 0
1697475631.5757415 -0.0 0
1697475631.6258352 -0.0 0
1697475631.675834 -0.0 0
1697475631.7264814 -0.0 0
1697475631.7762537 -0.0 0
1697475631.8267655 -0.0 0
1697475631.878828 -0.0 0
1697475631.927853 -0.0 0
1697475631.9788327 -0.0 0
1697475632.0285401 -0.0 0
1697475632.0786102 -0.0 0
1697475632.1285315 -0.0 0
1697475632.1788511 -0.0 0
1697475632.2289715 -0.0 0
1697475632.2790704 -0.0 0
1697475632.3292315 -0.0 0
1697475632.3793888 -0.0 0
1697475632.4296994 -0.0 0
1697475632.4796746 -0.0 0
1697475632.5300288 -0.0 0
1697475632.5799305 -0.0 0
1697475632.6300933 -0.0 0
1697475632.6826775 -0.0 0
1697475632.730574 -0.0 0
1697475632.7809172 -0.0 0
1697475632.8313656 -0.0 0
1697475632.881429 -0.0 0
1697475632.9313145 -0.0 0
1697475632.981426 -0.0 0
1697475633.0314987 -0.0 0
1697475633.0815134 -0.0 0
1697475633.131427 -0.0 0
1697475633.1815248 -0.0 0
1697475633.2316763 -0.0 0
1697475633.2818272 -0.0 0
1697475633.331843 -0.0 0
1697475633.3821638 -0.0 0
1697475633.4321644 -0.0 0
1697475633.4823658 -0.0 0
1697475633.5323675 -0.0 0
1697475633.5826995 -0.0 0
1697475633.6328814 -0.0 0
1697475633.682927 -0.0 0
1697475633.7327943 -0.0 0
1697475633.783087 -0.0 0
1697475633.8334327 -0.0 0
1697475633.8835125 -0.0 0
1697475633.9337184 -0.0 0
1697475633.984828 -0.0 0
1697475634.0338202 -0.0 0
1697475634.0839794 -0.0 0
1697475634.134183 -0.0 0
1697475634.1841936 -0.0 0
1697475634.2344024 -0.0 0
1697475634.287419 -0.0 0
1697475634.334751 -0.0 0
1697475634.3851092 -0.0 0
1697475634.4349525 -0.0 0
1697475634.4853013 -0.0 0
1697475634.5354106 -0.0 0
1697475634.5854647 -0.0 0
1697475634.6362686 -0.0 0
1697475634.6863208 -0.0 0
1697475634.7365966 -0.0 0
1697475634.787065 -0.0 0
1697475634.83695 -0.0 0
1697475634.886818 -0.0 0
1697475634.9367862 -0.0 0
1697475634.986945 -0.0 0
1697475635.0370216 -0.0 0
1697475635.0876274 -0.0 0
1697475635.1382997 -0.0 0
1697475635.1878626 -0.0 0
1697475635.2379775 -0.0 0
1697475635.2881045 -0.0 0
1697475635.3385496 -0.0 0
1697475635.3886433 -0.0 0
1697475635.4386806 -0.0 0
1697475635.4886696 -0.0 0
1697475635.5387979 -0.0 0
1697475635.589182 -0.0 0
1697475635.6389883 -0.0 0
1697475635.689189 -0.0 0
1697475635.7393835 -0.0 0
1697475635.7898862 -0.0 0
1697475635.8397715 -0.0 0
1697475635.8898733 -0.0 0
1697475635.9399235 -0.0 0
1697475635.9901533 -0.0 0
1697475636.0403733 -0.0 0
1697475636.0907025 -0.0 0
1697475636.1409914 -0.0 0
1697475636.1907654 -0.0 0
1697475636.2414627 -0.0 0
1697475636.2913582 -0.0 0
1697475636.346824 -0.0 0
1697475636.3918245 -0.0 0
1697475636.441411 -0.0 0
1697475636.4917052 -0.0 0
1697475636.5418067 -0.0 0
1697475636.591848 -0.0 0
1697475636.6426115 -0.0 0
1697475636.6923866 -0.0 0
1697475636.7424939 -0.0 0
1697475636.7921994 -0.0 0
1697475636.8428965 -0.0 0
1697475636.8923144 -0.0 0
1697475636.9427667 -0.0 0
1697475636.993596 -0.0 0
1697475637.0432699 -0.0 0
1697475637.0934768 -0.0 0
1697475637.143539 -0.0 0
1697475637.1935997 -0.0 0
1697475637.244928 -0.0 0
1697475637.2937312 -0.0 0
1697475637.3440118 -0.0 0
1697475637.394464 -0.0 0
1697475637.4441373 -0.0 0
1697475637.4953878 -0.0 0
1697475637.5445564 -0.0 0
1697475637.5944712 -0.0 0
1697475637.644803 -0.0 0
1697475637.6951723 -0.0 0
1697475637.744993 -0.0 0
1697475637.7955353 -0.0 0
1697475637.846441 -0.0 0
1697475637.897143 -0.0 0
1697475637.9473255 -0.0 0
1697475637.9966145 -0.0 0
1697475638.0466628 -0.0 0
1697475638.0972471 -0.0 0
1697475638.1469822 -0.0 0
1697475638.1979024 -0.0 0
1697475638.2477725 -0.0 0
1697475638.2981653 -0.0 0
1697475638.348622 -0.0 0
1697475638.398866 -0.0 0
1697475638.4499083 -0.0 0
1697475638.4998567 -0.0 0
1697475638.5500128 -0.0 0
1697475638.6074307 -0.0 0
1697475638.6507175 -0.0 0
1697475638.7002883 -0.0 0
1697475638.7509704 -0.0 0
1697475638.8013368 -0.0 0
1697475638.8522148 -0.0 0
1697475638.902445 -0.0 0
1697475638.9526107 -0.0 0
1697475639.0021305 -0.0 0
1697475639.0526407 -0.0 0
1697475639.1024911 -0.0 0
1697475639.1535833 -0.0 0
1697475639.203795 -0.0 0
1697475639.2540126 -0.0 0
1697475639.309331 -0.0 0
1697475639.3542268 -0.0 0
1697475639.4054482 -0.0 0
1697475639.4547746 -0.0 0
1697475639.5053027 -0.0 0
1697475639.555463 -0.0 0
1697475639.6056256 -0.0 0
1697475639.6555707 -0.0 0
1697475639.705891 -0.0 0
1697475639.7561975 -0.0 0
1697475639.8061788 -0.0 0
1697475639.8563836 -0.0 0
1697475639.906782 -0.0 0
1697475639.9569192 -0.0 0
1697475640.0068502 -0.0 0
1697475640.056981 -0.0 0
1697475640.1069827 -0.0 0
1697475640.1569874 -0.0 0
1697475640.2073114 -0.0 0
1697475640.2579043 -0.0 0
1697475640.30785 -0.0 0
1697475640.35788 -0.0 0
1697475640.4078233 -0.0 0
1697475640.4581273 -0.0 0
1697475640.508548 -0.0 0
1697475640.5588174 -0.0 0
1697475640.6086528 -0.0 0
1697475640.6590056 -0.0 0
1697475640.709156 -0.0 0
1697475640.759341 -0.0 0
1697475640.8094351 -0.0 0
1697475640.859679 -0.0 0
1697475640.9098127 -0.0 0
1697475640.9597468 -0.0 0
1697475641.010175 -0.0 0
1697475641.0601406 -0.0 0
1697475641.110223 -0.0 0
1697475641.1603546 -0.0 0
1697475641.2104764 -0.0 0
1697475641.2604883 -0.0 0
1697475641.3106794 -0.0 0
1697475641.3607004 -0.0 0
1697475641.4108677 -0.0 0
1697475641.461162 -0.0 0
1697475641.5641088 -0.0 0
1697475641.6051111 -0.0 0
1697475641.6421306 -0.0 0
1697475641.6792777 -0.0 0
1697475641.7187185 -0.0 0
1697475641.7620435 -0.0 0
1697475641.812163 -0.0 0
1697475641.862456 -0.0 0
1697475641.9125497 -0.0 0
1697475641.9627714 -0.0 0
1697475642.0128348 -0.0 0
1697475642.062955 -0.0 0
1697475642.1129537 -0.0 0
1697475642.163371 -0.0 0
1697475642.213758 -0.0 0
1697475642.2639723 -0.0 0
1697475642.313955 -0.0 0
1697475642.3641028 -0.0 0
1697475642.4142685 -0.0 0
1697475642.464162 -0.0 0
1697475642.514691 -0.0 0
1697475642.5645664 -0.0 0
1697475642.6148286 -0.0 0
1697475642.664792 -0.0 0
1697475642.715472 -0.0 0
1697475642.7652779 -0.0 0
1697475642.8153539 -0.0 0
1697475642.8656576 -0.0 0
1697475642.9155035 -0.0 0
1697475642.965821 -0.0 0
1697475643.015904 -0.0 0
1697475643.0659816 -0.0 0
1697475643.1160305 -0.0 0
1697475643.166013 -0.0 0
1697475643.2159595 -0.0 0
1697475643.2661378 -0.0 0
1697475643.3164394 -0.0 0
1697475643.366865 -0.0 0
1697475643.416762 -0.0 0
1697475643.4669545 -0.0 0
1697475643.517349 -0.0 0
1697475643.5670452 -0.0 0
1697475643.6174302 -0.0 0
1697475643.6678326 -0.0 0
1697475643.7183928 -0.0 0
1697475643.7685642 -0.0 0
1697475643.818663 -0.0 0
1697475643.8689282 -0.0 0
1697475643.9187832 -0.0 0
1697475643.9688 -0.0 0
1697475644.0193233 -0.0 0
1697475644.0694587 -0.0 0
1697475644.1382504 -0.0 0
1697475644.2043831 -0.0 0
1697475644.2440565 -0.0 0
1697475644.282585 -0.0 0
1697475644.328049 -0.0 0
1697475644.3775928 -0.0 0
1697475644.4271605 -0.0 0
1697475644.477016 -0.0 0
1697475644.5271323 -0.0 0
1697475644.5773277 -0.0 0
1697475644.627822 -0.0 0
1697475644.6775103 -0.0 0
1697475644.7273335 -0.0 0
1697475644.777699 -0.0 0
1697475644.8276708 -0.0 0
1697475644.8780966 -0.0 0
1697475644.9278188 -0.0 0
1697475644.978144 -0.0 0
1697475645.0283148 -0.0 0
1697475645.0786033 -0.0 0
1697475645.1286817 -0.0 0
1697475645.178867 -0.0 0
1697475645.22898 -0.0 0
1697475645.2790604 -0.0 0
1697475645.3295078 -0.0 0
1697475645.3799658 -0.0 0
1697475645.4298592 -0.0 0
1697475645.4798832 -0.0 0
1697475645.529781 -0.0 0
1697475645.579958 -0.0 0
1697475645.6297917 -0.0 0
1697475645.6797156 -0.0 0
1697475645.7303545 -0.0 0
1697475645.7804136 -0.0 0
1697475645.8321192 -0.0 0
1697475645.8806963 -0.0 0
1697475645.930524 -0.0 0
1697475645.9815915 -0.0 0
1697475646.0317168 -0.0 0
1697475646.082158 -0.0 0
1697475646.1320195 -0.0 0
1697475646.1823144 -0.0 0
1697475646.2320051 -0.0 0
1697475646.2821794 -0.0 0
1697475646.3323967 -0.0 0
1697475646.382736 -0.0 0
1697475646.4327168 -0.0 0
1697475646.482987 -0.0 0
1697475646.5335495 -0.0 0
1697475646.5839183 -0.0 0
1697475646.6337945 -0.0 0
1697475646.6838262 -0.0 0
1697475646.7337778 -0.0 0
1697475646.783847 -0.0 0
1697475646.8343027 -0.0 0
1697475646.8842187 -0.0 0
1697475646.9341345 -0.0 0
