1699256758.1917765 0.0 0.0
1699256758.5225084 0.0 0.0
1699256758.7001994 0.0 0.0
1699256758.7509506 0.0 0.0
1699256758.8011932 0.0 0.0
1699256758.851093 0.0 0.0
1699256758.900783 0.0 0.0
1699256758.95091 0.0 0.0
1699256759.0008736 0.0 0.0
1699256759.0511434 0.0 0.0
1699256759.1014934 0.0 0.0
1699256759.152035 0.0 0.0
1699256759.202012 0.0 0.0
1699256759.2519896 0.0 0.0
1699256759.3018072 0.0 0.0
1699256759.3521538 0.0 0.0
1699256759.4020083 0.0 0.0
1699256759.4523234 0.0 0.0
1699256759.5024633 0.0 0.0
1699256759.5528586 0.0 0.0
1699256759.602767 0.0 0.0
1699256759.652948 0.0 0.0
1699256759.7030048 0.0 0.0
1699256759.7531605 0.0 0.0
1699256759.8031666 0.0 0.0
1699256759.8537502 0.0 0.0
1699256759.9053981 0.0 0.0
1699256759.9556086 0.0 0.0
1699256760.0055232 0.0 0.0
1699256760.055605 0.0 0.0
1699256760.1057162 0.0 0.0
1699256760.1556985 0.0 0.0
1699256760.2057655 0.0 0.0
1699256760.2561166 0.0 0.0
1699256760.306042 0.0 0.0
1699256760.356531 None None
1699256760.4063253 0.0 0.0
1699256760.4570892 0.0 0.0
1699256760.507382 0.0 0.0
1699256760.5575337 None None
1699256760.6080546 0.0 0.0
1699256760.6580417 0.0 0.0
1699256760.70895 0.0 0.0
1699256760.7582407 0.0 0.0
1699256760.8084416 None None
1699256760.8586593 0.0 0.0
1699256760.9087908 0.0 0.0
1699256760.9590642 0.0 0.0
1699256761.0090919 0.0 0.0
1699256761.0592563 None None
1699256761.1091456 0.0 0.0
1699256761.1607747 0.0 0.0
1699256761.2106955 0.0 0.0
1699256761.260821 0.0 0.0
1699256761.3108792 None None
1699256761.3614137 0.0 0.0
1699256761.411931 0.0 0.0
1699256761.463167 0.0 0.0
1699256761.512005 None None
1699256761.5621123 0.0 0.0
1699256761.6117907 0.0 0.0
1699256761.661967 0.0 0.0
1699256761.7122898 0.0 0.0
1699256761.7625232 None None
1699256761.8130136 0.0 0.0
1699256761.8629851 0.0 0.0
1699256761.913168 0.0 0.0
1699256761.9631698 0.0 0.0
1699256762.0134568 None None
1699256762.0634813 0.0 0.0
1699256762.1132696 0.0 0.0
1699256762.1638768 0.0 0.0
1699256762.213819 0.0 0.0
1699256762.2644334 None None
1699256762.3142688 0.0 0.0
1699256762.3654268 0.0 0.0
1699256762.4143147 0.0 0.0
1699256762.46486 0.0 0.0
1699256762.5148907 None None
1699256762.5650713 0.0 0.0
1699256762.6160421 0.0 0.0
1699256762.6656227 0.0 0.0
1699256762.7156937 None None
1699256762.7656329 0.0 0.0
1699256762.8158374 0.0 0.0
1699256762.866112 0.0 0.0
1699256762.9160159 None None
1699256762.965748 0.0 0.0
1699256763.0171285 0.0 0.0
1699256763.0682645 0.0 0.0
1699256763.1183562 0.0 0.0
1699256763.168744 None None
1699256763.2193143 0.0 0.0
1699256763.2693875 0.0 0.0
1699256763.3195474 0.0 0.0
1699256763.3701952 0.0 0.0
1699256763.4198358 None None
1699256763.4702454 0.0 0.0
1699256763.5215008 0.0 0.0
1699256763.571457 0.0 0.0
1699256763.621577 0.0 0.0
1699256763.6717548 None None
1699256763.7217104 0.0 0.0
1699256763.7718313 0.0 0.0
1699256763.8216832 0.0 0.0
1699256763.872174 None None
1699256763.9227242 0.0 0.0
1699256763.9723094 0.0 0.0
1699256764.022698 0.0 0.0
1699256764.0727215 0.0 0.0
1699256764.1228166 None None
1699256764.1750166 0.0 0.0
1699256764.2251604 0.0 0.0
1699256764.2754838 0.0 0.0
1699256764.3252606 None None
1699256764.3755682 0.0 0.0
1699256764.4257076 0.0 0.0
1699256764.4763858 0.0 0.0
1699256764.526767 0.0 0.0
1699256764.5765102 None None
1699256764.6269963 0.0 0.0
1699256764.6771448 0.0 0.0
1699256764.7270133 0.0 0.0
1699256764.777369 None None
1699256764.8270824 0.0 0.0
1699256764.8775377 0.0 0.0
1699256764.9279518 0.0 0.0
1699256764.9779692 0.0 0.0
1699256765.0281205 None None
1699256765.0786173 0.0 0.0
1699256765.128529 0.0 0.0
1699256765.1786456 0.0 0.0
1699256765.228765 None None
1699256765.2792287 0.0 0.0
1699256765.329188 0.0 0.0
1699256765.3797529 0.0 0.0
1699256765.4295344 0.0 0.0
1699256765.4797688 None None
1699256765.5296884 0.0 0.0
1699256765.5796542 0.0 0.0
1699256765.6297493 0.0 0.0
1699256765.6800451 None None
1699256765.7302344 0.0 0.0
1699256765.780436 0.0 0.0
1699256765.8308797 0.0 0.0
1699256765.8811748 0.0 0.0
1699256765.930757 None None
1699256765.9807374 0.0 0.0
1699256766.031385 0.0 0.0
1699256766.0812333 0.0 0.0
1699256766.131593 0.0 0.0
1699256766.1829412 0.0 0.0
1699256766.2319472 None None
1699256766.2818131 0.0 0.0
1699256766.3318138 0.0 0.0
1699256766.3821294 0.0 0.0
1699256766.4321659 0.0 0.0
1699256766.4827735 None None
1699256766.5328608 0.0 0.0
1699256766.5831437 0.0 0.0
1699256766.6332505 0.0 0.0
1699256766.6830254 0.0 0.0
1699256766.7329626 None None
1699256766.7836766 0.0 0.0
1699256766.8337014 0.0 0.0
1699256766.8835216 0.0 0.0
1699256767.0618608 0.0 0.0
1699256767.1117063 0.0 0.0
1699256767.1615376 0.0 0.0
1699256767.211634 0.0 0.0
1699256767.2618845 0.0 0.0
1699256767.3124232 0.0 0.0
1699256767.3619995 0.0 0.0
1699256767.4121525 None None
1699256767.4627185 0.0 0.0
1699256767.512755 0.0 0.0
1699256767.5626447 0.0 0.0
1699256767.612818 0.0 0.0
1699256767.6632702 0.0 0.0
1699256767.7128062 None None
1699256767.7628436 0.0 0.0
1699256767.8136437 0.0 0.0
1699256767.863468 0.0 0.0
1699256767.9138439 0.0 0.0
1699256767.9641001 None None
1699256768.0138528 0.0 0.0
1699256768.0639367 0.0 0.0
1699256768.114037 0.0 0.0
1699256768.1649556 0.0 0.0
1699256768.214946 None None
1699256768.2648883 0.0 0.0
1699256768.3149517 0.0 0.0
1699256768.3649297 0.0 0.0
1699256768.4153936 None None
1699256768.4653528 0.0 0.0
1699256768.5157278 0.0 0.0
1699256768.565778 0.0 0.0
1699256768.61599 0.0 0.0
1699256768.6660812 None None
1699256768.716217 0.0 0.0
1699256768.7663047 0.0 0.0
1699256768.8165548 0.0 0.0
1699256768.867018 0.0 0.0
1699256768.916929 None None
1699256768.9668703 0.0 0.0
1699256769.0170496 0.0 0.0
1699256769.0670555 0.0 0.0
1699256769.1172256 0.0 0.0
1699256769.1675982 0.0 0.0
1699256769.2175553 None None
1699256769.2680333 0.0 0.0
1699256769.3178942 0.0 0.0
1699256769.3678386 0.0 0.0
1699256769.4181244 None None
1699256769.4682238 0.0 0.0
1699256769.5193796 0.0 0.0
1699256769.5689187 0.0 0.0
1699256769.6188705 None None
1699256769.6688995 0.0 0.0
1699256769.7191293 0.0 0.0
1699256769.7694092 0.0 0.0
1699256769.8194573 None None
1699256769.8695822 0.0 0.0
1699256769.919854 0.0 0.0
1699256769.9697578 0.0 0.0
1699256770.0212498 0.0 0.0
1699256770.0713637 None None
1699256770.1214151 0.0 0.0
1699256770.1717677 0.0 0.0
1699256770.2219155 0.0 0.0
1699256770.2720528 0.0 0.0
1699256770.3221595 None None
1699256770.3736725 0.0 0.0
1699256770.4290872 0.0 0.0
1699256770.4768665 0.0 0.0
1699256770.5258102 0.0 0.0
1699256770.5740793 None None
1699256770.6266735 0.0 0.0
1699256770.6764219 0.0 0.0
1699256770.726691 0.0 0.0
1699256770.7769938 0.0 0.0
1699256770.8270278 None None
1699256770.8782864 0.0 0.0
1699256770.9309158 0.0 0.0
1699256770.977393 0.0 0.0
1699256771.0278413 None None
1699256771.0780232 0.0 0.0
1699256771.1279693 0.0 0.0
1699256771.1781745 0.0 0.0
1699256771.2282476 0.0 0.0
1699256771.2784255 None None
1699256771.3285072 0.0 0.0
1699256771.3787806 0.0 0.0
1699256771.428979 0.0 0.0
1699256771.4804294 0.0 0.0
1699256771.5301256 None None
1699256771.579775 0.0 0.0
1699256771.6296904 0.0 0.0
1699256771.6798477 0.0 0.0
1699256771.7296793 None None
1699256771.7799664 0.0 0.0
1699256771.8302617 None None
1699256771.880237 0.0 0.0
1699256771.9302895 0.0 0.0
1699256771.980492 None None
1699256772.0309982 0.0 0.0
1699256772.0808575 0.0 0.0
1699256772.131139 0.0 0.0
1699256772.1811388 0.0 0.0
1699256772.2309942 None None
1699256772.281047 0.0 0.0
1699256772.3312628 0.0 0.0
1699256772.4969869 0.0 0.0
1699256772.5462751 0.0 0.0
1699256772.703501 0.0 0.0
1699256772.7515721 0.0 0.0
1699256772.801882 0.0 0.0
1699256772.997842 0.0 0.0
1699256773.0620146 0.0 0.0
1699256773.114355 0.17743428253578852 -0.09178621460630032
