1699096796.2612135 0 0
1699096796.4027903 0 0
1699096796.4594562 0 0
1699096796.5144498 0 0
1699096796.5706248 0 0
1699096796.6292543 0 0
1699096796.6852145 0 0
1699096796.7429988 0 0
1699096796.802668 0 0
1699096796.8589613 0 0
1699096796.9148555 0 0
1699096796.9695842 0 0
1699096797.0289805 0 0
1699096797.083765 0 0
1699096797.1378517 0 0
1699096797.1925554 0 0
1699096797.2466807 0 0
1699096797.3034663 0 0
1699096797.359266 0 0
1699096797.4150343 0 0
1699096797.468576 0 0
1699096797.5262213 0 0
1699096797.5821645 0 0
1699096797.6361141 0 0
1699096797.689345 0 0
1699096797.742771 0 0
1699096797.7963984 0 0
1699096797.8488429 0 0
1699096797.9029913 0 0
1699096797.9592507 0 0
1699096798.0810878 0 0
1699096798.137235 0 0
1699096798.1919837 0 0
1699096798.2501178 0 0
1699096798.304988 0 0
1699096798.3611991 0 0
1699096798.4159267 0 0
1699096798.471643 0 0
1699096798.5394752 0 0
1699096798.5941868 0 0
1699096798.6512794 0 0
1699096798.7066064 0 0
1699096798.7629433 0 0
1699096798.8183074 0 0
1699096798.8741496 0 0
1699096798.9300547 0 0
1699096798.9852872 0 0
1699096799.0406785 0 0
1699096799.096083 0 0
1699096799.1503441 0 0
1699096799.2050197 0 0
1699096799.2597566 0 0
1699096799.3141682 0 0
1699096799.3718722 0 0
1699096799.4253085 0 0
1699096799.4781628 0 0
1699096799.533323 0 0
1699096799.5904226 0 0
1699096799.646558 0 0
1699096799.70068 0 0
1699096799.7556672 0 0
1699096799.8119376 0 0
1699096799.8786035 0 0
1699096799.9360468 0 0
1699096799.9911752 0 0
1699096800.0466027 0 0
1699096800.101794 0 0
1699096800.157584 0 0
1699096800.2113721 0 0
1699096800.2657995 0 0
1699096800.3212662 0 0
1699096800.376223 0 0
1699096800.4317117 0 0
1699096800.4857538 0 0
1699096800.5412836 0 0
1699096800.595978 0 0
1699096800.6490026 0 0
1699096800.7057927 0 0
1699096800.7605915 0 0
1699096800.815029 0 0
1699096800.8709884 0 0
1699096800.9285872 0 0
1699096800.9825864 0 0
1699096801.0375679 0 0
1699096801.094187 0 0
1699096801.1482177 0 0
1699096801.2018874 0 0
1699096801.2708437 0 0
1699096801.3278148 0 0
1699096801.382578 0 0
1699096801.4386206 0 0
1699096801.493931 0 0
1699096801.5496166 0 0
1699096801.6036966 0 0
1699096801.6577694 0 0
1699096801.7101612 0 0
1699096801.7638912 0 0
1699096801.8185108 0 0
1699096801.874804 0 0
1699096801.930566 0 0
1699096801.9859958 0 0
1699096802.0426774 0 0
1699096802.0971992 0 0
1699096802.152285 0 0
1699096802.2075193 0 0
1699096802.2626173 0 0
1699096802.316139 0 0
1699096802.3709588 0 0
1699096802.4274557 0 0
1699096802.4815612 0 0
1699096802.5368278 0 0
1699096802.6051033 0 0
1699096802.66002 0 0
1699096802.7159278 0 0
1699096802.7708678 0 0
1699096802.8261466 0 0
1699096802.8844244 0 0
1699096802.9392507 0 0
1699096802.9938827 0 0
1699096803.0478306 0 0
1699096803.1029222 0 0
1699096803.1594608 0 0
1699096803.2153268 0 0
1699096803.2697968 0 0
1699096803.3219845 0 0
1699096803.376884 0 0
1699096803.430702 0 0
1699096803.4849806 0 0
1699096803.5416265 0 0
1699096803.5968528 0 0
1699096803.6506312 0 0
1699096803.7059574 0 0
1699096803.7614143 0 0
1699096803.8154764 0 0
1699096803.87154 0 0
1699096803.937987 0 0
1699096803.9932997 0 0
1699096804.0474958 0 0
1699096804.1008239 0 0
1699096804.1544507 0 0
1699096804.2084267 0 0
1699096804.2630198 0 0
1699096804.3153846 0 0
1699096804.370206 0 0
1699096804.4256427 0 0
1699096804.4809887 0 0
1699096804.5376875 0 0
1699096804.591741 0 0
1699096804.6467435 0 0
1699096804.699519 0 0
1699096804.7538104 0 0
1699096804.8073716 0 0
1699096804.865627 0 0
1699096804.918578 0 0
1699096804.9728396 0 0
1699096805.0293314 0 0
1699096805.0843017 0 0
1699096805.138608 0 0
1699096805.1915314 0 0
1699096805.245837 0 0
1699096805.3003223 0 0
1699096805.3647957 0 0
1699096805.420443 0 0
1699096805.4770195 0 0
1699096805.5315595 0 0
1699096805.5858445 0 0
1699096805.6396835 0 0
1699096805.6926394 0 0
1699096805.7476206 0 0
1699096805.8041003 0 0
1699096805.8589337 0 0
1699096805.9143066 0 0
1699096805.9691427 0 0
1699096806.0228548 0 0
1699096806.0773149 0 0
1699096806.131706 0 0
1699096806.1868858 0 0
1699096806.24037 0 0
1699096806.2943943 0 0
1699096806.348844 0 0
1699096806.401591 0 0
1699096806.4557502 0 0
1699096806.5224774 0 0
1699096806.578688 0 0
1699096806.6324415 0 0
1699096806.6859066 0 0
1699096806.7399592 0 0
1699096806.7971015 0 0
1699096806.8528311 0 0
1699096806.905723 0 0
1699096806.9603784 0 0
1699096807.015329 0 0
1699096807.0675645 0 0
1699096807.1222847 0 0
1699096807.175457 0 0
1699096807.2318676 0 0
1699096807.287079 0 0
1699096807.339958 0 0
1699096807.393134 0 0
1699096807.4482157 0 0
1699096807.5038357 0 0
1699096807.5573769 0 0
1699096807.6132104 0 0
1699096807.6681285 0 0
1699096807.723079 0 0
1699096807.7789795 0 0
1699096807.833931 0 0
1699096807.898065 0 0
1699096807.9543161 0 0
1699096808.007713 0 0
1699096808.0632098 0 0
1699096808.1169775 0 0
1699096808.1696515 0 0
1699096808.226514 0 0
1699096808.2804725 0 0
1699096808.3332677 0 0
1699096808.389879 0 0
1699096808.4423099 0 0
1699096808.4933052 0 0
1699096808.5494778 0 0
1699096808.6043434 0 0
1699096808.6566718 0 0
1699096808.7161763 0 0
1699096808.7708545 0 0
1699096808.8233032 0 0
1699096808.87675 0 0
1699096808.929663 0 0
1699096808.9818134 0 0
1699096809.0353413 0 0
1699096809.0891664 0 0
1699096809.1426597 0 0
1699096809.2097495 0 0
1699096809.2643142 0 0
1699096809.3178523 0 0
1699096809.37274 0 0
1699096809.4252846 0 0
1699096809.4794047 0 0
1699096809.5347354 0 0
1699096809.5889013 0 0
1699096809.6418722 0 0
1699096809.694521 0 0
1699096809.7462518 0 0
1699096809.7979057 0 0
1699096809.8512578 0 0
1699096809.904121 0 0
1699096809.9583452 0 0
1699096810.01252 0 0
1699096810.0684 0 0
1699096810.123644 0 0
1699096810.1772144 0 0
1699096810.2312949 0 0
1699096810.2836814 0 0
1699096810.3381014 0 0
1699096810.3915212 0 0
1699096810.447128 0 0
1699096810.5116923 0 0
1699096810.5672257 0 0
1699096810.6220503 0 0
1699096810.6809564 0 0
1699096810.734841 0 0
1699096810.7867875 0 0
1699096810.9052675 0 0
1699096810.9577515 0 0
1699096811.0117943 0 0
1699096811.0651643 0 0
1699096811.119999 0 0
1699096811.1736164 0 0
1699096811.2267866 0 0
1699096811.2798338 0 0
1699096811.333486 0 0
1699096811.3874989 0 0
1699096811.43922 0 0
1699096811.4945517 0 0
1699096811.5472424 0 0
1699096811.600958 0 0
1699096811.6529968 0 0
1699096811.7085168 0 0
1699096811.7737796 0 0
1699096811.8261755 0 0
1699096811.8806367 0 0
1699096811.935692 0 0
1699096811.9895575 0 0
1699096812.0407917 0 0
1699096812.0964394 0 0
1699096812.1514368 0 0
1699096812.2041025 0 0
1699096812.2576194 0 0
1699096812.3112223 0 0
1699096812.3627868 0 0
1699096812.4182858 0 0
1699096812.4713366 0 0
1699096812.5249815 0 0
1699096812.578931 0 0
1699096812.6301172 0 0
1699096812.6864662 0 0
1699096812.739114 0 0
1699096812.7906065 0 0
1699096812.8435621 0 0
1699096812.8988035 0 0
1699096812.9526114 0 0
1699096813.0193887 0 0
1699096813.0752747 0 0
1699096813.127586 0 0
1699096813.1832762 0 0
1699096813.2385163 0 0
1699096813.29249 0 0
1699096813.347636 0 0
1699096813.4016466 0 0
1699096813.4564254 0 0
1699096813.512227 0 0
1699096813.5642672 0 0
1699096813.6170087 0 0
1699096813.670623 0 0
1699096813.7248204 0 0
1699096813.7780771 0 0
1699096813.8320343 0 0
1699096813.8841567 0 0
1699096813.9378054 0 0
1699096813.9927003 0 0
1699096814.0450876 0 0
1699096814.0986063 0 0
1699096814.1537764 0 0
1699096814.2084832 0 0
1699096814.2617884 0 0
1699096814.330068 0 0
1699096814.3864741 0 0
1699096814.4397545 0 0
1699096814.4971037 0 0
1699096814.5527952 0 0
1699096814.6105318 0 0
1699096814.6632023 0 0
1699096814.7170942 0 0
1699096814.7700787 0 0
1699096814.8259246 0 0
1699096814.8814569 0 0
1699096814.9396288 0 0
1699096814.9950004 0 0
1699096815.0517337 0 0
1699096815.1072772 0 0
1699096815.1611667 0 0
1699096815.2187834 0 0
1699096815.274894 0 0
1699096815.3295171 0 0
1699096815.385995 0 0
1699096815.441554 0 0
1699096815.4982615 0 0
1699096815.554135 0 0
1699096815.608873 0 0
1699096815.6643636 0 0
1699096815.7176063 0 0
1699096815.7707005 0 0
1699096815.836644 0 0
1699096815.8907335 0 0
1699096815.94271 0 0
1699096815.998043 0 0
1699096816.0526538 0 0
1699096816.106963 0 0
1699096816.1610346 0 0
1699096816.2164197 0 0
1699096816.2695305 0 0
1699096816.322824 0 0
1699096816.3777785 0 0
1699096816.4307952 0 0
1699096816.4890614 0 0
1699096816.5421696 0 0
1699096816.5962317 0 0
1699096816.6500669 0 0
1699096816.703169 0 0
1699096816.757284 0 0
1699096816.8111992 0 0
1699096816.864808 0 0
1699096816.91973 0 0
1699096816.9750166 0 0
1699096817.0284553 0 0
1699096817.0954747 0 0
1699096817.150357 0 0
1699096817.2041504 0 0
1699096817.2590473 0 0
1699096817.3155143 0 0
1699096817.372202 0 0
1699096817.428871 0 0
1699096817.4864 0 0
1699096817.5433192 0 0
1699096817.5993161 0 0
1699096817.6551645 0 0
1699096817.71127 0 0
1699096817.7689307 0 0
1699096817.8242273 0 0
1699096817.8804147 0 0
1699096817.937061 0 0
1699096817.9906623 0 0
1699096818.0486832 0 0
1699096818.10481 0 0
1699096818.1600373 0 0
1699096818.2179189 0 0
1699096818.2741797 0 0
1699096818.3421955 0 0
1699096818.3959873 0 0
1699096818.4566317 0 0
1699096818.513613 0 0
1699096818.5701537 0 0
1699096818.626137 0 0
1699096818.6840851 0 0
1699096818.7414665 0 0
1699096818.7983541 0 0
1699096818.8573484 0 0
1699096818.9135544 0 0
1699096818.9697125 0 0
1699096819.0282044 0 0
1699096819.085749 0 0
1699096819.141457 0 0
1699096819.1971493 0 0
1699096819.2537196 0 0
1699096819.3094447 0 0
1699096819.3690631 0 0
1699096819.4275885 0 0
1699096819.4857535 0 0
1699096819.5430412 0 0
1699096819.601763 0 0
1699096819.6720064 0 0
1699096819.7290466 0 0
1699096819.7874804 0 0
1699096819.844407 0 0
1699096819.90082 0 0
1699096819.9680934 0 0
1699096820.029374 0 0
1699096820.0992289 0 0
1699096820.162328 0 0
1699096820.2254057 0 0
1699096820.2880127 0 0
1699096820.3651009 0 0
1699096820.4278252 0 0
1699096820.4900343 0 0
1699096820.5525753 0 0
1699096820.61217 0 0
1699096820.674597 0 0
1699096820.7356877 0 0
1699096820.797394 0 0
1699096820.8588994 0 0
1699096820.9211855 0 0
1699096820.9831998 0 0
1699096821.0448866 0 0
1699096821.1050818 0 0
1699096821.1659024 0 0
1699096821.2279122 0 0
1699096821.2883818 0 0
1699096821.3497472 0 0
1699096821.412017 0 0
1699096821.4730604 0 0
1699096821.5370872 0 0
1699096821.5991309 0 0
1699096821.6720345 0 0
1699096821.7343442 0 0
1699096821.7970717 0 0
1699096821.8575587 0 0
1699096821.9149854 0 0
1699096821.9757724 0 0
1699096822.036841 0 0
1699096822.1012447 0 0
1699096822.16442 0 0
1699096822.2229486 0 0
1699096822.2872093 0 0
1699096822.3512278 0 0
1699096822.4134657 0 0
1699096822.4754949 0 0
1699096822.5367508 0 0
1699096822.598285 0 0
1699096822.6595306 0 0
1699096822.7206066 0 0
1699096822.78264 0 0
1699096822.845523 0 0
1699096822.9201012 0 0
1699096822.9822252 0 0
1699096823.0436494 0 0
1699096823.1064162 0 0
1699096823.167521 0 0
1699096823.227514 0 0
1699096823.2917597 0 0
1699096823.3554256 0 0
1699096823.418793 0 0
1699096823.483106 0 0
1699096823.543874 0 0
1699096823.6045215 0 0
1699096823.666728 0 0
1699096823.7267687 0 0
1699096823.7890944 0 0
1699096823.8519313 0 0
1699096823.912769 0 0
1699096823.9742417 0 0
1699096824.0363772 0 0
1699096824.0991194 0 0
1699096824.1599379 0 0
1699096824.2361367 0 0
1699096824.3000696 0 0
1699096824.363415 0 0
1699096824.4252245 0 0
1699096824.4890146 0 0
1699096824.5508902 0 0
1699096824.611791 0 0
1699096824.6755667 0 0
1699096824.7357128 0 0
1699096824.7961695 0 0
1699096824.8564146 0 0
1699096824.9161453 0 0
1699096824.9778893 0 0
1699096825.0390666 0 0
1699096825.1134696 0 0
1699096825.176176 0 0
1699096825.2391698 0 0
1699096825.3010776 0 0
1699096825.3642337 0 0
1699096825.426132 0 0
1699096825.4877677 0 0
1699096825.5476625 0 0
1699096825.6079626 0 0
1699096825.6674562 0 0
1699096825.7286372 0 0
1699096825.7888854 0 0
1699096825.8514712 0 0
1699096825.9134996 0 0
1699096825.9728637 0 0
1699096826.035398 0 0
1699096826.0972815 0 0
1699096826.1574664 0 0
1699096826.2186346 0 0
1699096826.2808044 0 0
1699096826.3416731 0 0
1699096826.4034266 0 0
1699096826.4835024 0 0
1699096826.5451055 0 0
1699096826.6077387 0 0
1699096826.6690292 0 0
1699096826.7289143 0 0
1699096826.7909834 0 0
1699096826.8525128 0 0
1699096826.9135082 0 0
1699096826.9732633 0 0
1699096827.0349452 0 0
1699096827.0956695 0 0
1699096827.157287 0 0
1699096827.217956 0 0
1699096827.2774732 0 0
1699096827.338756 0 0
1699096827.4002142 0 0
1699096827.4604206 0 0
1699096827.5208004 0 0
1699096827.5817106 0 0
1699096827.6499813 0 0
1699096827.7189593 0 0
1699096827.799415 0 0
1699096827.908878 0 0
1699096827.9590108 0 0
1699096828.0342252 0 0
1699096828.0622149 0 0
1699096828.1129422 0 0
1699096828.186501 0 0
1699096828.2107542 0 0
1699096828.2675784 0 0
1699096828.313543 0 0
1699096828.3940954 0 0
1699096828.4627202 0 0
1699096828.5358691 0 0
1699096828.6052272 0 0
1699096828.6732051 0 0
1699096828.7435837 0 0
1699096828.8111799 0 0
1699096828.8784661 0 0
1699096828.946708 0 0
1699096829.0105429 0 0
1699096829.0799923 0 0
1699096829.1481793 0 0
1699096829.2172785 0 0
1699096829.2850318 0 0
1699096829.3532782 0 0
1699096829.4228706 0 0
1699096829.4906802 0 0
1699096829.5593917 0 0
1699096829.6306517 0 0
1699096829.7789855 0 0
1699096829.8627687 0 0
1699096829.879414 0 0
1699096829.9291046 0 0
1699096829.9805865 0 0
1699096830.0611467 0 0
1699096830.130481 0 0
1699096830.14742 0 0
1699096830.181143 0 0
1699096830.25453 0 0
1699096830.2792284 0 0
1699096830.329086 0.08175964972164577 0.03590848805740548
1699096830.438748 0.08175964972164577 0.03590848805740548
1699096830.4558766 0.08175964972164577 0.03590848805740548
1699096830.4835923 0.08175964972164577 0.03590848805740548
1699096830.5291781 0.06750967990651842 0.01895539726354269
1699096830.6588511 0.06750967990651842 0.01895539726354269
1699096830.6757355 0.06750967990651842 0.01895539726354269
1699096830.6919923 0.06750967990651842 0.01895539726354269
1699096830.729201 0.04964550842806607 0.014464745954564122
1699096830.86964 0.04964550842806607 0.014464745954564122
1699096830.8831341 0.04964550842806607 0.014464745954564122
1699096830.8990266 0.04964550842806607 0.014464745954564122
1699096830.9292006 0.040247514041458966 0.014337226206371215
1699096831.064769 0.040247514041458966 0.014337226206371215
1699096831.0808976 0.040247514041458966 0.014337226206371215
1699096831.0934699 0.040247514041458966 0.014337226206371215
1699096831.1299975 0.032622999611499885 0.01068644493676655
1699096831.271728 0.032622999611499885 0.01068644493676655
1699096831.2839746 0.032622999611499885 0.01068644493676655
1699096831.2926118 0.032622999611499885 0.01068644493676655
1699096831.3291974 0.03041025249766472 0.0075902675024220505
1699096831.4686954 0.03041025249766472 0.0075902675024220505
1699096831.48165 0.03041025249766472 0.0075902675024220505
1699096831.4906762 0.03041025249766472 0.0075902675024220505
1699096831.5291939 0.031173163665536557 0.005062449127093771
1699096831.631215 0.031173163665536557 0.005062449127093771
1699096831.6442826 0.031173163665536557 0.005062449127093771
1699096831.6792293 0.026287351272395957 0.001909417494764145
1699096831.8209531 0.026287351272395957 0.001909417494764145
1699096831.835387 0.026287351272395957 0.001909417494764145
1699096831.8516257 0.026287351272395957 0.001909417494764145
1699096831.881814 0.023261477711743955 0.00011447083771435083
1699096831.9812536 0.023261477711743955 0.00011447083771435083
1699096831.99453 0.023261477711743955 0.00011447083771435083
1699096832.0292041 0.020613515093610982 -0.002820006715845249
1699096832.1299467 0.020613515093610982 -0.002820006715845249
1699096832.145967 0.020613515093610982 -0.002820006715845249
1699096832.1841643 0.020613515093610982 -0.002820006715845249
1699096832.2291796 0.020011633728404213 -0.003103851177145348
1699096832.3309016 0.020011633728404213 -0.003103851177145348
1699096832.3471 0.020011633728404213 -0.003103851177145348
1699096832.3819344 0.020011633728404213 -0.003103851177145348
1699096832.4292088 0.020478532317165336 -0.001167630261663854
1699096832.560212 0.020478532317165336 -0.001167630261663854
1699096832.5736902 0.020478532317165336 -0.001167630261663854
1699096832.5900831 0.020478532317165336 -0.001167630261663854
1699096832.6291854 0.016432232984188958 -0.001182179704974336
1699096832.7353473 0.016432232984188958 -0.001182179704974336
1699096832.7491467 0.016432232984188958 -0.001182179704974336
1699096832.7841694 0.016432232984188958 -0.001182179704974336
1699096832.8291802 0.01364127216477976 -2.240959658929362e-05
1699096832.9753537 0.01364127216477976 -2.240959658929362e-05
1699096832.9919682 0.01364127216477976 -2.240959658929362e-05
1699096833.0010765 0.01364127216477976 -2.240959658929362e-05
1699096833.0291944 0.011867071537113957 -0.001804804265122246
1699096833.1334088 0.011867071537113957 -0.001804804265122246
1699096833.1468594 0.011867071537113957 -0.001804804265122246
1699096833.182861 0.011867071537113957 -0.001804804265122246
1699096833.229212 0.011173166400923149 -0.0027295498526742966
1699096833.361457 0.011173166400923149 -0.0027295498526742966
1699096833.3777058 0.011173166400923149 -0.0027295498526742966
1699096833.386556 0.011173166400923149 -0.0027295498526742966
1699096833.4293053 0.011100130664646074 -0.002792407931288844
1699096833.5673008 0.011100130664646074 -0.002792407931288844
1699096833.5834227 0.011100130664646074 -0.002792407931288844
1699096833.5921173 0.011100130664646074 -0.002792407931288844
1699096833.6291866 0.008936365499406785 -0.0032685363712118463
1699096833.7323496 0.008936365499406785 -0.0032685363712118463
1699096833.7485373 0.008936365499406785 -0.0032685363712118463
1699096833.779079 0.00788964595359624 -0.002980050744649909
1699096833.8874195 0.00788964595359624 -0.002980050744649909
1699096833.8999696 0.00788964595359624 -0.002980050744649909
1699096833.9308085 0.007159095338594176 -0.004102881664274717
1699096834.0334632 0.007159095338594176 -0.004102881664274717
1699096834.0498397 0.007159095338594176 -0.004102881664274717
1699096834.084627 0.007159095338594176 -0.004102881664274717
1699096834.1291032 0.007057419966500274 -0.004687314993202481
1699096834.2339072 0.007057419966500274 -0.004687314993202481
1699096834.2474332 0.007057419966500274 -0.004687314993202481
1699096834.2791228 0.007348546741227759 -0.005424196820346943
1699096834.382001 0.007348546741227759 -0.005424196820346943
1699096834.3950691 0.007348546741227759 -0.005424196820346943
1699096834.4291995 0.00817970409837032 -0.005864000085479714
1699096834.5642517 0.00817970409837032 -0.005864000085479714
1699096834.5775096 0.00817970409837032 -0.005864000085479714
1699096834.5858378 0.00817970409837032 -0.005864000085479714
1699096834.6290836 0.007431190139708854 -0.0066136049557455326
1699096834.7332423 0.007431190139708854 -0.0066136049557455326
1699096834.7501295 0.007431190139708854 -0.0066136049557455326
1699096834.7803907 0.0068141311786059245 -0.007778121411402778
1699096834.8860424 0.0068141311786059245 -0.007778121411402778
1699096834.9030914 0.0068141311786059245 -0.007778121411402778
1699096834.9341888 0.0068141311786059245 -0.007778121411402778
1699096834.9792259 0.00634818289402863 -0.0088069400107792
1699096835.1255257 0.00634818289402863 -0.0088069400107792
1699096835.1425016 0.00634818289402863 -0.0088069400107792
1699096835.151384 0.00634818289402863 -0.0088069400107792
1699096835.1791077 0.006245906527235868 -0.009561789852175121
1699096835.2817879 0.006245906527235868 -0.009561789852175121
1699096835.2978015 0.006245906527235868 -0.009561789852175121
1699096835.329204 0.006476570701640725 -0.010190136411702529
1699096835.432687 0.006476570701640725 -0.010190136411702529
1699096835.4491725 0.006476570701640725 -0.010190136411702529
1699096835.4814472 0.005474988477259068 -0.010261624007823333
1699096835.582581 0.005474988477259068 -0.010261624007823333
1699096835.5988276 0.005474988477259068 -0.010261624007823333
1699096835.629101 0.004976571936680965 -0.010258835281745546
1699096835.733232 0.004976571936680965 -0.010258835281745546
1699096835.7490513 0.004976571936680965 -0.010258835281745546
1699096835.7799103 0.004976571936680965 -0.010258835281745546
1699096835.8290796 0.004657413750939691 -0.00994602217690272
1699096835.9314835 0.004657413750939691 -0.00994602217690272
1699096835.9475615 0.004657413750939691 -0.00994602217690272
1699096835.979081 0.0047048160424999815 -0.009596611595929663
1699096836.0805705 0.0047048160424999815 -0.009596611595929663
1699096836.0940902 0.0047048160424999815 -0.009596611595929663
1699096836.1325877 0.005037956573868461 -0.009348937750873943
1699096836.2378647 0.005037956573868461 -0.009348937750873943
1699096836.2517807 0.005037956573868461 -0.009348937750873943
1699096836.2841618 0.005037956573868461 -0.009348937750873943
1699096836.3292012 0.005424140830134528 -0.009095633240297891
1699096836.4789221 0.005424140830134528 -0.009095633240297891
1699096836.4923208 0.005424140830134528 -0.009095633240297891
1699096836.5017173 0.005424140830134528 -0.009095633240297891
1699096836.534107 0.005424140830134528 -0.009095633240297891
1699096836.5790513 0.004428575559553139 -0.0081479361986981
1699096836.6835067 0.004428575559553139 -0.0081479361986981
1699096836.697207 0.004428575559553139 -0.0081479361986981
1699096836.7341712 0.004428575559553139 -0.0081479361986981
1699096836.7792025 0.0040483549230736935 -0.0076313743049182025
1699096836.9226532 0.0040483549230736935 -0.0076313743049182025
1699096836.9360075 0.0040483549230736935 -0.0076313743049182025
1699096836.9451115 0.0040483549230736935 -0.0076313743049182025
1699096836.9791753 0.00396564184328593 -0.007000121825388006
1699096837.1352718 0.00396564184328593 -0.007000121825388006
1699096837.1855187 0.003929294991462307 -0.006478254632507255
1699096837.3284538 0.003929294991462307 -0.006478254632507255
1699096837.3455722 0.003929294991462307 -0.006478254632507255
1699096837.3547482 0.003929294991462307 -0.006478254632507255
1699096837.3853524 0.004052684780783748 -0.005895316718795391
1699096837.4898639 0.004052684780783748 -0.005895316718795391
1699096837.5068746 0.004052684780783748 -0.005895316718795391
1699096837.5392668 0.004052684780783748 -0.005895316718795391
1699096837.5884998 0.003573685120983823 -0.005068860989467908
1699096837.6916285 0.003353679282178008 -0.004214107075925931
1699096837.79279 0.003353679282178008 -0.004214107075925931
1699096837.8428762 0.003033637181962368 -0.003294529111551045
1699096837.9448464 0.003033637181962368 -0.003294529111551045
1699096837.95863 0.003033637181962368 -0.003294529111551045
1699096837.9929569 0.0029761030555322254 -0.0023822286637872232
1699096838.0962844 0.0029761030555322254 -0.0023822286637872232
1699096838.1095157 0.0029761030555322254 -0.0023822286637872232
1699096838.1428525 0.0029518717854086912 -0.0015714763582962944
1699096838.2468913 0.0029518717854086912 -0.0015714763582962944
1699096838.2600613 0.0029518717854086912 -0.0015714763582962944
1699096838.2968776 0.0030077796565542987 -0.0007848673174776287
1699096838.3965826 0.0030077796565542987 -0.0007848673174776287
1699096838.4095864 0.0030077796565542987 -0.0007848673174776287
1699096838.4429932 0.0031175763068050765 -4.38035750777777e-05
1699096838.5813665 0.0031175763068050765 -4.38035750777777e-05
1699096838.5979707 0.0031175763068050765 -4.38035750777777e-05
1699096838.6111975 0.0031175763068050765 -4.38035750777777e-05
1699096838.642852 0.0031175763068050765 -4.38035750777777e-05
1699096838.6929643 0.0031175763068050765 -4.38035750777777e-05
1699096838.7428608 0 0
1699096838.841378 0 0
1699096838.904216 0 0
1699096838.9660673 0 0
1699096839.0285876 0 0
1699096839.094862 0 0
1699096839.1547291 0 0
1699096839.2161226 0 0
1699096839.27793 0 0
1699096839.3393884 0 0
1699096839.4005153 0 0
1699096839.4609065 0 0
1699096839.5236976 0 0
1699096839.5843942 0 0
1699096839.644748 0 0
1699096839.705941 0 0
1699096839.7678845 0 0
1699096839.8288937 0 0
1699096839.8896697 0 0
1699096839.9513805 0 0
1699096840.0128887 0 0
1699096840.0732288 0 0
1699096840.1325824 0 0
1699096840.1942208 0 0
1699096840.2547667 0 0
1699096840.3172407 0 0
1699096840.3879232 0 0
1699096840.4511766 0 0
1699096840.513152 0 0
1699096840.5723927 0 0
1699096840.6360848 0 0
1699096840.6967978 0 0
1699096840.757422 0 0
1699096840.8183153 0 0
1699096840.8785222 0 0
1699096840.942414 0 0
1699096841.0044775 0 0
1699096841.0652263 0 0
1699096841.1280122 0 0
1699096841.189673 0 0
1699096841.252882 0 0
1699096841.3154147 0 0
1699096841.3764572 0 0
1699096841.435681 0 0
1699096841.498504 0 0
1699096841.561644 0 0
1699096841.6241605 0 0
1699096841.6890018 0 0
1699096841.7520604 0 0
1699096841.8140314 0 0
1699096841.8762987 0 0
1699096841.938683 0 0
1699096842.002335 0 0
1699096842.0624373 0 0
1699096842.123223 0 0
1699096842.1848152 0 0
1699096842.2456174 0 0
1699096842.3065054 0 0
1699096842.366934 0 0
1699096842.42836 0 0
1699096842.4884372 0 0
1699096842.551037 0 0
1699096842.609971 0 0
1699096842.6730404 0 0
1699096842.7345738 0 0
1699096842.796305 0 0
1699096842.8563502 0 0
1699096842.9324017 0 0
1699096842.9945948 0 0
1699096843.0581617 0 0
1699096843.118441 0 0
1699096843.179728 0 0
1699096843.2408288 0 0
1699096843.300847 0 0
1699096843.3610299 0 0
1699096843.4211905 0 0
1699096843.4832232 0 0
1699096843.5432463 0 0
1699096843.6037624 0 0
1699096843.665258 0 0
1699096843.7280161 0 0
1699096843.7884843 0 0
1699096843.8517919 0 0
1699096843.911167 0 0
1699096843.972274 0 0
1699096844.0334797 0 0
1699096844.0945635 0 0
1699096844.1581054 0 0
1699096844.2210848 0 0
1699096844.2829058 0 0
1699096844.3439357 0 0
1699096844.4051962 0 0
1699096844.4652457 0 0
1699096844.5266907 0 0
1699096844.5941343 0 0
1699096844.655261 0 0
1699096844.7155094 0 0
1699096844.7761123 0 0
1699096844.8370137 0 0
1699096844.8982675 0 0
1699096844.959871 0 0
1699096845.0199354 0 0
1699096845.0798523 0 0
1699096845.1445212 0 0
1699096845.2042675 0 0
1699096845.2653024 0 0
1699096845.3291125 0 0
1699096845.3906143 0 0
1699096845.4517353 0 0
1699096845.5159042 0 0
1699096845.577467 0 0
1699096845.6363225 0 0
1699096845.7037494 0 0
1699096845.7648957 0 0
1699096845.82825 0 0
1699096845.8920126 0 0
1699096845.9547496 0 0
1699096846.0165184 0 0
1699096846.0799432 0 0
1699096846.1416655 0 0
1699096846.2031505 0 0
1699096846.2655241 0 0
1699096846.3263388 0 0
1699096846.3879335 0 0
1699096846.4483013 0 0
1699096846.5091555 0 0
1699096846.571747 0 0
1699096846.632731 0 0
1699096846.6940725 0 0
1699096846.7590125 0 0
1699096846.8198125 0 0
1699096846.8807242 0 0
1699096846.94826 0 0
1699096847.0090714 0 0
1699096847.0710826 0 0
1699096847.1328037 0 0
1699096847.1954188 0 0
1699096847.2556322 0 0
1699096847.3155673 0 0
1699096847.3773344 0 0
1699096847.437428 0 0
1699096847.4989038 0 0
1699096847.5609136 0 0
1699096847.6223588 0 0
1699096847.6844494 0 0
1699096847.7449708 0 0
1699096847.807346 0 0
1699096847.8696077 0 0
1699096847.9312754 0 0
1699096847.9904828 0 0
1699096848.0548537 0 0
1699096848.1181667 0 0
1699096848.177307 0 0
1699096848.2395747 0 0
1699096848.3013778 0 0
1699096848.3621573 0 0
1699096848.4256828 0 0
1699096848.4848669 0 0
1699096848.5472312 0 0
1699096848.608244 0 0
1699096848.6727543 0 0
1699096848.7342093 0 0
1699096848.7965047 0 0
1699096848.8577242 0 0
1699096848.921327 0 0
1699096848.9905086 0 0
1699096849.052725 0 0
1699096849.1143684 0 0
1699096849.1792514 0 0
1699096849.2401395 0 0
1699096849.3029711 0 0
1699096849.3797379 0 0
1699096849.4906905 0 0
1699096849.5409722 0 0
1699096849.618191 0 0
1699096849.6458156 0 0
1699096849.6930094 0 0
1699096849.7822866 0 0
1699096849.8630748 0 0
1699096849.8832407 0 0
1699096849.8940327 0 0
1699096849.9471035 -0.44252887649708916 -0.12736927455225927
1699096850.0645769 -0.38163688803042806 -0.13535002457232556
1699096850.1744921 -0.38163688803042806 -0.13535002457232556
1699096850.2245643 -0.3097071432391756 -0.12882173743689024
1699096850.3337986 -0.3097071432391756 -0.12882173743689024
1699096850.3548055 -0.3097071432391756 -0.12882173743689024
1699096850.3783228 -0.3097071432391756 -0.12882173743689024
1699096850.4277754 -0.3097071432391756 -0.12882173743689024
1699096850.4768167 0 0
1699096850.5526645 0 0
1699096850.6173337 0 0
1699096850.6789918 0 0
1699096850.7387161 0 0
1699096850.801477 0 0
1699096850.8633912 0 0
1699096850.9288733 0 0
1699096850.9899719 0 0
1699096851.0514932 0 0
1699096851.1141427 0 0
1699096851.1759856 0 0
1699096851.2371104 0 0
1699096851.2988791 0 0
1699096851.3592842 0 0
1699096851.4234064 0 0
1699096851.48329 0 0
1699096851.544097 0 0
1699096851.6072495 0 0
1699096851.6683757 0 0
1699096851.7284527 0 0
1699096851.7929244 0 0
1699096851.8533335 0 0
1699096851.914825 0 0
1699096851.9749477 0 0
1699096852.0348995 0 0
1699096852.0951128 0 0
1699096852.1582928 0 0
1699096852.2199268 0 0
1699096852.2810838 0 0
1699096852.3417857 0 0
1699096852.4027202 0 0
1699096852.4649265 0 0
1699096852.5254283 0 0
1699096852.5851426 0 0
1699096852.6472006 0 0
1699096852.711175 0 0
1699096852.774119 0 0
1699096852.8354194 0 0
1699096852.8967223 0 0
1699096852.9584064 0 0
1699096853.0188162 0 0
1699096853.0802429 0 0
1699096853.1430564 0 0
1699096853.2086349 0 0
1699096853.2700412 0 0
1699096853.3996644 0 0
1699096853.4606752 0 0
1699096853.5203648 0 0
1699096853.5814316 0 0
1699096853.6426985 0 0
1699096853.7055428 0 0
1699096853.7658277 0 0
1699096853.8293152 0 0
1699096853.8887095 0 0
1699096853.9540038 0 0
1699096854.0174298 0 0
1699096854.0796723 0 0
1699096854.1395566 0 0
1699096854.1995049 0 0
1699096854.2590828 0 0
1699096854.3192353 0 0
1699096854.3793268 0 0
1699096854.4403436 0 0
1699096854.5003603 0 0
1699096854.5600476 0 0
1699096854.624315 0 0
1699096854.6881475 0 0
1699096854.7534213 0 0
1699096854.817609 0 0
1699096854.8785737 0 0
1699096854.9437437 0 0
1699096855.0067348 0 0
1699096855.0671058 0 0
1699096855.1303632 0 0
1699096855.1927307 0 0
1699096855.2553592 0 0
1699096855.3219104 0 0
1699096855.3819592 0 0
1699096855.4434018 0 0
1699096855.5059533 0 0
1699096855.571682 0 0
1699096855.6322615 0 0
1699096855.6994905 0 0
1699096855.7619636 0 0
1699096855.8247814 0 0
1699096855.8873446 0 0
1699096855.9477835 0 0
1699096856.0079181 0 0
1699096856.0727174 0 0
1699096856.132596 0 0
1699096856.1925724 0 0
1699096856.257125 0 0
1699096856.3177946 0 0
1699096856.377641 0 0
1699096856.4408383 0 0
1699096856.5011349 0 0
1699096856.56079 0 0
1699096856.6255856 0 0
1699096856.688999 0 0
1699096856.752107 0 0
1699096856.8211224 0 0
1699096856.8835263 0 0
1699096856.9451907 0 0
1699096857.009149 0 0
1699096857.0707042 0 0
1699096857.132035 0 0
1699096857.19531 0 0
1699096857.2566926 0 0
1699096857.318198 0 0
1699096857.385205 0 0
1699096857.446708 0 0
1699096857.5076146 0 0
1699096857.5698593 0 0
1699096857.6313713 0 0
1699096857.6927762 0 0
1699096857.7560728 0 0
1699096857.8165355 0 0
1699096857.8795304 0 0
1699096857.9433014 0 0
1699096858.0065713 0 0
1699096858.0701199 0 0
1699096858.1330712 0 0
1699096858.1942415 0 0
1699096858.2534544 0 0
1699096858.3140688 0 0
1699096858.3765588 0 0
1699096858.4375803 0 0
1699096858.5007222 0 0
1699096858.5619516 0 0
1699096858.622784 0 0
1699096858.6845715 0 0
1699096858.7475014 0 0
1699096858.8087502 0 0
1699096858.8722405 0 0
1699096858.917845 0 0
1699096858.9605305 0 0
1699096858.999505 0 0
1699096859.0475597 0 0
1699096859.098432 0 0
1699096859.1476352 0 0
1699096859.1993434 0 0
1699096859.2476342 0 0
1699096859.2983222 0 0
1699096859.3476057 0 0
1699096859.3985915 0 0
1699096859.4475622 0 0
1699096859.4983227 0 0
1699096859.547629 0 0
1699096859.5983212 0 0
1699096859.6476996 0 0
1699096859.704397 0 0
1699096859.7475588 0 0
1699096859.7975826 0 0
1699096859.847575 0 0
1699096859.898138 0 0
1699096859.9475627 0 0
1699096859.998442 0 0
1699096860.0475733 0 0
1699096860.0989273 0 0
1699096860.1476467 0 0
1699096860.198707 0 0
1699096860.2475963 0 0
1699096860.298157 0 0
1699096860.3476021 0 0
1699096860.3978965 0 0
1699096860.4476402 0 0
1699096860.4985619 0 0
1699096860.547665 0 0
1699096860.5983381 0 0
1699096860.6476007 0 0
1699096860.7049155 0 0
1699096860.7476308 0 0
1699096860.7983434 0 0
1699096860.8475611 0 0
1699096860.8980005 0 0
1699096860.9476244 0 0
1699096860.9977796 0 0
1699096861.0476296 0 0
1699096861.0977309 0 0
1699096861.1696777 0 0
1699096861.2117271 0 0
1699096861.253719 0 0
1699096861.2975585 0 0
1699096861.3475583 0 0
1699096861.3985977 0 0
1699096861.4475696 0 0
1699096861.4975746 0 0
1699096861.5491965 0 0
1699096861.5975623 0 0
