1699095810.6390517 0 0
1699095810.7780945 0 0
1699095810.8335736 0 0
1699095810.8862996 0 0
1699095810.9389951 0 0
1699095810.9916472 0 0
1699095811.0445538 0 0
1699095811.0987895 0 0
1699095811.1523032 0 0
1699095811.2056057 0 0
1699095811.2615335 0 0
1699095811.3135288 0 0
1699095811.3682392 0 0
1699095811.4216976 0 0
1699095811.474174 0 0
1699095811.52714 0 0
1699095811.5805495 0 0
1699095811.6343982 0 0
1699095811.688386 0 0
1699095811.7426832 0 0
1699095811.7951403 0 0
1699095811.84855 0 0
1699095811.9637682 0 0
1699095812.0151494 0 0
1699095812.068273 0 0
1699095812.1205273 0 0
1699095812.1751149 0 0
1699095812.2300382 0 0
1699095812.2827451 0 0
1699095812.334688 0 0
1699095812.3868368 0 0
1699095812.4395764 0 0
1699095812.494039 0 0
1699095812.5487475 0 0
1699095812.6004083 0 0
1699095812.654465 0 0
1699095812.7073927 0 0
1699095812.7608979 0 0
1699095812.8143878 0 0
1699095812.8683527 0 0
1699095812.920027 0 0
1699095812.9718034 0 0
1699095813.025863 0 0
1699095813.0795214 0 0
1699095813.1339848 0 0
1699095813.1858187 0 0
1699095813.2373412 0 0
1699095813.29091 0 0
1699095813.3451602 0 0
1699095813.399828 0 0
1699095813.4503615 0 0
1699095813.5027337 0 0
1699095813.5564866 0 0
1699095813.6089575 0 0
1699095813.6613271 0 0
1699095813.714508 0 0
1699095813.7678118 0 0
1699095813.8198886 0 0
1699095813.8723166 0 0
1699095813.926534 0 0
1699095813.9793377 0 0
1699095814.031733 0 0
1699095814.0842805 0 0
1699095814.1375895 0 0
1699095814.1923988 0 0
1699095814.2442935 0 0
1699095814.2979712 0 0
1699095814.3532867 0 0
1699095814.4066837 0 0
1699095814.461355 0 0
1699095814.512889 0 0
1699095814.567922 0 0
1699095814.6217535 0 0
1699095814.675811 0 0
1699095814.7295537 0 0
1699095814.7823858 0 0
1699095814.8369129 0 0
1699095814.8894482 0 0
1699095814.9432092 0 0
1699095814.9969208 0 0
1699095815.0498679 0 0
1699095815.1011584 0 0
1699095815.1542487 0 0
1699095815.2078319 0 0
1699095815.259361 0 0
1699095815.3119557 0 0
1699095815.3640878 0 0
1699095815.4171126 0 0
1699095815.4695697 0 0
1699095815.5230918 0 0
1699095815.5765085 0 0
1699095815.628114 0 0
1699095815.6814432 0 0
1699095815.734735 0 0
1699095815.7900429 0 0
1699095815.8439088 0 0
1699095815.897003 0 0
1699095815.9504983 0 0
1699095816.0039673 0 0
1699095816.0572672 0 0
1699095816.1110625 0 0
1699095816.1653984 0 0
1699095816.2178035 0 0
1699095816.2727957 0 0
1699095816.3243537 0 0
1699095816.3773944 0 0
1699095816.430918 0 0
1699095816.4842873 0 0
1699095816.5386653 0 0
1699095816.5957503 0 0
1699095816.6490371 0 0
1699095816.7066925 0 0
1699095816.7603714 0 0
1699095816.8148577 0 0
1699095816.867059 0 0
1699095816.9214349 0 0
1699095816.9743366 0 0
1699095817.0301552 0 0
1699095817.083429 0 0
1699095817.1377704 0 0
1699095817.195228 0 0
1699095817.2508788 0 0
1699095817.3036482 0 0
1699095817.3566463 0 0
1699095817.4092333 0 0
1699095817.4620173 0 0
1699095817.5158482 0 0
1699095817.570384 0 0
1699095817.62588 0 0
1699095817.6811438 0 0
1699095817.7341394 0 0
1699095817.7862453 0 0
1699095817.8399498 0 0
1699095817.8933036 0 0
1699095817.9466553 0 0
1699095818.000655 0 0
1699095818.0538635 0 0
1699095818.1066403 0 0
1699095818.16067 0 0
1699095818.2148042 0 0
1699095818.269502 0 0
1699095818.3230126 0 0
1699095818.3766418 0 0
1699095818.4308136 0 0
1699095818.4841614 0 0
1699095818.5397034 0 0
1699095818.5927439 0 0
1699095818.6479068 0 0
1699095818.702143 0 0
1699095818.757287 0 0
1699095818.8117666 0 0
1699095818.8674428 0 0
1699095818.9215436 0 0
1699095818.973923 0 0
1699095819.0286534 0 0
1699095819.0827096 0 0
1699095819.1407387 0 0
1699095819.1948185 0 0
1699095819.2473104 0 0
1699095819.3018038 0 0
1699095819.3572638 0 0
1699095819.4099953 0 0
1699095819.4637802 0 0
1699095819.5164871 0 0
1699095819.5696576 0 0
1699095819.6239104 0 0
1699095819.67812 0 0
1699095819.7304704 0 0
1699095819.7841341 0 0
1699095819.835797 0 0
1699095819.8890457 0 0
1699095819.9438925 0 0
1699095819.9975808 0 0
1699095820.0517623 0 0
1699095820.1057088 0 0
1699095820.158955 0 0
1699095820.211637 0 0
1699095820.2670496 0 0
1699095820.3223183 0 0
1699095820.377151 0 0
1699095820.4311786 0 0
1699095820.4860551 0 0
1699095820.5399866 0 0
1699095820.593508 0 0
1699095820.646244 0 0
1699095820.6988764 0 0
1699095820.7538528 0 0
1699095820.8077962 0 0
1699095820.8625371 0 0
1699095820.9171238 0 0
1699095820.9695218 0 0
1699095821.0221462 0 0
1699095821.0784054 0 0
1699095821.133404 0 0
1699095821.1875682 0 0
1699095821.2413702 0 0
1699095821.294188 0 0
1699095821.3461838 0 0
1699095821.4002926 0 0
1699095821.4532056 0 0
1699095821.5058784 0 0
1699095821.5605159 0 0
1699095821.6130064 0 0
1699095821.6673088 0 0
1699095821.720687 0 0
1699095821.7752066 0 0
1699095821.8286316 0 0
1699095821.8816206 0 0
1699095821.9340324 0 0
1699095821.9865186 0 0
1699095822.0390656 0 0
1699095822.0907724 0 0
1699095822.144048 0 0
1699095822.1979206 0 0
1699095822.250914 0 0
1699095822.305532 0 0
1699095822.3601086 0 0
1699095822.4126844 0 0
1699095822.4665854 0 0
1699095822.5200665 0 0
1699095822.5737228 0 0
1699095822.6296813 0 0
1699095822.6831043 0 0
1699095822.7368283 0 0
1699095822.7905538 0 0
1699095822.8443372 0 0
1699095822.8964193 0 0
1699095822.9506032 0 0
1699095823.0069535 0 0
1699095823.0610085 0 0
1699095823.1126282 0 0
1699095823.2312522 0 0
1699095823.2884688 0 0
1699095823.3436046 0 0
1699095823.3958557 0 0
1699095823.4495041 0 0
1699095823.501948 0 0
1699095823.5591285 0 0
1699095823.6133597 0 0
1699095823.6688113 0 0
1699095823.7233994 0 0
1699095823.776543 0 0
1699095823.8294709 0 0
1699095823.8837416 0 0
1699095823.9375567 0 0
1699095823.9909697 0 0
1699095824.0454013 0 0
1699095824.099093 0 0
1699095824.1514828 0 0
1699095824.2055783 0 0
1699095824.2601016 0 0
1699095824.3130457 0 0
1699095824.3676345 0 0
1699095824.4196546 0 0
1699095824.475074 0 0
1699095824.5295835 0 0
1699095824.5817306 0 0
1699095824.638383 0 0
1699095824.6895196 0 0
1699095824.7414896 0 0
1699095824.7951949 0 0
1699095824.8506014 0 0
1699095824.905251 0 0
1699095824.959056 0 0
1699095825.011868 0 0
1699095825.064852 0 0
1699095825.1177473 0 0
1699095825.1708167 0 0
1699095825.2248175 0 0
1699095825.2777886 0 0
1699095825.3321679 0 0
1699095825.3850157 0 0
1699095825.4373028 0 0
1699095825.491294 0 0
1699095825.545829 0 0
1699095825.5986173 0 0
1699095825.652623 0 0
1699095825.7045991 0 0
1699095825.76113 0 0
1699095825.8176408 0 0
1699095825.8707805 0 0
1699095825.921882 0 0
1699095825.9751618 0 0
1699095826.028091 0 0
1699095826.082765 0 0
1699095826.1366055 0 0
1699095826.1904156 0 0
1699095826.2430055 0 0
1699095826.2960236 0 0
1699095826.3503983 0 0
1699095826.4028096 0 0
1699095826.4553611 0 0
1699095826.5085506 0 0
1699095826.5623658 0 0
1699095826.6157172 0 0
1699095826.6673372 0 0
1699095826.7208326 0 0
1699095826.7759516 0 0
1699095826.8281093 0 0
1699095826.8799071 0 0
1699095826.9337723 0 0
1699095826.9868631 0 0
1699095827.0401032 0 0
1699095827.0933313 0 0
1699095827.1456769 0 0
1699095827.1990597 0 0
1699095827.251933 0 0
1699095827.305263 0 0
1699095827.3581295 0 0
1699095827.4104903 0 0
1699095827.4640107 0 0
1699095827.5173519 0 0
1699095827.5701544 0 0
1699095827.622931 0 0
1699095827.675494 0 0
1699095827.728718 0 0
1699095827.7815924 0 0
1699095827.8374858 0 0
1699095827.8904636 0 0
1699095827.9440224 0 0
1699095827.9970744 0 0
1699095828.0522416 0 0
1699095828.107887 0 0
1699095828.161081 0 0
1699095828.2137978 0 0
1699095828.2674918 0 0
1699095828.3227665 0 0
1699095828.3752515 0 0
1699095828.4275358 0 0
1699095828.4791682 0 0
1699095828.5339742 0 0
1699095828.5874135 0 0
1699095828.6422935 0 0
1699095828.699187 0 0
1699095828.7532334 0 0
1699095828.8075023 0 0
1699095828.8647175 0 0
1699095828.916919 0 0
1699095828.970015 0 0
1699095829.02188 0 0
1699095829.0759566 0 0
1699095829.1287663 0 0
1699095829.1842558 0 0
1699095829.2377117 0 0
1699095829.2908928 0 0
1699095829.3442357 0 0
1699095829.4007418 0 0
1699095829.4738235 0 0
1699095829.5281446 0 0
1699095829.583755 0 0
1699095829.6363697 0 0
1699095829.6913106 0 0
1699095829.7455142 0 0
1699095829.7989743 0 0
1699095829.8518174 0 0
1699095829.9047709 0 0
1699095829.9578085 0 0
1699095830.0125432 0 0
1699095830.0661972 0 0
1699095830.120719 0 0
1699095830.1731517 0 0
1699095830.2259283 0 0
1699095830.2814608 0 0
1699095830.3353817 0 0
1699095830.3890975 0 0
1699095830.441417 0 0
1699095830.497353 0 0
1699095830.5522258 0 0
1699095830.605283 0 0
1699095830.662471 0 0
1699095830.7178771 0 0
1699095830.7704608 0 0
1699095830.8241444 0 0
1699095830.8751862 0 0
1699095830.927909 0 0
1699095830.9818022 0 0
1699095831.0339978 0 0
1699095831.0866814 0 0
1699095831.1413326 0 0
1699095831.1953256 0 0
1699095831.2488284 0 0
1699095831.303624 0 0
1699095831.3556347 0 0
1699095831.4097643 0 0
1699095831.4633262 0 0
1699095831.5166452 0 0
1699095831.5711248 0 0
1699095831.6259131 0 0
1699095831.6799796 0 0
1699095831.7329586 0 0
1699095831.7867799 0 0
1699095831.8417351 0 0
1699095831.8929746 0 0
1699095831.9464066 0 0
1699095832.0012476 0 0
1699095832.0553045 0 0
1699095832.1084418 0 0
1699095832.1605763 0 0
1699095832.2157931 0 0
1699095832.2689967 0 0
1699095832.322618 0 0
1699095832.3763728 0 0
1699095832.4307358 0 0
1699095832.481903 0 0
1699095832.5350072 0 0
1699095832.5904586 0 0
1699095832.6433628 0 0
1699095832.696153 0 0
1699095832.750514 0 0
1699095832.8036215 0 0
1699095832.8580775 0 0
1699095832.913504 0 0
1699095832.9671915 0 0
1699095833.0205448 0 0
1699095833.0757647 0 0
1699095833.1290448 0 0
1699095833.1810396 0 0
1699095833.2353337 0 0
1699095833.2888825 0 0
1699095833.3429453 0 0
1699095833.3961341 0 0
1699095833.4503596 0 0
1699095833.5047488 0 0
1699095833.5581837 0 0
1699095833.6121087 0 0
1699095833.6638408 0 0
1699095833.7175355 0 0
1699095833.7723486 0 0
1699095833.8242693 0 0
1699095833.8803596 0 0
1699095833.9340286 0 0
1699095833.9869719 0 0
1699095834.0409749 0 0
1699095834.0939126 0 0
1699095834.1487892 0 0
1699095834.2016497 0 0
1699095834.2548556 0 0
1699095834.3071437 0 0
1699095834.3641152 0 0
1699095834.416938 0 0
1699095834.4704506 0 0
1699095834.5262105 0 0
1699095834.577873 0 0
1699095834.629905 0 0
1699095834.6824682 0 0
1699095834.7350714 0 0
1699095834.789346 0 0
1699095834.8440456 0 0
1699095834.8963428 0 0
1699095834.9505181 0 0
1699095835.003683 0 0
1699095835.0565112 0 0
1699095835.1081107 0 0
1699095835.160637 0 0
1699095835.2135735 0 0
1699095835.2662983 0 0
1699095835.319358 0 0
1699095835.3732588 0 0
1699095835.4261734 0 0
1699095835.4797351 0 0
1699095835.5324457 0 0
1699095835.5859046 0 0
1699095835.6384683 0 0
1699095835.691701 0 0
1699095835.7448602 0 0
1699095835.799259 0 0
1699095835.8534825 0 0
1699095835.9069154 0 0
1699095835.9603558 0 0
1699095836.0136201 0 0
1699095836.0672483 0 0
1699095836.1230474 0 0
1699095836.1793642 0 0
1699095836.2351153 0 0
1699095836.2886794 0 0
1699095836.3423858 0 0
1699095836.3949862 0 0
1699095836.4539847 0 0
1699095836.5070052 0 0
1699095836.560799 0 0
1699095836.616721 0 0
1699095836.670901 0 0
1699095836.7242186 0 0
1699095836.7781806 0 0
1699095836.8320205 0 0
1699095836.8847547 0 0
1699095836.937757 0 0
1699095836.993084 0 0
1699095837.0469022 0 0
1699095837.0998383 0 0
1699095837.1536498 0 0
1699095837.207117 0 0
1699095837.2600904 0 0
1699095837.3145854 0 0
1699095837.3666747 0 0
1699095837.4213624 0 0
1699095837.4733253 0 0
1699095837.5268512 0 0
1699095837.5797608 0 0
1699095837.6334121 0 0
1699095837.6871755 0 0
1699095837.7434142 0 0
1699095837.796926 0 0
1699095837.84917 0 0
1699095837.9039845 0 0
1699095837.960411 0 0
1699095838.0122979 0 0
1699095838.0662236 0 0
1699095838.1205232 0 0
1699095838.1736605 0 0
1699095838.2288668 0 0
1699095838.2808056 0 0
1699095838.3331869 0 0
1699095838.3892808 0 0
1699095838.4424138 0 0
1699095838.4956133 0 0
1699095838.5496264 0 0
1699095838.6035008 0 0
1699095838.656442 0 0
1699095838.710731 0 0
1699095838.7634478 0 0
1699095838.8161976 0 0
1699095838.8702817 0 0
1699095838.9224868 0 0
1699095838.9749763 0 0
1699095839.0295541 0 0
1699095839.0815861 0 0
1699095839.1340346 0 0
1699095839.1891973 0 0
1699095839.243868 0 0
1699095839.2974455 0 0
1699095839.3492205 0 0
1699095839.4027162 0 0
1699095839.454775 0 0
1699095839.5098486 0 0
1699095839.5618954 0 0
1699095839.615151 0 0
1699095839.6710358 0 0
1699095839.724538 0 0
1699095839.7761815 0 0
1699095839.83221 0 0
1699095839.884342 0 0
1699095839.9394188 0 0
1699095839.99269 0 0
1699095840.046689 0 0
1699095840.1012642 0 0
1699095840.1538057 0 0
1699095840.2066212 0 0
1699095840.2614186 0 0
1699095840.3215628 0 0
1699095840.3758 0 0
1699095840.4289944 0 0
1699095840.4812686 0 0
1699095840.5343099 0 0
1699095840.5861495 0 0
1699095840.6382723 0 0
1699095840.6915715 0 0
1699095840.743745 0 0
1699095840.7966855 0 0
1699095840.8525047 0 0
1699095840.9049804 0 0
1699095840.9601429 0 0
1699095841.0130262 0 0
1699095841.0658221 0 0
1699095841.118695 0 0
1699095841.17345 0 0
1699095841.2267601 0 0
1699095841.2806385 0 0
1699095841.3341966 0 0
1699095841.3873413 0 0
1699095841.443108 0 0
1699095841.4974804 0 0
1699095841.5522535 0 0
1699095841.6064565 0 0
1699095841.6606584 0 0
1699095841.7156692 0 0
1699095841.7708957 0 0
1699095841.8260071 0 0
1699095841.8803496 0 0
1699095841.934677 0 0
1699095841.9885201 0 0
1699095842.042526 0 0
1699095842.0963743 0 0
1699095842.1502795 0 0
1699095842.207774 0 0
1699095842.261627 0 0
1699095842.3164065 0 0
1699095842.434287 0 0
1699095842.4874353 0 0
1699095842.540917 0 0
1699095842.5938048 0 0
1699095842.6491423 0 0
1699095842.7038724 0 0
1699095842.7610915 0 0
1699095842.814781 0 0
1699095842.8669693 0 0
1699095842.9196439 0 0
1699095842.9765594 0 0
1699095843.028632 0 0
1699095843.0824304 0 0
1699095843.1363978 0 0
1699095843.190611 0 0
1699095843.2447734 0 0
1699095843.2979324 0 0
1699095843.351122 0 0
1699095843.4039812 0 0
1699095843.4582 0 0
1699095843.5126538 0 0
1699095843.5666273 0 0
1699095843.6197104 0 0
1699095843.6738737 0 0
1699095843.7277277 0 0
1699095843.780444 0 0
1699095843.8333917 0 0
1699095843.8866787 0 0
1699095843.9394999 0 0
1699095843.9929736 0 0
1699095844.047322 0 0
1699095844.1031048 0 0
1699095844.1551063 0 0
1699095844.2077317 0 0
1699095844.2630105 0 0
1699095844.3164902 0 0
1699095844.3695416 0 0
1699095844.422654 0 0
1699095844.475562 0 0
1699095844.5284517 0 0
1699095844.5814266 0 0
1699095844.6352272 0 0
1699095844.6894033 0 0
1699095844.7428765 0 0
1699095844.7944872 0 0
1699095844.8495588 0 0
1699095844.9069235 0 0
1699095844.9604657 0 0
1699095845.013099 0 0
1699095845.0669467 0 0
1699095845.1192007 0 0
1699095845.171357 0 0
1699095845.2242918 0 0
1699095845.2788382 0 0
1699095845.3320606 0 0
1699095845.385352 0 0
1699095845.4382083 0 0
1699095845.4904594 0 0
1699095845.5451279 0 0
1699095845.5993428 0 0
1699095845.651499 0 0
1699095845.7040286 0 0
1699095845.7557957 0 0
1699095845.8083942 0 0
1699095845.8609674 0 0
1699095845.9158595 0 0
1699095845.9678268 0 0
1699095846.0233986 0 0
1699095846.0781567 0 0
1699095846.1312728 0 0
1699095846.186451 0 0
1699095846.2387447 0 0
1699095846.2945046 0 0
1699095846.348171 0 0
1699095846.4009898 0 0
1699095846.4543169 0 0
1699095846.5079896 0 0
1699095846.5650883 0 0
1699095846.6227996 0 0
1699095846.6811125 0 0
1699095846.7373333 0 0
1699095846.7913268 0 0
1699095846.843776 0 0
1699095846.8957 0 0
1699095846.9490743 0 0
1699095847.0022018 0 0
1699095847.0560837 0 0
1699095847.1084146 0 0
1699095847.160799 0 0
1699095847.2134612 0 0
1699095847.2686913 0 0
1699095847.323224 0 0
1699095847.3751836 0 0
1699095847.430477 0 0
1699095847.484126 0 0
1699095847.5377638 0 0
1699095847.5900254 0 0
1699095847.6433632 0 0
1699095847.6953142 0 0
1699095847.7480693 0 0
1699095847.8008935 0 0
1699095847.853403 0 0
1699095847.9072642 0 0
1699095847.9641762 0 0
1699095848.020317 0 0
1699095848.0719807 0 0
1699095848.125663 0 0
1699095848.1790535 0 0
1699095848.2312665 0 0
1699095848.284156 0 0
1699095848.3365552 0 0
1699095848.3886995 0 0
1699095848.4434726 0 0
1699095848.495911 0 0
1699095848.5490422 0 0
1699095848.6029613 0 0
1699095848.6571074 0 0
1699095848.711494 0 0
1699095848.7641296 0 0
1699095848.8181877 0 0
1699095848.87258 0 0
1699095848.9254339 0 0
1699095848.9795623 0 0
1699095849.0338676 0 0
1699095849.0879822 0 0
1699095849.1423898 0 0
1699095849.1954472 0 0
1699095849.247227 0 0
1699095849.3022668 0 0
1699095849.356375 0 0
1699095849.4091694 0 0
1699095849.4613976 0 0
1699095849.5165222 0 0
1699095849.5686083 0 0
1699095849.6225462 0 0
1699095849.676327 0 0
1699095849.7297518 0 0
1699095849.7828581 0 0
1699095849.83829 0 0
1699095849.8970344 0 0
1699095849.9494345 0 0
1699095850.0036526 0 0
1699095850.0566356 0 0
1699095850.1105957 0 0
1699095850.1637783 0 0
1699095850.2192628 0 0
1699095850.2719595 0 0
1699095850.324872 0 0
1699095850.3788745 0 0
1699095850.4313703 0 0
1699095850.4868505 0 0
1699095850.539939 0 0
1699095850.5948966 0 0
1699095850.6495214 0 0
1699095850.7044618 0 0
1699095850.7565806 0 0
1699095850.8112397 0 0
1699095850.8653743 0 0
1699095850.9194741 0 0
1699095850.9725928 0 0
1699095851.0253668 0 0
1699095851.078488 0 0
1699095851.1320593 0 0
1699095851.1855047 0 0
1699095851.2400267 0 0
1699095851.2939103 0 0
1699095851.3470678 0 0
1699095851.399664 0 0
1699095851.4536417 0 0
1699095851.5076764 0 0
1699095851.560404 0 0
1699095851.6129062 0 0
1699095851.6662996 0 0
1699095851.7192862 0 0
1699095851.7717304 0 0
1699095851.828807 0 0
1699095851.8817713 0 0
1699095851.9357624 0 0
1699095851.9899778 0 0
1699095852.0446262 0 0
1699095852.0970302 0 0
1699095852.152585 0 0
1699095852.2048013 0 0
1699095852.2566547 0 0
1699095852.3114629 0 0
1699095852.363765 0 0
1699095852.417043 0 0
1699095852.47068 0 0
1699095852.5251687 0 0
1699095852.579158 0 0
1699095852.6320398 0 0
1699095852.6844826 0 0
1699095852.7354157 0 0
1699095852.7884092 0 0
1699095852.8404486 0 0
1699095852.8936062 0 0
1699095852.9490263 0 0
1699095853.0015268 0 0
1699095853.0573928 0 0
1699095853.1113822 0 0
1699095853.164603 0 0
1699095853.2175775 0 0
1699095853.270854 0 0
1699095853.32489 0 0
1699095853.3776603 0 0
1699095853.431145 0 0
1699095853.4840078 0 0
1699095853.5379534 0 0
1699095853.5930066 0 0
1699095853.646012 0 0
1699095853.6991055 0 0
1699095853.7561455 0 0
1699095853.8072112 0 0
1699095853.8600073 0 0
1699095853.9135394 0 0
1699095853.9674468 0 0
1699095854.0184407 0 0
1699095854.0734732 0 0
1699095854.12599 0 0
1699095854.1792438 0 0
1699095854.2321506 0 0
1699095854.2838457 0 0
1699095854.3371563 0 0
1699095854.390459 0 0
1699095854.4452264 0 0
1699095854.4975317 0 0
1699095854.5510836 0 0
1699095854.6043828 0 0
1699095854.6576757 0 0
1699095854.7117743 0 0
1699095854.7664042 0 0
1699095854.818722 0 0
1699095854.8723295 0 0
1699095854.92391 0 0
1699095854.9769685 0 0
1699095855.0315692 0 0
1699095855.0853639 0 0
1699095855.1389828 0 0
1699095855.194089 0 0
1699095855.2468455 0 0
1699095855.2986732 0 0
1699095855.3517947 0 0
1699095855.4036741 0 0
1699095855.4570231 0 0
1699095855.510936 0 0
1699095855.5639074 0 0
1699095855.61674 0 0
1699095855.6740406 0 0
1699095855.7265527 0 0
1699095855.7801867 0 0
1699095855.8335714 0 0
1699095855.8870378 0 0
1699095855.940602 0 0
1699095855.9951446 0 0
1699095856.0492966 0 0
1699095856.103035 0 0
1699095856.1558602 0 0
1699095856.21061 0 0
1699095856.2660515 0 0
1699095856.3210366 0 0
1699095856.3758497 0 0
1699095856.4294677 0 0
1699095856.481795 0 0
1699095856.5330305 0 0
1699095856.5851383 0 0
1699095856.6389983 0 0
1699095856.6919131 0 0
1699095856.7447758 0 0
1699095856.8017378 0 0
1699095856.8540494 0 0
1699095856.905804 0 0
1699095856.9607172 0 0
1699095857.0136921 0 0
1699095857.0672455 0 0
1699095857.1224933 0 0
1699095857.1762333 0 0
1699095857.2287154 0 0
1699095857.28504 0 0
1699095857.3381212 0 0
1699095857.3910995 0 0
1699095857.446782 0 0
1699095857.5014648 0 0
1699095857.5552351 0 0
1699095857.6115377 0 0
1699095857.665582 0 0
1699095857.719769 0 0
1699095857.7710567 0 0
1699095857.82305 0 0
1699095857.8771365 0 0
1699095857.930793 0 0
1699095857.983197 0 0
1699095858.034804 0 0
1699095858.0919125 0 0
1699095858.1436455 0 0
1699095858.1964595 0 0
1699095858.251411 0 0
1699095858.3028083 0 0
1699095858.3568153 0 0
1699095858.4145815 0 0
1699095858.4675786 0 0
1699095858.5193808 0 0
1699095858.5729709 0 0
1699095858.6252756 0 0
1699095858.6777728 0 0
1699095858.7319944 0 0
1699095858.7842107 0 0
1699095858.838059 0 0
1699095858.8926015 0 0
1699095858.9452806 0 0
1699095858.9982524 0 0
1699095859.0511088 0 0
1699095859.104434 0 0
1699095859.1571064 0 0
1699095859.2094758 0 0
1699095859.2615027 0 0
1699095859.3140647 0 0
1699095859.3669338 0 0
1699095859.4201274 0 0
1699095859.471936 0 0
1699095859.5279949 0 0
1699095859.581414 0 0
1699095859.6357427 0 0
1699095859.68736 0 0
1699095859.7391975 0 0
1699095859.7913833 0 0
1699095859.8435285 0 0
1699095859.8971345 0 0
1699095859.950378 0 0
1699095860.0063362 0 0
1699095860.0601063 0 0
1699095860.1141202 0 0
1699095860.168258 0 0
1699095860.2210083 0 0
1699095860.2730596 0 0
1699095860.3256512 0 0
1699095860.3784208 0 0
1699095860.4319623 0 0
1699095860.4853919 0 0
1699095860.5373485 0 0
1699095860.59105 0 0
1699095860.6449227 0 0
1699095860.6989315 0 0
1699095860.7522411 0 0
1699095860.805549 0 0
1699095860.857825 0 0
1699095860.9090748 0 0
1699095860.9610777 0 0
1699095861.0139968 0 0
1699095861.0661643 0 0
1699095861.119947 0 0
1699095861.172549 0 0
1699095861.2247813 0 0
1699095861.2793274 0 0
1699095861.3303018 0 0
1699095861.383485 0 0
1699095861.440702 0 0
1699095861.4945111 0 0
1699095861.5494034 0 0
1699095861.6682477 0 0
1699095861.7219176 0 0
1699095861.7736082 0 0
1699095861.82568 0 0
1699095861.8797808 0 0
1699095861.931321 0 0
1699095861.9857802 0 0
1699095862.0403776 0 0
1699095862.0924315 0 0
1699095862.1458697 0 0
1699095862.1984408 0 0
1699095862.2521203 0 0
1699095862.3051794 0 0
1699095862.358732 0 0
1699095862.4133492 0 0
1699095862.4651756 0 0
1699095862.5178506 0 0
1699095862.5729947 0 0
1699095862.6249704 0 0
1699095862.6781032 0 0
1699095862.7295787 0 0
1699095862.7839859 0 0
1699095862.8370523 0 0
1699095862.8893566 0 0
1699095862.9437382 0 0
1699095863.000662 0 0
1699095863.0560126 0 0
1699095863.108524 0 0
1699095863.1604316 0 0
1699095863.213837 0 0
1699095863.267432 0 0
1699095863.3225615 0 0
1699095863.3775148 0 0
1699095863.4306548 0 0
1699095863.485276 0 0
1699095863.5386412 0 0
1699095863.5926924 0 0
1699095863.6464026 0 0
1699095863.6987028 0 0
1699095863.7512474 0 0
1699095863.8043404 0 0
1699095863.8603387 0 0
1699095863.9136918 0 0
1699095863.9667506 0 0
1699095864.0190072 0 0
1699095864.0761797 0 0
1699095864.1301932 0 0
1699095864.1847565 0 0
1699095864.2372441 0 0
1699095864.2906632 0 0
1699095864.3437395 0 0
1699095864.395295 0 0
1699095864.4484203 0 0
1699095864.5020978 0 0
1699095864.5546033 0 0
1699095864.606302 0 0
1699095864.6613555 0 0
1699095864.7171335 0 0
1699095864.7716825 0 0
1699095864.8235953 0 0
1699095864.8772047 0 0
1699095864.9312007 0 0
1699095864.9850457 0 0
1699095865.0387154 0 0
1699095865.0930047 0 0
1699095865.1474056 0 0
1699095865.2012277 0 0
1699095865.2549033 0 0
1699095865.3104062 0 0
1699095865.3628852 0 0
1699095865.4159632 0 0
1699095865.468499 0 0
1699095865.5227828 0 0
1699095865.57709 0 0
1699095865.6307333 0 0
1699095865.683931 0 0
1699095865.7376692 0 0
1699095865.7940695 0 0
1699095865.8471973 0 0
1699095865.9000633 0 0
1699095865.9558392 0 0
1699095866.0090992 0 0
1699095866.0615063 0 0
1699095866.115901 0 0
1699095866.1693077 0 0
1699095866.2261577 0 0
1699095866.2803924 0 0
1699095866.3320103 0 0
1699095866.386673 0 0
1699095866.4406967 0 0
1699095866.4937463 0 0
1699095866.546947 0 0
