1697188865.732541 -0.0 0
1697188866.2864506 -0.0 0
1697188866.6078818 -0.0 0
1697188866.7255676 -0.0 0
1697188866.8300252 -0.0 0
1697188866.900794 -0.0 0
1697188867.0155735 -0.0 0
1697188867.0961792 -0.0 0
1697188867.1608236 -0.0 0
1697188867.228042 -0.0 0
1697188867.2875636 -0.0 0
1697188867.372651 -0.0 0
1697188867.441394 -0.0 0
1697188867.5015273 -0.0 0
1697188867.5650156 -0.0 0
1697188867.6198905 -0.0 0
1697188867.68175 -0.0 0
1697188867.7448232 -0.0 0
1697188867.8038929 -0.0 0
1697188867.893013 -0.0 0
1697188867.980079 -0.0 0
1697188868.0434563 -0.0 0
1697188868.1090636 -0.0 0
1697188868.1668472 -0.0 0
1697188868.2260177 -0.0 0
1697188868.3084106 -0.0 0
1697188868.3808582 -0.0 0
1697188868.4525921 -0.0 0
1697188868.5159388 -0.0 0
1697188868.5823736 -0.0 0
1697188868.6474574 -0.0 0
1697188868.7114758 -0.0 0
1697188868.7752495 -0.0 0
1697188868.8337302 -0.0 0
1697188868.893615 -0.0 0
1697188868.957719 -0.0 0
1697188869.016892 -0.0 0
1697188869.0839024 -0.0 0
1697188869.1447253 -0.0 0
1697188869.2308764 -0.0 0
1697188869.2960603 -0.0 0
1697188869.3626847 -0.0 0
1697188869.4214804 -0.0 0
1697188869.489199 -0.0 0
1697188869.5512533 -0.0 0
1697188869.6143544 -0.0 0
1697188869.671378 -0.0 0
1697188869.7454822 -0.0 0
1697188869.8016295 -0.0 0
1697188869.869807 -0.0 0
1697188869.9302354 -0.0 0
1697188870.029461 -0.0 0
1697188870.0920546 -0.0 0
1697188870.1544566 -0.0 0
1697188870.2237644 -0.0 0
1697188870.280354 -0.0 0
1697188870.3421085 -0.0 0
1697188870.4040527 -0.0 0
1697188870.4638798 -0.0 0
1697188870.5259054 -0.0 0
1697188870.5891743 -0.0 0
1697188870.647666 -0.0 0
1697188870.713119 -0.0 0
1697188870.7817733 -0.0 0
1697188870.849834 -0.0 0
1697188870.9164927 -0.0 0
1697188870.9801085 -0.0 0
1697188871.042897 -0.0 0
1697188871.1038098 -0.0 0
1697188871.1835766 -0.0 0
1697188871.2458813 -0.0 0
1697188871.3032813 -0.0 0
1697188871.3612819 -0.0 0
1697188871.427706 -0.0 0
1697188871.4906461 -0.0 0
1697188871.5530736 -0.0 0
1697188871.6207774 -0.0 0
1697188871.6931748 -0.0 0
1697188871.750918 -0.0 0
1697188871.8097744 -0.0 0
1697188871.8756173 -0.0 0
1697188871.954454 -0.0 0
1697188872.028902 -0.0 0
1697188872.0915642 -0.0 0
1697188872.1585734 -0.0 0
1697188872.2232125 -0.0 0
1697188872.2823992 -0.0 0
1697188872.3427727 -0.0 0
1697188872.4359934 -0.0 0
1697188872.5094662 -0.0 0
1697188872.5763524 -0.0 0
1697188872.6455293 -0.0 0
1697188872.712581 -0.0 0
1697188872.7815347 -0.0 0
1697188872.8481214 -0.0 0
1697188872.9095147 -0.0 0
1697188872.9677916 -0.0 0
1697188873.0284228 -0.0 0
1697188873.119445 -0.0 0
1697188873.1820495 -0.0 0
1697188873.2448392 -0.0 0
1697188873.3108537 -0.0 0
1697188873.37086 -0.0 0
1697188873.4342234 -0.0 0
1697188873.4990132 -0.0 0
1697188873.5638945 -0.0 0
1697188873.6231964 -0.0 0
1697188873.6830964 -0.0 0
1697188873.758021 -0.0 0
1697188873.819292 -0.0 0
1697188873.8784492 -0.0 0
1697188873.9353411 -0.0 0
1697188874.0028272 -0.0 0
1697188874.0644338 -0.0 0
1697188874.1285846 -0.0 0
1697188874.1920831 -0.0 0
1697188874.2548451 -0.0 0
1697188874.3212667 -0.0 0
1697188874.3858416 -0.0 0
1697188874.4478538 -0.0 0
1697188874.5059085 -0.0 0
1697188874.5751395 -0.0 0
1697188874.640387 -0.0 0
1697188874.7043571 -0.0 0
1697188874.7673178 -0.0 0
1697188874.8345878 -0.0 0
1697188874.8884156 -0.0 0
1697188874.9527025 -0.0 0
1697188875.0108457 -0.0 0
1697188875.0747294 -0.0 0
1697188875.135737 -0.0 0
1697188875.1968284 -0.0 0
1697188875.264489 -0.0 0
1697188875.3269947 -0.0 0
1697188875.3869705 -0.0 0
1697188875.4470885 -0.0 0
1697188875.5090873 -0.0 0
1697188875.572622 -0.0 0
1697188875.6497402 -0.0 0
1697188875.7108316 -0.0 0
1697188875.7754557 -0.0 0
1697188875.8332891 -0.0 0
1697188875.9056094 -0.0 0
1697188875.959748 -0.0 0
1697188876.0239525 -0.0 0
1697188876.087012 -0.0 0
1697188876.1654563 -0.0 0
1697188876.2283351 -0.0 0
1697188876.2911677 -0.0 0
1697188876.353721 -0.0 0
1697188876.4141877 -0.0 0
1697188876.489359 -0.0 0
1697188876.5639977 -0.0 0
1697188876.631975 -0.0 0
1697188876.692721 -0.0 0
1697188876.753633 -0.0 0
1697188876.8168643 -0.0 0
1697188876.8787298 -0.0 0
1697188876.9318273 -0.0 0
1697188877.0286827 -0.0 0
1697188877.0897086 -0.0 0
1697188877.150576 -0.0 0
1697188877.2099078 -0.0 0
1697188877.2715428 -0.0 0
1697188877.3384333 -0.0 0
1697188877.4068134 -0.0 0
1697188877.4704099 -0.0 0
1697188877.5597918 -0.0 0
1697188877.6423976 -0.0 0
1697188877.7176473 -0.0 0
1697188877.7908173 -0.0 0
1697188877.852572 -0.0 0
1697188877.9156952 -0.0 0
1697188877.984693 -0.0 0
1697188878.0527573 -0.0 0
1697188878.114627 -0.0 0
1697188878.1844745 -0.0 0
1697188878.2420347 -0.0 0
1697188878.3111522 -0.0 0
1697188878.4196959 -0.0 0
1697188878.5155344 -0.0 0
1697188878.6447978 -0.0 0
1697188878.7351236 -0.0 0
1697188878.8010638 -0.0 0
1697188878.8661408 -0.0 0
1697188878.9284155 -0.0 0
1697188878.9921665 -0.0 0
1697188879.054625 -0.0 0
1697188879.116054 -0.0 0
1697188879.1755614 -0.0 0
1697188879.2378879 -0.0 0
1697188879.3023288 -0.0 0
1697188879.418055 -0.0 0
1697188879.539596 -0.0 0
1697188879.6061845 -0.0 0
1697188879.6763139 -0.0 0
1697188879.7410142 -0.0 0
1697188879.8014908 -0.0 0
1697188879.8652444 -0.0 0
1697188879.9255917 -0.0 0
1697188880.0430079 -0.0 0
1697188880.162687 -0.0 0
1697188880.289102 -0.0 0
1697188880.4222426 -0.0 0
1697188880.5453029 -0.0 0
1697188880.6729255 -0.0 0
1697188880.8044624 -0.0 0
1697188880.8977573 -0.0 0
1697188880.9957716 -0.0 0
1697188881.1068735 -0.0 0
1697188881.1962454 -0.0 0
1697188881.2645628 -0.0 0
1697188881.3260198 -0.0 0
1697188881.389668 -0.0 0
1697188881.4467976 -0.0 0
1697188881.5161164 -0.0 0
1697188881.6359246 -0.0 0
1697188881.7570932 -0.0 0
1697188881.8785672 -0.0 0
