1697472072.4978673 -0.0 0
1697472072.7490776 -0.0 0
1697472072.8959093 -0.0 0
1697472072.9360914 -0.0 0
1697472072.973408 -0.0 0
1697472073.0098865 -0.0 0
1697472073.047794 -0.0 0
1697472073.0841227 -0.0 0
1697472073.1259446 -0.0 0
1697472073.1725605 -0.0 0
1697472073.2160542 -0.0 0
1697472073.260393 -0.0 0
1697472073.304276 -0.0 0
1697472073.3504407 -0.0 0
1697472073.4005537 -0.0 0
1697472073.450793 -0.0 0
1697472073.5011232 -0.0 0
1697472073.5508797 -0.0 0
1697472073.6015575 -0.0 0
1697472073.6514642 -0.0 0
1697472073.7016172 -0.0 0
1697472073.7515953 -0.0 0
1697472073.801696 -0.0 0
1697472073.8517115 -0.0 0
1697472073.901955 -0.0 0
1697472073.9520595 -0.0 0
1697472074.002329 -0.0 0
1697472074.052895 -0.0 0
1697472074.1027014 -0.0 0
1697472074.1528833 -0.0 0
1697472074.2028642 -0.0 0
1697472074.253344 -0.0 0
1697472074.3035684 -0.0 0
1697472074.353655 -0.0 0
1697472074.4040627 -0.0 0
1697472074.4544268 -0.0 0
1697472074.5043747 -0.0 0
1697472074.5544527 -0.0 0
1697472074.6044202 -0.0 0
1697472074.654615 -0.0 0
1697472074.705066 -0.0 0
1697472074.7548378 -0.0 0
1697472074.804942 -0.0 0
1697472074.8550422 -0.0 0
1697472074.905329 -0.0 0
1697472074.956013 -0.0 0
1697472075.0062149 -0.0 0
1697472075.0561724 -0.0 0
1697472075.1065679 -0.0 0
1697472075.1576383 -0.0 0
1697472075.2067528 -0.0 0
1697472075.2567544 -0.0 0
1697472075.3068497 -0.0 0
1697472075.3574052 -0.0 0
1697472075.407503 -0.0 0
