1699248252.690561 0.0 0.0
1699248253.6620753 0.0 0.0
1699248253.964856 0.0 0.0
1699248254.0556445 0.0 0.0
1699248254.1508794 0.0 0.0
1699248254.2341726 0.0 0.0
1699248254.3243556 0.0 0.0
1699248254.403089 0.0 0.0
1699248254.4822798 0.0 0.0
1699248254.5765402 0.0 0.0
1699248254.667081 0.0 0.0
1699248254.7431443 0.0 0.0
1699248254.8252974 0.0 0.0
1699248254.899011 0.0 0.0
1699248254.9826245 0.0 0.0
1699248255.0677063 0.0 0.0
1699248255.1554096 0.0 0.0
1699248255.2386007 0.0 0.0
1699248255.329906 0.0 0.0
1699248255.408557 0.0 0.0
1699248255.4953842 0.0 0.0
1699248255.5811107 0.0 0.0
1699248255.6853125 0.0 0.0
1699248255.8634493 0.0 0.0
1699248255.9946663 0.0 0.0
1699248256.0821455 0.0 0.0
1699248256.174722 0.0 0.0
1699248256.266466 0.0 0.0
1699248256.3271773 0.0 0.0
1699248256.40154 0.0 0.0
1699248256.4772654 0.0 0.0
1699248256.5592172 0.0 0.0
1699248256.6407135 0.0 0.0
1699248256.719285 0.0 0.0
1699248256.8058982 0.0 0.0
1699248256.8833232 0.0 0.0
1699248256.968792 0.0 0.0
1699248257.0530677 0.0 0.0
1699248257.1364615 0.0 0.0
1699248257.222369 0.0 0.0
1699248257.307336 0.0 0.0
1699248257.3827963 0.0 0.0
1699248257.465302 0.0 0.0
1699248257.5604944 0.0 0.0
1699248257.647723 0.0 0.0
1699248257.7259474 0.0 0.0
1699248257.841189 0.0 0.0
1699248257.9630423 0.0 0.0
1699248258.048257 0.0 0.0
1699248258.1298754 0.0 0.0
1699248258.2088745 0.0 0.0
1699248258.2912781 0.0 0.0
1699248258.3652806 0.0 0.0
1699248258.428606 0.0 0.0
1699248258.4838285 0.0 0.0
1699248258.5445533 0.0 0.0
1699248258.60854 0.0 0.0
1699248258.6645663 0.0 0.0
1699248258.7220557 0.0 0.0
1699248258.774546 0.0 0.0
1699248258.8331528 0.0 0.0
1699248258.8799746 0.0 0.0
1699248258.9291265 0.0 0.0
1699248259.0055974 0.0 0.0
1699248259.0596497 0.0 0.0
1699248259.1205654 0.0 0.0
1699248259.17246 0.0 0.0
1699248259.2324 0.0 0.0
1699248259.2900414 0.0 0.0
1699248259.345502 0.0 0.0
1699248259.4090364 0.0 0.0
1699248259.4590502 0.0 0.0
1699248259.5197363 0.0 0.0
1699248259.575556 0.0 0.0
1699248259.628766 0.0 0.0
1699248259.6804323 0.0 0.0
1699248259.73641 0.0 0.0
1699248259.8032634 0.0 0.0
1699248259.8646812 0.0 0.0
1699248259.9230416 0.0 0.0
1699248259.9924576 0.0 0.0
1699248260.0598824 0.0 0.0
1699248260.1159685 0.0 0.0
1699248260.1794279 0.0 0.0
1699248260.249906 0.0 0.0
1699248260.3014827 0.0 0.0
1699248260.3519475 0.0 0.0
1699248260.4017453 0.0 0.0
1699248260.45428 0.0 0.0
1699248260.5062838 0.0 0.0
1699248260.5601203 0.0 0.0
1699248260.6284842 0.0 0.0
1699248260.6942446 0.0 0.0
1699248260.7642534 0.0 0.0
1699248260.8167224 0.0 0.0
1699248260.8702145 0.0 0.0
1699248260.9233587 0.0 0.0
1699248260.981919 0.0 0.0
1699248261.0383444 0.0 0.0
1699248261.1063323 0.0 0.0
1699248261.166818 0.0 0.0
1699248261.2250786 0.0 0.0
1699248261.2828636 0.0 0.0
1699248261.3384905 0.0 0.0
1699248261.4079921 0.0 0.0
1699248261.472373 0.0 0.0
1699248261.5343258 0.0 0.0
1699248261.5999491 0.0 0.0
1699248261.6577206 0.0 0.0
1699248261.7150617 0.0 0.0
1699248261.7778256 0.0 0.0
1699248261.8424666 0.0 0.0
1699248261.905084 0.0 0.0
1699248261.9561112 0.0 0.0
1699248262.0069325 0.0 0.0
1699248262.059126 0.0 0.0
1699248262.113612 0.0 0.0
1699248262.1631677 0.0 0.0
1699248262.2230844 0.0 0.0
1699248262.2886147 0.0 0.0
1699248262.3545864 0.0 0.0
1699248262.4304097 0.0 0.0
1699248262.4948852 0.0 0.0
1699248262.5554378 0.0 0.0
1699248262.6128502 0.0 0.0
1699248262.6818078 0.0 0.0
1699248262.739135 0.0 0.0
1699248262.8113303 0.0 0.0
1699248262.8945787 0.0 0.0
1699248262.9617844 0.0 0.0
1699248263.0272932 0.0 0.0
1699248263.0940402 0.0 0.0
1699248263.170379 0.0 0.0
1699248263.2374556 0.0 0.0
1699248263.3024375 0.0 0.0
1699248263.3553977 0.0 0.0
1699248263.4142315 0.0 0.0
1699248263.4837005 0.0 0.0
1699248263.7867663 0.0 0.0
1699248263.8428795 0.0 0.0
1699248263.9047577 0.0 0.0
1699248263.963984 0.0 0.0
1699248264.021985 0.0 0.0
1699248264.0817146 0.0 0.0
1699248264.1313653 0.0 0.0
1699248264.1885142 0.0 0.0
1699248264.260058 0.0 0.0
1699248264.3339055 0.0 0.0
1699248264.407428 0.0 0.0
1699248264.48863 0.0 0.0
1699248264.561683 0.0 0.0
1699248264.62236 0.0 0.0
1699248264.6790638 0.0 0.0
1699248264.7303383 0.0 0.0
1699248264.786447 0.0 0.0
1699248264.8408563 0.0 0.0
1699248264.8971105 0.0 0.0
1699248264.9660416 0.0 0.0
1699248265.0428042 0.0 0.0
1699248265.1112003 0.0 0.0
1699248265.1633341 0.0 0.0
1699248265.2174275 0.0 0.0
1699248265.2737124 0.0 0.0
1699248265.3291998 0.0 0.0
1699248265.3856692 0.0 0.0
1699248265.4427023 0.0 0.0
1699248265.5058901 0.0 0.0
1699248265.5589693 0.0 0.0
1699248265.6190982 0.0 0.0
1699248265.676393 0.0 0.0
1699248265.751332 0.0 0.0
1699248265.8432324 0.0 0.0
1699248265.939629 0.0 0.0
1699248266.023677 0.0 0.0
1699248266.1070302 0.0 0.0
1699248266.186507 0.0 0.0
1699248266.2654407 0.0 0.0
1699248266.350351 0.0 0.0
1699248266.4305758 0.0 0.0
1699248266.50455 0.0 0.0
1699248266.585972 0.0 0.0
1699248266.6589015 0.0 0.0
1699248266.753889 0.0 0.0
1699248266.8379438 0.0 0.0
1699248266.918543 0.0 0.0
1699248266.9878192 0.0 0.0
1699248267.075626 0.0 0.0
1699248267.1720357 0.0 0.0
1699248267.2716756 0.0 0.0
1699248267.4102912 0.0 0.0
1699248267.5090861 0.0 0.0
1699248267.6088197 0.0 0.0
1699248267.6984904 0.0 0.0
1699248267.7704844 0.0 0.0
1699248267.842539 0.0 0.0
1699248267.9363008 0.0 0.0
1699248268.0185733 0.0 0.0
1699248268.098764 0.0 0.0
1699248268.1965175 0.0 0.0
1699248268.273407 0.0 0.0
1699248268.3695486 0.0 0.0
1699248268.47326 0.0 0.0
1699248268.574284 0.0 0.0
1699248268.6720471 0.0 0.0
1699248268.7713366 0.0 0.0
1699248268.8577583 0.0 0.0
1699248268.9431381 0.0 0.0
1699248269.01355 0.0 0.0
1699248269.0936534 0.0 0.0
1699248269.175254 0.0 0.0
1699248269.2564166 0.0 0.0
1699248269.3304682 0.0 0.0
1699248269.4108977 0.0 0.0
1699248269.500643 0.0 0.0
1699248269.600825 0.0 0.0
1699248269.6825538 0.0 0.0
1699248269.7702842 0.0 0.0
1699248269.843441 0.0 0.0
1699248269.9291065 0.0 0.0
1699248270.0127048 0.0 0.0
1699248270.096077 0.0 0.0
1699248270.1749434 0.0 0.0
1699248270.4638855 0.0 0.0
1699248270.5195217 0.0 0.0
1699248270.769967 0.0 0.0
1699248270.827665 0.0 0.0
1699248270.9102266 0.0 0.0
1699248271.2073998 0.0 0.0
1699248271.2722247 0.0 0.0
1699248271.3241913 0.17743428253578852 -0.09178621460630032
1699248271.7003012 0.16773723144997266 -0.08579617692968701
1699248272.0607066 0.16773723144997266 -0.08579617692968701
1699248272.1109345 0.09533571048294223 -0.024906977554575768
1699248272.46703 0.09533571048294223 -0.024906977554575768
1699248272.5156465 0.09533571048294223 -0.024906977554575768
1699248272.5723948 0.01703647156691096 -0.01247509815037838
1699248272.95083 0.01703647156691096 -0.01247509815037838
1699248273.0108175 0.01703647156691096 -0.01247509815037838
1699248273.0717049 -0.0006040645335180983 -0.02677115769197632
1699248273.420676 -0.0006040645335180983 -0.02677115769197632
1699248273.4769497 -0.0006040645335180983 -0.02677115769197632
1699248273.543201 -0.003258048361126199 -0.023948488483683382
1699248273.9114828 -0.003258048361126199 -0.023948488483683382
1699248273.978415 -0.003258048361126199 -0.023948488483683382
1699248274.045438 -0.0036006294880267533 -0.023296143772674104
1699248274.3703754 -0.0036006294880267533 -0.023296143772674104
1699248274.4374554 -0.0036006294880267533 -0.023296143772674104
1699248274.5091014 -0.0031757731126394366 -0.023172247204761312
1699248274.8396251 -0.0031757731126394366 -0.023172247204761312
1699248274.8986526 -0.0031757731126394366 -0.023172247204761312
1699248274.9555175 -0.0031757731126394366 -0.023172247204761312
1699248275.0093653 -0.0023274945678681985 -0.022389158775750966
1699248275.359437 -0.0023274945678681985 -0.022389158775750966
1699248275.418316 -0.0023274945678681985 -0.022389158775750966
1699248275.47304 -0.0023274945678681985 -0.022389158775750966
1699248275.5406444 -0.0032827570837422977 -0.021070073646176943
1699248275.872716 -0.0032827570837422977 -0.021070073646176943
1699248275.9248626 -0.0032827570837422977 -0.021070073646176943
1699248275.9959114 -0.0032827570837422977 -0.021070073646176943
1699248276.0402324 -0.004949900026735968 -0.019950070561404392
1699248276.4363754 -0.004949900026735968 -0.019950070561404392
1699248276.4946716 -0.004949900026735968 -0.019950070561404392
1699248276.5546093 -0.00581621243068506 -0.019416918734326567
1699248276.8898928 -0.00581621243068506 -0.019416918734326567
1699248276.953123 -0.00581621243068506 -0.019416918734326567
1699248277.0125763 -0.00581621243068506 -0.019416918734326567
1699248277.159608 -0.006546822156698968 -0.019186295355719894
1699248277.523184 -0.0069077960544609894 -0.01892787151917446
1699248277.882038 -0.0069077960544609894 -0.01892787151917446
1699248277.9405885 -0.007126656740567647 -0.01835891323114746
1699248278.2909844 -0.007126656740567647 -0.01835891323114746
1699248278.3491051 -0.007126656740567647 -0.01835891323114746
1699248278.4131284 -0.008557938522858305 -0.017587837725011747
1699248278.7978547 -0.008557938522858305 -0.017587837725011747
1699248278.8673036 -0.008557938522858305 -0.017587837725011747
1699248278.9464467 -0.008557938522858305 -0.017587837725011747
1699248279.0067623 -0.009656951489645368 -0.01691315909182788
1699248279.3465006 -0.010377476581940309 -0.01636497365058521
1699248279.6930165 -0.010377476581940309 -0.01636497365058521
1699248279.7514343 -0.011047102494701049 -0.015894649823980384
1699248280.1130085 -0.011047102494701049 -0.015894649823980384
1699248280.183911 -0.011047102494701049 -0.015894649823980384
1699248280.2638001 -0.011608703718881145 -0.01537831808437207
1699248280.690302 -0.011608703718881145 -0.01537831808437207
1699248280.745574 -0.011608703718881145 -0.01537831808437207
1699248280.8181124 -0.011608703718881145 -0.01537831808437207
1699248280.8926072 -0.01199233972241229 -0.014884227138914876
1699248281.2055883 -0.012223103357269246 -0.014417841779733378
1699248281.5643978 -0.012223103357269246 -0.014417841779733378
1699248281.628785 -0.013262384879210982 -0.013903220245255194
1699248281.9743192 -0.013262384879210982 -0.013903220245255194
1699248282.0347013 -0.013262384879210982 -0.013903220245255194
1699248282.1097212 -0.01417609154158504 -0.013265444728122336
1699248282.481445 -0.01417609154158504 -0.013265444728122336
1699248282.5382566 -0.01417609154158504 -0.013265444728122336
1699248282.5967264 -0.014945732217600927 -0.012686655480453536
1699248282.9363656 -0.014945732217600927 -0.012686655480453536
1699248282.9921224 -0.014945732217600927 -0.012686655480453536
1699248283.0422513 -0.014945732217600927 -0.012686655480453536
1699248283.0989685 -0.015608276812973053 -0.012154951918605297
1699248283.4387066 -0.016096364654500546 -0.011678018982666122
1699248283.771768 -0.016096364654500546 -0.011678018982666122
1699248283.8262568 -0.016516854750596617 -0.011159806935209552
1699248284.152561 -0.016516854750596617 -0.011159806935209552
1699248284.2166812 -0.016516854750596617 -0.011159806935209552
1699248284.283124 -0.016516854750596617 -0.011159806935209552
1699248284.3365436 -0.018263381023690198 -0.010088818842338917
1699248284.7210653 -0.018263381023690198 -0.010088818842338917
1699248284.7840204 -0.018263381023690198 -0.010088818842338917
1699248284.8482897 -0.018263381023690198 -0.010088818842338917
1699248284.9139073 -0.018946818022492578 -0.009579136942837829
1699248285.2680933 -0.01952958075987506 -0.009096733111976722
1699248285.5830443 -0.01952958075987506 -0.009096733111976722
1699248285.6326902 -0.020103901940080347 -0.008635337404997858
1699248285.9786673 -0.020103901940080347 -0.008635337404997858
1699248286.0284977 -0.020103901940080347 -0.008635337404997858
1699248286.0924966 -0.020103901940080347 -0.008635337404997858
1699248286.1452682 -0.020939206186881987 -0.007674174958820467
1699248286.4742937 -0.020939206186881987 -0.007674174958820467
1699248286.544813 -0.020939206186881987 -0.007674174958820467
1699248286.6205378 -0.020939206186881987 -0.007674174958820467
1699248286.68926 -0.02133076928567378 -0.007230756296311789
1699248287.0448928 -0.021623429672827835 -0.006796049842577819
1699248287.3889952 -0.021623429672827835 -0.006796049842577819
1699248287.4417076 -0.02234804637813077 -0.00638711115253059
1699248287.7614021 -0.02234804637813077 -0.00638711115253059
1699248287.8237352 -0.02234804637813077 -0.00638711115253059
1699248287.8764133 -0.0230023207372811 -0.006027143301703735
1699248288.2130513 -0.0230023207372811 -0.006027143301703735
1699248288.2642055 -0.0230023207372811 -0.006027143301703735
1699248288.3198135 -0.0230023207372811 -0.006027143301703735
1699248288.3753893 -0.023567710956550244 -0.005664486810551519
1699248288.7079709 -0.023567710956550244 -0.005664486810551519
1699248288.7667015 -0.023567710956550244 -0.005664486810551519
1699248288.8244784 -0.023567710956550244 -0.005664486810551519
1699248288.8975496 -0.024469505003409473 -0.004955272800527124
1699248289.1958613 -0.024469505003409473 -0.004955272800527124
1699248289.251225 -0.024469505003409473 -0.004955272800527124
1699248289.3153584 -0.024469505003409473 -0.004955272800527124
1699248289.3586257 -0.02512810186693437 -0.004385006594464689
1699248289.6978617 -0.02512810186693437 -0.004385006594464689
1699248289.7776985 -0.02512810186693437 -0.004385006594464689
1699248289.8412938 -0.02512810186693437 -0.004385006594464689
1699248289.906166 -0.02570249968433667 -0.004117678930657414
1699248290.2654731 -0.026201452244674232 -0.0038636468639906456
1699248290.5809522 -0.026201452244674232 -0.0038636468639906456
1699248290.6388648 -0.026672583159866366 -0.0036722949333166236
1699248291.0027158 -0.026672583159866366 -0.0036722949333166236
1699248291.0582502 -0.026672583159866366 -0.0036722949333166236
1699248291.113824 -0.027105799769930064 -0.003457656363102328
1699248291.4598768 -0.027105799769930064 -0.003457656363102328
1699248291.5170248 -0.027105799769930064 -0.003457656363102328
1699248291.5824761 -0.027105799769930064 -0.003457656363102328
1699248291.634701 -0.02790981846302391 -0.0030779410221585656
1699248291.9755428 -0.02790981846302391 -0.0030779410221585656
1699248292.030315 -0.02790981846302391 -0.0030779410221585656
1699248292.0819361 -0.028158857868724897 -0.0029650500903153645
1699248292.4576545 -0.028158857868724897 -0.0029650500903153645
1699248292.525069 -0.028158857868724897 -0.0029650500903153645
1699248292.5943966 -0.028373928695883826 -0.0028401124515522094
1699248292.9224133 -0.028373928695883826 -0.0028401124515522094
1699248292.985336 -0.028373928695883826 -0.0028401124515522094
1699248293.0542288 -0.028373928695883826 -0.0028401124515522094
1699248293.1217797 -0.028770187438111133 -0.0027538479116797766
1699248293.509624 -0.029145928628846973 -0.0026095773433985016
1699248293.8760524 -0.029145928628846973 -0.0026095773433985016
1699248293.941181 -0.02950160808294279 -0.002501268737930306
1699248294.34159 -0.02950160808294279 -0.002501268737930306
1699248294.4091485 -0.02950160808294279 -0.002501268737930306
1699248294.4659982 -0.02981500183878319 -0.002399561937974004
1699248294.8377519 -0.02981500183878319 -0.002399561937974004
1699248294.8899012 -0.02981500183878319 -0.002399561937974004
1699248294.963961 -0.030141459760845302 -0.0022563939700826225
1699248295.3039036 -0.030141459760845302 -0.0022563939700826225
1699248295.373277 -0.030141459760845302 -0.0022563939700826225
1699248295.451067 -0.030457974002967896 -0.0021433998655838813
1699248295.8420184 -0.030457974002967896 -0.0021433998655838813
1699248295.9197836 -0.030457974002967896 -0.0021433998655838813
1699248295.9994802 -0.03081223748067067 -0.0020836599802185555
1699248296.368366 -0.03081223748067067 -0.0020836599802185555
1699248296.4242878 -0.03081223748067067 -0.0020836599802185555
1699248296.4794204 -0.031138364444074976 -0.002028171317622639
1699248296.8677588 -0.031138364444074976 -0.002028171317622639
1699248296.9334023 -0.031138364444074976 -0.002028171317622639
1699248297.000051 -0.031138364444074976 -0.002028171317622639
1699248297.0606687 -0.03147240493944568 -0.0019685568570962436
1699248297.3620524 -0.03179427214478468 -0.001923755659532158
1699248297.6762273 -0.03179427214478468 -0.001923755659532158
1699248297.732559 -0.032094716503015 -0.0018748200748005598
1699248298.0583367 -0.032094716503015 -0.0018748200748005598
1699248298.1079865 -0.032094716503015 -0.0018748200748005598
1699248298.1755798 -0.03240410961170557 -0.001861249916266499
1699248298.540489 -0.03240410961170557 -0.001861249916266499
1699248298.6100953 -0.03240410961170557 -0.001861249916266499
1699248298.6750963 -0.03240410961170557 -0.001861249916266499
1699248298.7359807 -0.03278556735252906 -0.0018376416254370454
1699248299.065681 -0.033118714068626647 -0.0018322215621825086
1699248299.4097104 -0.033118714068626647 -0.0018322215621825086
1699248299.4727554 -0.033382526994023276 -0.001838257763945448
1699248299.8062212 -0.033382526994023276 -0.001838257763945448
1699248299.865831 -0.033382526994023276 -0.001838257763945448
1699248299.9230595 -0.033382526994023276 -0.001838257763945448
1699248299.9755073 -0.033928163918597716 -0.001883929461458978
1699248300.32171 -0.033928163918597716 -0.001883929461458978
1699248300.3738708 -0.033928163918597716 -0.001883929461458978
1699248300.4235659 -0.03417239534745314 -0.0019336385253323836
1699248300.7937837 -0.03417239534745314 -0.0019336385253323836
1699248300.847881 -0.03417239534745314 -0.0019336385253323836
1699248300.9296684 -0.034412005508687206 -0.0019570009525727928
1699248301.2799106 -0.034412005508687206 -0.0019570009525727928
1699248301.3300085 -0.034412005508687206 -0.0019570009525727928
1699248301.4127784 -0.03464474225349044 -0.001998761283210725
1699248301.7596006 -0.03464474225349044 -0.001998761283210725
1699248301.8256235 -0.03464474225349044 -0.001998761283210725
1699248301.8927312 -0.03464474225349044 -0.001998761283210725
1699248301.9558783 -0.03506161532219801 -0.0020862066049708475
1699248302.2847347 -0.03506161532219801 -0.0020862066049708475
1699248302.342301 -0.03506161532219801 -0.0020862066049708475
1699248302.400506 -0.035248284001054585 -0.002123550077955352
1699248302.721277 -0.035248284001054585 -0.002123550077955352
1699248302.7724411 -0.035248284001054585 -0.002123550077955352
1699248302.826639 -0.035248284001054585 -0.002123550077955352
1699248302.8873246 -0.03544804277111307 -0.002173544221613806
1699248303.206864 -0.03544804277111307 -0.002173544221613806
1699248303.2594743 -0.03544804277111307 -0.002173544221613806
1699248303.3111084 -0.03563950186940444 -0.0022307879986111227
1699248303.6736572 -0.03563950186940444 -0.0022307879986111227
1699248303.7305164 -0.03563950186940444 -0.0022307879986111227
1699248303.7937078 -0.03563950186940444 -0.0022307879986111227
1699248303.8453963 -0.035831084429631566 -0.0022968083593061465
1699248304.1504052 -0.036036421572554364 -0.0023739408708918024
1699248304.498419 -0.036036421572554364 -0.0023739408708918024
1699248304.5544508 -0.036176752127886895 -0.0024130957796230403
1699248304.8876667 -0.036176752127886895 -0.0024130957796230403
1699248304.941188 -0.036176752127886895 -0.0024130957796230403
1699248305.0206537 -0.036176752127886895 -0.0024130957796230403
1699248305.0889337 -0.03648582698637438 -0.002524797462725169
1699248305.4582667 -0.03648582698637438 -0.002524797462725169
1699248305.5264757 -0.03648582698637438 -0.002524797462725169
1699248305.5934973 -0.03662835523396667 -0.002582227674637976
1699248305.9361632 -0.03662835523396667 -0.002582227674637976
1699248305.9953883 -0.03662835523396667 -0.002582227674637976
1699248306.0426686 -0.03662835523396667 -0.002582227674637976
1699248306.1043367 -0.03691318378988702 -0.0027065411790082915
1699248306.4333138 -0.03691318378988702 -0.0027065411790082915
1699248306.4853847 -0.03691318378988702 -0.0027065411790082915
1699248306.5384226 -0.03691318378988702 -0.0027065411790082915
1699248306.6005554 -0.03706655055654227 -0.0027770042812201813
1699248306.9944494 -0.037145242771584354 -0.0028383119954682
1699248307.3674932 -0.037145242771584354 -0.0028383119954682
1699248307.4328802 -0.03721452812774589 -0.002884690374798609
1699248307.7477798 -0.03721452812774589 -0.002884690374798609
1699248307.800576 -0.03721452812774589 -0.002884690374798609
1699248307.87405 -0.03721452812774589 -0.002884690374798609
1699248307.937655 -0.03740889494080812 -0.0029858092759120617
1699248308.2844 -0.03740889494080812 -0.0029858092759120617
1699248308.3540483 -0.03740889494080812 -0.0029858092759120617
1699248308.4213772 -0.03740889494080812 -0.0029858092759120617
1699248308.4804554 -0.03760055429753569 -0.00306599966335884
1699248308.8964846 -0.03760055429753569 -0.00306599966335884
1699248308.956407 -0.03760055429753569 -0.00306599966335884
1699248309.0229034 -0.03768606798918914 -0.003113391296999839
1699248309.4159682 -0.03768606798918914 -0.003113391296999839
1699248309.4785151 -0.03768606798918914 -0.003113391296999839
1699248309.5469198 -0.0377255598994345 -0.003160489574497892
1699248309.879146 -0.0377255598994345 -0.003160489574497892
1699248309.9381588 -0.0377255598994345 -0.003160489574497892
1699248310.040745 -0.03777919514778959 -0.003214730662320605
1699248310.4400797 -0.03777919514778959 -0.003214730662320605
1699248310.4927971 -0.03777919514778959 -0.003214730662320605
1699248310.553712 -0.03783563605248207 -0.003268958812326261
1699248310.9300942 -0.03783563605248207 -0.003268958812326261
1699248310.9861064 -0.03783563605248207 -0.003268958812326261
1699248311.0513368 -0.037886592135839385 -0.0032908207826449687
1699248311.4103365 -0.037886592135839385 -0.0032908207826449687
1699248311.4770277 -0.037886592135839385 -0.0032908207826449687
1699248311.539248 -0.037886592135839385 -0.0032908207826449687
1699248311.6020389 -0.037948879463150766 -0.003312889889186245
1699248311.9530063 -0.03802952456482182 -0.0033414465451217915
1699248312.2928069 -0.03802952456482182 -0.0033414465451217915
1699248312.35971 -0.0381018028973789 -0.003377055203420239
1699248312.6733563 -0.0381018028973789 -0.003377055203420239
1699248312.7481623 -0.0381018028973789 -0.003377055203420239
1699248312.8245146 -0.03819244593397743 -0.003407038438688887
1699248313.1643693 -0.03819244593397743 -0.003407038438688887
1699248313.2182367 -0.03819244593397743 -0.003407038438688887
1699248313.2766786 -0.038250581430411004 -0.003394221551120602
1699248313.6158352 -0.038250581430411004 -0.003394221551120602
1699248313.6672938 -0.038250581430411004 -0.003394221551120602
1699248313.7322361 -0.03830682331223048 -0.0033882520169596945
1699248314.0974026 -0.03830682331223048 -0.0033882520169596945
1699248314.1513464 -0.03830682331223048 -0.0033882520169596945
1699248314.205452 -0.038366816727566345 -0.00338792082686331
1699248314.538334 -0.038366816727566345 -0.00338792082686331
1699248314.6052659 -0.038366816727566345 -0.00338792082686331
1699248314.668652 -0.038366816727566345 -0.00338792082686331
1699248314.7420065 -0.0384360688199312 -0.0033941041969065486
1699248315.105797 -0.03850656612918442 -0.003406408727489082
1699248315.4693868 -0.03850656612918442 -0.003406408727489082
1699248315.5354838 -0.03858324650226396 -0.0034098271109196006
1699248315.9694011 -0.03858324650226396 -0.0034098271109196006
1699248316.0524049 -0.03858324650226396 -0.0034098271109196006
1699248316.1403751 -0.0386810453082933 -0.003428146781887836
1699248316.5406785 -0.0386810453082933 -0.003428146781887836
1699248316.6090689 -0.0386810453082933 -0.003428146781887836
1699248316.6863086 -0.038783347052171 -0.0034545013979253468
1699248317.105248 -0.038783347052171 -0.0034545013979253468
1699248317.1824992 -0.038783347052171 -0.0034545013979253468
1699248317.2604852 -0.03882949498445687 -0.0034435948462761884
1699248317.6277966 -0.03882949498445687 -0.0034435948462761884
1699248317.6912308 -0.03882949498445687 -0.0034435948462761884
1699248317.7483227 -0.03882949498445687 -0.0034435948462761884
1699248317.8082817 -0.03889089334874059 -0.0034390056982310634
1699248318.136139 -0.038953694873848296 -0.0034364490717691473
1699248318.443756 -0.038953694873848296 -0.0034364490717691473
1699248318.494059 -0.03900779126760033 -0.0034242574658352887
1699248318.792293 -0.03900779126760033 -0.0034242574658352887
1699248318.8438437 -0.03900779126760033 -0.0034242574658352887
1699248318.912307 -0.03900779126760033 -0.0034242574658352887
1699248318.9611816 -0.039154931692618265 -0.0034174878768736348
1699248319.274529 -0.039154931692618265 -0.0034174878768736348
1699248319.3247368 -0.039154931692618265 -0.0034174878768736348
1699248319.379297 -0.039223743153940754 -0.0034075387230282496
1699248319.6901796 -0.039223743153940754 -0.0034075387230282496
1699248319.7399004 -0.039223743153940754 -0.0034075387230282496
1699248319.7932837 -0.039223743153940754 -0.0034075387230282496
1699248319.8555868 -0.03923766457611143 -0.0033636753138088864
1699248320.1919434 -0.03926391780501923 -0.0033224110937712095
1699248320.5026133 -0.03926391780501923 -0.0033224110937712095
1699248320.5527954 -0.039293275934449354 -0.0032823097669174637
1699248320.8740993 -0.039293275934449354 -0.0032823097669174637
1699248320.9275696 -0.039293275934449354 -0.0032823097669174637
1699248320.9803176 -0.039293275934449354 -0.0032823097669174637
1699248321.0405834 -0.03937923732120185 -0.0032087085902829386
1699248321.3740394 -0.03937923732120185 -0.0032087085902829386
1699248321.4238462 -0.03937923732120185 -0.0032087085902829386
1699248321.4768872 -0.03937923732120185 -0.0032087085902829386
1699248321.5373778 -0.039389734717430964 -0.0031549615472490087
1699248321.8633454 -0.039389734717430964 -0.0031549615472490087
1699248321.929014 -0.039389734717430964 -0.0031549615472490087
1699248322.0031567 -0.03938911791809216 -0.003109769109388268
1699248322.4089608 -0.03938911791809216 -0.003109769109388268
1699248322.4661076 -0.03938911791809216 -0.003109769109388268
1699248322.5294516 -0.039406967431131 -0.003059044056386809
1699248322.8815768 -0.039406967431131 -0.003059044056386809
1699248322.9381268 -0.039406967431131 -0.003059044056386809
1699248322.9979827 -0.039406967431131 -0.003059044056386809
1699248323.0584412 -0.03943702569475967 -0.003010695099919918
1699248323.406882 -0.039472085266343666 -0.0029645285756233365
1699248323.7724206 -0.039472085266343666 -0.0029645285756233365
1699248323.8250637 -0.039504214759331226 -0.0029252063165230435
1699248324.1757824 -0.039504214759331226 -0.0029252063165230435
1699248324.232617 -0.039504214759331226 -0.0029252063165230435
1699248324.305195 -0.03954580471019708 -0.00289605083558185
1699248324.6619387 -0.03954580471019708 -0.00289605083558185
1699248324.7254093 -0.03954580471019708 -0.00289605083558185
1699248324.800791 -0.03954580471019708 -0.00289605083558185
1699248324.8639767 -0.03959739431274142 -0.0028578153768156435
1699248325.2170162 -0.03961347782630211 -0.0028140027280384706
1699248325.569627 -0.03961347782630211 -0.0028140027280384706
1699248325.632877 -0.0396249673723304 -0.0027841604157906787
