1697469432.3999474 3 0.3
1697469432.8362331 3.0 0.3
1697469433.1049695 3.0 0.3
1697469433.17037 3.0 0.3
1697469433.2363503 3.0 0.3
1697469433.3030648 3.0 0.3
1697469433.3680406 3.0 0.3
1697469433.4363668 3.0 0.3
1697469433.5083275 3.0 0.3
1697469433.5716803 3.0 0.3
1697469433.643456 3.0 0.3
1697469433.7255504 3.0 0.3
1697469433.8682954 3.0 0.3
1697469433.960432 3.0 0.3
1697469434.1054366 3.0 0.3
1697469434.2400038 3.0 0.3
1697469434.384125 3.0 0.3
1697469434.52242 3.0 0.3
1697469434.6482592 3.0 0.3
1697469434.7807336 3.0 0.3
1697469434.9202454 3.0 0.3
1697469435.0095348 3.0 0.3
1697469435.1266453 3.0 0.3
1697469435.2770994 3.0 0.3
1697469435.408337 3.0 0.3
1697469435.54971 3.0 0.3
1697469435.6902258 3.0 0.3
1697469435.823814 3.0 0.3
1697469435.9127266 3.0 0.3
1697469435.9772024 3.0 0.3
1697469436.04705 3.0 0.3
1697469436.114906 3.0 0.3
1697469436.1815906 3.0 0.3
1697469436.2472196 3.0 0.3
1697469436.3150651 3.0 0.3
1697469436.384157 3.0 0.3
1697469436.4509063 3.0 0.3
1697469436.5185971 3.0 0.3
1697469436.585953 3.0 0.3
1697469436.6580606 3.0 0.3
1697469436.7244923 3.0 0.3
1697469436.7944922 3.0 0.3
1697469436.861311 3.0 0.3
1697469436.92796 3.0 0.3
1697469436.995893 3.0 0.3
1697469437.0646584 3.0 0.3
1697469437.1323621 3.0 0.3
1697469437.2016716 3.0 0.3
1697469437.2676814 3.0 0.3
1697469437.3347323 3.0 0.3
1697469437.4030986 3.0 0.3
1697469437.4676034 3.0 0.3
1697469437.54146 3.0 0.3
1697469437.6079419 3.0 0.3
1697469437.6767673 3.0 0.3
1697469437.7412088 3.0 0.3
1697469437.8171258 3.0 0.3
1697469437.8844697 3.0 0.3
1697469437.9583797 3.0 0.3
1697469438.0260174 3.0 0.3
1697469438.0993483 3.0 0.3
1697469438.1650674 3.0 0.3
1697469438.228585 3.0 0.3
1697469438.3067956 3.0 0.3
1697469438.376726 3.0 0.3
1697469438.4361918 3.0 0.3
1697469438.5074522 3.0 0.3
1697469438.576648 3.0 0.3
1697469438.6463106 3.0 0.3
1697469438.7209558 3.0 0.3
1697469438.7921178 3.0 0.3
1697469438.8586729 3.0 0.3
1697469438.9343255 3.0 0.3
1697469439.0011992 3.0 0.3
1697469439.0715792 3.0 0.3
1697469439.135975 3.0 0.3
1697469439.2075047 3.0 0.3
1697469439.2766926 3.0 0.3
1697469439.3520994 3.0 0.3
1697469439.4222755 3.0 0.3
1697469439.4922807 3.0 0.3
1697469439.5631728 3.0 0.3
1697469439.6374016 3.0 0.3
1697469439.7070916 3.0 0.3
1697469439.7825224 3.0 0.3
1697469439.8525393 3.0 0.3
1697469439.92096 3.0 0.3
1697469439.9921267 3.0 0.3
1697469440.0645006 3.0 0.3
1697469440.1354692 3.0 0.3
1697469440.2018507 3.0 0.3
1697469440.270873 3.0 0.3
1697469440.3385682 3.0 0.3
1697469440.4051754 3.0 0.3
1697469440.4723227 3.0 0.3
1697469440.5398493 3.0 0.3
1697469440.6096056 3.0 0.3
1697469440.6777222 3.0 0.3
1697469440.7455103 3.0 0.3
1697469440.8075123 3.0 0.3
1697469440.873527 3.0 0.3
1697469440.9439275 3.0 0.3
1697469441.0125296 3.0 0.3
1697469441.081244 3.0 0.3
1697469441.1604884 3.0 0.3
1697469441.2270682 3.0 0.3
1697469441.2969074 3.0 0.3
1697469441.3668993 3.0 0.3
1697469441.439012 3.0 0.3
1697469441.5074701 3.0 0.3
1697469441.5759718 3.0 0.3
1697469441.6435776 3.0 0.3
1697469441.7104912 3.0 0.3
1697469441.782102 3.0 0.3
1697469441.8513882 3.0 0.3
1697469441.924321 3.0 0.3
1697469441.9913127 3.0 0.3
1697469442.0660527 3.0 0.3
1697469442.1406724 3.0 0.3
1697469442.2099893 3.0 0.3
1697469442.27848 3.0 0.3
1697469442.34733 3.0 0.3
1697469442.418918 3.0 0.3
1697469442.489945 3.0 0.3
1697469442.5525916 3.0 0.3
1697469442.6206872 3.0 0.3
1697469442.6935763 3.0 0.3
1697469442.7722716 3.0 0.3
1697469442.8381026 3.0 0.3
1697469442.9041533 3.0 0.3
1697469442.9713113 3.0 0.3
1697469443.0394418 3.0 0.3
1697469443.110868 3.0 0.3
1697469443.175605 3.0 0.3
1697469443.2389655 3.0 0.3
1697469443.3173504 3.0 0.3
1697469443.382126 3.0 0.3
1697469443.4559593 3.0 0.3
1697469443.5225859 3.0 0.3
1697469443.5943599 3.0 0.3
1697469443.6615832 3.0 0.3
1697469443.733764 3.0 0.3
1697469443.7964659 3.0 0.3
1697469443.8730998 3.0 0.3
1697469443.9494326 3.0 0.3
1697469444.0486166 3.0 0.3
1697469444.1864898 3.0 0.3
1697469444.284541 3.0 0.3
1697469444.3541017 3.0 0.3
1697469444.4206727 3.0 0.3
1697469444.4857965 3.0 0.3
1697469444.5577645 3.0 0.3
1697469444.6335561 3.0 0.3
1697469444.701497 3.0 0.3
1697469444.767156 3.0 0.3
1697469444.8390548 3.0 0.3
1697469444.9035053 3.0 0.3
1697469444.971416 3.0 0.3
1697469445.0365524 3.0 0.3
1697469445.1104712 3.0 0.3
1697469445.1790135 3.0 0.3
1697469445.249144 3.0 0.3
1697469445.315613 3.0 0.3
1697469445.3807113 3.0 0.3
1697469445.449333 3.0 0.3
1697469445.51751 3.0 0.3
1697469445.5838428 3.0 0.3
1697469445.648264 3.0 0.3
1697469445.7159402 3.0 0.3
1697469445.785715 3.0 0.3
1697469445.8505683 3.0 0.3
1697469445.96796 3.0 0.3
1697469446.10003 3.0 0.3
1697469446.234509 3.0 0.3
1697469446.3634305 3.0 0.3
1697469446.42969 3.0 0.3
1697469446.4954865 3.0 0.3
1697469446.5672007 3.0 0.3
1697469446.634979 3.0 0.3
1697469446.7035859 3.0 0.3
1697469446.7769287 3.0 0.3
1697469446.8481162 3.0 0.3
1697469446.9166663 3.0 0.3
1697469446.9858506 3.0 0.3
1697469447.0543506 3.0 0.3
1697469447.118028 3.0 0.3
1697469447.1899345 3.0 0.3
1697469447.2540803 3.0 0.3
1697469447.32379 3.0 0.3
1697469447.3946333 3.0 0.3
1697469447.4645433 3.0 0.3
1697469447.534403 3.0 0.3
1697469447.6012156 3.0 0.3
1697469447.667982 3.0 0.3
1697469447.7375314 3.0 0.3
1697469447.80326 3.0 0.3
1697469447.8726964 3.0 0.3
1697469447.939909 3.0 0.3
1697469448.0080233 3.0 0.3
1697469448.0749817 3.0 0.3
1697469448.1431673 3.0 0.3
1697469448.2092009 3.0 0.3
1697469448.2763195 3.0 0.3
1697469448.3495724 3.0 0.3
1697469448.4177732 3.0 0.3
1697469448.485469 3.0 0.3
1697469448.5526905 3.0 0.3
1697469448.6228666 3.0 0.3
1697469448.6860905 3.0 0.3
1697469448.7579346 3.0 0.3
1697469448.8246806 3.0 0.3
1697469448.8890057 3.0 0.3
1697469448.9592075 3.0 0.3
1697469449.0314422 3.0 0.3
1697469449.1048632 3.0 0.3
1697469449.1821449 3.0 0.3
1697469449.2468162 3.0 0.3
1697469449.315009 3.0 0.3
1697469449.3835366 3.0 0.3
1697469449.4561813 3.0 0.3
1697469449.525533 3.0 0.3
1697469449.5996928 3.0 0.3
1697469449.671382 3.0 0.3
1697469449.7412286 3.0 0.3
1697469449.8056462 3.0 0.3
1697469449.870381 3.0 0.3
1697469449.9375165 3.0 0.3
1697469450.0098405 3.0 0.3
1697469450.078293 3.0 0.3
1697469450.1463773 3.0 0.3
1697469450.2158017 3.0 0.3
1697469450.2843573 3.0 0.3
1697469450.352228 3.0 0.3
1697469450.4201832 3.0 0.3
1697469450.4972441 3.0 0.3
1697469450.5707185 3.0 0.3
1697469450.6344688 3.0 0.3
1697469450.7013228 3.0 0.3
1697469450.7702363 3.0 0.3
1697469450.839992 3.0 0.3
1697469450.910368 3.0 0.3
1697469450.9804468 3.0 0.3
1697469451.0536432 3.0 0.3
1697469451.119588 3.0 0.3
1697469451.1876361 3.0 0.3
1697469451.2561338 3.0 0.3
1697469451.3249698 3.0 0.3
1697469451.3934746 3.0 0.3
1697469451.4617112 3.0 0.3
1697469451.530578 3.0 0.3
1697469451.6028795 3.0 0.3
1697469451.6740527 3.0 0.3
1697469451.743423 3.0 0.3
1697469451.8188887 3.0 0.3
1697469451.8922107 3.0 0.3
1697469451.9560802 3.0 0.3
1697469452.0235856 3.0 0.3
1697469452.0908036 3.0 0.3
1697469452.1613479 3.0 0.3
1697469452.231784 3.0 0.3
1697469452.3328195 3.0 0.3
1697469452.402746 3.0 0.3
1697469452.4757535 3.0 0.3
1697469452.5491164 3.0 0.3
1697469452.618193 3.0 0.3
1697469452.687191 3.0 0.3
1697469452.7515178 3.0 0.3
1697469452.819652 3.0 0.3
1697469452.8892584 3.0 0.3
1697469452.9540327 3.0 0.3
1697469453.0227156 3.0 0.3
1697469453.089683 3.0 0.3
1697469453.1550684 3.0 0.3
1697469453.2247648 3.0 0.3
1697469453.2987516 3.0 0.3
1697469453.3710053 3.0 0.3
1697469453.437597 3.0 0.3
1697469453.5018349 3.0 0.3
1697469453.5690103 3.0 0.3
1697469453.6369784 3.0 0.3
1697469453.7066545 3.0 0.3
1697469453.7778556 3.0 0.3
1697469453.8525915 3.0 0.3
1697469453.919822 3.0 0.3
1697469453.9895806 3.0 0.3
1697469454.0565417 3.0 0.3
1697469454.1246367 3.0 0.3
1697469454.192604 3.0 0.3
1697469454.2619355 3.0 0.3
1697469454.33217 3.0 0.3
1697469454.4036746 3.0 0.3
1697469454.472651 3.0 0.3
1697469454.5393808 3.0 0.3
1697469454.6113396 3.0 0.3
1697469454.6818197 3.0 0.3
1697469454.7474895 3.0 0.3
1697469454.8137934 3.0 0.3
1697469454.8837636 3.0 0.3
1697469454.9588373 3.0 0.3
1697469455.023858 3.0 0.3
1697469455.1008267 3.0 0.3
1697469455.171375 3.0 0.3
1697469455.244288 3.0 0.3
1697469455.3133864 3.0 0.3
1697469455.3804128 3.0 0.3
1697469455.449739 3.0 0.3
1697469455.522488 3.0 0.3
1697469455.5930128 3.0 0.3
1697469455.658492 3.0 0.3
1697469455.7271655 3.0 0.3
1697469455.7993352 3.0 0.3
1697469455.87179 3.0 0.3
1697469455.9594252 3.0 0.3
1697469456.0860925 3.0 0.3
1697469456.1514385 3.0 0.3
1697469456.222829 3.0 0.3
1697469456.2974157 3.0 0.3
1697469456.3676074 3.0 0.3
1697469456.4335012 3.0 0.3
1697469456.504698 3.0 0.3
1697469456.5729425 3.0 0.3
1697469456.6388397 3.0 0.3
1697469456.7081692 3.0 0.3
1697469456.7744129 3.0 0.3
1697469456.8446121 3.0 0.3
1697469456.9194274 3.0 0.3
1697469456.9891703 3.0 0.3
1697469457.0548918 3.0 0.3
1697469457.1220388 3.0 0.3
1697469457.191762 3.0 0.3
1697469457.2605622 3.0 0.3
1697469457.3322718 3.0 0.3
1697469457.4024308 3.0 0.3
1697469457.4710495 3.0 0.3
1697469457.5421631 3.0 0.3
1697469457.6098776 3.0 0.3
1697469457.6938431 3.0 0.3
1697469457.767489 3.0 0.3
1697469457.8367586 3.0 0.3
1697469457.9034104 3.0 0.3
1697469457.9730308 3.0 0.3
1697469458.0421023 3.0 0.3
1697469458.1194177 3.0 0.3
1697469458.1929243 3.0 0.3
1697469458.2618513 3.0 0.3
1697469458.3314316 3.0 0.3
1697469458.400418 3.0 0.3
1697469458.4704087 3.0 0.3
1697469458.5368822 3.0 0.3
1697469458.5997024 3.0 0.3
1697469458.6712885 3.0 0.3
1697469458.737838 3.0 0.3
1697469458.8116682 3.0 0.3
1697469458.8780541 3.0 0.3
1697469458.9531898 3.0 0.3
1697469459.024234 3.0 0.3
1697469459.0936966 3.0 0.3
1697469459.1601121 3.0 0.3
1697469459.2365491 3.0 0.3
1697469459.3052278 3.0 0.3
1697469459.3708665 3.0 0.3
1697469459.442038 3.0 0.3
1697469459.506973 3.0 0.3
1697469459.5757527 3.0 0.3
1697469459.6437814 3.0 0.3
1697469459.709276 3.0 0.3
1697469459.7775016 3.0 0.3
1697469459.8519762 3.0 0.3
1697469459.92251 3.0 0.3
1697469459.9845822 3.0 0.3
1697469460.0459533 3.0 0.3
1697469460.1156003 3.0 0.3
1697469460.1812365 3.0 0.3
1697469460.2670116 3.0 0.3
1697469460.3318963 3.0 0.3
1697469460.4009962 3.0 0.3
1697469460.47109 3.0 0.3
1697469460.5372758 3.0 0.3
1697469460.6057954 3.0 0.3
1697469460.6780522 3.0 0.3
1697469460.7513628 3.0 0.3
1697469460.8217282 3.0 0.3
1697469460.906282 3.0 0.3
1697469460.9786763 3.0 0.3
1697469461.045427 3.0 0.3
1697469461.1171443 3.0 0.3
1697469461.1839025 3.0 0.3
1697469461.2570262 3.0 0.3
1697469461.3289666 3.0 0.3
1697469461.4002311 3.0 0.3
1697469461.473622 3.0 0.3
1697469461.5423622 3.0 0.3
1697469461.6081715 3.0 0.3
1697469461.6769438 3.0 0.3
1697469461.7482383 3.0 0.3
1697469461.8189325 3.0 0.3
1697469461.886582 3.0 0.3
1697469461.9557931 3.0 0.3
1697469462.023861 3.0 0.3
1697469462.0961282 3.0 0.3
1697469462.1667323 3.0 0.3
1697469462.238453 3.0 0.3
1697469462.3074079 3.0 0.3
1697469462.3750584 3.0 0.3
1697469462.4440002 3.0 0.3
1697469462.510386 3.0 0.3
1697469462.574306 3.0 0.3
1697469462.6436536 3.0 0.3
1697469462.7142823 3.0 0.3
1697469462.785402 3.0 0.3
1697469462.8568475 3.0 0.3
1697469462.9363842 3.0 0.3
1697469463.0085218 3.0 0.3
1697469463.088188 3.0 0.3
1697469463.1570318 3.0 0.3
1697469463.2277164 3.0 0.3
1697469463.2967784 3.0 0.3
1697469463.3705957 3.0 0.3
1697469463.4370522 3.0 0.3
1697469463.5054054 3.0 0.3
1697469463.5739396 3.0 0.3
1697469463.6438725 3.0 0.3
1697469463.7177885 3.0 0.3
