1697525312.092904 2 -0.1
1697525312.3438537 2.0 -0.1
1697525312.4722357 2.0 -0.1
1697525312.507307 2.0 -0.1
1697525312.5437744 2.0 -0.1
1697525312.580265 2.0 -0.1
1697525312.6114514 2.0 -0.1
1697525312.651421 2.0 -0.1
1697525312.6932862 2.0 -0.1
1697525312.7436786 2.0 -0.1
1697525312.7932456 2.0 -0.1
1697525312.8437924 2.0 -0.1
1697525312.8936822 2.0 -0.1
1697525312.9439075 2.0 -0.1
1697525312.9942029 2.0 -0.1
1697525313.0444217 2.0 -0.1
1697525313.0943797 2.0 -0.1
1697525313.1442235 2.0 -0.1
1697525313.1944468 2.0 -0.1
1697525313.2444236 2.0 -0.1
1697525313.294581 2.0 -0.1
1697525313.3451447 2.0 -0.1
1697525313.395175 2.0 -0.1
1697525313.4453583 2.0 -0.1
1697525313.4955258 2.0 -0.1
1697525313.5458477 2.0 -0.1
1697525313.5956454 2.0 -0.1
1697525313.64736 2.0 -0.1
1697525313.6960254 2.0 -0.1
1697525313.7461126 2.0 -0.1
1697525313.796239 2.0 -0.1
1697525313.8463314 2.0 -0.1
1697525313.89636 2.0 -0.1
1697525313.9464276 2.0 -0.1
1697525313.9963353 2.0 -0.1
1697525314.0465758 2.0 -0.1
1697525314.096818 2.0 -0.1
1697525314.146993 2.0 -0.1
1697525314.1973577 2.0 -0.1
1697525314.2473307 2.0 -0.1
1697525314.2973108 2.0 -0.1
1697525314.3472235 2.0 -0.1
1697525314.3973548 2.0 -0.1
1697525314.4480598 2.0 -0.1
1697525314.4981558 2.0 -0.1
1697525314.5483692 2.0 -0.1
1697525314.5983207 2.0 -0.1
1697525314.6483715 2.0 -0.1
1697525314.6986973 2.0 -0.1
1697525314.7488585 2.0 -0.1
1697525314.798952 2.0 -0.1
1697525314.8494115 2.0 -0.1
1697525314.8991933 2.0 -0.1
1697525314.949318 2.0 -0.1
1697525314.999348 2.0 -0.1
1697525315.0495124 2.0 -0.1
1697525315.0993645 2.0 -0.1
1697525315.1493716 2.0 -0.1
1697525315.1999953 2.0 -0.1
1697525315.2499013 2.0 -0.1
1697525315.3000367 2.0 -0.1
1697525315.350073 2.0 -0.1
1697525315.4002657 2.0 -0.1
1697525315.4502912 2.0 -0.1
1697525315.5001915 2.0 -0.1
1697525315.5503178 2.0 -0.1
1697525315.6011648 2.0 -0.1
1697525315.65167 2.0 -0.1
1697525315.7010245 2.0 -0.1
1697525315.7512772 2.0 -0.1
1697525315.801283 2.0 -0.1
1697525315.8513532 2.0 -0.1
1697525315.9015307 2.0 -0.1
1697525315.9517817 2.0 -0.1
1697525316.0021894 2.0 -0.1
1697525316.0524457 2.0 -0.1
1697525316.1022668 2.0 -0.1
1697525316.1522913 2.0 -0.1
1697525316.202498 2.0 -0.1
1697525316.2526689 2.0 -0.1
1697525316.3032134 2.0 -0.1
1697525316.3538942 2.0 -0.1
1697525316.4035923 2.0 -0.1
1697525316.4535692 2.0 -0.1
1697525316.5038388 2.0 -0.1
1697525316.5540698 2.0 -0.1
1697525316.6040885 2.0 -0.1
1697525316.6541998 2.0 -0.1
1697525316.7047358 2.0 -0.1
1697525316.7546191 2.0 -0.1
1697525316.804553 2.0 -0.1
1697525316.8546562 2.0 -0.1
1697525316.9046037 2.0 -0.1
1697525316.9549336 2.0 -0.1
1697525317.0048606 2.0 -0.1
1697525317.055244 2.0 -0.1
1697525317.1053603 2.0 -0.1
1697525317.1555715 2.0 -0.1
1697525317.2055724 2.0 -0.1
1697525317.2558174 2.0 -0.1
1697525317.3059294 2.0 -0.1
1697525317.3561385 2.0 -0.1
1697525317.4059803 2.0 -0.1
1697525317.4565678 2.0 -0.1
1697525317.5063763 2.0 -0.1
1697525317.5566308 2.0 -0.1
1697525317.6064868 2.0 -0.1
1697525317.6565876 2.0 -0.1
1697525317.7068806 2.0 -0.1
1697525317.7570639 2.0 -0.1
1697525317.8073034 2.0 -0.1
1697525317.857401 2.0 -0.1
1697525317.9076288 2.0 -0.1
1697525317.9576046 2.0 -0.1
1697525318.0076716 2.0 -0.1
1697525318.058478 2.0 -0.1
1697525318.1085982 2.0 -0.1
1697525318.158782 2.0 -0.1
1697525318.209117 2.0 -0.1
1697525318.2594252 2.0 -0.1
1697525318.3095543 2.0 -0.1
1697525318.3593118 2.0 -0.1
1697525318.4093444 2.0 -0.1
1697525318.459276 2.0 -0.1
1697525318.5094264 2.0 -0.1
1697525318.5600107 2.0 -0.1
1697525318.6097565 2.0 -0.1
1697525318.6604295 2.0 -0.1
1697525318.7103684 2.0 -0.1
1697525318.7605944 2.0 -0.1
1697525318.8105104 2.0 -0.1
1697525318.8606088 2.0 -0.1
1697525318.910804 2.0 -0.1
1697525318.96217 2.0 -0.1
1697525319.01116 2.0 -0.1
1697525319.061286 2.0 -0.1
1697525319.111331 2.0 -0.1
1697525319.1613522 2.0 -0.1
1697525319.21131 2.0 -0.1
1697525319.2613642 2.0 -0.1
1697525319.311286 2.0 -0.1
1697525319.361495 2.0 -0.1
1697525319.411606 2.0 -0.1
1697525319.4619434 2.0 -0.1
1697525319.5129452 2.0 -0.1
1697525319.562192 2.0 -0.1
1697525319.6122165 2.0 -0.1
1697525319.6622026 2.0 -0.1
1697525319.7127864 2.0 -0.1
1697525319.7626967 2.0 -0.1
1697525319.8129263 2.0 -0.1
1697525319.8634334 2.0 -0.1
1697525319.9138052 2.0 -0.1
1697525319.9638343 2.0 -0.1
1697525320.013922 2.0 -0.1
1697525320.064214 2.0 -0.1
1697525320.1142526 2.0 -0.1
1697525320.1643949 2.0 -0.1
1697525320.2144654 2.0 -0.1
1697525320.2642965 2.0 -0.1
1697525320.314423 2.0 -0.1
1697525320.364462 2.0 -0.1
1697525320.414716 2.0 -0.1
1697525320.4653566 2.0 -0.1
1697525320.515283 2.0 -0.1
1697525320.565306 2.0 -0.1
1697525320.6152885 2.0 -0.1
1697525320.6654313 2.0 -0.1
1697525320.7158637 2.0 -0.1
1697525320.7658885 2.0 -0.1
1697525320.8163023 2.0 -0.1
1697525320.8662612 2.0 -0.1
1697525320.9163747 2.0 -0.1
1697525320.9663625 2.0 -0.1
1697525321.0162408 2.0 -0.1
1697525321.066152 2.0 -0.1
1697525321.1164196 2.0 -0.1
1697525321.1667402 2.0 -0.1
1697525321.2170765 2.0 -0.1
1697525321.267145 2.0 -0.1
1697525321.3175244 2.0 -0.1
1697525321.3672953 2.0 -0.1
1697525321.4174252 2.0 -0.1
1697525321.467293 2.0 -0.1
1697525321.5177217 2.0 -0.1
1697525321.5688062 2.0 -0.1
1697525321.6180398 2.0 -0.1
1697525321.668597 2.0 -0.1
1697525321.7186327 2.0 -0.1
1697525321.7685049 2.0 -0.1
1697525321.8186877 2.0 -0.1
1697525321.86884 2.0 -0.1
1697525321.9188282 2.0 -0.1
1697525321.969339 2.0 -0.1
1697525322.0193326 2.0 -0.1
1697525322.0694299 2.0 -0.1
1697525322.119395 2.0 -0.1
1697525322.1696498 2.0 -0.1
1697525322.219992 2.0 -0.1
1697525322.2699053 2.0 -0.1
1697525322.3206258 2.0 -0.1
1697525322.370177 2.0 -0.1
1697525322.4203706 2.0 -0.1
1697525322.4701896 2.0 -0.1
1697525322.5203216 2.0 -0.1
1697525322.5704336 2.0 -0.1
1697525322.620716 2.0 -0.1
1697525322.6707537 2.0 -0.1
1697525322.7211466 2.0 -0.1
1697525322.77138 2.0 -0.1
1697525322.8216853 2.0 -0.1
1697525322.8716638 2.0 -0.1
1697525322.9216843 2.0 -0.1
1697525322.9719284 2.0 -0.1
1697525323.0220132 2.0 -0.1
1697525323.0730183 2.0 -0.1
1697525323.1223445 2.0 -0.1
1697525323.1724634 2.0 -0.1
1697525323.22228 2.0 -0.1
1697525323.2723036 2.0 -0.1
1697525323.322403 2.0 -0.1
1697525323.3732517 2.0 -0.1
1697525323.423135 2.0 -0.1
1697525323.4737198 2.0 -0.1
1697525323.5234518 2.0 -0.1
1697525323.5733123 2.0 -0.1
1697525323.623484 2.0 -0.1
1697525323.6734378 2.0 -0.1
1697525323.723551 2.0 -0.1
1697525323.774159 2.0 -0.1
1697525323.8248792 2.0 -0.1
1697525323.8745594 2.0 -0.1
1697525323.9246764 2.0 -0.1
1697525323.9750576 2.0 -0.1
1697525324.0250115 2.0 -0.1
1697525324.0751338 2.0 -0.1
1697525324.1251218 2.0 -0.1
1697525324.1751723 2.0 -0.1
1697525324.2254183 2.0 -0.1
1697525324.2759166 2.0 -0.1
1697525324.3258078 2.0 -0.1
1697525324.375802 2.0 -0.1
1697525324.4259984 2.0 -0.1
1697525324.4761052 2.0 -0.1
1697525324.526269 2.0 -0.1
1697525324.576131 2.0 -0.1
1697525324.6263874 2.0 -0.1
1697525324.6765547 2.0 -0.1
1697525324.726681 2.0 -0.1
1697525324.7768686 2.0 -0.1
1697525324.8272095 2.0 -0.1
1697525324.8771658 2.0 -0.1
1697525324.927239 2.0 -0.1
1697525324.9773586 2.0 -0.1
1697525325.0274727 2.0 -0.1
1697525325.0778046 2.0 -0.1
1697525325.127912 2.0 -0.1
1697525325.1780152 2.0 -0.1
1697525325.2283273 2.0 -0.1
1697525325.2803562 2.0 -0.1
1697525325.328577 2.0 -0.1
1697525325.378216 2.0 -0.1
1697525325.4285657 2.0 -0.1
1697525325.478538 2.0 -0.1
1697525325.5289636 2.0 -0.1
1697525325.5791194 2.0 -0.1
1697525325.6291106 2.0 -0.1
1697525325.6792898 2.0 -0.1
1697525325.729267 2.0 -0.1
1697525325.7794027 2.0 -0.1
1697525325.833103 2.0 -0.1
1697525325.8879871 2.0 -0.1
1697525325.9624836 2.0 -0.1
1697525326.0233417 2.0 -0.1
1697525326.079508 2.0 -0.1
1697525326.1314206 2.0 -0.1
1697525326.1853294 2.0 -0.1
1697525326.242891 2.0 -0.1
1697525326.293651 2.0 -0.1
1697525326.3480697 2.0 -0.1
1697525326.402783 2.0 -0.1
1697525326.4585817 2.0 -0.1
1697525326.5109766 2.0 -0.1
1697525326.5623486 2.0 -0.1
1697525326.6167436 2.0 -0.1
1697525326.680939 2.0 -0.1
1697525326.7341251 2.0 -0.1
1697525326.796139 2.0 -0.1
1697525326.8538463 2.0 -0.1
1697525326.9076176 2.0 -0.1
1697525326.9630077 2.0 -0.1
1697525327.018799 2.0 -0.1
