1699012560.9284475 0 0
1699012561.0751603 0 0
1699012561.1339672 0 0
1699012561.1916413 0 0
1699012561.2498424 0 0
1699012561.3078043 0 0
1699012561.3649535 0 0
1699012561.4260845 0 0
1699012561.4847748 0 0
1699012561.5426898 0 0
1699012561.6003911 0 0
1699012561.658569 0 0
1699012561.7170773 0 0
1699012561.7728355 0 0
1699012561.829543 0 0
1699012561.887602 0 0
1699012561.942955 0 0
1699012561.9966433 0 0
1699012562.0527012 0 0
1699012562.110515 0 0
1699012562.167527 0 0
1699012562.2240055 0 0
1699012562.281926 0 0
1699012562.3381283 0 0
1699012562.395849 0 0
1699012562.4528897 0 0
