1697188523.7479162 -0.0 0
1697188524.1618783 -0.0 0
1697188524.4814665 -0.0 0
1697188524.5418558 -0.0 0
1697188524.615751 -0.0 0
1697188524.6748478 -0.0 0
1697188524.7335906 -0.0 0
1697188524.81421 -0.0 0
1697188524.8765783 -0.0 0
1697188524.9532204 -0.0 0
1697188525.0136225 -0.0 0
1697188525.0741837 -0.0 0
1697188525.1367202 -0.0 0
1697188525.195062 -0.0 0
1697188525.2590961 -0.0 0
1697188525.3203466 -0.0 0
1697188525.374649 -0.0 0
1697188525.45046 -0.0 0
1697188525.5068672 -0.0 0
1697188525.566534 -0.0 0
1697188525.6281257 -0.0 0
1697188525.6843646 -0.0 0
1697188525.7465842 -0.0 0
1697188525.8122256 -0.0 0
1697188525.8768098 -0.0 0
1697188525.9405215 -0.0 0
1697188526.0003145 -0.0 0
1697188526.061815 -0.0 0
1697188526.1267042 -0.0 0
1697188526.1877744 -0.0 0
1697188526.2513933 -0.0 0
1697188526.308786 -0.0 0
1697188526.3780465 -0.0 0
1697188526.4450696 -0.0 0
1697188526.5065043 -0.0 0
1697188526.5619912 -0.0 0
1697188526.6262069 -0.0 0
1697188526.6858237 -0.0 0
1697188526.7600338 -0.0 0
1697188526.8178272 -0.0 0
1697188526.8806987 -0.0 0
1697188526.9425337 -0.0 0
1697188527.0105877 -0.0 0
1697188527.0676684 -0.0 0
1697188527.1315992 -0.0 0
1697188527.1895816 -0.0 0
1697188527.253692 -0.0 0
1697188527.3141994 -0.0 0
1697188527.371728 -0.0 0
1697188527.4339776 -0.0 0
1697188527.4919662 -0.0 0
1697188527.561465 -0.0 0
1697188527.6238742 -0.0 0
1697188527.6838207 -0.0 0
1697188527.7434263 -0.0 0
1697188527.8159194 -0.0 0
1697188527.8777277 -0.0 0
1697188527.9498572 -0.0 0
1697188528.0120726 -0.0 0
1697188528.0785966 -0.0 0
1697188528.1418307 -0.0 0
1697188528.2022033 -0.0 0
1697188528.2618256 -0.0 0
1697188528.3303626 -0.0 0
1697188528.3992155 -0.0 0
1697188528.4745615 -0.0 0
1697188528.5283198 -0.0 0
1697188528.5919561 -0.0 0
1697188528.651973 -0.0 0
1697188528.7159572 -0.0 0
1697188528.7839253 -0.0 0
1697188528.8514822 -0.0 0
1697188528.9145656 -0.0 0
1697188528.9787617 -0.0 0
1697188529.059937 -0.0 0
1697188529.1184115 -0.0 0
1697188529.1780286 -0.0 0
1697188529.2427182 -0.0 0
1697188529.3030694 -0.0 0
1697188529.3606656 -0.0 0
1697188529.4224703 -0.0 0
1697188529.4839315 -0.0 0
1697188529.5559034 -0.0 0
1697188529.6143613 -0.0 0
1697188529.6846569 -0.0 0
1697188529.7440617 -0.0 0
1697188529.8064084 -0.0 0
1697188529.8616607 -0.0 0
1697188529.9255927 -0.0 0
1697188529.9881923 -0.0 0
1697188530.0462766 -0.0 0
1697188530.114922 -0.0 0
1697188530.1741 -0.0 0
1697188530.233155 -0.0 0
1697188530.283884 -0.0 0
1697188530.3377323 -0.0 0
1697188530.386192 -0.0 0
1697188530.453385 -0.0 0
1697188530.5411727 -0.0 0
1697188530.6031322 -0.0 0
1697188530.6577585 -0.0 0
1697188530.716923 -0.0 0
1697188530.7793396 -0.0 0
1697188530.854563 -0.0 0
1697188530.9226875 -0.0 0
1697188530.982797 -0.0 0
1697188531.046135 -0.0 0
1697188531.0998867 -0.0 0
1697188531.1603682 -0.0 0
1697188531.218599 -0.0 0
1697188531.2910085 -0.0 0
1697188531.3507857 -0.0 0
1697188531.4101489 -0.0 0
1697188531.476566 -0.0 0
1697188531.5369995 -0.0 0
1697188531.5911431 -0.0 0
1697188531.6490374 -0.0 0
1697188531.712212 -0.0 0
1697188531.7800424 -0.0 0
1697188531.8456705 -0.0 0
1697188531.9090395 -0.0 0
1697188531.9818337 -0.0 0
1697188532.0352519 -0.0 0
1697188532.0945506 -0.0 0
1697188532.1552947 -0.0 0
1697188532.21814 -0.0 0
1697188532.278135 -0.0 0
1697188532.3341553 -0.0 0
1697188532.392622 -0.0 0
1697188532.4428499 -0.0 0
1697188532.4938061 -0.0 0
1697188532.5326054 -0.0 0
1697188532.5789218 -0.0 0
1697188532.629413 -0.0 0
1697188532.6805875 -0.0 0
1697188532.7401628 -0.0 0
1697188532.8050747 -0.0 0
1697188532.8534288 -0.0 0
1697188532.9111161 -0.0 0
1697188532.949619 -0.0 0
1697188532.9904754 -0.0 0
1697188533.0452025 -0.0 0
1697188533.0864844 -0.0 0
1697188533.1372285 -0.0 0
1697188533.1866953 -0.0 0
1697188533.2374325 -0.0 0
1697188533.2871263 -0.0 0
1697188533.3375764 -0.0 0
1697188533.3910482 -0.0 0
1697188533.4400191 -0.0 0
1697188533.4891813 -0.0 0
1697188533.5386467 -0.0 0
1697188533.5886703 -0.0 0
1697188533.6386356 -0.0 0
1697188533.6888788 -0.0 0
1697188533.7398922 -0.0 0
1697188533.7899876 -0.0 0
1697188533.8404365 -0.0 0
1697188533.8896506 -0.0 0
1697188533.9406354 -0.0 0
1697188533.989859 -0.0 0
1697188534.0402987 -0.0 0
1697188534.0900989 -0.0 0
1697188534.1404796 -0.0 0
1697188534.1909726 -0.0 0
1697188534.2409883 -0.0 0
1697188534.293248 -0.0 0
1697188534.3417826 -0.0 0
1697188534.3920333 -0.0 0
1697188534.4417562 -0.0 0
1697188534.4918687 -0.0 0
1697188534.5419838 -0.0 0
1697188534.592417 -0.0 0
1697188534.6425817 -0.0 0
1697188534.6931899 -0.0 0
1697188534.7435737 -0.0 0
1697188534.7933714 -0.0 0
1697188534.843504 -0.0 0
1697188534.8938642 -0.0 0
1697188534.9438593 -0.0 0
1697188534.9941037 -0.0 0
1697188535.0454252 -0.0 0
1697188535.0957022 -0.0 0
1697188535.1451359 -0.0 0
1697188535.1951435 -0.0 0
1697188535.2456336 -0.0 0
1697188535.295713 -0.0 0
1697188535.3457146 -0.0 0
1697188535.3959982 -0.0 0
1697188535.4574566 -0.0 0
1697188535.4983242 -0.0 0
1697188535.5470417 -0.0 0
1697188535.5968754 -0.0 0
1697188535.6477673 -0.0 0
1697188535.6975405 -0.0 0
1697188535.748151 -0.0 0
1697188535.7999165 -0.0 0
1697188535.849286 -0.0 0
1697188535.8993545 -0.0 0
1697188535.94916 -0.0 0
1697188535.9998333 -0.0 0
1697188536.0500247 -0.0 0
1697188536.1017747 -0.0 0
1697188536.1554909 -0.0 0
1697188536.209924 -0.0 0
1697188536.2556133 -0.0 0
1697188536.302892 -0.0 0
1697188536.35256 -0.0 0
1697188536.4024804 -0.0 0
1697188536.4538293 -0.0 0
1697188536.5029514 -0.0 0
1697188536.5535896 -0.0 0
1697188536.6043139 -0.0 0
1697188536.6543057 -0.0 0
1697188536.7052789 -0.0 0
1697188536.754639 -0.0 0
1697188536.8052323 -0.0 0
1697188536.855379 -0.0 0
1697188536.9057438 -0.0 0
1697188536.956865 -0.0 0
1697188537.0069835 -0.0 0
1697188537.0572402 -0.0 0
1697188537.107038 -0.0 0
1697188537.1577704 -0.0 0
1697188537.207862 -0.0 0
1697188537.257675 -0.0 0
1697188537.3079617 -0.0 0
1697188537.3582075 -0.0 0
1697188537.4087684 -0.0 0
1697188537.4614348 -0.0 0
1697188537.5108652 -0.0 0
1697188537.5615382 -0.0 0
1697188537.6111305 -0.0 0
1697188537.6612496 -0.0 0
1697188537.711256 -0.0 0
1697188537.761624 -0.0 0
1697188537.8121486 -0.0 0
1697188537.8626735 -0.0 0
1697188537.9129374 -0.0 0
1697188537.962916 -0.0 0
1697188538.013188 -0.0 0
1697188538.0630467 -0.0 0
1697188538.1136773 -0.0 0
1697188538.1640234 -0.0 0
1697188538.2156942 -0.0 0
1697188538.2641284 -0.0 0
1697188538.3143868 -0.0 0
1697188538.3643434 -0.0 0
1697188538.4143038 -0.0 0
1697188538.4645615 -0.0 0
1697188538.5147254 -0.0 0
1697188538.5659611 -0.0 0
1697188538.6186137 -0.0 0
1697188538.668704 -0.0 0
1697188538.7189195 -0.0 0
1697188538.7687838 -0.0 0
1697188538.8187985 -0.0 0
1697188538.8687704 -0.0 0
1697188538.919107 -0.0 0
1697188538.96961 -0.0 0
1697188539.0332446 -0.0 0
1697188539.095565 -0.0 0
1697188539.1401086 -0.0 0
1697188539.1946878 -0.0 0
1697188539.2461894 -0.0 0
1697188539.2856898 -0.0 0
1697188539.3285348 -0.0 0
1697188539.3741481 -0.0 0
1697188539.4250069 -0.0 0
1697188539.4752932 -0.0 0
1697188539.525774 -0.0 0
1697188539.575606 -0.0 0
1697188539.6258793 -0.0 0
1697188539.6761868 -0.0 0
1697188539.726774 -0.0 0
1697188539.7766232 -0.0 0
1697188539.82672 -0.0 0
1697188539.877696 -0.0 0
1697188539.926944 -0.0 0
1697188539.9772487 -0.0 0
1697188540.027814 -0.0 0
1697188540.0777915 -0.0 0
1697188540.128137 -0.0 0
1697188540.1786137 -0.0 0
1697188540.2366645 -0.0 0
1697188540.2792096 -0.0 0
1697188540.329646 -0.0 0
1697188540.379535 -0.0 0
1697188540.4296854 -0.0 0
1697188540.4821775 -0.0 0
1697188540.5326445 -0.0 0
1697188540.5843787 -0.0 0
1697188540.6345546 -0.0 0
1697188540.684644 -0.0 0
1697188540.7349749 -0.0 0
1697188540.7852314 -0.0 0
1697188540.8360853 -0.0 0
1697188540.8869767 -0.0 0
1697188540.93689 -0.0 0
1697188540.9870956 -0.0 0
1697188541.0424423 -0.0 0
1697188541.087663 -0.0 0
1697188541.1375313 -0.0 0
1697188541.1874459 -0.0 0
1697188541.239206 -0.0 0
1697188541.289888 -0.0 0
1697188541.3417141 -0.0 0
1697188541.3911717 -0.0 0
1697188541.4406936 -0.0 0
1697188541.4908688 -0.0 0
1697188541.5412216 -0.0 0
1697188541.5910242 -0.0 0
1697188541.6413252 -0.0 0
1697188541.6914954 -0.0 0
1697188541.741763 -0.0 0
1697188541.7921655 -0.0 0
1697188541.8422348 -0.0 0
1697188541.8926427 -0.0 0
1697188541.9429703 -0.0 0
1697188541.993084 -0.0 0
1697188542.042923 -0.0 0
1697188542.0930367 -0.0 0
1697188542.143525 -0.0 0
1697188542.1935782 -0.0 0
1697188542.2447917 -0.0 0
1697188542.301409 -0.0 0
1697188542.3495643 -0.0 0
1697188542.3948228 -0.0 0
1697188542.444742 -0.0 0
1697188542.4947786 -0.0 0
1697188542.544916 -0.0 0
1697188542.5954437 -0.0 0
1697188542.6459103 -0.0 0
1697188542.6966186 -0.0 0
1697188542.7464788 -0.0 0
1697188542.7966814 -0.0 0
1697188542.846851 -0.0 0
1697188542.8970861 -0.0 0
1697188542.9471908 -0.0 0
1697188542.9974403 -0.0 0
1697188543.0478935 -0.0 0
1697188543.0981753 -0.0 0
1697188543.148133 -0.0 0
1697188543.1988597 -0.0 0
1697188543.248989 -0.0 0
1697188543.2992473 -0.0 0
1697188543.3495407 -0.0 0
1697188543.3991864 -0.0 0
1697188543.4504368 -0.0 0
1697188543.5001125 -0.0 0
1697188543.5501688 -0.0 0
1697188543.6001327 -0.0 0
1697188543.6505299 -0.0 0
1697188543.7003498 -0.0 0
1697188543.7508254 -0.0 0
1697188543.8016994 -0.0 0
1697188543.8521445 -0.0 0
1697188543.9023418 -0.0 0
1697188543.9526117 -0.0 0
1697188544.002868 -0.0 0
1697188544.0528874 -0.0 0
1697188544.103363 -0.0 0
1697188544.1536164 -0.0 0
1697188544.2069268 -0.0 0
1697188544.2554462 -0.0 0
