1699252974.750465 0.0 0.0
1699252975.084638 0.0 0.0
1699252975.2514174 0.0 0.0
1699252975.3007812 0.0 0.0
1699252975.3516726 0.0 0.0
1699252975.401585 0.0 0.0
1699252975.4523551 0.0 0.0
1699252975.502208 0.0 0.0
1699252975.5521684 0.0 0.0
1699252975.6021087 0.0 0.0
1699252975.6524622 0.0 0.0
1699252975.7033677 0.0 0.0
1699252975.7532537 0.0 0.0
1699252975.8031132 0.0 0.0
1699252975.8539054 0.0 0.0
1699252975.9184244 0.0 0.0
1699252975.9642568 0.0 0.0
1699252976.0072367 0.0 0.0
1699252976.057001 0.0 0.0
1699252976.1068766 0.0 0.0
1699252976.157589 0.0 0.0
1699252976.2076042 0.0 0.0
1699252976.2573888 0.0 0.0
1699252976.307232 0.0 0.0
1699252976.357373 0.0 0.0
1699252976.4078326 0.0 0.0
1699252976.457825 0.0 0.0
1699252976.5090587 0.0 0.0
1699252976.558479 0.0 0.0
1699252976.614152 0.0 0.0
1699252976.667995 0.0 0.0
1699252976.715128 0.0 0.0
1699252976.7616613 0.0 0.0
1699252976.8118894 0.0 0.0
1699252976.8634908 0.0 0.0
1699252976.9131026 None None
1699252976.9630332 0.0 0.0
1699252977.0125632 0.0 0.0
1699252977.0630965 0.0 0.0
1699252977.113184 None None
1699252977.1637049 0.0 0.0
1699252977.2138507 0.0 0.0
1699252977.263716 0.0 0.0
1699252977.313831 0.0 0.0
1699252977.3775094 0.0 0.0
1699252977.4224946 None None
1699252977.4656832 0.0 0.0
1699252977.5158088 0.0 0.0
1699252977.5662146 0.0 0.0
1699252977.6167078 None None
1699252977.6678042 0.0 0.0
1699252977.717952 0.0 0.0
1699252977.7675712 0.0 0.0
1699252977.8174086 0.0 0.0
1699252977.8747647 0.0 0.0
1699252977.924758 None None
1699252977.9757552 0.0 0.0
1699252978.0252354 0.0 0.0
1699252978.0756867 0.0 0.0
1699252978.1255517 None None
1699252978.1755555 0.0 0.0
1699252978.225694 0.0 0.0
1699252978.275795 0.0 0.0
1699252978.3261943 None None
1699252978.3768404 0.0 0.0
1699252978.4268353 0.0 0.0
1699252978.47691 0.0 0.0
1699252978.527682 0.0 0.0
1699252978.578041 None None
1699252978.6276612 0.0 0.0
1699252978.6789396 0.0 0.0
1699252978.7280962 0.0 0.0
1699252978.7788534 0.0 0.0
1699252978.8303542 None None
1699252978.8804076 0.0 0.0
1699252978.9295197 0.0 0.0
1699252978.9788594 0.0 0.0
1699252979.0290923 0.0 0.0
1699252979.0794415 None None
1699252979.130602 0.0 0.0
1699252979.1827965 0.0 0.0
1699252979.232095 0.0 0.0
1699252979.2822986 0.0 0.0
1699252979.3323078 None None
1699252979.383521 0.0 0.0
1699252979.433849 0.0 0.0
1699252979.485182 0.0 0.0
1699252979.5344222 None None
1699252979.5848336 0.0 0.0
1699252979.6349263 0.0 0.0
1699252979.6852946 0.0 0.0
1699252979.7363582 None None
1699252979.7858458 0.0 0.0
1699252979.836073 0.0 0.0
1699252979.8860636 0.0 0.0
1699252979.9364398 0.0 0.0
1699252979.9864268 None None
1699252980.0368714 0.0 0.0
1699252980.0871603 0.0 0.0
1699252980.1368294 0.0 0.0
1699252980.187375 0.0 0.0
1699252980.237477 None None
1699252980.2986343 0.0 0.0
1699252980.3721163 0.0 0.0
1699252980.4205725 0.0 0.0
1699252980.4657204 0.0 0.0
1699252980.5174983 0.0 0.0
1699252980.5571148 None None
1699252980.594092 0.0 0.0
1699252980.6446133 0.0 0.0
1699252980.694041 None None
1699252980.7453175 0.0 0.0
1699252980.7960389 0.0 0.0
1699252980.8459609 0.0 0.0
1699252980.8973374 0.0 0.0
1699252980.980123 0.0 0.0
1699252981.0366023 0.0 0.0
1699252981.0920577 0.0 0.0
1699252981.142418 None None
1699252981.1934505 0.0 0.0
1699252981.2641141 0.0 0.0
1699252981.336805 0.0 0.0
1699252981.396195 0.0 0.0
1699252981.4434752 0.0 0.0
1699252981.4908452 0.0 0.0
1699252981.5417764 0.0 0.0
1699252981.6020331 0.0 0.0
1699252981.6524613 None None
1699252981.707021 0.0 0.0
1699252981.7654502 0.0 0.0
1699252981.811789 0.0 0.0
1699252981.8606358 0.0 0.0
1699252981.9080558 None None
1699252981.9742653 0.0 0.0
1699252982.0392885 0.0 0.0
1699252982.0988064 0.0 0.0
1699252982.164038 0.0 0.0
1699252982.2266426 0.0 0.0
1699252982.290727 0.0 0.0
1699252982.3511524 0.0 0.0
1699252982.3945239 0.0 0.0
1699252982.4503658 0.0 0.0
1699252982.4999456 0.0 0.0
1699252982.544273 None None
1699252982.5810864 0.0 0.0
1699252982.5993392 None None
1699252982.6428819 0.0 0.0
1699252982.6937826 0.0 0.0
1699252982.7457476 0.0 0.0
1699252982.8014443 None None
1699252982.8520505 0.0 0.0
1699252982.8978562 0.0 0.0
1699252982.9545581 0.0 0.0
1699252983.0115757 0.0 0.0
1699252983.0627162 0.0 0.0
1699252983.1167562 0.0 0.0
1699252983.1588736 None None
1699252983.1951926 0.0 0.0
1699252983.241949 0.0 0.0
1699252983.2927299 None None
1699252983.3429182 0.0 0.0
1699252983.3927033 0.0 0.0
1699252983.442692 0.0 0.0
1699252983.4927938 None None
1699252983.5432556 None None
1699252983.5946622 0.0 0.0
1699252983.6444154 0.0 0.0
1699252983.693852 0.0 0.0
1699252983.744558 0.0 0.0
1699252983.7939608 0.0 0.0
1699252983.8438108 None None
1699252983.8941064 0.0 0.0
1699252983.9442456 0.0 0.0
1699252983.9942687 0.0 0.0
1699252984.044713 0.0 0.0
1699252984.0947847 None None
1699252984.1466744 0.0 0.0
1699252984.1967022 0.0 0.0
1699252984.2473743 0.0 0.0
1699252984.297304 0.0 0.0
1699252984.347866 0.0 0.0
1699252984.3976817 None None
1699252984.4480414 0.0 0.0
1699252984.498114 0.0 0.0
1699252984.5485291 0.0 0.0
1699252984.5988154 None None
1699252984.6488616 0.0 0.0
1699252984.6990116 0.0 0.0
1699252984.7490916 0.0 0.0
1699252984.7990537 0.0 0.0
1699252984.8492265 None None
1699252984.8994534 0.0 0.0
1699252984.950337 0.0 0.0
1699252984.9999945 0.0 0.0
1699252985.050228 0.0 0.0
1699252985.100973 None None
1699252985.1510952 0.0 0.0
1699252985.2008677 0.0 0.0
1699252985.2508707 0.0 0.0
1699252985.3010573 0.0 0.0
1699252985.351719 None None
1699252985.4013417 0.0 0.0
1699252985.4529197 0.0 0.0
1699252985.5017116 0.0 0.0
1699252985.551529 0.0 0.0
1699252985.603179 None None
1699252985.6547637 0.0 0.0
1699252985.7039285 0.0 0.0
1699252985.7542775 0.0 0.0
1699252985.805211 0.0 0.0
1699252985.8558357 0.0 0.0
1699252985.9062428 None None
1699252985.9564521 0.0 0.0
1699252986.0071096 0.0 0.0
1699252986.0567887 0.0 0.0
1699252986.107203 None None
1699252986.1572568 0.0 0.0
1699252986.2075284 0.0 0.0
1699252986.2574868 0.0 0.0
1699252986.3076138 None None
1699252986.3576977 0.0 0.0
1699252986.4080613 0.0 0.0
1699252986.458257 0.0 0.0
1699252986.5088496 0.0 0.0
1699252986.5587504 None None
1699252986.6087892 0.0 0.0
1699252986.658894 0.0 0.0
1699252986.7092128 0.0 0.0
1699252986.7595346 0.0 0.0
1699252986.8098311 None None
1699252986.85981 0.0 0.0
1699252986.9099488 0.0 0.0
1699252986.9599462 0.0 0.0
1699252987.0097709 None None
1699252987.059889 0.0 0.0
1699252987.110038 0.0 0.0
1699252987.1605666 0.0 0.0
1699252987.2107155 0.0 0.0
1699252987.2613897 None None
1699252987.310862 0.0 0.0
1699252987.3607955 0.0 0.0
1699252987.4111085 0.0 0.0
1699252987.461111 0.0 0.0
1699252987.511816 None None
1699252987.5617013 0.0 0.0
1699252987.6119206 0.0 0.0
1699252987.6619418 0.0 0.0
1699252987.711859 None None
1699252987.7618604 0.0 0.0
1699252987.8118463 0.0 0.0
1699252987.8623638 0.0 0.0
1699252987.9123368 0.0 0.0
1699252987.9626853 None None
1699252988.0128734 0.0 0.0
1699252988.0634966 0.0 0.0
1699252988.1135519 0.0 0.0
1699252988.1647031 0.0 0.0
1699252988.214815 None None
1699252988.2651632 0.0 0.0
1699252988.3153431 0.0 0.0
1699252988.36653 None None
1699252988.4162736 None None
1699252988.4665644 0.0 0.0
1699252988.5177612 0.0 0.0
1699252988.5680945 0.0 0.0
1699252988.6179426 0.0 0.0
1699252988.6696806 None None
1699252988.7183022 0.0 0.0
1699252988.7686899 0.0 0.0
1699252988.8188689 0.0 0.0
1699252988.868746 None None
1699252988.919502 0.0 0.0
1699252988.9709647 0.0 0.0
1699252989.0206215 0.0 0.0
1699252989.071023 None None
1699252989.1223435 0.0 0.0
1699252989.1727736 0.0 0.0
1699252989.2254207 0.0 0.0
1699252989.2757573 0.0 0.0
1699252989.3368983 0.0 0.0
1699252989.3897188 0.17743428253578852 -0.09178621460630032
1699252989.4460437 0.16773723144997266 -0.08579617692968701
1699252989.4926255 None None
1699252989.5357685 0.16773723144997266 -0.08579617692968701
1699252989.5805538 None None
1699252989.6336896 0.09533571048294223 -0.024906977554575768
1699252989.68262 None None
1699252989.7315738 0.09533571048294223 -0.024906977554575768
1699252989.7812603 0.09533571048294223 -0.024906977554575768
1699252989.8318655 0.01703647156691096 -0.01247509815037838
1699252989.8814485 0.01703647156691096 -0.01247509815037838
1699252989.931194 0.01703647156691096 -0.01247509815037838
1699252989.9812028 -0.0006040645335180983 -0.02677115769197632
1699252990.0313175 -0.0006040645335180983 -0.02677115769197632
1699252990.0813837 -0.0006040645335180983 -0.02677115769197632
1699252990.1316626 -0.003258048361126199 -0.023948488483683382
1699252990.1816761 -0.003258048361126199 -0.023948488483683382
1699252990.2317955 -0.003258048361126199 -0.023948488483683382
1699252990.2819433 -0.0036006294880267533 -0.023296143772674104
1699252990.3322487 -0.0036006294880267533 -0.023296143772674104
1699252990.3826182 -0.0036006294880267533 -0.023296143772674104
1699252990.4323006 -0.0031757731126394366 -0.023172247204761312
1699252990.4824364 -0.0031757731126394366 -0.023172247204761312
1699252990.532397 -0.0031757731126394366 -0.023172247204761312
1699252990.582728 -0.0031757731126394366 -0.023172247204761312
1699252990.6331933 -0.0023274945678681985 -0.022389158775750966
1699252990.685594 -0.0023274945678681985 -0.022389158775750966
1699252990.7361841 -0.0023274945678681985 -0.022389158775750966
1699252990.7865012 -0.0023274945678681985 -0.022389158775750966
1699252990.8356233 -0.0032827570837422977 -0.021070073646176943
1699252990.8856761 -0.0032827570837422977 -0.021070073646176943
1699252990.9361923 -0.0032827570837422977 -0.021070073646176943
1699252990.9883368 -0.0032827570837422977 -0.021070073646176943
1699252991.0378819 -0.004949900026735968 -0.019950070561404392
1699252991.0873244 -0.004949900026735968 -0.019950070561404392
1699252991.1373208 -0.004949900026735968 -0.019950070561404392
1699252991.1873295 -0.00581621243068506 -0.019416918734326567
1699252991.2374268 -0.00581621243068506 -0.019416918734326567
1699252991.2878354 -0.00581621243068506 -0.019416918734326567
1699252991.3379862 -0.00581621243068506 -0.019416918734326567
1699252991.3885179 -0.006546822156698968 -0.019186295355719894
1699252991.4382777 -0.0069077960544609894 -0.01892787151917446
1699252991.4882178 None None
1699252991.5381708 -0.0069077960544609894 -0.01892787151917446
1699252991.5882328 -0.007126656740567647 -0.01835891323114746
1699252991.6389692 None None
1699252991.6887944 -0.007126656740567647 -0.01835891323114746
1699252991.7395673 -0.007126656740567647 -0.01835891323114746
1699252991.7900817 -0.008557938522858305 -0.017587837725011747
1699252991.841645 -0.008557938522858305 -0.017587837725011747
1699252991.890767 -0.008557938522858305 -0.017587837725011747
1699252991.9422152 -0.008557938522858305 -0.017587837725011747
1699252991.9942498 -0.009656951489645368 -0.01691315909182788
1699252992.045065 -0.010377476581940309 -0.01636497365058521
1699252992.0949054 None None
1699252992.144795 -0.010377476581940309 -0.01636497365058521
1699252992.1944065 -0.011047102494701049 -0.015894649823980384
1699252992.2444932 None None
1699252992.2945702 -0.011047102494701049 -0.015894649823980384
1699252992.3449056 -0.011047102494701049 -0.015894649823980384
1699252992.3947587 -0.011608703718881145 -0.01537831808437207
1699252992.4453347 -0.011608703718881145 -0.01537831808437207
1699252992.4962935 -0.011608703718881145 -0.01537831808437207
1699252992.5466578 -0.011608703718881145 -0.01537831808437207
1699252992.5982091 -0.01199233972241229 -0.014884227138914876
1699252992.6477017 -0.012223103357269246 -0.014417841779733378
1699252992.6975648 None None
1699252992.747362 -0.012223103357269246 -0.014417841779733378
1699252992.7978842 -0.013262384879210982 -0.013903220245255194
1699252992.8477683 None None
1699252992.899199 -0.013262384879210982 -0.013903220245255194
1699252992.9496665 -0.013262384879210982 -0.013903220245255194
1699252993.0005198 -0.01417609154158504 -0.013265444728122336
1699252993.0498583 -0.01417609154158504 -0.013265444728122336
1699252993.100288 -0.01417609154158504 -0.013265444728122336
1699252993.1501982 -0.014945732217600927 -0.012686655480453536
1699252993.2004228 -0.014945732217600927 -0.012686655480453536
1699252993.250641 -0.014945732217600927 -0.012686655480453536
1699252993.3039787 -0.014945732217600927 -0.012686655480453536
1699252993.351543 -0.015608276812973053 -0.012154951918605297
1699252993.4018905 -0.016096364654500546 -0.011678018982666122
1699252993.4525752 None None
1699252993.5025575 -0.016096364654500546 -0.011678018982666122
1699252993.552702 -0.016516854750596617 -0.011159806935209552
1699252993.602692 None None
1699252993.6550138 -0.016516854750596617 -0.011159806935209552
1699252993.7047868 -0.016516854750596617 -0.011159806935209552
1699252993.755184 -0.016516854750596617 -0.011159806935209552
1699252993.8055289 -0.018263381023690198 -0.010088818842338917
1699252993.855547 -0.018263381023690198 -0.010088818842338917
1699252993.9133198 -0.018263381023690198 -0.010088818842338917
1699252993.9690356 -0.018263381023690198 -0.010088818842338917
1699252994.0139804 -0.018946818022492578 -0.009579136942837829
1699252994.0607688 -0.01952958075987506 -0.009096733111976722
1699252994.1107683 None None
1699252994.161073 -0.01952958075987506 -0.009096733111976722
1699252994.2107766 -0.020103901940080347 -0.008635337404997858
1699252994.2606835 None None
1699252994.3134112 -0.020103901940080347 -0.008635337404997858
1699252994.363115 -0.020103901940080347 -0.008635337404997858
1699252994.4130328 -0.020103901940080347 -0.008635337404997858
1699252994.4634316 -0.020939206186881987 -0.007674174958820467
1699252994.5126908 None None
1699252994.5627499 -0.020939206186881987 -0.007674174958820467
1699252994.6128423 -0.020939206186881987 -0.007674174958820467
1699252994.6635745 -0.020939206186881987 -0.007674174958820467
1699252994.7131069 -0.02133076928567378 -0.007230756296311789
1699252994.7633116 -0.021623429672827835 -0.006796049842577819
1699252994.8136172 None None
1699252994.8638408 -0.021623429672827835 -0.006796049842577819
1699252994.9140778 -0.02234804637813077 -0.00638711115253059
1699252994.964142 None None
1699252995.0141833 -0.02234804637813077 -0.00638711115253059
1699252995.0645323 -0.02234804637813077 -0.00638711115253059
1699252995.1149223 -0.0230023207372811 -0.006027143301703735
1699252995.1649933 -0.0230023207372811 -0.006027143301703735
1699252995.215494 -0.0230023207372811 -0.006027143301703735
1699252995.265113 -0.0230023207372811 -0.006027143301703735
1699252995.315501 -0.023567710956550244 -0.005664486810551519
1699252995.3652835 -0.023567710956550244 -0.005664486810551519
1699252995.4164066 -0.023567710956550244 -0.005664486810551519
1699252995.4677107 -0.023567710956550244 -0.005664486810551519
1699252995.517195 -0.024469505003409473 -0.004955272800527124
1699252995.5675626 -0.024469505003409473 -0.004955272800527124
1699252995.6197748 -0.024469505003409473 -0.004955272800527124
1699252995.6682904 -0.024469505003409473 -0.004955272800527124
1699252995.7192347 -0.02512810186693437 -0.004385006594464689
1699252995.7692 -0.02512810186693437 -0.004385006594464689
1699252995.819558 -0.02512810186693437 -0.004385006594464689
1699252995.8695266 -0.02512810186693437 -0.004385006594464689
1699252995.9201822 -0.02570249968433667 -0.004117678930657414
1699252995.9707706 -0.026201452244674232 -0.0038636468639906456
1699252996.021348 None None
1699252996.072802 -0.026201452244674232 -0.0038636468639906456
1699252996.122004 -0.026672583159866366 -0.0036722949333166236
1699252996.171475 None None
1699252996.2215154 -0.026672583159866366 -0.0036722949333166236
1699252996.2715187 -0.026672583159866366 -0.0036722949333166236
1699252996.3217146 -0.027105799769930064 -0.003457656363102328
1699252996.3723705 -0.027105799769930064 -0.003457656363102328
1699252996.4222796 -0.027105799769930064 -0.003457656363102328
1699252996.4725761 -0.027105799769930064 -0.003457656363102328
1699252996.522658 -0.02790981846302391 -0.0030779410221585656
1699252996.573204 -0.02790981846302391 -0.0030779410221585656
1699252996.6228497 -0.02790981846302391 -0.0030779410221585656
1699252996.6728277 -0.028158857868724897 -0.0029650500903153645
1699252996.7229657 -0.028158857868724897 -0.0029650500903153645
1699252996.7731426 -0.028158857868724897 -0.0029650500903153645
1699252996.8239603 -0.028373928695883826 -0.0028401124515522094
1699252996.8741882 -0.028373928695883826 -0.0028401124515522094
1699252996.9238553 -0.028373928695883826 -0.0028401124515522094
1699252996.9738343 -0.028373928695883826 -0.0028401124515522094
1699252997.0240278 -0.028770187438111133 -0.0027538479116797766
1699252997.0740266 -0.029145928628846973 -0.0026095773433985016
1699252997.1242464 None None
1699252997.174878 -0.029145928628846973 -0.0026095773433985016
1699252997.224637 -0.02950160808294279 -0.002501268737930306
1699252997.2749877 None None
1699252997.3250551 -0.02950160808294279 -0.002501268737930306
1699252997.3749783 -0.02950160808294279 -0.002501268737930306
1699252997.4252791 -0.02981500183878319 -0.002399561937974004
1699252997.4757454 -0.02981500183878319 -0.002399561937974004
1699252997.525716 -0.02981500183878319 -0.002399561937974004
1699252997.5760517 -0.030141459760845302 -0.0022563939700826225
1699252997.6261299 -0.030141459760845302 -0.0022563939700826225
1699252997.6763663 -0.030141459760845302 -0.0022563939700826225
1699252997.7264543 -0.030457974002967896 -0.0021433998655838813
1699252997.7763216 -0.030457974002967896 -0.0021433998655838813
1699252997.8265026 -0.030457974002967896 -0.0021433998655838813
1699252997.8767316 -0.03081223748067067 -0.0020836599802185555
1699252997.9267528 -0.03081223748067067 -0.0020836599802185555
1699252997.9770958 -0.03081223748067067 -0.0020836599802185555
1699252998.0276423 -0.031138364444074976 -0.002028171317622639
1699252998.0775979 -0.031138364444074976 -0.002028171317622639
1699252998.1278002 -0.031138364444074976 -0.002028171317622639
1699252998.1777716 -0.031138364444074976 -0.002028171317622639
1699252998.2277067 -0.03147240493944568 -0.0019685568570962436
1699252998.2787218 -0.03179427214478468 -0.001923755659532158
1699252998.3283746 None None
1699252998.3786757 None None
1699252998.4288228 -0.03179427214478468 -0.001923755659532158
1699252998.47867 -0.032094716503015 -0.0018748200748005598
1699252998.528938 None None
1699252998.5789664 -0.032094716503015 -0.0018748200748005598
1699252998.6293473 -0.032094716503015 -0.0018748200748005598
1699252998.6802325 -0.03240410961170557 -0.001861249916266499
1699252998.729748 -0.03240410961170557 -0.001861249916266499
1699252998.7800376 -0.03240410961170557 -0.001861249916266499
1699252998.8307571 -0.03240410961170557 -0.001861249916266499
1699252998.8808963 -0.03278556735252906 -0.0018376416254370454
1699252998.930741 -0.033118714068626647 -0.0018322215621825086
1699252998.9807882 None None
1699252999.0329359 -0.033118714068626647 -0.0018322215621825086
1699252999.0812557 -0.033382526994023276 -0.001838257763945448
1699252999.131201 None None
1699252999.181612 -0.033382526994023276 -0.001838257763945448
1699252999.2326362 -0.033382526994023276 -0.001838257763945448
1699252999.2827818 -0.033382526994023276 -0.001838257763945448
1699252999.333056 -0.033928163918597716 -0.001883929461458978
1699252999.382962 -0.033928163918597716 -0.001883929461458978
1699252999.4330173 -0.033928163918597716 -0.001883929461458978
1699252999.4835274 -0.03417239534745314 -0.0019336385253323836
1699252999.5334866 -0.03417239534745314 -0.0019336385253323836
1699252999.5834901 -0.03417239534745314 -0.0019336385253323836
1699252999.633749 -0.034412005508687206 -0.0019570009525727928
1699252999.6840198 -0.034412005508687206 -0.0019570009525727928
1699252999.7338421 -0.034412005508687206 -0.0019570009525727928
1699252999.7844336 -0.03464474225349044 -0.001998761283210725
1699252999.8344715 -0.03464474225349044 -0.001998761283210725
1699252999.8847198 -0.03464474225349044 -0.001998761283210725
1699252999.936285 -0.03464474225349044 -0.001998761283210725
1699252999.9862118 -0.03506161532219801 -0.0020862066049708475
1699253000.0363243 -0.03506161532219801 -0.0020862066049708475
