1697525419.0482247 -0.0 0
1697525419.288436 -0.0 0
1697525419.4172645 -0.0 0
1697525419.4557185 -0.0 0
1697525419.4912894 -0.0 0
1697525419.529604 -0.0 0
1697525419.5642238 -0.0 0
1697525419.6013997 -0.0 0
1697525419.6394413 -0.0 0
1697525419.6882565 -0.0 0
1697525419.738362 -0.0 0
1697525419.788709 -0.0 0
1697525419.8387213 -0.0 0
1697525419.8890066 -0.0 0
1697525419.9392967 -0.0 0
1697525419.9892626 -0.0 0
1697525420.0393748 -0.0 0
1697525420.0895758 -0.0 0
1697525420.1397328 -0.0 0
1697525420.1898532 -0.0 0
1697525420.2402437 -0.0 0
1697525420.2902293 -0.0 0
1697525420.3406067 -0.0 0
1697525420.3904734 -0.0 0
1697525420.4407103 -0.0 0
1697525420.490937 -0.0 0
1697525420.5410614 -0.0 0
1697525420.5923052 -0.0 0
1697525420.6412313 -0.0 0
1697525420.6918323 -0.0 0
1697525420.7421637 -0.0 0
1697525420.7922645 -0.0 0
1697525420.8423903 -0.0 0
1697525420.8924482 -0.0 0
1697525420.9424205 -0.0 0
1697525420.9927292 -0.0 0
1697525421.043352 -0.0 0
1697525421.0931652 -0.0 0
1697525421.1432986 -0.0 0
1697525421.1933887 -0.0 0
1697525421.243341 -0.0 0
1697525421.2932434 -0.0 0
1697525421.343417 -0.0 0
1697525421.3936703 -0.0 0
1697525421.4441688 -0.0 0
1697525421.4940782 -0.0 0
1697525421.545338 -0.0 0
1697525421.5948248 -0.0 0
1697525421.6450124 -0.0 0
1697525421.696306 -0.0 0
1697525421.7459562 -0.0 0
1697525421.7960598 -0.0 0
1697525421.8459237 -0.0 0
1697525421.8960624 -0.0 0
1697525421.9461675 -0.0 0
1697525421.9962723 -0.0 0
1697525422.046352 -0.0 0
1697525422.0966458 -0.0 0
1697525422.1467257 -0.0 0
1697525422.1978064 -0.0 0
1697525422.2478535 -0.0 0
1697525422.2981737 -0.0 0
1697525422.348222 -0.0 0
1697525422.3982697 -0.0 0
1697525422.448764 -0.0 0
1697525422.4988894 -0.0 0
1697525422.548761 -0.0 0
1697525422.5989063 -0.0 0
1697525422.6493547 -0.0 0
1697525422.6995974 -0.0 0
1697525422.7491674 -0.0 0
1697525422.7991033 -0.0 0
1697525422.8493037 -0.0 0
1697525422.8993926 -0.0 0
1697525422.9494622 -0.0 0
1697525422.999703 -0.0 0
1697525423.0499146 -0.0 0
1697525423.100062 -0.0 0
1697525423.1501596 -0.0 0
1697525423.2015886 -0.0 0
1697525423.2519598 -0.0 0
1697525423.3019338 -0.0 0
1697525423.3520703 -0.0 0
1697525423.4022074 -0.0 0
1697525423.4523907 -0.0 0
1697525423.5022995 -0.0 0
1697525423.55338 -0.0 0
1697525423.6025908 -0.0 0
1697525423.652945 -0.0 0
1697525423.7028928 -0.0 0
1697525423.7529685 -0.0 0
1697525423.8031144 -0.0 0
1697525423.8531284 -0.0 0
1697525423.9031954 -0.0 0
1697525423.9538243 -0.0 0
1697525424.00404 -0.0 0
1697525424.053906 -0.0 0
1697525424.105644 -0.0 0
1697525424.1555617 -0.0 0
1697525424.2056937 -0.0 0
1697525424.2571707 -0.0 0
1697525424.30603 -0.0 0
1697525424.3564563 -0.0 0
1697525424.4063733 -0.0 0
1697525424.4568317 -0.0 0
1697525424.506653 -0.0 0
1697525424.5568025 -0.0 0
1697525424.6069083 -0.0 0
1697525424.6571279 -0.0 0
1697525424.7073925 -0.0 0
1697525424.7575462 -0.0 0
1697525424.807575 -0.0 0
1697525424.85831 -0.0 0
1697525424.907967 -0.0 0
1697525424.958025 -0.0 0
1697525425.0086782 -0.0 0
1697525425.0582855 -0.0 0
1697525425.1085725 -0.0 0
1697525425.1585388 -0.0 0
1697525425.2085462 -0.0 0
1697525425.2589538 -0.0 0
1697525425.3088763 -0.0 0
1697525425.359074 -0.0 0
1697525425.4094396 -0.0 0
1697525425.4594517 -0.0 0
1697525425.5096304 -0.0 0
1697525425.5595558 -0.0 0
1697525425.6097305 -0.0 0
1697525425.6601353 -0.0 0
1697525425.710304 -0.0 0
1697525425.7610793 -0.0 0
1697525425.8106523 -0.0 0
1697525425.86076 -0.0 0
1697525425.9110343 -0.0 0
1697525425.961232 -0.0 0
1697525426.0113368 -0.0 0
1697525426.0612915 -0.0 0
1697525426.1112363 -0.0 0
1697525426.1615605 -0.0 0
1697525426.211953 -0.0 0
1697525426.2619655 -0.0 0
1697525426.3122694 -0.0 0
1697525426.3625011 -0.0 0
1697525426.412679 -0.0 0
1697525426.4625592 -0.0 0
1697525426.5128806 -0.0 0
1697525426.562956 -0.0 0
1697525426.613002 -0.0 0
1697525426.6629944 -0.0 0
1697525426.7132335 -0.0 0
1697525426.7631893 -0.0 0
1697525426.8132699 -0.0 0
1697525426.863288 -0.0 0
1697525426.9136975 -0.0 0
1697525426.9642313 -0.0 0
1697525427.0140474 -0.0 0
1697525427.0642667 -0.0 0
1697525427.1142697 -0.0 0
1697525427.1642952 -0.0 0
1697525427.2145717 -0.0 0
1697525427.2647588 -0.0 0
1697525427.3149343 -0.0 0
1697525427.365053 -0.0 0
1697525427.4150138 -0.0 0
1697525427.4651363 -0.0 0
1697525427.5153847 -0.0 0
1697525427.5663552 -0.0 0
1697525427.6168447 -0.0 0
1697525427.6687293 -0.0 0
1697525427.7194183 -0.0 0
1697525427.7692251 -0.0 0
1697525427.8189309 -0.0 0
1697525427.868814 -0.0 0
1697525427.9188194 -0.0 0
1697525427.9689965 -0.0 0
1697525428.0195215 -0.0 0
1697525428.0694056 -0.0 0
1697525428.1191976 -0.0 0
1697525428.1698918 -0.0 0
1697525428.2195458 -0.0 0
1697525428.2695677 -0.0 0
1697525428.3200717 -0.0 0
1697525428.3702765 -0.0 0
1697525428.4202406 -0.0 0
1697525428.4702842 -0.0 0
1697525428.520326 -0.0 0
1697525428.5707068 -0.0 0
1697525428.621157 -0.0 0
1697525428.6709669 -0.0 0
1697525428.7213156 -0.0 0
1697525428.771283 -0.0 0
1697525428.8214018 -0.0 0
1697525428.8715253 -0.0 0
1697525428.921634 -0.0 0
1697525428.9720664 -0.0 0
1697525429.0219831 -0.0 0
1697525429.0724075 -0.0 0
1697525429.1224365 -0.0 0
1697525429.172559 -0.0 0
1697525429.222778 -0.0 0
1697525429.273064 -0.0 0
1697525429.3231037 -0.0 0
1697525429.3731828 -0.0 0
1697525429.4231846 -0.0 0
1697525429.474226 -0.0 0
1697525429.5242152 -0.0 0
1697525429.5743518 -0.0 0
1697525429.624346 -0.0 0
1697525429.6746309 -0.0 0
1697525429.7241578 -0.0 0
1697525429.77406 -0.0 0
1697525429.8241622 -0.0 0
1697525429.874503 -0.0 0
1697525429.9246924 -0.0 0
1697525429.9748318 -0.0 0
1697525430.0249336 -0.0 0
1697525430.0755124 -0.0 0
1697525430.1255345 -0.0 0
1697525430.175799 -0.0 0
1697525430.2259364 -0.0 0
1697525430.2760396 -0.0 0
1697525430.326249 -0.0 0
1697525430.3763733 -0.0 0
1697525430.426854 -0.0 0
1697525430.476563 -0.0 0
1697525430.5267222 -0.0 0
1697525430.5770304 -0.0 0
1697525430.6273298 -0.0 0
1697525430.6773767 -0.0 0
1697525430.7272902 -0.0 0
1697525430.7773612 -0.0 0
1697525430.8274462 -0.0 0
1697525430.877597 -0.0 0
1697525430.9283087 -0.0 0
1697525430.9780126 -0.0 0
1697525431.0282605 -0.0 0
1697525431.0783303 -0.0 0
1697525431.1282966 -0.0 0
1697525431.1781929 -0.0 0
1697525431.2282588 -0.0 0
1697525431.2782784 -0.0 0
1697525431.3292239 -0.0 0
1697525431.3789945 -0.0 0
1697525431.429109 -0.0 0
1697525431.479364 -0.0 0
1697525431.529363 -0.0 0
1697525431.5792608 -0.0 0
1697525431.6295037 -0.0 0
1697525431.6795926 -0.0 0
1697525431.7299163 -0.0 0
1697525431.7801526 -0.0 0
1697525431.8302724 -0.0 0
1697525431.880437 -0.0 0
1697525431.9304864 -0.0 0
1697525431.9806504 -0.0 0
1697525432.0308208 -0.0 0
1697525432.0812721 -0.0 0
1697525432.1310775 -0.0 0
1697525432.1812289 -0.0 0
1697525432.2313533 -0.0 0
1697525432.2816753 -0.0 0
1697525432.3312252 -0.0 0
1697525432.3813853 -0.0 0
1697525432.431516 -0.0 0
1697525432.481979 -0.0 0
1697525432.5323575 -0.0 0
1697525432.5823731 -0.0 0
1697525432.6327288 -0.0 0
1697525432.6829233 -0.0 0
1697525432.7330155 -0.0 0
1697525432.7831655 -0.0 0
1697525432.833287 -0.0 0
1697525432.8833072 -0.0 0
1697525432.9332654 -0.0 0
1697525432.9835713 -0.0 0
1697525433.0336442 -0.0 0
1697525433.0839694 -0.0 0
1697525433.1339295 -0.0 0
1697525433.1847277 -0.0 0
1697525433.2343152 -0.0 0
1697525433.2843506 -0.0 0
1697525433.3342993 -0.0 0
1697525433.3843133 -0.0 0
1697525433.434355 -0.0 0
1697525433.4845998 -0.0 0
1697525433.5348558 -0.0 0
1697525433.585634 -0.0 0
1697525433.63539 -0.0 0
1697525433.6856399 -0.0 0
1697525433.7355044 -0.0 0
1697525433.7854156 -0.0 0
1697525433.8356109 -0.0 0
1697525433.8858612 -0.0 0
1697525433.9365063 -0.0 0
1697525433.9862983 -0.0 0
1697525434.0364778 -0.0 0
1697525434.0864053 -0.0 0
1697525434.1367042 -0.0 0
1697525434.186751 -0.0 0
1697525434.2369063 -0.0 0
1697525434.2871246 -0.0 0
1697525434.337252 -0.0 0
1697525434.3873177 -0.0 0
1697525434.4374216 -0.0 0
1697525434.4873335 -0.0 0
1697525434.537475 -0.0 0
1697525434.5877895 -0.0 0
1697525434.637869 -0.0 0
1697525434.6881032 -0.0 0
1697525434.7383866 -0.0 0
1697525434.7884636 -0.0 0
1697525434.838537 -0.0 0
1697525434.8884523 -0.0 0
1697525434.9386957 -0.0 0
1697525434.9888494 -0.0 0
1697525435.0390146 -0.0 0
1697525435.0896668 -0.0 0
1697525435.1392634 -0.0 0
1697525435.1894612 -0.0 0
1697525435.2394192 -0.0 0
1697525435.2898197 -0.0 0
1697525435.3398438 -0.0 0
1697525435.3901339 -0.0 0
1697525435.4403648 -0.0 0
1697525435.490443 -0.0 0
1697525435.5403755 -0.0 0
1697525435.591058 -0.0 0
1697525435.6416802 -0.0 0
1697525435.690882 -0.0 0
1697525435.7410078 -0.0 0
1697525435.7912316 -0.0 0
1697525435.8412592 -0.0 0
1697525435.8914955 -0.0 0
1697525435.9415653 -0.0 0
1697525435.992121 -0.0 0
1697525436.0422986 -0.0 0
1697525436.0925906 -0.0 0
1697525436.1422873 -0.0 0
1697525436.1928976 -0.0 0
1697525436.2429564 -0.0 0
1697525436.293467 -0.0 0
1697525436.3432863 -0.0 0
1697525436.393512 -0.0 0
1697525436.4432883 -0.0 0
1697525436.4943426 -0.0 0
1697525436.5449364 -0.0 0
1697525436.59486 -0.0 0
1697525436.6450806 -0.0 0
1697525436.6952376 -0.0 0
1697525436.7455437 -0.0 0
1697525436.7952092 -0.0 0
1697525436.845321 -0.0 0
1697525436.8953652 -0.0 0
1697525436.945638 -0.0 0
1697525436.996072 -0.0 0
1697525437.046047 -0.0 0
1697525437.0962763 -0.0 0
1697525437.146367 -0.0 0
1697525437.1966443 -0.0 0
1697525437.246612 -0.0 0
1697525437.2968485 -0.0 0
1697525437.3469484 -0.0 0
1697525437.3970816 -0.0 0
1697525437.447319 -0.0 0
1697525437.4972968 -0.0 0
1697525437.5473168 -0.0 0
1697525437.597306 -0.0 0
1697525437.6472664 -0.0 0
1697525437.697522 -0.0 0
1697525437.7478464 -0.0 0
1697525437.797987 -0.0 0
1697525437.8480575 -0.0 0
1697525437.8979633 -0.0 0
1697525437.9480336 -0.0 0
1697525437.999704 -0.0 0
1697525438.0486705 -0.0 0
1697525438.0983088 -0.0 0
1697525438.1492448 -0.0 0
1697525438.201259 -0.0 0
1697525438.2514944 -0.0 0
1697525438.301534 -0.0 0
1697525438.3521147 -0.0 0
1697525438.402056 -0.0 0
1697525438.45234 -0.0 0
1697525438.5022554 -0.0 0
1697525438.5526748 -0.0 0
1697525438.6024346 -0.0 0
1697525438.6524613 -0.0 0
1697525438.7025704 -0.0 0
1697525438.753431 -0.0 0
1697525438.8031352 -0.0 0
1697525438.85326 -0.0 0
1697525438.9032593 -0.0 0
1697525438.9533052 -0.0 0
1697525439.0038269 -0.0 0
1697525439.0535777 -0.0 0
1697525439.10391 -0.0 0
1697525439.1541471 -0.0 0
1697525439.2044508 -0.0 0
1697525439.2542334 -0.0 0
1697525439.3042514 -0.0 0
1697525439.354343 -0.0 0
1697525439.4044771 -0.0 0
1697525439.4547875 -0.0 0
1697525439.5052364 -0.0 0
1697525439.5551136 -0.0 0
1697525439.6067243 -0.0 0
1697525439.6550431 -0.0 0
1697525439.705338 -0.0 0
1697525439.7554054 -0.0 0
1697525439.8074205 -0.0 0
1697525439.8559937 -0.0 0
1697525439.906015 -0.0 0
1697525439.956422 -0.0 0
1697525440.0065205 -0.0 0
1697525440.0563877 -0.0 0
1697525440.1064186 -0.0 0
1697525440.1567147 -0.0 0
1697525440.2066753 -0.0 0
1697525440.2575321 -0.0 0
1697525440.3071291 -0.0 0
1697525440.3572094 -0.0 0
1697525440.4072926 -0.0 0
1697525440.4572341 -0.0 0
1697525440.5073137 -0.0 0
1697525440.5572407 -0.0 0
1697525440.6094 -0.0 0
1697525440.65968 -0.0 0
1697525440.7098818 -0.0 0
1697525440.7600477 -0.0 0
1697525440.8101552 -0.0 0
1697525440.8601723 -0.0 0
1697525440.9103296 -0.0 0
1697525440.9608457 -0.0 0
1697525441.0109656 -0.0 0
1697525441.0611815 -0.0 0
1697525441.1120448 -0.0 0
1697525441.1621106 -0.0 0
1697525441.2121131 -0.0 0
1697525441.2620957 -0.0 0
1697525441.3126056 -0.0 0
1697525441.3624122 -0.0 0
1697525441.4126737 -0.0 0
1697525441.4628348 -0.0 0
1697525441.5131958 -0.0 0
1697525441.563016 -0.0 0
1697525441.6131394 -0.0 0
1697525441.6631746 -0.0 0
1697525441.7133815 -0.0 0
1697525441.7635775 -0.0 0
1697525441.8136969 -0.0 0
1697525441.8639514 -0.0 0
1697525441.9140134 -0.0 0
1697525441.9641008 -0.0 0
1697525442.0141819 -0.0 0
1697525442.0645318 -0.0 0
1697525442.1144447 -0.0 0
1697525442.1646745 -0.0 0
1697525442.2148936 -0.0 0
1697525442.264991 -0.0 0
1697525442.3170993 -0.0 0
1697525442.3655436 -0.0 0
1697525442.4159193 -0.0 0
1697525442.4660535 -0.0 0
1697525442.5162754 -0.0 0
1697525442.5662653 -0.0 0
1697525442.6162279 -0.0 0
1697525442.6663625 -0.0 0
1697525442.716562 -0.0 0
1697525442.7667096 -0.0 0
1697525442.817194 -0.0 0
1697525442.9180245 -0.0 0
1697525442.9561563 -0.0 0
1697525442.988236 -0.0 0
1697525443.025162 -0.0 0
1697525443.0672693 -0.0 0
1697525443.1172225 -0.0 0
1697525443.1680562 -0.0 0
1697525443.2179415 -0.0 0
1697525443.2680776 -0.0 0
1697525443.3181813 -0.0 0
1697525443.3682423 -0.0 0
1697525443.4183016 -0.0 0
1697525443.4692442 -0.0 0
1697525443.5186348 -0.0 0
1697525443.569203 -0.0 0
1697525443.6194043 -0.0 0
1697525443.6690989 -0.0 0
1697525443.71931 -0.0 0
1697525443.769392 -0.0 0
1697525443.819693 -0.0 0
1697525443.869693 -0.0 0
1697525443.9197125 -0.0 0
1697525443.9702306 -0.0 0
1697525444.020311 -0.0 0
1697525444.0709229 -0.0 0
1697525444.1210961 -0.0 0
1697525444.171068 -0.0 0
1697525444.2211244 -0.0 0
1697525444.2711382 -0.0 0
1697525444.3216634 -0.0 0
1697525444.3719237 -0.0 0
1697525444.4219153 -0.0 0
1697525444.471919 -0.0 0
1697525444.5220828 -0.0 0
1697525444.5721858 -0.0 0
1697525444.6223583 -0.0 0
1697525444.6761253 -0.0 0
1697525444.7228682 -0.0 0
1697525444.7731626 -0.0 0
1697525444.8229768 -0.0 0
1697525444.8729844 -0.0 0
1697525444.923159 -0.0 0
1697525444.9732308 -0.0 0
1697525445.023177 -0.0 0
1697525445.0733755 -0.0 0
1697525445.1236928 -0.0 0
1697525445.1738472 -0.0 0
1697525445.2241764 -0.0 0
1697525445.2742362 -0.0 0
1697525445.3242228 -0.0 0
1697525445.3750591 -0.0 0
1697525445.4255776 -0.0 0
1697525445.4760954 -0.0 0
1697525445.526017 -0.0 0
1697525445.5762417 -0.0 0
1697525445.6261806 -0.0 0
1697525445.6763935 -0.0 0
1697525445.726318 -0.0 0
1697525445.7764063 -0.0 0
1697525445.82676 -0.0 0
1697525445.8769312 -0.0 0
1697525445.9268892 -0.0 0
1697525445.9770043 -0.0 0
1697525446.0272202 -0.0 0
1697525446.0771432 -0.0 0
1697525446.127382 -0.0 0
1697525446.1780353 -0.0 0
1697525446.2280462 -0.0 0
1697525446.2781935 -0.0 0
1697525446.3285103 -0.0 0
1697525446.3784883 -0.0 0
1697525446.4282901 -0.0 0
1697525446.4783974 -0.0 0
1697525446.5290082 -0.0 0
1697525446.5791135 -0.0 0
1697525446.6298227 -0.0 0
1697525446.6799347 -0.0 0
1697525446.7298346 -0.0 0
1697525446.7799075 -0.0 0
1697525446.8300915 -0.0 0
1697525446.8802483 -0.0 0
1697525446.930358 -0.0 0
1697525446.98048 -0.0 0
1697525447.0305505 -0.0 0
1697525447.081101 -0.0 0
1697525447.1311853 -0.0 0
1697525447.181231 -0.0 0
1697525447.2317703 -0.0 0
1697525447.2819202 -0.0 0
1697525447.3321843 -0.0 0
1697525447.3822167 -0.0 0
1697525447.4325078 -0.0 0
1697525447.4821877 -0.0 0
1697525447.532174 -0.0 0
1697525447.5822952 -0.0 0
1697525447.632837 -0.0 0
1697525447.6828763 -0.0 0
1697525447.7330291 -0.0 0
1697525447.7833128 -0.0 0
1697525447.8335366 -0.0 0
1697525447.883254 -0.0 0
1697525447.9333808 -0.0 0
1697525447.983353 -0.0 0
1697525448.0337272 -0.0 0
1697525448.084314 -0.0 0
1697525448.134304 -0.0 0
1697525448.1843183 -0.0 0
1697525448.2342522 -0.0 0
1697525448.2841518 -0.0 0
1697525448.334372 -0.0 0
1697525448.3847482 -0.0 0
1697525448.4347947 -0.0 0
1697525448.4859445 -0.0 0
1697525448.5361266 -0.0 0
1697525448.585891 -0.0 0
1697525448.6360536 -0.0 0
1697525448.686253 -0.0 0
1697525448.7367136 -0.0 0
1697525448.786354 -0.0 0
1697525448.8366847 -0.0 0
1697525448.88659 -0.0 0
1697525448.9367092 -0.0 0
1697525448.9868126 -0.0 0
1697525449.0369813 -0.0 0
1697525449.087035 -0.0 0
1697525449.137606 -0.0 0
1697525449.1877835 -0.0 0
