1699270855.9067209 0.0 0.0
1699270856.1842475 0.0 0.0
1699270856.3539684 0.0 0.0
1699270856.4034953 0.0 0.0
1699270856.453661 0.0 0.0
1699270856.5038114 0.0 0.0
1699270856.5539944 0.0 0.0
1699270856.6038966 0.0 0.0
1699270856.6539757 0.0 0.0
1699270856.704167 0.0 0.0
1699270856.7545435 0.0 0.0
1699270856.8047917 0.0 0.0
1699270856.8546264 0.0 0.0
1699270856.904759 0.0 0.0
1699270856.954883 0.0 0.0
1699270857.011137 0.0 0.0
1699270857.0906603 0.0 0.0
1699270857.1358736 0.0 0.0
1699270857.180748 0.0 0.0
1699270857.2121682 0.0 0.0
1699270857.2613552 0.0 0.0
1699270857.311445 0.0 0.0
1699270857.3612075 0.0 0.0
1699270857.4110284 0.0 0.0
1699270857.460826 0.0 0.0
1699270857.5110626 0.0 0.0
1699270857.5614076 0.0 0.0
1699270857.6112728 0.0 0.0
1699270857.6616616 0.0 0.0
1699270857.71186 0.0 0.0
1699270857.7624156 0.0 0.0
1699270857.8474197 0.0 0.0
1699270857.8989348 0.0 0.0
1699270857.9335856 None None
1699270857.9749136 0.0 0.0
1699270858.0248654 0.0 0.0
1699270858.074638 None None
1699270858.12449 0.0 0.0
1699270858.1751003 0.0 0.0
1699270858.2256176 0.0 0.0
1699270858.2754967 0.0 0.0
1699270858.3250587 None None
1699270858.3746955 0.0 0.0
1699270858.424738 0.0 0.0
1699270858.4748306 0.0 0.0
1699270858.5254543 None None
1699270858.575121 0.0 0.0
1699270858.6254766 0.0 0.0
1699270858.6756086 0.0 0.0
1699270858.7257938 0.0 0.0
1699270858.775856 0.0 0.0
1699270858.8258958 None None
1699270858.8759649 0.0 0.0
1699270858.9263542 0.0 0.0
1699270858.976367 0.0 0.0
1699270859.0267906 None None
1699270859.076683 0.0 0.0
1699270859.1269782 0.0 0.0
1699270859.176776 0.0 0.0
1699270859.2274415 None None
1699270859.2785017 0.0 0.0
1699270859.329026 0.0 0.0
1699270859.380171 0.0 0.0
1699270859.4288495 0.0 0.0
1699270859.480949 None None
1699270859.530824 0.0 0.0
1699270859.5808177 0.0 0.0
1699270859.6325223 0.0 0.0
1699270859.6814988 0.0 0.0
1699270859.7316775 None None
1699270859.7815998 0.0 0.0
1699270859.831545 0.0 0.0
1699270859.8830776 0.0 0.0
1699270859.931736 0.0 0.0
1699270859.98177 None None
1699270860.0319064 0.0 0.0
1699270860.082188 0.0 0.0
1699270860.132294 0.0 0.0
1699270860.1825495 0.0 0.0
1699270860.23261 None None
1699270860.2827709 0.0 0.0
1699270860.3339262 0.0 0.0
1699270860.3831923 0.0 0.0
1699270860.433218 None None
1699270860.4835212 0.0 0.0
1699270860.5337484 0.0 0.0
1699270860.5839267 0.0 0.0
1699270860.6338186 None None
1699270860.6839612 0.0 0.0
1699270860.73422 0.0 0.0
1699270860.784187 0.0 0.0
1699270860.8343103 0.0 0.0
1699270860.8847322 None None
1699270860.9356782 0.0 0.0
1699270860.9856427 0.0 0.0
1699270861.0357132 0.0 0.0
1699270861.086089 0.0 0.0
1699270861.1360705 None None
1699270861.186567 0.0 0.0
1699270861.236712 0.0 0.0
1699270861.2871442 0.0 0.0
1699270861.337151 0.0 0.0
1699270861.3871243 None None
1699270861.43713 0.0 0.0
1699270861.4873881 0.0 0.0
1699270861.5376074 0.0 0.0
1699270861.5876753 None None
1699270861.6375973 0.0 0.0
1699270861.687736 0.0 0.0
1699270861.7383406 0.0 0.0
1699270861.7885628 0.0 0.0
1699270861.8385713 None None
1699270861.8885684 0.0 0.0
1699270861.9389658 0.0 0.0
1699270861.9888775 0.0 0.0
1699270862.0388026 None None
1699270862.0888958 0.0 0.0
1699270862.1401784 0.0 0.0
1699270862.1896732 0.0 0.0
1699270862.2400901 0.0 0.0
1699270862.2900655 None None
1699270862.3403661 0.0 0.0
1699270862.3900764 0.0 0.0
1699270862.4400434 0.0 0.0
1699270862.490231 None None
1699270862.540384 0.0 0.0
1699270862.5909977 0.0 0.0
1699270862.6407747 0.0 0.0
1699270862.6907666 0.0 0.0
1699270862.741686 None None
1699270862.7921183 0.0 0.0
1699270862.8423393 0.0 0.0
1699270862.891927 0.0 0.0
1699270862.9418352 None None
1699270862.9931014 0.0 0.0
1699270863.0429652 0.0 0.0
1699270863.092593 0.0 0.0
1699270863.142617 0.0 0.0
1699270863.192955 None None
1699270863.2450612 0.0 0.0
1699270863.295291 0.0 0.0
1699270863.3452876 0.0 0.0
1699270863.396226 None None
1699270863.4458342 0.0 0.0
1699270863.4957705 0.0 0.0
1699270863.5462756 0.0 0.0
1699270863.595875 0.0 0.0
1699270863.6462314 None None
1699270863.6962972 0.0 0.0
1699270863.746917 0.0 0.0
1699270863.7968366 0.0 0.0
1699270863.8469894 0.0 0.0
1699270863.8983905 None None
1699270863.9479806 0.0 0.0
1699270863.997907 0.0 0.0
1699270864.0481339 0.0 0.0
1699270864.0984995 0.0 0.0
1699270864.1485748 0.0 0.0
1699270864.1986365 None None
1699270864.2484028 0.0 0.0
1699270864.2984858 0.0 0.0
1699270864.3492785 0.0 0.0
1699270864.3994417 0.0 0.0
1699270864.449033 None None
1699270864.4993863 0.0 0.0
1699270864.5497139 0.0 0.0
1699270864.5998056 0.0 0.0
1699270864.7682 0.0 0.0
1699270864.818308 0.0 0.0
1699270864.8682423 0.0 0.0
1699270864.9188504 0.0 0.0
1699270864.969056 0.0 0.0
1699270865.0197396 0.0 0.0
1699270865.0707924 0.0 0.0
1699270865.1203654 None None
1699270865.1706128 0.0 0.0
1699270865.2206411 0.0 0.0
1699270865.270572 0.0 0.0
1699270865.3209984 0.0 0.0
1699270865.3855133 0.0 0.0
1699270865.4272313 None None
1699270865.478673 0.0 0.0
1699270865.542474 0.0 0.0
1699270865.5939898 0.0 0.0
1699270865.6334853 0.0 0.0
1699270865.6792552 None None
1699270865.7279894 0.0 0.0
1699270865.7775514 0.0 0.0
1699270865.8386977 0.0 0.0
1699270865.8971205 0.0 0.0
1699270865.9508991 0.0 0.0
1699270865.9900882 None None
1699270866.0295582 0.0 0.0
1699270866.0797956 0.0 0.0
1699270866.1301134 None None
1699270866.1809738 0.0 0.0
1699270866.2316403 0.0 0.0
1699270866.2811205 0.0 0.0
1699270866.3309133 0.0 0.0
1699270866.3811646 None None
1699270866.431123 0.0 0.0
1699270866.4811537 0.0 0.0
1699270866.5315337 0.0 0.0
1699270866.5859802 0.0 0.0
1699270866.6340463 None None
1699270866.6818283 0.0 0.0
1699270866.7325287 0.0 0.0
1699270866.7825582 0.0 0.0
1699270866.8343997 0.0 0.0
1699270866.8840716 0.0 0.0
1699270866.9358487 None None
1699270866.9999204 0.0 0.0
1699270867.0371175 0.0 0.0
1699270867.0849438 0.0 0.0
1699270867.1353357 None None
1699270867.1853638 0.0 0.0
1699270867.2355871 0.0 0.0
1699270867.2858365 0.0 0.0
1699270867.3360825 None None
1699270867.3857296 0.0 0.0
1699270867.4360034 0.0 0.0
1699270867.4866433 0.0 0.0
1699270867.5365806 None None
1699270867.5867102 0.0 0.0
1699270867.6364982 0.0 0.0
1699270867.6875064 0.0 0.0
1699270867.7373555 0.0 0.0
1699270867.8076339 0.0 0.0
1699270867.850492 None None
1699270867.9040213 0.0 0.0
1699270867.9484515 0.0 0.0
1699270867.9916472 0.0 0.0
1699270868.0424562 0.0 0.0
1699270868.093684 None None
1699270868.1437135 0.0 0.0
1699270868.1938767 0.0 0.0
1699270868.245626 0.0 0.0
1699270868.294713 None None
1699270868.3456173 0.0 0.0
1699270868.4000237 0.0 0.0
1699270868.466306 0.0 0.0
1699270868.52132 0.0 0.0
1699270868.5779839 0.0 0.0
1699270868.6371422 0.0 0.0
1699270868.6903608 0.0 0.0
1699270868.7528925 None None
1699270868.8068876 0.0 0.0
1699270868.8686476 0.0 0.0
1699270868.9206805 0.0 0.0
1699270868.9784088 0.0 0.0
1699270869.0359895 0.0 0.0
1699270869.084598 0.0 0.0
1699270869.1328511 0.0 0.0
1699270869.1794236 None None
1699270869.2241259 0.0 0.0
1699270869.2648113 0.0 0.0
1699270869.3123343 None None
1699270869.3721085 0.0 0.0
1699270869.4381237 0.0 0.0
1699270869.4971368 0.0 0.0
1699270869.5438454 None None
1699270869.5856962 0.0 0.0
1699270869.6283956 None None
1699270869.6777356 0.0 0.0
1699270869.7223592 0.0 0.0
1699270869.768424 0.0 0.0
1699270869.8318975 0.0 0.0
1699270869.8861156 None None
1699270869.9570115 0.0 0.0
1699270870.0402532 0.0 0.0
1699270870.1224153 0.0 0.0
1699270870.4324017 0.0 0.0
1699270870.4874883 0.0 0.0
1699270870.684813 0.0 0.0
1699270870.7345538 0.0 0.0
1699270870.786715 0.0 0.0
1699270870.9950573 0.0 0.0
1699270871.044057 0.0 0.0
1699270871.0950623 0.17743428253578852 -0.09178621460630032
1699270871.3000884 0.16773723144997266 -0.08579617692968701
1699270871.5102909 0.16773723144997266 -0.08579617692968701
1699270871.5601523 0.09533571048294223 -0.024906977554575768
1699270871.768939 0.09533571048294223 -0.024906977554575768
1699270871.8184044 0.09533571048294223 -0.024906977554575768
1699270871.869357 0.01703647156691096 -0.01247509815037838
1699270872.200062 0.01703647156691096 -0.01247509815037838
1699270872.276816 0.01703647156691096 -0.01247509815037838
1699270872.3588166 -0.0006040645335180983 -0.02677115769197632
1699270872.637235 -0.0006040645335180983 -0.02677115769197632
1699270872.687065 -0.0006040645335180983 -0.02677115769197632
1699270872.7371094 -0.003258048361126199 -0.023948488483683382
1699270873.0195205 -0.003258048361126199 -0.023948488483683382
1699270873.0687437 -0.003258048361126199 -0.023948488483683382
1699270873.119697 -0.0036006294880267533 -0.023296143772674104
1699270873.357758 -0.0036006294880267533 -0.023296143772674104
1699270873.407831 -0.0036006294880267533 -0.023296143772674104
1699270873.4573412 -0.0031757731126394366 -0.023172247204761312
1699270873.722313 -0.0031757731126394366 -0.023172247204761312
1699270873.7726963 -0.0031757731126394366 -0.023172247204761312
1699270873.8237817 -0.0031757731126394366 -0.023172247204761312
1699270873.8728917 -0.0023274945678681985 -0.022389158775750966
1699270874.220828 -0.0023274945678681985 -0.022389158775750966
1699270874.2836833 -0.0023274945678681985 -0.022389158775750966
1699270874.333117 -0.0023274945678681985 -0.022389158775750966
1699270874.3810563 -0.0032827570837422977 -0.021070073646176943
1699270874.6204014 -0.0032827570837422977 -0.021070073646176943
1699270874.6702242 -0.0032827570837422977 -0.021070073646176943
1699270874.72071 -0.0032827570837422977 -0.021070073646176943
1699270874.7709205 -0.004949900026735968 -0.019950070561404392
1699270875.0203087 -0.004949900026735968 -0.019950070561404392
1699270875.069538 -0.004949900026735968 -0.019950070561404392
1699270875.1283765 -0.00581621243068506 -0.019416918734326567
1699270875.433426 -0.00581621243068506 -0.019416918734326567
1699270875.5016887 -0.00581621243068506 -0.019416918734326567
1699270875.54908 -0.00581621243068506 -0.019416918734326567
1699270875.5976665 -0.006546822156698968 -0.019186295355719894
1699270875.8458033 -0.0069077960544609894 -0.01892787151917446
1699270876.0570517 -0.0069077960544609894 -0.01892787151917446
1699270876.1063273 -0.007126656740567647 -0.01835891323114746
1699270876.362595 -0.007126656740567647 -0.01835891323114746
1699270876.4110787 -0.007126656740567647 -0.01835891323114746
1699270876.4627473 -0.008557938522858305 -0.017587837725011747
1699270876.6965637 -0.008557938522858305 -0.017587837725011747
1699270876.7473788 -0.008557938522858305 -0.017587837725011747
1699270876.797556 -0.008557938522858305 -0.017587837725011747
1699270876.8474927 -0.009656951489645368 -0.01691315909182788
1699270877.1741965 -0.010377476581940309 -0.01636497365058521
1699270877.382559 -0.010377476581940309 -0.01636497365058521
1699270877.432243 -0.011047102494701049 -0.015894649823980384
1699270877.6444252 -0.011047102494701049 -0.015894649823980384
1699270877.6947517 -0.011047102494701049 -0.015894649823980384
1699270877.74451 -0.011608703718881145 -0.01537831808437207
1699270877.9856045 -0.011608703718881145 -0.01537831808437207
1699270878.0357523 -0.011608703718881145 -0.01537831808437207
1699270878.0858107 -0.011608703718881145 -0.01537831808437207
1699270878.1360793 -0.01199233972241229 -0.014884227138914876
1699270878.4457014 -0.012223103357269246 -0.014417841779733378
1699270878.759042 -0.012223103357269246 -0.014417841779733378
1699270878.819518 -0.013262384879210982 -0.013903220245255194
1699270879.118616 -0.013262384879210982 -0.013903220245255194
1699270879.168682 -0.013262384879210982 -0.013903220245255194
1699270879.2355106 -0.01417609154158504 -0.013265444728122336
1699270879.5920467 -0.01417609154158504 -0.013265444728122336
1699270879.6655023 -0.01417609154158504 -0.013265444728122336
1699270879.7361639 -0.014945732217600927 -0.012686655480453536
1699270880.0303824 -0.014945732217600927 -0.012686655480453536
1699270880.0798185 -0.014945732217600927 -0.012686655480453536
1699270880.130034 -0.014945732217600927 -0.012686655480453536
1699270880.180542 -0.015608276812973053 -0.012154951918605297
1699270880.4325707 -0.016096364654500546 -0.011678018982666122
1699270880.7069914 -0.016096364654500546 -0.011678018982666122
1699270880.7559054 -0.016516854750596617 -0.011159806935209552
1699270881.0034795 -0.016516854750596617 -0.011159806935209552
1699270881.053479 -0.016516854750596617 -0.011159806935209552
1699270881.1040215 -0.016516854750596617 -0.011159806935209552
1699270881.1554425 -0.018263381023690198 -0.010088818842338917
1699270881.3950346 -0.018263381023690198 -0.010088818842338917
1699270881.4447293 -0.018263381023690198 -0.010088818842338917
1699270881.4945188 -0.018263381023690198 -0.010088818842338917
1699270881.5448945 -0.018946818022492578 -0.009579136942837829
1699270881.7864711 -0.01952958075987506 -0.009096733111976722
1699270882.0598738 -0.01952958075987506 -0.009096733111976722
1699270882.109685 -0.020103901940080347 -0.008635337404997858
1699270882.3417103 -0.020103901940080347 -0.008635337404997858
1699270882.3911166 -0.020103901940080347 -0.008635337404997858
1699270882.4421844 -0.020103901940080347 -0.008635337404997858
1699270882.4958441 -0.020939206186881987 -0.007674174958820467
1699270882.7297497 -0.020939206186881987 -0.007674174958820467
1699270882.7800956 -0.020939206186881987 -0.007674174958820467
1699270882.8303018 -0.020939206186881987 -0.007674174958820467
1699270882.880411 -0.02133076928567378 -0.007230756296311789
1699270883.1475794 -0.021623429672827835 -0.006796049842577819
1699270883.3594813 -0.021623429672827835 -0.006796049842577819
1699270883.4085944 -0.02234804637813077 -0.00638711115253059
1699270883.6563542 -0.02234804637813077 -0.00638711115253059
1699270883.7057674 -0.02234804637813077 -0.00638711115253059
1699270883.7562962 -0.0230023207372811 -0.006027143301703735
1699270884.0380208 -0.0230023207372811 -0.006027143301703735
1699270884.0872264 -0.0230023207372811 -0.006027143301703735
1699270884.1403208 -0.0230023207372811 -0.006027143301703735
1699270884.1889362 -0.023567710956550244 -0.005664486810551519
1699270884.4936898 -0.023567710956550244 -0.005664486810551519
1699270884.5499175 -0.023567710956550244 -0.005664486810551519
1699270884.5993056 -0.023567710956550244 -0.005664486810551519
1699270884.6536574 -0.024469505003409473 -0.004955272800527124
1699270884.863134 -0.024469505003409473 -0.004955272800527124
1699270884.9124913 -0.024469505003409473 -0.004955272800527124
1699270884.9630027 -0.024469505003409473 -0.004955272800527124
1699270885.0153835 -0.02512810186693437 -0.004385006594464689
1699270885.3362286 -0.02512810186693437 -0.004385006594464689
1699270885.3999352 -0.02512810186693437 -0.004385006594464689
1699270885.4758856 -0.02512810186693437 -0.004385006594464689
1699270885.5316617 -0.02570249968433667 -0.004117678930657414
1699270885.8159723 -0.026201452244674232 -0.0038636468639906456
1699270886.0474472 -0.026201452244674232 -0.0038636468639906456
1699270886.0985818 -0.026672583159866366 -0.0036722949333166236
1699270886.34337 -0.026672583159866366 -0.0036722949333166236
1699270886.393395 -0.026672583159866366 -0.0036722949333166236
1699270886.4435978 -0.027105799769930064 -0.003457656363102328
1699270886.7002695 -0.027105799769930064 -0.003457656363102328
1699270886.7670612 -0.027105799769930064 -0.003457656363102328
1699270886.832813 -0.027105799769930064 -0.003457656363102328
1699270886.897931 -0.02790981846302391 -0.0030779410221585656
1699270887.130015 -0.02790981846302391 -0.0030779410221585656
1699270887.1811376 -0.02790981846302391 -0.0030779410221585656
1699270887.2303972 -0.028158857868724897 -0.0029650500903153645
1699270887.4686012 -0.028158857868724897 -0.0029650500903153645
1699270887.5191538 -0.028158857868724897 -0.0029650500903153645
1699270887.5701542 -0.028373928695883826 -0.0028401124515522094
1699270887.7921863 -0.028373928695883826 -0.0028401124515522094
1699270887.8420732 -0.028373928695883826 -0.0028401124515522094
1699270887.8927152 -0.028373928695883826 -0.0028401124515522094
1699270887.943196 -0.028770187438111133 -0.0027538479116797766
1699270888.1506953 -0.029145928628846973 -0.0026095773433985016
1699270888.3593972 -0.029145928628846973 -0.0026095773433985016
1699270888.4092803 -0.02950160808294279 -0.002501268737930306
1699270888.6137626 -0.02950160808294279 -0.002501268737930306
1699270888.6636212 -0.02950160808294279 -0.002501268737930306
1699270888.713417 -0.02981500183878319 -0.002399561937974004
1699270888.9071617 -0.02981500183878319 -0.002399561937974004
1699270888.9568844 -0.02981500183878319 -0.002399561937974004
1699270889.0073664 -0.030141459760845302 -0.0022563939700826225
1699270889.2276607 -0.030141459760845302 -0.0022563939700826225
1699270889.2785535 -0.030141459760845302 -0.0022563939700826225
1699270889.3277779 -0.030457974002967896 -0.0021433998655838813
1699270889.547269 -0.030457974002967896 -0.0021433998655838813
1699270889.5972836 -0.030457974002967896 -0.0021433998655838813
1699270889.6942947 -0.03081223748067067 -0.0020836599802185555
1699270889.9379928 -0.03081223748067067 -0.0020836599802185555
1699270889.987136 -0.03081223748067067 -0.0020836599802185555
1699270890.0377078 -0.031138364444074976 -0.002028171317622639
1699270890.264579 -0.031138364444074976 -0.002028171317622639
1699270890.309287 -0.031138364444074976 -0.002028171317622639
1699270890.368244 -0.031138364444074976 -0.002028171317622639
1699270890.429153 -0.03147240493944568 -0.0019685568570962436
1699270890.702517 -0.03179427214478468 -0.001923755659532158
1699270891.009978 -0.03179427214478468 -0.001923755659532158
1699270891.0590065 -0.032094716503015 -0.0018748200748005598
1699270891.3378327 -0.032094716503015 -0.0018748200748005598
1699270891.3875978 -0.032094716503015 -0.0018748200748005598
1699270891.4377968 -0.03240410961170557 -0.001861249916266499
1699270891.6578772 -0.03240410961170557 -0.001861249916266499
1699270891.7076838 -0.03240410961170557 -0.001861249916266499
1699270891.757577 -0.03240410961170557 -0.001861249916266499
1699270891.8079243 -0.03278556735252906 -0.0018376416254370454
1699270892.0419874 -0.033118714068626647 -0.0018322215621825086
1699270892.2810194 -0.033118714068626647 -0.0018322215621825086
1699270892.331263 -0.033382526994023276 -0.001838257763945448
1699270892.5350664 -0.033382526994023276 -0.001838257763945448
1699270892.592652 -0.033382526994023276 -0.001838257763945448
1699270892.6369815 -0.033382526994023276 -0.001838257763945448
1699270892.6872303 -0.033928163918597716 -0.001883929461458978
1699270892.904286 -0.033928163918597716 -0.001883929461458978
1699270892.9543195 -0.033928163918597716 -0.001883929461458978
1699270893.0042894 -0.03417239534745314 -0.0019336385253323836
1699270893.2262735 -0.03417239534745314 -0.0019336385253323836
1699270893.276795 -0.03417239534745314 -0.0019336385253323836
1699270893.3272636 -0.034412005508687206 -0.0019570009525727928
1699270893.528096 -0.034412005508687206 -0.0019570009525727928
1699270893.5782533 -0.034412005508687206 -0.0019570009525727928
1699270893.628334 -0.03464474225349044 -0.001998761283210725
1699270893.829908 -0.03464474225349044 -0.001998761283210725
1699270893.8802202 -0.03464474225349044 -0.001998761283210725
1699270893.9298356 -0.03464474225349044 -0.001998761283210725
1699270893.980322 -0.03506161532219801 -0.0020862066049708475
1699270894.1944203 -0.03506161532219801 -0.0020862066049708475
1699270894.243936 -0.03506161532219801 -0.0020862066049708475
1699270894.2938416 -0.035248284001054585 -0.002123550077955352
1699270894.492803 -0.035248284001054585 -0.002123550077955352
1699270894.5422869 -0.035248284001054585 -0.002123550077955352
1699270894.5929868 -0.035248284001054585 -0.002123550077955352
1699270894.6428206 -0.03544804277111307 -0.002173544221613806
1699270894.8391745 -0.03544804277111307 -0.002173544221613806
1699270894.8888714 -0.03544804277111307 -0.002173544221613806
1699270894.9388702 -0.03563950186940444 -0.0022307879986111227
1699270895.1317213 -0.03563950186940444 -0.0022307879986111227
1699270895.181715 -0.03563950186940444 -0.0022307879986111227
1699270895.232088 -0.03563950186940444 -0.0022307879986111227
1699270895.283674 -0.035831084429631566 -0.0022968083593061465
1699270895.505872 -0.036036421572554364 -0.0023739408708918024
1699270895.7261448 -0.036036421572554364 -0.0023739408708918024
1699270895.7753391 -0.036176752127886895 -0.0024130957796230403
1699270895.9777393 -0.036176752127886895 -0.0024130957796230403
1699270896.0279658 -0.036176752127886895 -0.0024130957796230403
1699270896.0777125 -0.036176752127886895 -0.0024130957796230403
1699270896.1284351 -0.03648582698637438 -0.002524797462725169
1699270896.3397138 -0.03648582698637438 -0.002524797462725169
1699270896.3895562 -0.03648582698637438 -0.002524797462725169
1699270896.4394693 -0.03662835523396667 -0.002582227674637976
1699270896.6435175 -0.03662835523396667 -0.002582227674637976
1699270896.6928136 -0.03662835523396667 -0.002582227674637976
1699270896.7431269 -0.03662835523396667 -0.002582227674637976
1699270896.7942624 -0.03691318378988702 -0.0027065411790082915
1699270897.001868 -0.03691318378988702 -0.0027065411790082915
1699270897.0518684 -0.03691318378988702 -0.0027065411790082915
1699270897.1019983 -0.03691318378988702 -0.0027065411790082915
1699270897.15234 -0.03706655055654227 -0.0027770042812201813
1699270897.3534129 -0.037145242771584354 -0.0028383119954682
1699270897.5618544 -0.037145242771584354 -0.0028383119954682
1699270897.6117458 -0.03721452812774589 -0.002884690374798609
1699270897.814536 -0.03721452812774589 -0.002884690374798609
1699270897.8638253 -0.03721452812774589 -0.002884690374798609
1699270897.9141924 -0.03721452812774589 -0.002884690374798609
1699270897.9641433 -0.03740889494080812 -0.0029858092759120617
1699270898.1570628 -0.03740889494080812 -0.0029858092759120617
1699270898.2075453 -0.03740889494080812 -0.0029858092759120617
1699270898.257211 -0.03740889494080812 -0.0029858092759120617
1699270898.3095834 -0.03760055429753569 -0.00306599966335884
1699270898.5205793 -0.03760055429753569 -0.00306599966335884
1699270898.5707014 -0.03760055429753569 -0.00306599966335884
1699270898.6211529 -0.03768606798918914 -0.003113391296999839
1699270898.8161635 -0.03768606798918914 -0.003113391296999839
1699270898.8663063 -0.03768606798918914 -0.003113391296999839
1699270898.916395 -0.0377255598994345 -0.003160489574497892
1699270899.1371548 -0.0377255598994345 -0.003160489574497892
1699270899.186429 -0.0377255598994345 -0.003160489574497892
1699270899.236744 -0.03777919514778959 -0.003214730662320605
1699270899.436492 -0.03777919514778959 -0.003214730662320605
1699270899.486154 -0.03777919514778959 -0.003214730662320605
1699270899.5359976 -0.03783563605248207 -0.003268958812326261
1699270899.7579918 -0.03783563605248207 -0.003268958812326261
1699270899.808109 -0.03783563605248207 -0.003268958812326261
1699270899.8579998 -0.037886592135839385 -0.0032908207826449687
