1698906204.4446745 -0.0 0
1698906204.671652 -0.0 0
1698906204.7914257 -0.0 0
1698906204.827031 -0.0 0
1698906204.8611703 -0.0 0
1698906204.8938057 -0.0 0
1698906204.9305136 -0.0 0
1698906204.9937315 -0.0 0
1698906205.0455184 -0.0 0
1698906205.0844264 -0.0 0
1698906205.122307 -0.0 0
1698906205.1727438 -0.0 0
1698906205.2226312 -0.0 0
1698906205.2729175 -0.0 0
1698906205.3229692 -0.0 0
1698906205.3738022 -0.0 0
1698906205.4235694 -0.0 0
1698906205.4743624 -0.0 0
1698906205.5238874 -0.0 0
1698906205.573966 -0.0 0
1698906205.624094 -0.0 0
1698906205.6745622 -0.0 0
1698906205.7244997 -0.0 0
1698906205.774538 -0.0 0
1698906205.8247724 -0.0 0
1698906205.8756437 -0.0 0
1698906205.9259827 -0.0 0
1698906205.9758797 -0.0 0
1698906206.0258555 -0.0 0
1698906206.0760038 -0.0 0
1698906206.1264565 -0.0 0
1698906206.1761975 -0.0 0
1698906206.2282202 -0.0 0
1698906206.2770722 -0.0 0
1698906206.327097 -0.0 0
1698906206.3769243 -0.0 0
1698906206.4270642 -0.0 0
1698906206.4773538 -0.0 0
1698906206.527194 -0.0 0
1698906206.577646 -0.0 0
1698906206.627629 -0.0 0
1698906206.6778367 -0.0 0
1698906206.7275908 -0.0 0
1698906206.7780452 -0.0 0
1698906206.8278687 -0.0 0
1698906206.8781486 -0.0 0
1698906206.928342 -0.0 0
1698906206.9785082 -0.0 0
1698906207.0287476 -0.0 0
1698906207.0790412 -0.0 0
1698906207.1291516 -0.0 0
1698906207.1792183 -0.0 0
1698906207.2292585 -0.0 0
1698906207.279541 -0.0 0
1698906207.329745 -0.0 0
1698906207.3795073 -0.0 0
1698906207.4297876 -0.0 0
1698906207.4798706 -0.0 0
1698906207.5299199 -0.0 0
1698906207.5800946 -0.0 0
1698906207.6301222 -0.0 0
1698906207.6802094 -0.0 0
1698906207.7305994 -0.0 0
1698906207.7806163 -0.0 0
1698906207.8310494 -0.0 0
1698906207.8811314 -0.0 0
1698906207.9313776 -0.0 0
1698906207.9812725 -0.0 0
1698906208.0315216 -0.0 0
1698906208.0814924 -0.0 0
1698906208.1338878 -0.0 0
1698906208.1837182 -0.0 0
1698906208.2339072 -0.0 0
1698906208.2844439 -0.0 0
1698906208.3354504 -0.0 0
1698906208.3861206 -0.0 0
1698906208.4360254 -0.0 0
1698906208.4862096 -0.0 0
1698906208.5363758 -0.0 0
1698906208.5865717 -0.0 0
1698906208.6368635 -0.0 0
1698906208.6870253 -0.0 0
1698906208.737793 -0.0 0
1698906208.7877178 -0.0 0
1698906208.838088 -0.0 0
1698906208.887926 -0.0 0
1698906208.9380329 -0.0 0
1698906208.9882605 -0.0 0
1698906209.0385373 -0.0 0
1698906209.0883455 -0.0 0
1698906209.1385946 -0.0 0
1698906209.1887426 -0.0 0
1698906209.2387803 -0.0 0
1698906209.28881 -0.0 0
1698906209.3389792 -0.0 0
1698906209.3890305 -0.0 0
1698906209.4390604 -0.0 0
1698906209.4893906 -0.0 0
1698906209.5397463 -0.0 0
1698906209.589807 -0.0 0
1698906209.639665 -0.0 0
1698906209.689806 -0.0 0
1698906209.7398877 -0.0 0
1698906209.789962 -0.0 0
1698906209.8405 -0.0 0
1698906209.8907497 -0.0 0
1698906209.9407358 -0.0 0
1698906209.9911568 -0.0 0
1698906210.041264 -0.0 0
1698906210.090985 -0.0 0
1698906210.1414275 -0.0 0
1698906210.1914942 -0.0 0
1698906210.2420151 -0.0 0
1698906210.2918954 -0.0 0
1698906210.3421965 -0.0 0
1698906210.392073 -0.0 0
1698906210.4422195 -0.0 0
1698906210.493581 -0.0 0
1698906210.543933 -0.0 0
1698906210.5943565 -0.0 0
1698906210.6443434 -0.0 0
1698906210.694263 -0.0 0
1698906210.744596 -0.0 0
1698906210.794465 -0.0 0
1698906210.844591 -0.0 0
1698906210.8948553 -0.0 0
1698906210.9461598 -0.0 0
1698906210.9950256 -0.0 0
1698906211.0453696 -0.0 0
1698906211.0956347 -0.0 0
1698906211.1455376 -0.0 0
1698906211.195581 -0.0 0
1698906211.2456195 -0.0 0
1698906211.2957585 -0.0 0
1698906211.3464954 -0.0 0
1698906211.3964248 -0.0 0
1698906211.4467604 -0.0 0
1698906211.4966052 -0.0 0
1698906211.5467188 -0.0 0
1698906211.5967367 -0.0 0
1698906211.6468556 -0.0 0
1698906211.6967304 -0.0 0
1698906211.7470741 -0.0 0
1698906211.7970898 -0.0 0
1698906211.8475106 -0.0 0
1698906211.8977733 -0.0 0
1698906211.9477897 -0.0 0
1698906211.997859 -0.0 0
1698906212.0479076 -0.0 0
1698906212.0980644 -0.0 0
1698906212.1479154 -0.0 0
1698906212.1983664 -0.0 0
1698906212.2484577 -0.0 0
1698906212.298567 -0.0 0
1698906212.3486626 -0.0 0
1698906212.3987875 -0.0 0
1698906212.448725 -0.0 0
1698906212.498925 -0.0 0
1698906212.5488634 -0.0 0
1698906212.5992687 -0.0 0
1698906212.6492243 -0.0 0
1698906212.6993668 -0.0 0
1698906212.7494676 -0.0 0
1698906212.7996266 -0.0 0
1698906212.8501902 -0.0 0
1698906212.9003477 -0.0 0
1698906212.950017 -0.0 0
1698906212.9999056 -0.0 0
1698906213.0503466 -0.0 0
1698906213.1002243 -0.0 0
1698906213.1504505 -0.0 0
1698906213.200736 -0.0 0
1698906213.2509918 -0.0 0
1698906213.3011684 -0.0 0
1698906213.351242 -0.0 0
1698906213.4014018 -0.0 0
1698906213.4515095 -0.0 0
1698906213.5015552 -0.0 0
1698906213.5517566 -0.0 0
1698906213.6022234 -0.0 0
1698906213.6519637 -0.0 0
1698906213.7018468 -0.0 0
1698906213.7518475 -0.0 0
1698906213.801962 -0.0 0
1698906213.852123 -0.0 0
1698906213.902358 -0.0 0
1698906213.9528878 -0.0 0
1698906214.0027845 -0.0 0
1698906214.0529244 -0.0 0
1698906214.1028848 -0.0 0
1698906214.153097 -0.0 0
1698906214.2034242 -0.0 0
1698906214.2534423 -0.0 0
1698906214.3035007 -0.0 0
1698906214.3542907 -0.0 0
1698906214.4042 -0.0 0
1698906214.4546099 -0.0 0
1698906214.5070846 -0.0 0
1698906214.5544329 -0.0 0
1698906214.6047025 -0.0 0
1698906214.6547499 -0.0 0
1698906214.7050533 -0.0 0
1698906214.7554424 -0.0 0
1698906214.8057315 -0.0 0
1698906214.8556104 -0.0 0
1698906214.9058585 -0.0 0
1698906214.9758594 -0.0 0
1698906215.0209646 -0.0 0
1698906215.0647068 -0.0 0
1698906215.1065614 -0.0 0
1698906215.1566617 -0.0 0
1698906215.2066915 -0.0 0
1698906215.2567506 -0.0 0
1698906215.3068333 -0.0 0
1698906215.3567116 -0.0 0
1698906215.4067533 -0.0 0
1698906215.4572334 -0.0 0
1698906215.5071013 -0.0 0
1698906215.557564 -0.0 0
1698906215.6077514 -0.0 0
1698906215.6579542 -0.0 0
1698906215.707945 -0.0 0
1698906215.7587018 -0.0 0
1698906215.809129 -0.0 0
1698906215.8609002 -0.0 0
1698906215.9106474 -0.0 0
1698906215.9610615 -0.0 0
1698906216.0108716 -0.0 0
1698906216.0617661 -0.0 0
1698906216.1106641 -0.0 0
1698906216.1607237 -0.0 0
1698906216.2110765 -0.0 0
1698906216.2614486 -0.0 0
1698906216.3113294 -0.0 0
1698906216.3614557 -0.0 0
1698906216.4114985 -0.0 0
1698906216.461632 -0.0 0
1698906216.5117173 -0.0 0
1698906216.561999 -0.0 0
1698906216.6119666 -0.0 0
1698906216.6620429 -0.0 0
1698906216.7122269 -0.0 0
1698906216.762267 -0.0 0
1698906216.8121076 -0.0 0
1698906216.8623881 -0.0 0
1698906216.912338 -0.0 0
1698906216.962584 -0.0 0
1698906217.0127804 -0.0 0
1698906217.0629041 -0.0 0
1698906217.1130874 -0.0 0
1698906217.1632721 -0.0 0
1698906217.2131507 -0.0 0
1698906217.2633784 -0.0 0
1698906217.3139412 -0.0 0
1698906217.3637846 -0.0 0
1698906217.4138494 -0.0 0
1698906217.463851 -0.0 0
1698906217.5141237 -0.0 0
1698906217.564229 -0.0 0
1698906217.6143243 -0.0 0
1698906217.664438 -0.0 0
1698906217.7147274 -0.0 0
1698906217.764887 -0.0 0
1698906217.8151278 -0.0 0
1698906217.8657198 -0.0 0
1698906217.9157126 -0.0 0
1698906217.975108 -0.0 0
1698906218.0223324 -0.0 0
1698906218.0720732 -0.0 0
1698906218.1216562 -0.0 0
1698906218.1714504 -0.0 0
1698906218.22141 -0.0 0
1698906218.2714155 -0.0 0
1698906218.321814 -0.0 0
1698906218.3792348 -0.0 0
1698906218.4232812 -0.0 0
1698906218.473317 -0.0 0
1698906218.5233352 -0.0 0
1698906218.5733192 -0.0 0
1698906218.6235857 -0.0 0
1698906218.6739886 -0.0 0
1698906218.7239904 -0.0 0
1698906218.7742603 -0.0 0
1698906218.824117 -0.0 0
1698906218.874205 -0.0 0
1698906218.924196 -0.0 0
1698906218.9744594 -0.0 0
1698906219.0245137 -0.0 0
1698906219.0748267 -0.0 0
1698906219.125628 -0.0 0
1698906219.1754253 -0.0 0
1698906219.2254193 -0.0 0
1698906219.2753618 -0.0 0
1698906219.3254817 -0.0 0
1698906219.377245 -0.0 0
1698906219.4264834 -0.0 0
1698906219.4762945 -0.0 0
1698906219.526437 -0.0 0
1698906219.576573 -0.0 0
1698906219.6265972 -0.0 0
1698906219.6767461 -0.0 0
1698906219.7268195 -0.0 0
1698906219.7769787 -0.0 0
1698906219.8270187 -0.0 0
1698906219.8773344 -0.0 0
1698906219.927405 -0.0 0
1698906219.977658 -0.0 0
1698906220.0278606 -0.0 0
1698906220.0778148 -0.0 0
1698906220.128793 -0.0 0
1698906220.1781752 -0.0 0
1698906220.2283452 -0.0 0
1698906220.2784698 -0.0 0
1698906220.3285031 -0.0 0
1698906220.3786035 -0.0 0
1698906220.428951 -0.0 0
1698906220.4790154 -0.0 0
1698906220.529115 -0.0 0
1698906220.5791678 -0.0 0
1698906220.6294687 -0.0 0
1698906220.6795268 -0.0 0
1698906220.730494 -0.0 0
1698906220.7804055 -0.0 0
1698906220.8304324 -0.0 0
1698906220.8806129 -0.0 0
1698906220.930462 -0.0 0
1698906220.980844 -0.0 0
1698906221.0313497 -0.0 0
1698906221.0807698 -0.0 0
1698906221.131025 -0.0 0
1698906221.1807616 -0.0 0
1698906221.2308967 -0.0 0
1698906221.2809691 -0.0 0
1698906221.331147 -0.0 0
1698906221.3816373 -0.0 0
1698906221.4315894 -0.0 0
1698906221.48166 -0.0 0
1698906221.5316706 -0.0 0
1698906221.581949 -0.0 0
1698906221.6318262 -0.0 0
1698906221.6819997 -0.0 0
1698906221.7333667 -0.0 0
1698906221.7830627 -0.0 0
1698906221.8334723 -0.0 0
1698906221.8834233 -0.0 0
1698906221.933279 -0.0 0
1698906221.9834592 -0.0 0
1698906222.0338697 -0.0 0
1698906222.0840886 -0.0 0
1698906222.1339595 -0.0 0
1698906222.1841457 -0.0 0
1698906222.234159 -0.0 0
1698906222.2847552 -0.0 0
1698906222.3343797 -0.0 0
1698906222.3845065 -0.0 0
1698906222.4347003 -0.0 0
1698906222.48508 -0.0 0
1698906222.5348833 -0.0 0
1698906222.5849257 -0.0 0
1698906222.6351333 -0.0 0
1698906222.6854405 -0.0 0
1698906222.7355158 -0.0 0
1698906222.7863488 -0.0 0
1698906222.835809 -0.0 0
1698906222.8859499 -0.0 0
1698906222.9362488 -0.0 0
1698906222.986378 -0.0 0
1698906223.0364933 -0.0 0
1698906223.086683 -0.0 0
1698906223.1367002 -0.0 0
1698906223.1868746 -0.0 0
1698906223.2369175 -0.0 0
1698906223.2867994 -0.0 0
1698906223.338018 -0.0 0
1698906223.387313 -0.0 0
1698906223.4374661 -0.0 0
1698906223.4877105 -0.0 0
1698906223.538879 -0.0 0
1698906223.5887067 -0.0 0
1698906223.638247 -0.0 0
1698906223.6884937 -0.0 0
1698906223.7384143 -0.0 0
1698906223.788597 -0.0 0
1698906223.8385851 -0.0 0
1698906223.8887138 -0.0 0
1698906223.938897 -0.0 0
1698906223.9892197 -0.0 0
1698906224.0393221 -0.0 0
1698906224.0895703 -0.0 0
1698906224.1396747 -0.0 0
1698906224.1899724 -0.0 0
1698906224.2399008 -0.0 0
1698906224.2902536 -0.0 0
1698906224.340278 -0.0 0
1698906224.3902302 -0.0 0
1698906224.4405107 -0.0 0
1698906224.4905944 -0.0 0
1698906224.540693 -0.0 0
1698906224.590823 -0.0 0
1698906224.6407003 -0.0 0
1698906224.691149 -0.0 0
1698906224.7410789 -0.0 0
1698906224.791048 -0.0 0
1698906224.8414545 -0.0 0
1698906224.8915217 -0.0 0
1698906224.9418664 -0.0 0
1698906224.991586 -0.0 0
1698906225.0422163 -0.0 0
1698906225.0924175 -0.0 0
1698906225.1421392 -0.0 0
1698906225.1926703 -0.0 0
1698906225.2424657 -0.0 0
1698906225.293032 -0.0 0
1698906225.342725 -0.0 0
1698906225.3928463 -0.0 0
1698906225.4429681 -0.0 0
1698906225.493451 -0.0 0
1698906225.5431597 -0.0 0
1698906225.5935898 -0.0 0
1698906225.6436539 -0.0 0
1698906225.6940176 -0.0 0
1698906225.7437694 -0.0 0
1698906225.79419 -0.0 0
1698906225.8440547 -0.0 0
1698906225.894263 -0.0 0
1698906225.9443555 -0.0 0
1698906225.9944394 -0.0 0
1698906226.044554 -0.0 0
1698906226.0944614 -0.0 0
1698906226.1451712 -0.0 0
1698906226.1948695 -0.0 0
1698906226.2450492 -0.0 0
1698906226.2949755 -0.0 0
1698906226.345139 -0.0 0
1698906226.3953178 -0.0 0
1698906226.4459116 -0.0 0
1698906226.495935 -0.0 0
1698906226.5462766 -0.0 0
1698906226.5959973 -0.0 0
1698906226.6462708 -0.0 0
1698906226.6966393 -0.0 0
1698906226.746825 -0.0 0
1698906226.796845 -0.0 0
1698906226.8467867 -0.0 0
1698906226.8974805 -0.0 0
1698906226.9474247 -0.0 0
1698906226.997874 -0.0 0
1698906227.0477514 -0.0 0
1698906227.097877 -0.0 0
1698906227.147712 -0.0 0
1698906227.1977625 -0.0 0
1698906227.2477496 -0.0 0
1698906227.298466 -0.0 0
1698906227.3482642 -0.0 0
1698906227.3985877 -0.0 0
1698906227.4487038 -0.0 0
1698906227.4988117 -0.0 0
1698906227.548787 -0.0 0
1698906227.5988529 -0.0 0
1698906227.6488514 -0.0 0
1698906227.6989129 -0.0 0
1698906227.7491534 -0.0 0
1698906227.79934 -0.0 0
1698906227.8494225 -0.0 0
1698906227.8995786 -0.0 0
1698906227.949583 -0.0 0
1698906228.0000348 -0.0 0
1698906228.0499256 -0.0 0
1698906228.1001976 -0.0 0
1698906228.150382 -0.0 0
1698906228.2007227 -0.0 0
1698906228.2508562 -0.0 0
1698906228.3007386 -0.0 0
1698906228.350683 -0.0 0
1698906228.400659 -0.0 0
1698906228.4508438 -0.0 0
1698906228.5009835 -0.0 0
1698906228.5510907 -0.0 0
1698906228.6014936 -0.0 0
1698906228.6516335 -0.0 0
1698906228.701861 -0.0 0
1698906228.7516348 -0.0 0
1698906228.8021166 -0.0 0
1698906228.8519297 -0.0 0
1698906228.9022577 -0.0 0
1698906228.952116 -0.0 0
1698906229.0023735 -0.0 0
1698906229.0525131 -0.0 0
1698906229.1027572 -0.0 0
1698906229.152705 -0.0 0
1698906229.2028725 -0.0 0
1698906229.2528694 -0.0 0
1698906229.3030639 -0.0 0
1698906229.354014 -0.0 0
1698906229.4042077 -0.0 0
1698906229.4542165 -0.0 0
1698906229.50451 -0.0 0
1698906229.5547874 -0.0 0
1698906229.6048784 -0.0 0
1698906229.6548011 -0.0 0
1698906229.7049026 -0.0 0
1698906229.755015 -0.0 0
1698906229.8052695 -0.0 0
1698906229.855315 -0.0 0
1698906229.9057066 -0.0 0
1698906229.955814 -0.0 0
1698906230.0058975 -0.0 0
1698906230.0558689 -0.0 0
1698906230.1060927 -0.0 0
1698906230.1564503 -0.0 0
1698906230.2064755 -0.0 0
1698906230.2567263 -0.0 0
1698906230.3067 -0.0 0
1698906230.3569005 -0.0 0
1698906230.4068356 -0.0 0
1698906230.456852 -0.0 0
1698906230.5068727 -0.0 0
1698906230.5570703 -0.0 0
1698906230.60714 -0.0 0
1698906230.6580958 -0.0 0
1698906230.707787 -0.0 0
1698906230.7579541 -0.0 0
1698906230.8079934 -0.0 0
1698906230.8579948 -0.0 0
1698906230.9087753 -0.0 0
1698906230.9587958 -0.0 0
1698906231.0090122 -0.0 0
1698906231.0595517 -0.0 0
1698906231.109836 -0.0 0
1698906231.1598728 -0.0 0
1698906231.2098935 -0.0 0
1698906231.2601163 -0.0 0
1698906231.309863 -0.0 0
1698906231.3599324 -0.0 0
1698906231.4103436 -0.0 0
1698906231.4602427 -0.0 0
1698906231.5107224 -0.0 0
1698906231.560779 -0.0 0
1698906231.6109662 -0.0 0
1698906231.6614316 -0.0 0
1698906231.7114885 -0.0 0
1698906231.7619917 -0.0 0
1698906231.8121572 -0.0 0
1698906231.8620899 -0.0 0
1698906231.9121287 -0.0 0
1698906231.962268 -0.0 0
1698906232.0126722 -0.0 0
1698906232.0625603 -0.0 0
1698906232.1127017 -0.0 0
1698906232.1629035 -0.0 0
1698906232.2129383 -0.0 0
1698906232.2629821 -0.0 0
1698906232.313792 -0.0 0
1698906232.3638544 -0.0 0
1698906232.4135246 -0.0 0
1698906232.4637048 -0.0 0
1698906232.5142584 -0.0 0
1698906232.563862 -0.0 0
1698906232.6139185 -0.0 0
1698906232.6639628 -0.0 0
1698906232.7139778 -0.0 0
1698906232.7641273 -0.0 0
1698906232.814567 -0.0 0
1698906232.864361 -0.0 0
1698906232.9147236 -0.0 0
1698906232.9648058 -0.0 0
1698906233.014966 -0.0 0
1698906233.0649874 -0.0 0
1698906233.115331 -0.0 0
1698906233.1654153 -0.0 0
1698906233.215485 -0.0 0
1698906233.2658243 -0.0 0
1698906233.315958 -0.0 0
1698906233.3660936 -0.0 0
1698906233.4159298 -0.0 0
1698906233.466093 -0.0 0
1698906233.5165071 -0.0 0
1698906233.5665147 -0.0 0
1698906233.6164136 -0.0 0
1698906233.6666317 -0.0 0
1698906233.716901 -0.0 0
1698906233.7667682 -0.0 0
1698906233.8169398 -0.0 0
1698906233.8669245 -0.0 0
1698906233.9170878 -0.0 0
1698906233.9671402 -0.0 0
1698906234.017884 -0.0 0
1698906234.0679364 -0.0 0
1698906234.117811 -0.0 0
1698906234.168006 -0.0 0
1698906234.2179916 -0.0 0
1698906234.2682083 -0.0 0
1698906234.3181114 -0.0 0
1698906234.369064 -0.0 0
1698906234.4187546 -0.0 0
1698906234.4689834 -0.0 0
1698906234.5188572 -0.0 0
1698906234.5688748 -0.0 0
1698906234.6190271 -0.0 0
1698906234.669117 -0.0 0
1698906234.7192278 -0.0 0
1698906234.7703183 -0.0 0
1698906234.819914 -0.0 0
1698906234.8701503 -0.0 0
1698906234.919815 -0.0 0
1698906234.969921 -0.0 0
1698906235.019882 -0.0 0
1698906235.0698977 -0.0 0
1698906235.120296 -0.0 0
1698906235.1707134 -0.0 0
1698906235.220551 -0.0 0
1698906235.2706687 -0.0 0
1698906235.3207994 -0.0 0
1698906235.3711424 -0.0 0
1698906235.4211295 -0.0 0
1698906235.4715648 -0.0 0
1698906235.5218673 -0.0 0
1698906235.5719488 -0.0 0
1698906235.6219115 -0.0 0
1698906235.6719158 -0.0 0
1698906235.722032 -0.0 0
1698906235.7721112 -0.0 0
1698906235.8222408 -0.0 0
1698906235.8724754 -0.0 0
1698906235.922795 -0.0 0
1698906235.973495 -0.0 0
1698906236.0228148 -0.0 0
1698906236.0729246 -0.0 0
1698906236.1230125 -0.0 0
1698906236.173281 -0.0 0
1698906236.2237442 -0.0 0
1698906236.2735977 -0.0 0
1698906236.3235652 -0.0 0
1698906236.3737597 -0.0 0
1698906236.4241173 -0.0 0
1698906236.4743197 -0.0 0
1698906236.5244892 -0.0 0
1698906236.5747247 -0.0 0
1698906236.6249547 -0.0 0
1698906236.6754067 -0.0 0
1698906236.7255435 -0.0 0
1698906236.7754753 -0.0 0
1698906236.8258047 -0.0 0
1698906236.8753908 -0.0 0
1698906236.9255214 -0.0 0
1698906236.9752607 -0.0 0
1698906237.025874 -0.0 0
1698906237.0757117 -0.0 0
1698906237.1260624 -0.0 0
1698906237.1759057 -0.0 0
1698906237.2259986 -0.0 0
1698906237.2761614 -0.0 0
1698906237.326508 -0.0 0
1698906237.3765635 -0.0 0
1698906237.426794 -0.0 0
1698906237.4768107 -0.0 0
1698906237.526967 -0.0 0
1698906237.577008 -0.0 0
1698906237.6270678 -0.0 0
1698906237.6772335 -0.0 0
1698906237.7273111 -0.0 0
1698906237.7776244 -0.0 0
1698906237.8277576 -0.0 0
1698906237.8780582 -0.0 0
1698906237.9280558 -0.0 0
1698906237.9780421 -0.0 0
1698906238.0282888 -0.0 0
1698906238.078667 -0.0 0
1698906238.1286378 -0.0 0
1698906238.1788166 -0.0 0
1698906238.2289245 -0.0 0
1698906238.279052 -0.0 0
1698906238.328895 -0.0 0
1698906238.3789551 -0.0 0
1698906238.4289587 -0.0 0
1698906238.4792798 -0.0 0
1698906238.5299137 -0.0 0
1698906238.579583 -0.0 0
1698906238.6299398 -0.0 0
1698906238.6799219 -0.0 0
1698906238.7301118 -0.0 0
1698906238.7798872 -0.0 0
1698906238.8299766 -0.0 0
1698906238.8802378 -0.0 0
1698906238.9305997 -0.0 0
1698906238.9808729 -0.0 0
1698906239.0308442 -0.0 0
1698906239.0808792 -0.0 0
1698906239.131899 -0.0 0
1698906239.1818082 -0.0 0
1698906239.2317505 -0.0 0
1698906239.2818985 -0.0 0
1698906239.3317924 -0.0 0
1698906239.3819673 -0.0 0
1698906239.433053 -0.0 0
1698906239.48184 -0.0 0
1698906239.531812 -0.0 0
1698906239.5819287 -0.0 0
1698906239.633093 -0.0 0
1698906239.682367 -0.0 0
1698906239.7327695 -0.0 0
1698906239.7826695 -0.0 0
1698906239.8328278 -0.0 0
1698906239.8828037 -0.0 0
1698906239.9330244 -0.0 0
1698906239.9830241 -0.0 0
1698906240.0337772 -0.0 0
1698906240.0835605 -0.0 0
1698906240.133734 -0.0 0
1698906240.1836882 -0.0 0
1698906240.2338376 -0.0 0
1698906240.2839308 -0.0 0
1698906240.3343704 -0.0 0
1698906240.3842752 -0.0 0
1698906240.4347043 -0.0 0
1698906240.4849982 -0.0 0
1698906240.5354984 -0.0 0
1698906240.5899308 -0.0 0
1698906240.6374636 -0.0 0
1698906240.6876974 -0.0 0
1698906240.7382753 -0.0 0
1698906240.787727 -0.0 0
1698906240.837906 -0.0 0
1698906240.8878381 -0.0 0
1698906240.9378853 -0.0 0
1698906240.9885798 -0.0 0
1698906241.0382712 -0.0 0
1698906241.0887828 -0.0 0
1698906241.1391988 -0.0 0
1698906241.1893992 -0.0 0
1698906241.2391925 -0.0 0
1698906241.2889905 -0.0 0
1698906241.339156 -0.0 0
1698906241.3892987 -0.0 0
1698906241.439547 -0.0 0
1698906241.4901485 -0.0 0
1698906241.5409138 -0.0 0
1698906241.5906572 -0.0 0
1698906241.6408708 -0.0 0
1698906241.690871 -0.0 0
1698906241.740937 -0.0 0
1698906241.7911546 -0.0 0
1698906241.8409941 -0.0 0
1698906241.8915396 -0.0 0
1698906241.946648 -0.0 0
1698906242.008206 -0.0 0
1698906242.0456102 -0.0 0
1698906242.096617 -0.0 0
1698906242.1447017 -0.0 0
1698906242.1947787 -0.0 0
1698906242.2450013 -0.0 0
1698906242.2948525 -0.0 0
1698906242.3510094 -0.0 0
1698906242.3986988 -0.0 0
1698906242.4480577 -0.0 0
1698906242.4979658 -0.0 0
1698906242.5478337 -0.0 0
1698906242.5979676 -0.0 0
1698906242.6479075 -0.0 0
1698906242.7000644 -0.0 0
1698906242.7496052 -0.0 0
1698906242.7988467 -0.0 0
1698906242.8486707 -0.0 0
1698906242.898719 -0.0 0
1698906242.9493093 -0.0 0
1698906242.9989371 -0.0 0
1698906243.0488963 -0.0 0
1698906243.0988653 -0.0 0
1698906243.1489024 -0.0 0
1698906243.1989098 -0.0 0
1698906243.2493198 -0.0 0
1698906243.3000612 -0.0 0
1698906243.3498793 -0.0 0
1698906243.3997593 -0.0 0
1698906243.4504774 -0.0 0
1698906243.5008657 -0.0 0
1698906243.5503054 -0.0 0
1698906243.600288 -0.0 0
1698906243.6508029 -0.0 0
