1699264703.8109083 -0.04 0
1699264704.1005538 -0.04 0
1699264704.271641 -0.04 0
1699264704.3208907 -0.04 0
1699264704.370892 -0.04 0
1699264704.4215975 -0.04 0
1699264704.4713395 -0.04 0
1699264704.5224586 -0.04 0
1699264704.5727596 -0.04 0
1699264704.622631 -0.04 0
1699264704.672717 -0.04 0
1699264704.7228034 -0.04 0
1699264704.7729974 -0.04 0
1699264704.8229432 -0.04 0
1699264704.872925 -0.04 0
1699264704.9231014 -0.04 0
1699264704.9737902 -0.04 0
1699264705.0238163 -0.04 0
1699264705.0738509 -0.04 0
1699264705.1242537 -0.04 0
1699264705.17405 -0.04 0
1699264705.2243433 -0.04 0
1699264705.2743857 -0.04 0
1699264705.3246245 -0.04 0
1699264705.3749228 -0.04 0
1699264705.424844 -0.04 0
1699264705.475159 -0.04 0
1699264705.5251925 -0.04 0
1699264705.5751698 -0.04 0
1699264705.6252685 -0.04 0
1699264705.6756544 -0.04 0
1699264705.7262144 -0.04 0
1699264705.7757518 -0.04 0
1699264705.8262281 -0.04 0
1699264705.8764231 -0.04 0
1699264705.92639 -0.04 0
1699264705.9767358 -0.04 0
1699264706.0264838 -0.04 0
1699264706.0770743 -0.04 0
1699264706.1340735 -0.04 0
1699264706.1792326 -0.04 0
1699264706.229425 -0.04 0
1699264706.2793643 -0.04 0
1699264706.3298385 -0.04 0
1699264706.380127 -0.04 0
1699264706.430475 -0.04 0
1699264706.480481 -0.04 0
1699264706.5308354 -0.04 0
1699264706.5811188 -0.04 0
1699264706.6311803 -0.04 0
1699264706.6813111 -0.04 0
1699264706.7319503 -0.04 0
1699264706.7827008 -0.04 0
1699264706.832674 -0.04 0
1699264706.8829088 -0.04 0
1699264706.9334445 -0.04 0
1699264706.9839265 -0.04 0
1699264707.034661 -0.04 0
1699264707.0846267 -0.04 0
1699264707.1348686 -0.04 0
1699264707.18424 -0.04 0
1699264707.234573 -0.04 0
1699264707.284409 -0.04 0
1699264707.33436 -0.04 0
1699264707.3843737 -0.04 0
1699264707.43454 -0.04 0
1699264707.485504 -0.04 0
1699264707.5351677 -0.04 0
1699264707.5856798 -0.04 0
1699264707.6354363 -0.04 0
1699264707.6855516 -0.04 0
1699264707.735456 -0.04 0
1699264707.7859755 -0.04 0
1699264707.8362842 -0.04 0
1699264707.887334 -0.04 0
1699264707.9362607 -0.04 0
1699264707.9869013 -0.04 0
1699264708.0372856 -0.04 0
1699264708.087222 -0.04 0
1699264708.1367965 -0.04 0
1699264708.1869495 -0.04 0
1699264708.237139 -0.04 0
1699264708.2875776 -0.04 0
1699264708.3378677 -0.04 0
1699264708.3881075 -0.04 0
1699264708.438175 -0.04 0
1699264708.4886105 -0.04 0
1699264708.5385973 -0.04 0
1699264708.5887406 -0.04 0
1699264708.63879 -0.04 0
1699264708.6890347 -0.04 0
1699264708.7394717 -0.04 0
1699264708.7895606 -0.04 0
1699264708.839724 -0.04 0
1699264708.8897645 -0.04 0
1699264708.9399698 -0.04 0
1699264708.9908822 -0.04 0
1699264709.0411336 -0.04 0
1699264709.0913196 -0.04 0
1699264709.1409004 -0.04 0
1699264709.1913474 -0.04 0
1699264709.24204 -0.04 0
1699264709.2921236 -0.04 0
1699264709.3423882 -0.04 0
1699264709.3924086 -0.04 0
1699264709.4433753 -0.04 0
1699264709.4925654 -0.04 0
1699264709.543576 -0.04 0
1699264709.5939698 -0.04 0
1699264709.6435266 -0.04 0
1699264709.6946099 -0.04 0
1699264709.7439866 -0.04 0
1699264709.7941628 -0.04 0
1699264709.84417 -0.04 0
1699264709.8939881 -0.04 0
1699264709.9440553 -0.04 0
1699264709.9945717 -0.04 0
1699264710.0467806 -0.04 0
1699264710.0966067 -0.04 0
1699264710.1469226 -0.04 0
1699264710.1971679 -0.04 0
1699264710.246972 -0.04 0
1699264710.297152 -0.04 0
1699264710.3473604 -0.04 0
1699264710.3975635 -0.04 0
1699264710.448052 -0.04 0
1699264710.4982743 -0.04 0
1699264710.5498238 -0.04 0
1699264710.5999005 -0.04 0
1699264710.6505923 -0.04 0
1699264710.700521 -0.04 0
1699264710.7510397 -0.04 0
1699264710.8011725 -0.04 0
1699264710.851362 -0.04 0
1699264710.9011672 -0.04 0
1699264710.951576 -0.04 0
1699264711.001996 -0.04 0
1699264711.0518804 -0.04 0
1699264711.102244 -0.04 0
1699264711.1520052 -0.04 0
1699264711.2022097 -0.04 0
1699264711.252501 -0.04 0
1699264711.3023703 -0.04 0
1699264711.3525393 -0.04 0
1699264711.4026868 -0.04 0
1699264711.4527342 -0.04 0
1699264711.504006 -0.04 0
1699264711.5536191 -0.04 0
1699264711.603769 -0.04 0
1699264711.6536236 -0.04 0
1699264711.70351 -0.04 0
1699264711.753942 -0.04 0
1699264711.8040614 -0.04 0
1699264711.854741 -0.04 0
1699264711.9051197 -0.04 0
1699264711.9549649 -0.04 0
1699264712.0053751 -0.04 0
1699264712.0566123 -0.04 0
1699264712.105441 -0.04 0
1699264712.1560931 -0.04 0
1699264712.206561 -0.04 0
1699264712.2563767 -0.04 0
1699264712.307331 -0.04 0
1699264712.356573 -0.04 0
1699264712.4066868 -0.04 0
1699264712.4566636 -0.04 0
1699264712.5068698 -0.04 0
1699264712.5573947 -0.04 0
1699264712.6076252 -0.04 0
1699264712.6586337 -0.04 0
1699264712.7091522 -0.04 0
1699264712.7590303 -0.04 0
1699264712.8086224 -0.04 0
1699264712.8586442 -0.04 0
1699264712.9087408 -0.04 0
1699264712.9593837 -0.04 0
1699264713.009279 -0.04 0
1699264713.0591135 -0.04 0
1699264713.1093264 -0.04 0
1699264713.1597111 -0.04 0
1699264713.2097569 -0.04 0
1699264713.2595427 -0.04 0
1699264713.3101635 -0.04 0
1699264713.3610458 -0.04 0
1699264713.4104855 -0.04 0
1699264713.460584 -0.04 0
1699264713.5106986 -0.04 0
1699264713.5607736 -0.04 0
1699264713.6108427 -0.04 0
1699264713.6613479 -0.04 0
1699264713.7111616 -0.04 0
1699264713.7611556 -0.04 0
1699264713.8115482 -0.04 0
1699264713.8619554 -0.04 0
1699264713.911798 -0.04 0
1699264713.9619958 -0.04 0
1699264714.0119765 -0.04 0
1699264714.062354 -0.04 0
1699264714.1126888 -0.04 0
1699264714.1627595 -0.04 0
1699264714.212974 -0.04 0
1699264714.2628353 -0.04 0
1699264714.3129056 -0.04 0
1699264714.3628662 -0.04 0
1699264714.4134324 -0.04 0
1699264714.463226 -0.04 0
1699264714.513273 -0.04 0
1699264714.5635438 -0.04 0
1699264714.613798 -0.04 0
1699264714.6638978 -0.04 0
1699264714.7141685 -0.04 0
1699264714.7642286 -0.04 0
1699264714.8152227 -0.04 0
1699264714.8648946 -0.04 0
1699264714.9148638 -0.04 0
1699264714.9652038 -0.04 0
1699264715.0153527 -0.04 0
1699264715.065393 -0.04 0
1699264715.1161065 -0.04 0
1699264715.1666868 -0.04 0
1699264715.216804 -0.04 0
1699264715.266973 -0.04 0
1699264715.3168328 -0.04 0
1699264715.3669531 -0.04 0
1699264715.416833 -0.04 0
1699264715.4670873 -0.04 0
1699264715.5172305 -0.04 0
1699264715.5676103 -0.04 0
1699264715.6181562 -0.04 0
1699264715.667875 -0.04 0
1699264715.7180464 -0.04 0
1699264715.7678938 -0.04 0
1699264715.8182125 -0.04 0
1699264715.8681712 -0.04 0
1699264715.918884 -0.04 0
1699264715.9700458 -0.04 0
1699264716.0201776 -0.04 0
1699264716.0703006 -0.04 0
1699264716.1203704 -0.04 0
1699264716.1706192 -0.04 0
1699264716.2209005 -0.04 0
1699264716.2711363 -0.04 0
1699264716.3217015 -0.04 0
1699264716.3712904 -0.04 0
1699264716.4217086 -0.04 0
1699264716.4718347 -0.04 0
1699264716.5219605 -0.04 0
1699264716.571661 -0.04 0
1699264716.6217878 -0.04 0
1699264716.6722207 -0.04 0
1699264716.7224414 -0.04 0
1699264716.7726095 -0.04 0
1699264716.822567 -0.04 0
1699264716.872572 -0.04 0
1699264716.922793 -0.04 0
1699264716.97279 -0.04 0
1699264717.0229704 -0.04 0
1699264717.0735524 -0.04 0
1699264717.123236 -0.04 0
1699264717.173516 -0.04 0
1699264717.2237554 -0.04 0
1699264717.2738016 -0.04 0
1699264717.3246381 -0.04 0
1699264717.374308 -0.04 0
1699264717.4242632 -0.04 0
1699264717.474973 -0.04 0
1699264717.5248144 -0.04 0
1699264717.574799 -0.04 0
1699264717.6248841 -0.04 0
1699264717.674813 -0.04 0
1699264717.7255833 -0.04 0
1699264717.7752984 -0.04 0
1699264717.8255687 -0.04 0
1699264717.8758676 -0.04 0
1699264717.9259036 -0.04 0
1699264717.97616 -0.04 0
1699264718.0264254 -0.04 0
1699264718.0764024 -0.04 0
1699264718.1268766 -0.04 0
1699264718.1766999 -0.04 0
1699264718.227399 -0.04 0
1699264718.276892 -0.04 0
1699264718.327386 -0.04 0
1699264718.3773108 -0.04 0
1699264718.427244 -0.04 0
1699264718.4784176 -0.04 0
1699264718.527989 -0.04 0
1699264718.5782464 -0.04 0
1699264718.628504 -0.04 0
1699264718.6784062 -0.04 0
1699264718.7280827 -0.04 0
1699264718.7780695 -0.04 0
1699264718.8283272 -0.04 0
1699264718.8788486 -0.04 0
1699264718.9286046 -0.04 0
1699264718.979206 -0.04 0
1699264719.0290358 -0.04 0
1699264719.0791461 -0.04 0
1699264719.1293824 -0.04 0
1699264719.1797187 -0.04 0
1699264719.2314808 -0.04 0
1699264719.2801328 -0.04 0
1699264719.3304393 -0.04 0
1699264719.38082 -0.04 0
1699264719.4307656 -0.04 0
1699264719.4809387 -0.04 0
1699264719.5309255 -0.04 0
1699264719.5812619 -0.04 0
1699264719.6311953 -0.04 0
1699264719.6813855 -0.04 0
1699264719.732126 -0.04 0
1699264719.7818522 -0.04 0
1699264719.8318658 -0.04 0
1699264719.8817766 -0.04 0
1699264719.931673 -0.04 0
1699264719.9852295 -0.04 0
1699264720.0353758 -0.04 0
1699264720.085557 -0.04 0
1699264720.135854 -0.04 0
1699264720.1859639 -0.04 0
1699264720.238769 -0.04 0
1699264720.2869163 -0.04 0
1699264720.336691 -0.04 0
1699264720.387006 -0.04 0
1699264720.437087 -0.04 0
1699264720.4870956 -0.04 0
1699264720.5371585 -0.04 0
1699264720.5869532 -0.04 0
1699264720.6372743 -0.04 0
1699264720.6881506 -0.04 0
1699264720.7379286 -0.04 0
1699264720.7878325 -0.04 0
1699264720.8386436 -0.04 0
1699264720.888624 -0.04 0
1699264720.9396095 -0.04 0
1699264720.9891143 -0.04 0
1699264721.038882 -0.04 0
1699264721.088872 -0.04 0
1699264721.139499 -0.04 0
1699264721.1893702 -0.04 0
1699264721.2391148 -0.04 0
1699264721.2931304 -0.04 0
1699264721.3434951 -0.04 0
1699264721.3939457 -0.04 0
1699264721.4437618 -0.04 0
1699264721.4939387 -0.04 0
1699264721.5439742 -0.04 0
1699264721.593876 -0.04 0
1699264721.6456409 -0.04 0
1699264721.695816 -0.04 0
1699264721.7463932 -0.04 0
1699264721.7963574 -0.04 0
1699264721.846262 -0.04 0
1699264721.8964314 -0.04 0
1699264721.9470217 -0.04 0
1699264721.997193 -0.04 0
1699264722.0475852 -0.04 0
1699264722.0975502 -0.04 0
1699264722.147615 -0.04 0
1699264722.19776 -0.04 0
1699264722.248255 -0.04 0
1699264722.2980502 -0.04 0
1699264722.3510735 -0.04 0
1699264722.3999505 -0.04 0
1699264722.4495196 -0.04 0
1699264722.4998474 -0.04 0
1699264722.549454 -0.04 0
1699264722.5994325 -0.04 0
1699264722.6495116 -0.04 0
1699264722.6993973 -0.04 0
1699264722.7494907 -0.04 0
1699264722.7996724 -0.04 0
1699264722.8501315 -0.04 0
1699264722.899883 -0.04 0
1699264722.949785 -0.04 0
1699264723.000298 -0.04 0
1699264723.0503182 -0.04 0
1699264723.1002069 -0.04 0
1699264723.1507654 -0.04 0
1699264723.2007298 -0.04 0
1699264723.251214 -0.04 0
1699264723.3007557 -0.04 0
1699264723.3511007 -0.04 0
1699264723.4015734 -0.04 0
1699264723.4514015 -0.04 0
1699264723.5030491 -0.04 0
1699264723.5533235 -0.04 0
1699264723.6032243 -0.04 0
1699264723.6535726 -0.04 0
1699264723.703159 -0.04 0
1699264723.753559 -0.04 0
1699264723.8034375 -0.04 0
1699264723.8536713 -0.04 0
1699264723.9038796 -0.04 0
1699264723.9540582 -0.04 0
1699264724.0039124 -0.04 0
1699264724.0545516 -0.04 0
1699264724.1041863 -0.04 0
1699264724.1543021 -0.04 0
1699264724.2046795 -0.04 0
1699264724.254926 -0.04 0
1699264724.304925 -0.04 0
1699264724.3550315 -0.04 0
1699264724.405856 -0.04 0
1699264724.4556015 -0.04 0
1699264724.5093145 -0.04 0
1699264724.5582967 -0.04 0
1699264724.608152 -0.04 0
1699264724.6574743 -0.04 0
1699264724.7074409 -0.04 0
1699264724.7570872 -0.04 0
1699264724.8071225 -0.04 0
1699264724.8573909 -0.04 0
1699264724.9072738 -0.04 0
1699264724.9573405 -0.04 0
1699264725.007619 -0.04 0
1699264725.057912 -0.04 0
1699264725.108096 -0.04 0
1699264725.157948 -0.04 0
1699264725.207998 -0.04 0
1699264725.258302 -0.04 0
1699264725.3085527 -0.04 0
1699264725.3587697 -0.04 0
1699264725.4087803 -0.04 0
1699264725.458975 -0.04 0
1699264725.5091546 -0.04 0
1699264725.5593042 -0.04 0
1699264725.609894 -0.04 0
1699264725.6597795 -0.04 0
1699264725.7100704 -0.04 0
1699264725.7600513 -0.04 0
1699264725.8105483 -0.04 0
1699264725.8606958 -0.04 0
1699264725.9107783 -0.04 0
1699264725.9611354 -0.04 0
1699264726.0110404 -0.04 0
1699264726.0611393 -0.04 0
1699264726.1114252 -0.04 0
1699264726.1627643 -0.04 0
1699264726.2122037 -0.04 0
1699264726.2631173 -0.04 0
1699264726.3122234 -0.04 0
1699264726.3639157 -0.04 0
1699264726.4142363 -0.04 0
1699264726.4644961 -0.04 0
1699264726.5149724 -0.04 0
1699264726.5647452 -0.04 0
1699264726.614782 -0.04 0
1699264726.6646612 -0.04 0
1699264726.714791 -0.04 0
1699264726.764949 -0.04 0
1699264726.8155146 -0.04 0
1699264726.8658478 -0.04 0
1699264726.9158194 -0.04 0
1699264726.966018 -0.04 0
1699264727.0159636 -0.04 0
1699264727.0660574 -0.04 0
1699264727.11602 -0.04 0
1699264727.1666656 -0.04 0
1699264727.2169604 -0.04 0
1699264727.2669199 -0.04 0
1699264727.3169553 -0.04 0
1699264727.3671474 -0.04 0
1699264727.4172223 -0.04 0
1699264727.4675493 -0.04 0
1699264727.5181017 -0.04 0
1699264727.5677502 -0.04 0
1699264727.617684 -0.04 0
1699264727.668032 -0.04 0
1699264727.7179265 -0.04 0
1699264727.767957 -0.04 0
1699264727.818294 -0.04 0
1699264727.8685703 -0.04 0
1699264727.919101 -0.04 0
1699264727.9698641 -0.04 0
1699264728.019188 -0.04 0
1699264728.069426 -0.04 0
1699264728.1228533 -0.04 0
1699264728.1698568 -0.04 0
1699264728.2215183 -0.04 0
1699264728.2768602 -0.04 0
1699264728.3204942 -0.04 0
1699264728.3707507 -0.04 0
1699264728.420641 -0.04 0
1699264728.470673 -0.04 0
1699264728.5216124 -0.04 0
1699264728.5760722 -0.04 0
1699264728.621491 -0.04 0
1699264728.6718752 -0.04 0
1699264728.72316 -0.04 0
1699264728.772321 -0.04 0
1699264728.8274927 -0.04 0
1699264728.8759005 -0.04 0
1699264728.9268136 -0.04 0
1699264728.972032 -0.04 0
1699264729.021787 -0.04 0
1699264729.0720377 -0.04 0
1699264729.1222618 -0.04 0
1699264729.1726832 -0.04 0
1699264729.2232952 -0.04 0
1699264729.2727427 -0.04 0
1699264729.3228133 -0.04 0
1699264729.3727262 -0.04 0
1699264729.423275 -0.04 0
1699264729.4738865 -0.04 0
1699264729.5240128 -0.04 0
1699264729.5738194 -0.04 0
1699264729.6242752 -0.04 0
1699264729.6739748 -0.04 0
1699264729.7358794 -0.04 0
1699264729.7767982 -0.04 0
1699264729.8326252 -0.04 0
1699264729.882356 -0.04 0
1699264729.9285457 -0.04 0
1699264729.9778256 -0.04 0
1699264730.02528 -0.04 0
1699264730.075115 -0.04 0
1699264730.1253006 -0.04 0
1699264730.1754322 -0.04 0
1699264730.2256482 -0.04 0
1699264730.2795012 -0.04 0
1699264730.3274934 -0.04 0
1699264730.3812659 -0.04 0
1699264730.4283915 -0.04 0
1699264730.4766567 -0.04 0
1699264730.5266478 -0.04 0
1699264730.5767567 -0.04 0
1699264730.62687 -0.04 0
1699264730.6804216 -0.04 0
1699264730.7301104 -0.04 0
1699264730.779221 -0.04 0
1699264730.8287723 -0.04 0
1699264730.8972242 -0.04 0
1699264730.9446688 -0.04 0
1699264730.9888983 -0.04 0
1699264731.0387611 -0.04 0
1699264731.086585 -0.04 0
1699264731.1370678 -0.04 0
1699264731.1877136 -0.04 0
1699264731.2302506 -0.04 0
1699264731.2786727 -0.04 0
1699264731.3289576 -0.04 0
1699264731.379331 -0.04 0
1699264731.4292934 -0.04 0
1699264731.4823704 -0.04 0
1699264731.5310047 -0.04 0
1699264731.5798452 -0.04 0
1699264731.6301796 -0.04 0
1699264731.6802619 -0.04 0
1699264731.7307732 -0.04 0
1699264731.781144 -0.04 0
1699264731.831041 -0.04 0
1699264731.8808546 -0.04 0
1699264731.931307 -0.04 0
1699264731.9812567 -0.04 0
1699264732.031465 -0.04 0
1699264732.0915396 -0.04 0
1699264732.1388593 -0.04 0
1699264732.1842916 -0.04 0
1699264732.2330408 -0.04 0
1699264732.2823732 -0.04 0
1699264732.3323717 -0.04 0
1699264732.3826168 -0.04 0
1699264732.4328275 -0.04 0
1699264732.4830384 -0.04 0
1699264732.5354588 -0.04 0
1699264732.582827 -0.04 0
1699264732.6334774 -0.04 0
1699264732.6901422 -0.04 0
1699264732.740007 -0.04 0
1699264732.785287 -0.04 0
1699264732.8339875 -0.04 0
1699264732.8842947 -0.04 0
1699264732.9339287 -0.04 0
1699264732.9842267 -0.04 0
1699264733.034536 -0.04 0
1699264733.0844479 -0.04 0
1699264733.1408305 -0.04 0
1699264733.1891756 -0.04 0
1699264733.236083 -0.04 0
1699264733.2946014 -0.04 0
1699264733.338703 -0.04 0
1699264733.385765 -0.04 0
1699264733.435894 -0.04 0
1699264733.4869666 -0.04 0
1699264733.5368135 -0.04 0
1699264733.5886075 -0.04 0
1699264733.6370146 -0.04 0
1699264733.6899848 -0.04 0
1699264733.7368803 -0.04 0
1699264733.7869434 -0.04 0
1699264733.8392007 -0.04 0
1699264733.8879793 -0.04 0
1699264733.939587 -0.04 0
1699264733.9975715 -0.04 0
1699264734.0445082 -0.04 0
1699264734.095708 -0.04 0
1699264734.144682 -0.04 0
1699264734.1894715 -0.04 0
1699264734.2390273 -0.04 0
1699264734.2896674 -0.04 0
1699264734.3409543 -0.04 0
1699264734.3913438 -0.04 0
1699264734.440075 -0.04 0
1699264734.4900024 -0.04 0
1699264734.5492992 -0.04 0
1699264734.6021361 -0.04 0
1699264734.6635144 -0.04 0
1699264734.7154684 -0.04 0
1699264734.7727559 -0.04 0
1699264734.8205185 -0.04 0
1699264734.8756664 -0.04 0
1699264734.9233317 -0.04 0
1699264734.9696543 -0.04 0
1699264735.0209115 -0.04 0
1699264735.0682683 -0.04 0
1699264735.115543 -0.04 0
1699264735.1631994 -0.04 0
1699264735.2096663 -0.04 0
1699264735.2569342 -0.04 0
1699264735.3052027 -0.04 0
1699264735.3505704 -0.04 0
1699264735.3954883 -0.04 0
1699264735.4509943 -0.04 0
1699264735.4971182 -0.04 0
1699264735.5428874 -0.04 0
1699264735.5942116 -0.04 0
1699264735.6432195 -0.04 0
1699264735.6937206 -0.04 0
1699264735.7435448 -0.04 0
1699264735.7936976 -0.04 0
1699264735.8438938 -0.04 0
1699264735.904343 -0.04 0
1699264735.9587631 -0.04 0
1699264736.0108652 -0.04 0
1699264736.0477493 -0.04 0
