1697089711.643465 -0.0 0
1697089711.9281523 -0.0 0
1697089712.065213 -0.0 0
1697089712.0915616 -0.0 0
1697089712.119586 -0.0 0
1697089712.151696 -0.0 0
1697089712.1936061 -0.0 0
1697089712.235127 -0.0 0
1697089712.285291 -0.0 0
1697089712.3357143 -0.0 0
1697089712.3854733 -0.0 0
1697089712.4373565 -0.0 0
1697089712.486809 -0.0 0
1697089712.536764 -0.0 0
1697089712.586612 -0.0 0
1697089712.6366456 -0.0 0
1697089712.6869595 -0.0 0
1697089712.7376428 -0.0 0
1697089712.7870462 -0.0 0
1697089712.8373325 -0.0 0
1697089712.887511 -0.0 0
1697089712.9380608 -0.0 0
1697089712.9904194 -0.0 0
1697089713.0413527 -0.0 0
1697089713.0923347 -0.0 0
1697089713.1413124 -0.0 0
1697089713.1910048 -0.0 0
1697089713.2417667 -0.0 0
1697089713.2919734 -0.0 0
1697089713.3429751 -0.0 0
1697089713.3928804 -0.0 0
1697089713.4429522 -0.0 0
1697089713.493015 -0.0 0
1697089713.5436163 -0.0 0
1697089713.5954533 -0.0 0
1697089713.6448824 -0.0 0
1697089713.6946745 -0.0 0
1697089713.752289 -0.0 0
1697089713.799755 -0.0 0
1697089713.8503008 -0.0 0
1697089713.8987732 -0.0 0
1697089713.9494545 -0.0 0
1697089713.9985695 -0.0 0
1697089714.048397 -0.0 0
1697089714.0985088 -0.0 0
1697089714.1486716 -0.0 0
1697089714.1985383 -0.0 0
1697089714.248604 -0.0 0
1697089714.299478 -0.0 0
1697089714.3499823 -0.0 0
1697089714.3996606 -0.0 0
1697089714.4495602 -0.0 0
1697089714.5000927 -0.0 0
1697089714.5501842 -0.0 0
1697089714.6010387 -0.0 0
1697089714.6511016 -0.0 0
1697089714.7013278 -0.0 0
1697089714.7512102 -0.0 0
1697089714.8016472 -0.0 0
1697089714.8518736 -0.0 0
1697089714.902364 -0.0 0
1697089714.9531481 -0.0 0
1697089715.003802 -0.0 0
1697089715.0546377 -0.0 0
1697089715.1050382 -0.0 0
1697089715.155704 -0.0 0
1697089715.2058787 -0.0 0
1697089715.2564209 -0.0 0
1697089715.3062682 -0.0 0
1697089715.35638 -0.0 0
1697089715.4064226 -0.0 0
1697089715.4565797 -0.0 0
1697089715.508785 -0.0 0
1697089715.5581179 -0.0 0
1697089715.608519 -0.0 0
1697089715.659125 -0.0 0
1697089715.710935 -0.0 0
1697089715.7637272 -0.0 0
1697089715.813854 -0.0 0
1697089715.8660119 -0.0 0
1697089715.915425 -0.0 0
1697089715.9658458 -0.0 0
1697089716.0159035 -0.0 0
1697089716.0664308 -0.0 0
1697089716.1166878 -0.0 0
1697089716.1662273 -0.0 0
1697089716.21663 -0.0 0
1697089716.2666647 -0.0 0
1697089716.336803 -0.0 0
1697089716.3905225 -0.0 0
1697089716.4331448 -0.0 0
1697089716.4792829 -0.0 0
1697089716.529403 -0.0 0
1697089716.5790572 -0.0 0
1697089716.6286075 -0.0 0
1697089716.6784632 -0.0 0
1697089716.72971 -0.0 0
1697089716.7828035 -0.0 0
1697089716.837947 -0.0 0
1697089716.883977 -0.0 0
1697089716.9334416 -0.0 0
1697089716.9833438 -0.0 0
1697089717.034088 -0.0 0
1697089717.0840378 -0.0 0
1697089717.134367 -0.0 0
1697089717.184182 -0.0 0
1697089717.2467988 -0.0 0
1697089717.3055692 -0.0 0
1697089717.3521202 -0.0 0
1697089717.4029198 -0.0 0
1697089717.474514 -0.0 0
1697089717.5421681 -0.0 0
1697089717.5934763 -0.0 0
1697089717.6744823 -0.0 0
1697089717.729729 -0.0 0
1697089717.7736375 -0.0 0
1697089717.8165138 -0.0 0
1697089717.8618243 -0.0 0
1697089717.8962243 -0.0 0
1697089717.942493 -0.0 0
1697089717.9820936 -0.0 0
1697089718.0244067 -0.0 0
1697089718.0624495 -0.0 0
1697089718.1094403 -0.0 0
1697089718.1596856 -0.0 0
1697089718.2094042 -0.0 0
1697089718.2759094 -0.0 0
1697089718.3374577 -0.0 0
1697089718.402746 -0.0 0
1697089718.4662695 -0.0 0
1697089718.5191145 -0.0 0
1697089718.5733123 -0.0 0
1697089718.6359785 -0.0 0
1697089718.6737044 -0.0 0
1697089718.7092922 -0.0 0
1697089718.7470322 -0.0 0
1697089718.7962627 -0.0 0
1697089718.846241 -0.0 0
1697089718.896223 -0.0 0
1697089718.9475183 -0.0 0
1697089719.0092716 -0.0 0
1697089719.0618596 -0.0 0
1697089719.1224318 -0.0 0
1697089719.1888788 -0.0 0
1697089719.2266843 -0.0 0
1697089719.2572975 -0.0 0
1697089719.3064988 -0.0 0
1697089719.3576298 -0.0 0
1697089719.4078727 -0.0 0
1697089719.4575996 -0.0 0
1697089719.5083303 -0.0 0
1697089719.5583076 -0.0 0
1697089719.6095603 -0.0 0
1697089719.695596 -0.0 0
1697089719.760968 -0.0 0
1697089719.806213 -0.0 0
1697089719.8520737 -0.0 0
1697089719.9007766 -0.0 0
1697089719.953562 -0.0 0
1697089720.0017915 -0.0 0
1697089720.0354595 -0.0 0
1697089720.0772345 -0.0 0
1697089720.1328363 -0.0 0
1697089720.1779478 -0.0 0
1697089720.2279377 -0.0 0
1697089720.2783418 -0.0 0
1697089720.3299513 -0.0 0
1697089720.378157 -0.0 0
1697089720.428508 -0.0 0
1697089720.4787762 -0.0 0
1697089720.52885 -0.0 0
1697089720.5791435 -0.0 0
1697089720.6294816 -0.0 0
1697089720.6800334 -0.0 0
1697089720.7399702 -0.0 0
1697089720.8259363 -0.0 0
1697089720.901176 -0.0 0
1697089720.9847612 -0.0 0
1697089721.0672886 -0.0 0
1697089721.13531 -0.0 0
1697089721.2070715 -0.0 0
1697089721.2819643 -0.0 0
1697089721.3646147 -0.0 0
1697089721.4151938 -0.0 0
1697089721.463327 -0.0 0
1697089721.5077477 -0.0 0
1697089721.552641 -0.0 0
1697089721.5971205 -0.0 0
1697089721.640542 -0.0 0
1697089721.6848378 -0.0 0
1697089721.7245917 -0.0 0
1697089721.7700837 -0.0 0
1697089721.8136284 -0.0 0
1697089721.860664 -0.0 0
1697089721.9043958 -0.0 0
1697089721.956991 -0.0 0
1697089722.0177183 -0.0 0
1697089722.1023874 -0.0 0
1697089722.1829212 -0.0 0
1697089722.2605925 -0.0 0
1697089722.33526 -0.0 0
1697089722.3833272 -0.0 0
1697089722.432 -0.0 0
1697089722.481363 -0.0 0
1697089722.5311236 -0.0 0
1697089722.5826223 -0.0 0
1697089722.6335053 -0.0 0
1697089722.6817055 -0.0 0
1697089722.7324238 -0.0 0
1697089722.782779 -0.0 0
1697089722.8380294 -0.0 0
1697089722.9440484 -0.0 0
1697089723.0221515 -0.0 0
1697089723.0855727 -0.0 0
1697089723.1365993 -0.0 0
1697089723.1817944 -0.0 0
1697089723.2380745 -0.0 0
1697089723.2876604 -0.0 0
1697089723.3400137 -0.0 0
1697089723.3951747 -0.0 0
1697089723.4475317 -0.0 0
1697089723.5052702 -0.0 0
1697089723.574493 -0.0 0
1697089723.6367686 -0.0 0
1697089723.69824 -0.0 0
1697089723.7428858 -0.0 0
1697089723.8087268 -0.0 0
1697089723.8611798 -0.0 0
1697089723.8931403 -0.0 0
1697089723.9348285 -0.0 0
1697089723.9840786 -0.0 0
1697089724.0334444 -0.0 0
1697089724.0832508 -0.0 0
1697089724.1332252 -0.0 0
1697089724.1862195 -0.0 0
1697089724.2356062 -0.0 0
1697089724.2874973 -0.0 0
1697089724.3462281 -0.0 0
1697089724.4003406 -0.0 0
1697089724.4515831 -0.0 0
1697089724.504763 -0.0 0
1697089724.5579503 -0.0 0
1697089724.5984251 -0.0 0
1697089724.6476388 -0.0 0
1697089724.6980593 -0.0 0
1697089724.747319 -0.0 0
1697089724.797789 -0.0 0
1697089724.847213 -0.0 0
1697089724.8982816 -0.0 0
1697089724.948041 -0.0 0
1697089725.0051794 -0.0 0
1697089725.0642488 -0.0 0
1697089725.1207936 -0.0 0
1697089725.1845229 -0.0 0
1697089725.2361636 -0.0 0
1697089725.2973077 -0.0 0
1697089725.3437572 -0.0 0
1697089725.396144 -0.0 0
1697089725.434563 -0.0 0
1697089725.4796786 -0.0 0
1697089725.5281878 -0.0 0
1697089725.575802 -0.0 0
1697089725.6252036 -0.0 0
1697089725.675428 -0.0 0
1697089725.72513 -0.0 0
1697089725.7777834 -0.0 0
1697089725.8300986 -0.0 0
1697089725.882164 -0.0 0
1697089725.9350297 -0.0 0
1697089725.987408 -0.0 0
1697089726.0412593 -0.0 0
1697089726.0998104 -0.0 0
1697089726.1510098 -0.0 0
1697089726.2037506 -0.0 0
1697089726.2642913 -0.0 0
1697089726.3044293 -0.0 0
1697089726.349115 -0.0 0
1697089726.3999434 -0.0 0
1697089726.4514892 -0.0 0
1697089726.5091374 -0.0 0
1697089726.5587783 -0.0 0
1697089726.6100793 -0.0 0
1697089726.6627243 -0.0 0
1697089726.7178817 -0.0 0
1697089726.7681186 -0.0 0
1697089726.8229558 -0.0 0
1697089726.8704548 -0.0 0
1697089726.9194872 -0.0 0
1697089726.9686978 -0.0 0
1697089727.0191247 -0.0 0
1697089727.071203 -0.0 0
1697089727.1355708 -0.0 0
1697089727.2036052 -0.0 0
1697089727.256072 -0.0 0
1697089727.2912486 -0.0 0
1697089727.3292284 -0.0 0
1697089727.3816752 -0.0 0
1697089727.4312136 -0.0 0
1697089727.4824204 -0.0 0
1697089727.5312312 -0.0 0
1697089727.6035895 -0.0 0
1697089727.6701138 -0.0 0
1697089727.7251923 -0.0 0
1697089727.7755017 -0.0 0
1697089727.808726 -0.0 0
1697089727.8485456 -0.0 0
1697089727.9031432 -0.0 0
1697089727.953947 -0.0 0
1697089728.0048842 -0.0 0
1697089728.0570242 -0.0 0
1697089728.1068165 -0.0 0
1697089728.156049 -0.0 0
1697089728.2068756 -0.0 0
1697089728.2561598 -0.0 0
1697089728.3061965 -0.0 0
1697089728.3566523 -0.0 0
1697089728.4064715 -0.0 0
1697089728.4567757 -0.0 0
1697089728.5078983 -0.0 0
1697089728.5568454 -0.0 0
1697089728.609213 -0.0 0
1697089728.67897 -0.0 0
1697089728.7418582 -0.0 0
1697089728.7869885 -0.0 0
1697089728.838257 -0.0 0
1697089728.888392 -0.0 0
1697089728.937133 -0.0 0
1697089728.9873395 -0.0 0
1697089729.0341742 -0.0 0
1697089729.0833445 -0.0 0
1697089729.1323373 -0.0 0
1697089729.1889627 -0.0 0
1697089729.2333949 -0.0 0
1697089729.2829874 -0.0 0
1697089729.3339417 -0.0 0
1697089729.4190474 -0.0 0
1697089729.4794269 -0.0 0
1697089729.5419908 -0.0 0
1697089729.6055603 -0.0 0
1697089729.6674757 -0.0 0
1697089729.7372468 -0.0 0
1697089729.787869 -0.0 0
1697089729.8361468 -0.0 0
1697089729.885796 -0.0 0
1697089729.9357839 -0.0 0
1697089729.9863846 -0.0 0
1697089730.0357144 -0.0 0
1697089730.0857852 -0.0 0
1697089730.1356778 -0.0 0
1697089730.1993484 -0.0 0
1697089730.2587388 -0.0 0
1697089730.319445 -0.0 0
1697089730.37189 -0.0 0
1697089730.423918 -0.0 0
1697089730.4824955 -0.0 0
1697089730.5366786 -0.0 0
1697089730.5781136 -0.0 0
1697089730.6218228 -0.0 0
1697089730.658194 -0.0 0
1697089730.7072191 -0.0 0
1697089730.7566981 -0.0 0
1697089730.8077657 -0.0 0
1697089730.8561034 -0.0 0
1697089730.906155 -0.0 0
1697089730.9562414 -0.0 0
1697089731.0077496 -0.0 0
1697089731.0573123 -0.0 0
1697089731.107266 -0.0 0
1697089731.156978 -0.0 0
1697089731.2069147 -0.0 0
1697089731.2583225 -0.0 0
1697089731.3078785 -0.0 0
1697089731.363648 -0.0 0
1697089731.437488 -0.0 0
1697089731.4915192 -0.0 0
1697089731.5340593 -0.0 0
1697089731.571362 -0.0 0
1697089731.627661 -0.0 0
1697089731.6752396 -0.0 0
1697089731.7283273 -0.0 0
1697089731.7767575 -0.0 0
1697089731.8467207 -0.0 0
1697089731.9103022 -0.0 0
1697089731.9545114 -0.0 0
1697089731.9909716 -0.0 0
1697089732.0255299 -0.0 0
1697089732.0753062 -0.0 0
1697089732.12497 -0.0 0
1697089732.1751566 -0.0 0
1697089732.2249377 -0.0 0
1697089732.278156 -0.0 0
1697089732.334344 -0.0 0
1697089732.4087543 -0.0 0
1697089732.4620795 -0.0 0
1697089732.5148582 -0.0 0
1697089732.5594225 -0.0 0
1697089732.5988944 -0.0 0
1697089732.645812 -0.0 0
1697089732.693828 -0.0 0
1697089732.7424572 -0.0 0
1697089732.792703 -0.0 0
1697089732.8424227 -0.0 0
1697089732.8927863 -0.0 0
1697089732.9427168 -0.0 0
1697089732.9955676 -0.0 0
1697089733.0449073 -0.0 0
1697089733.0946515 -0.0 0
1697089733.1445029 -0.0 0
1697089733.196104 -0.0 0
1697089733.2464669 -0.0 0
1697089733.3055735 -0.0 0
1697089733.372313 -0.0 0
1697089733.4363873 -0.0 0
1697089733.4949038 -0.0 0
1697089733.5342996 -0.0 0
1697089733.5713086 -0.0 0
1697089733.6240525 -0.0 0
1697089733.6743283 -0.0 0
1697089733.7261395 -0.0 0
1697089733.7763433 -0.0 0
1697089733.826526 -0.0 0
1697089733.876613 -0.0 0
1697089733.926581 -0.0 0
1697089733.9768934 -0.0 0
1697089734.0272205 -0.0 0
1697089734.077224 -0.0 0
1697089734.1270535 -0.0 0
1697089734.1777751 -0.0 0
1697089734.2285826 -0.0 0
1697089734.2786484 -0.0 0
1697089734.3500805 -0.0 0
1697089734.4036615 -0.0 0
1697089734.4458375 -0.0 0
1697089734.509978 -0.0 0
1697089734.5701702 -0.0 0
1697089734.6316178 -0.0 0
1697089734.6901855 -0.0 0
1697089734.742386 -0.0 0
1697089734.773823 -0.0 0
1697089734.8079438 -0.0 0
1697089734.8590505 -0.0 0
1697089734.928548 -0.0 0
1697089735.0036888 -0.0 0
1697089735.0397885 -0.0 0
1697089735.0784204 -0.0 0
1697089735.1392825 -0.0 0
1697089735.195015 -0.0 0
1697089735.248526 -0.0 0
1697089735.2973077 -0.0 0
1697089735.3451061 -0.0 0
1697089735.3797164 -0.0 0
1697089735.4277713 -0.0 0
1697089735.4773152 -0.0 0
1697089735.5258048 -0.0 0
1697089735.5754323 -0.0 0
1697089735.6253152 -0.0 0
1697089735.6758492 -0.0 0
1697089735.726514 -0.0 0
1697089735.7761211 -0.0 0
1697089735.8262696 -0.0 0
1697089735.8763824 -0.0 0
1697089735.9263391 -0.0 0
1697089735.9780052 -0.0 0
1697089736.027476 -0.0 0
1697089736.0780988 -0.0 0
1697089736.1274269 -0.0 0
1697089736.2036462 -0.0 0
1697089736.245331 -0.0 0
1697089736.2830262 -0.0 0
1697089736.3353803 -0.0 0
1697089736.412727 -0.0 0
1697089736.4558778 -0.0 0
1697089736.5015395 -0.0 0
1697089736.5446792 -0.0 0
1697089736.5904272 -0.0 0
1697089736.639075 -0.0 0
1697089736.692116 -0.0 0
1697089736.739129 -0.0 0
1697089736.7897542 -0.0 0
1697089736.840723 -0.0 0
1697089736.889057 -0.0 0
1697089736.9398172 -0.0 0
1697089736.9910905 -0.0 0
1697089737.0449214 -0.0 0
1697089737.0921469 -0.0 0
1697089737.1422536 -0.0 0
1697089737.1913366 -0.0 0
1697089737.2414258 -0.0 0
1697089737.2914798 -0.0 0
1697089737.3421152 -0.0 0
1697089737.3914063 -0.0 0
1697089737.4456215 -0.0 0
1697089737.4957 -0.0 0
1697089737.5501375 -0.0 0
1697089737.599499 -0.0 0
1697089737.649339 -0.0 0
1697089737.699411 -0.0 0
1697089737.7491143 -0.0 0
1697089737.8000486 -0.0 0
1697089737.8497894 -0.0 0
1697089737.9010131 -0.0 0
1697089737.9503486 -0.0 0
1697089738.0051239 -0.0 0
1697089738.0873525 -0.0 0
1697089738.1337695 -0.0 0
1697089738.1781144 -0.0 0
1697089738.2260396 -0.0 0
1697089738.2620804 -0.0 0
1697089738.3106437 -0.0 0
1697089738.3601208 -0.0 0
1697089738.4101493 -0.0 0
1697089738.4593897 -0.0 0
1697089738.5102205 -0.0 0
1697089738.5599895 -0.0 0
1697089738.6098433 -0.0 0
1697089738.6603317 -0.0 0
1697089738.7100444 -0.0 0
1697089738.7601264 -0.0 0
1697089738.8105938 -0.0 0
1697089738.862793 -0.0 0
1697089738.9122372 -0.0 0
1697089738.961713 -0.0 0
1697089739.0117908 -0.0 0
1697089739.0624843 -0.0 0
1697089739.1117783 -0.0 0
1697089739.1622093 -0.0 0
1697089739.2123332 -0.0 0
1697089739.2626314 -0.0 0
1697089739.312481 -0.0 0
1697089739.3634207 -0.0 0
1697089739.4143982 -0.0 0
1697089739.464537 -0.0 0
1697089739.5157402 -0.0 0
1697089739.5658567 -0.0 0
1697089739.6153674 -0.0 0
1697089739.665025 -0.0 0
1697089739.7160788 -0.0 0
1697089739.766314 -0.0 0
1697089739.8166504 -0.0 0
1697089739.8674307 -0.0 0
1697089739.9187188 -0.0 0
1697089739.9689288 -0.0 0
1697089740.025727 -0.0 0
1697089740.0850828 -0.0 0
1697089740.137736 -0.0 0
1697089740.1873052 -0.0 0
1697089740.234499 -0.0 0
1697089740.2858036 -0.0 0
1697089740.334221 -0.0 0
1697089740.3828273 -0.0 0
1697089740.4328806 -0.0 0
1697089740.4826458 -0.0 0
1697089740.5324056 -0.0 0
1697089740.5873 -0.0 0
1697089740.635501 -0.0 0
1697089740.687172 -0.0 0
1697089740.7364495 -0.0 0
1697089740.7867632 -0.0 0
1697089740.8371942 -0.0 0
1697089740.8862772 -0.0 0
1697089740.9372072 -0.0 0
1697089740.9876218 -0.0 0
1697089741.0397878 -0.0 0
1697089741.0884364 -0.0 0
1697089741.1441998 -0.0 0
1697089741.196669 -0.0 0
1697089741.2453187 -0.0 0
1697089741.29705 -0.0 0
1697089741.3453991 -0.0 0
1697089741.3943417 -0.0 0
1697089741.443222 -0.0 0
1697089741.4935784 -0.0 0
1697089741.5430439 -0.0 0
1697089741.592418 -0.0 0
1697089741.643095 -0.0 0
1697089741.6921322 -0.0 0
1697089741.742645 -0.0 0
1697089741.7934449 -0.0 0
1697089741.8436635 -0.0 0
1697089741.8943293 -0.0 0
1697089741.9439967 -0.0 0
1697089741.994339 -0.0 0
1697089742.0448942 -0.0 0
1697089742.0965407 -0.0 0
1697089742.147041 -0.0 0
1697089742.1972244 -0.0 0
1697089742.2494283 -0.0 0
1697089742.297728 -0.0 0
1697089742.3469696 -0.0 0
1697089742.3968537 -0.0 0
1697089742.447083 -0.0 0
1697089742.4972372 -0.0 0
1697089742.5472167 -0.0 0
1697089742.5974312 -0.0 0
1697089742.6472533 -0.0 0
1697089742.6978548 -0.0 0
1697089742.7489653 -0.0 0
1697089742.7988057 -0.0 0
1697089742.8490953 -0.0 0
1697089742.8999186 -0.0 0
1697089742.9528759 -0.0 0
1697089743.0089276 -0.0 0
1697089743.0550706 -0.0 0
1697089743.1068246 -0.0 0
1697089743.1568809 -0.0 0
1697089743.206907 -0.0 0
1697089743.2569373 -0.0 0
1697089743.307194 -0.0 0
1697089743.3597238 -0.0 0
1697089743.408105 -0.0 0
1697089743.458323 -0.0 0
1697089743.5082247 -0.0 0
1697089743.5590866 -0.0 0
1697089743.6094134 -0.0 0
1697089743.6593542 -0.0 0
1697089743.7087407 -0.0 0
1697089743.759962 -0.0 0
1697089743.8127844 -0.0 0
1697089743.8654857 -0.0 0
1697089743.9139423 -0.0 0
1697089743.9646516 -0.0 0
1697089744.0142379 -0.0 0
1697089744.0643692 -0.0 0
1697089744.1140363 -0.0 0
1697089744.1640594 -0.0 0
1697089744.2145455 -0.0 0
1697089744.264696 -0.0 0
1697089744.3153727 -0.0 0
1697089744.3678925 -0.0 0
1697089744.4163256 -0.0 0
1697089744.4664297 -0.0 0
1697089744.519697 -0.0 0
1697089744.5692189 -0.0 0
1697089744.6191273 -0.0 0
1697089744.6692104 -0.0 0
1697089744.7190776 -0.0 0
1697089744.7705019 -0.0 0
1697089744.8193614 -0.0 0
1697089744.8703518 -0.0 0
1697089744.9202046 -0.0 0
1697089744.9704978 -0.0 0
1697089745.0204828 -0.0 0
1697089745.07291 -0.0 0
1697089745.1247487 -0.0 0
1697089745.1738389 -0.0 0
1697089745.2238305 -0.0 0
1697089745.275144 -0.0 0
1697089745.3251972 -0.0 0
1697089745.3747292 -0.0 0
1697089745.4242895 -0.0 0
1697089745.4768634 -0.0 0
1697089745.5356483 -0.0 0
1697089745.5834777 -0.0 0
1697089745.6272116 -0.0 0
1697089745.676251 -0.0 0
1697089745.728539 -0.0 0
1697089745.781444 -0.0 0
