1697192530.759336 3 0.3
1697192530.952015 3.0 0.3
1697192531.0635614 3.0 0.3
1697192531.083195 3.0 0.3
1697192531.1095676 3.0 0.3
1697192531.1512876 3.0 0.3
1697192531.2014477 3.0 0.3
1697192531.251638 3.0 0.3
1697192531.3014843 3.0 0.3
1697192531.3518806 3.0 0.3
1697192531.4020462 3.0 0.3
1697192531.4519176 3.0 0.3
1697192531.5019796 3.0 0.3
1697192531.5522788 3.0 0.3
1697192531.6022713 3.0 0.3
1697192531.6524858 3.0 0.3
1697192531.7025435 3.0 0.3
1697192531.7527454 3.0 0.3
1697192531.8027627 3.0 0.3
1697192531.853059 3.0 0.3
1697192531.9034858 3.0 0.3
1697192531.95315 3.0 0.3
1697192532.0037458 3.0 0.3
1697192532.0537071 3.0 0.3
1697192532.1039293 3.0 0.3
1697192532.1541936 3.0 0.3
1697192532.2040355 3.0 0.3
1697192532.254253 3.0 0.3
1697192532.304805 3.0 0.3
1697192532.3553028 3.0 0.3
1697192532.404915 3.0 0.3
1697192532.4550405 3.0 0.3
1697192532.5050652 3.0 0.3
1697192532.555256 3.0 0.3
1697192532.605117 3.0 0.3
1697192532.6556332 3.0 0.3
1697192532.7058167 3.0 0.3
1697192532.7559004 3.0 0.3
1697192532.8062131 3.0 0.3
1697192532.8559923 3.0 0.3
1697192532.9061768 3.0 0.3
1697192532.9561512 3.0 0.3
1697192533.0061924 3.0 0.3
1697192533.0564384 3.0 0.3
1697192533.10659 3.0 0.3
1697192533.1569383 3.0 0.3
1697192533.2070298 3.0 0.3
1697192533.257126 3.0 0.3
1697192533.3073194 3.0 0.3
1697192533.3570457 3.0 0.3
1697192533.4075074 3.0 0.3
1697192533.457657 3.0 0.3
1697192533.5080774 3.0 0.3
1697192533.558047 3.0 0.3
1697192533.6082983 3.0 0.3
1697192533.6582322 3.0 0.3
1697192533.708352 3.0 0.3
1697192533.758629 3.0 0.3
1697192533.8088062 3.0 0.3
1697192533.8594177 3.0 0.3
1697192533.9092429 3.0 0.3
1697192533.9591548 3.0 0.3
1697192534.009069 3.0 0.3
1697192534.059076 3.0 0.3
1697192534.1092584 3.0 0.3
1697192534.1600037 3.0 0.3
1697192534.209946 3.0 0.3
1697192534.260158 3.0 0.3
1697192534.3101678 3.0 0.3
1697192534.3602312 3.0 0.3
1697192534.410635 3.0 0.3
1697192534.460847 3.0 0.3
1697192534.5111027 3.0 0.3
1697192534.561086 3.0 0.3
1697192534.6115215 3.0 0.3
1697192534.6614723 3.0 0.3
1697192534.7115786 3.0 0.3
1697192534.7616758 3.0 0.3
1697192534.8116796 3.0 0.3
1697192534.8618362 3.0 0.3
1697192534.9122622 3.0 0.3
1697192534.9624155 3.0 0.3
1697192535.0130155 3.0 0.3
1697192535.062686 3.0 0.3
1697192535.1129143 3.0 0.3
1697192535.1629128 3.0 0.3
1697192535.2129881 3.0 0.3
1697192535.2633293 3.0 0.3
1697192535.3133895 3.0 0.3
1697192535.3639352 3.0 0.3
1697192535.4139712 3.0 0.3
1697192535.464036 3.0 0.3
1697192535.514119 3.0 0.3
1697192535.5643704 3.0 0.3
1697192535.614117 3.0 0.3
1697192535.6644683 3.0 0.3
1697192535.7146492 3.0 0.3
1697192535.7647953 3.0 0.3
1697192535.814873 3.0 0.3
1697192535.8650644 3.0 0.3
1697192535.9150765 3.0 0.3
1697192535.965146 3.0 0.3
1697192536.0156503 3.0 0.3
1697192536.0656552 3.0 0.3
1697192536.116081 3.0 0.3
1697192536.1660976 3.0 0.3
1697192536.2159567 3.0 0.3
1697192536.2663634 3.0 0.3
1697192536.3160996 3.0 0.3
1697192536.3675375 3.0 0.3
1697192536.4163787 3.0 0.3
1697192536.466656 3.0 0.3
1697192536.517032 3.0 0.3
1697192536.5668485 3.0 0.3
1697192536.617041 3.0 0.3
1697192536.6677678 3.0 0.3
1697192536.7171898 3.0 0.3
