1699268942.8882039 0.0 0
1699268943.153417 0.0 0
1699268943.302375 0.0 0
1699268943.3289568 0.0 0
1699268943.364728 0.0 0
1699268943.3972697 0.0 0
1699268943.4127738 0.0 0
1699268943.4546585 0.0 0
1699268943.5043623 0.0 0
1699268943.553865 0.0 0
1699268943.6037886 0.0 0
1699268943.653806 0.0 0
1699268943.704024 0.0 0
1699268943.7540557 0.0 0
1699268943.8043113 0.0 0
1699268943.8544478 0.0 0
1699268943.904829 0.0 0
1699268943.9545271 0.0 0
1699268944.0047157 0.0 0
1699268944.0547924 0.0 0
1699268944.1048498 None 0
1699268944.1555185 0.0 0
1699268944.205433 0.0 0
1699268944.2555354 0.0 0
1699268944.3058093 0.0 0
1699268944.3558197 None 0
1699268944.4057047 0.0 0
1699268944.4557898 0.0 0
1699268944.5063725 0.0 0
1699268944.5562093 0.0 0
1699268944.606239 None 0
1699268944.656279 0.0 0
1699268944.7063265 0.0 0
1699268944.7563763 0.0 0
1699268944.8069353 0.0 0
1699268944.8571255 None 0
1699268944.907563 0.0 0
1699268944.9575198 0.0 0
1699268945.007683 0.0 0
1699268945.0577505 None 0
1699268945.1079311 0.0 0
1699268945.1579537 0.0 0
1699268945.207839 0.0 0
1699268945.2582464 0.0 0
1699268945.3085291 None 0
1699268945.3587422 0.0 0
1699268945.4088361 0.0 0
1699268945.4587173 0.0 0
1699268945.5088398 None 0
1699268945.558825 0.0 0
1699268945.6089826 0.0 0
1699268945.6596959 0.0 0
1699268945.7094412 0.0 0
1699268945.7601445 0.0 0
1699268945.8098478 None 0
1699268945.8603833 0.0 0
1699268945.9098592 0.0 0
1699268945.9598916 0.0 0
1699268946.010168 0.0 0
1699268946.0601795 None 0
1699268946.1104789 0.0 0
1699268946.1614637 0.0 0
1699268946.2109134 None 0
1699268946.2611392 0.0 0
1699268946.3110116 0.0 0
1699268946.3612359 0.0 0
1699268946.4117324 0.0 0
1699268946.4615304 None 0
1699268946.5116632 0.0 0
1699268946.5617666 0.0 0
1699268946.6117013 0.0 0
1699268946.6617243 0.0 0
1699268946.712081 None 0
1699268946.7622669 0.0 0
1699268946.8124182 0.0 0
1699268946.862986 0.0 0
1699268946.912764 0.0 0
1699268946.9636385 None 0
1699268947.0126615 0.0 0
1699268947.0628111 0.0 0
1699268947.1152737 0.0 0
1699268947.1636994 0.0 0
1699268947.2135909 None 0
1699268947.2640238 0.0 0
1699268947.3138063 0.0 0
1699268947.3639686 0.0 0
1699268947.4140196 None 0
1699268947.4640627 0.0 0
1699268947.514214 0.0 0
1699268947.5646665 0.0 0
1699268947.614886 None 0
1699268947.6650383 0.0 0
1699268947.714813 0.0 0
1699268947.764853 0.0 0
1699268947.8148994 0.0 0
1699268947.8648245 None 0
1699268947.9154363 0.0 0
1699268947.9651673 0.0 0
1699268948.0152683 0.0 0
1699268948.0654724 0.0 0
1699268948.1159334 None 0
1699268948.1658876 0.0 0
1699268948.216077 0.0 0
1699268948.2665427 0.0 0
1699268948.3165672 None 0
1699268948.3666532 0.0 0
1699268948.4168725 0.0 0
1699268948.4670162 0.0 0
1699268948.516971 0.0 0
1699268948.567284 None 0
1699268948.617187 0.0 0
1699268948.667465 0.0 0
1699268948.7180977 0.0 0
1699268948.7679563 0.0 0
1699268948.818179 None 0
1699268948.8681078 0.0 0
1699268948.9176986 0.0 0
1699268948.9682114 0.0 0
1699268949.0185714 None 0
1699268949.0685434 0.0 0
1699268949.1190088 0.0 0
1699268949.1689346 0.0 0
1699268949.2187603 None 0
1699268949.268722 0.0 0
1699268949.3187923 0.0 0
1699268949.368728 0.0 0
1699268949.4188135 0.0 0
1699268949.4694645 None 0
1699268949.5194273 0.0 0
1699268949.5695956 0.0 0
1699268949.6199174 0.0 0
1699268949.6697507 0.0 0
1699268949.7198539 None 0
1699268949.7702851 0.0 0
1699268949.8200438 0.0 0
1699268949.87036 0.0 0
1699268949.9202363 None 0
1699268949.9704394 0.0 0
1699268950.0204506 0.0 0
1699268950.071629 0.0 0
1699268950.1213317 0.0 0
1699268950.1716309 None 0
1699268950.2212677 0.0 0
1699268950.271381 0.0 0
1699268950.3214548 0.0 0
1699268950.3715093 None 0
1699268950.4216292 0.0 0
1699268950.471829 0.0 0
1699268950.5218332 0.0 0
1699268950.572017 0.0 0
1699268950.622229 None 0
1699268950.6727164 0.0 0
1699268950.722723 0.0 0
1699268950.7738492 0.0 0
1699268950.8237953 0.0 0
1699268950.8736439 None 0
1699268950.9242334 0.0 0
1699268950.9738343 0.0 0
1699268951.0240428 0.0 0
1699268951.0752416 0.0 0
1699268951.124699 None 0
1699268951.1746697 0.0 0
1699268951.224574 0.0 0
1699268951.2749946 0.0 0
1699268951.3247557 0.0 0
1699268951.375137 None 0
1699268951.4250777 0.0 0
1699268951.4750535 0.0 0
1699268951.5254474 0.0 0
1699268951.5752964 None 0
1699268951.6255405 0.0 0
1699268951.7942371 0.0 0
1699268951.843402 0.0 0
1699268951.8934767 0.0 0
1699268951.9434414 0.0 0
1699268951.9935982 0.0 0
1699268952.043706 0.0 0
1699268952.0942523 0.0 0
1699268952.1447797 0.0 0
1699268952.1940284 0.0 0
1699268952.2443564 0.0 0
1699268952.294472 None 0
1699268952.3443942 0.0 0
1699268952.395106 0.0 0
1699268952.445005 0.0 0
1699268952.4950912 0.0 0
1699268952.546364 None 0
1699268952.5967803 0.0 0
1699268952.6467376 0.0 0
1699268952.6968095 0.0 0
1699268952.7470791 0.0 0
1699268952.797202 None 0
1699268952.8475106 0.0 0
1699268952.897451 0.0 0
1699268952.9476788 0.0 0
1699268952.998059 0.0 0
1699268953.0480201 None 0
1699268953.0982928 0.0 0
1699268953.148618 0.0 0
1699268953.1983583 0.0 0
1699268953.2489781 0.0 0
1699268953.299119 None 0
1699268953.3487387 0.0 0
1699268953.3989587 0.0 0
1699268953.448879 0.0 0
1699268953.4991639 0.0 0
1699268953.5491266 None 0
1699268953.5997386 0.0 0
1699268953.6500304 0.0 0
1699268953.7000744 0.0 0
1699268953.7500172 0.0 0
1699268953.800025 None 0
1699268953.85072 0.0 0
1699268953.9007647 0.0 0
1699268953.950984 0.0 0
1699268954.0014126 0.0 0
1699268954.051449 None 0
1699268954.1014736 0.0 0
1699268954.1518757 0.0 0
1699268954.2016976 0.0 0
1699268954.2519877 0.0 0
1699268954.302106 None 0
1699268954.352445 0.0 0
1699268954.4021828 0.0 0
1699268954.4523187 0.0 0
1699268954.5024798 None 0
1699268954.552699 0.0 0
1699268954.6034296 0.0 0
1699268954.6531515 0.0 0
1699268954.7034805 None 0
1699268954.7532823 0.0 0
1699268954.8035545 0.0 0
1699268954.853493 0.0 0
1699268954.9037213 0.0 0
1699268954.9537935 None 0
1699268955.0040689 0.0 0
1699268955.0542479 0.0 0
1699268955.1042576 0.0 0
1699268955.154821 0.0 0
1699268955.2047455 None 0
1699268955.2548165 0.0 0
1699268955.3046846 0.0 0
1699268955.3556159 0.0 0
1699268955.405006 0.0 0
1699268955.4551458 None 0
1699268955.5051973 0.0 0
1699268955.5554886 0.0 0
1699268955.6057537 0.0 0
1699268955.6554716 None 0
1699268955.7068024 0.0 0
1699268955.7559009 0.0 0
1699268955.80585 0.0 0
1699268955.856364 None 0
1699268955.9064062 0.0 0
1699268955.9564898 0.0 0
1699268956.0067847 0.0 0
1699268956.0569992 0.0 0
1699268956.1077013 None 0
1699268956.1573226 0.0 0
1699268956.2074175 0.0 0
1699268956.257459 0.0 0
1699268956.3080568 0.0 0
1699268956.3579993 None 0
1699268956.4082086 0.0 0
1699268956.4580634 0.0 0
1699268956.5082896 None 0
1699268956.5585697 0.0 0
1699268956.6088727 None 0
1699268956.658704 0.0 0
1699268956.708784 0.0 0
1699268956.758955 0.0 0
1699268956.8091297 0.0 0
1699268956.8595688 None 0
1699268956.9097226 0.0 0
1699268956.9598439 0.0 0
1699268957.0099792 0.0 0
1699268957.1561031 0.0 0
1699268957.1866848 0.0 0
1699268957.3009841 0.0 0
1699268957.3503106 0.0 0
1699268957.4004517 0.0 0
1699268957.5234811 0.0 0
1699268957.546087 0.0 0
1699268957.5773864 0.17743428253578852 0
1699268957.7476408 0.16773723144997266 0
1699268957.9108853 0.16773723144997266 0
1699268957.9600677 0.09533571048294223 0
1699268958.1168642 0.09533571048294223 0
1699268958.166495 0.09533571048294223 0
1699268958.2165022 0.01703647156691096 0
1699268958.3646843 0.01703647156691096 0
1699268958.3943222 0.01703647156691096 0
1699268958.4102774 -0.0006040645335180983 0
1699268958.5685368 -0.0006040645335180983 0
1699268958.618161 -0.0006040645335180983 0
1699268958.6686497 -0.003258048361126199 0
1699268958.8211942 -0.003258048361126199 0
1699268958.869867 -0.003258048361126199 0
1699268958.91986 -0.0036006294880267533 0
1699268959.0721707 -0.0036006294880267533 0
1699268959.1212177 -0.0036006294880267533 0
1699268959.1712806 -0.0031757731126394366 0
1699268959.3224754 -0.0031757731126394366 0
1699268959.3504343 -0.0031757731126394366 0
1699268959.3835497 -0.0031757731126394366 0
1699268959.4153867 -0.0023274945678681985 0
1699268959.5673738 -0.0023274945678681985 0
1699268959.6170876 -0.0023274945678681985 0
1699268959.6669815 -0.0023274945678681985 0
1699268959.7174754 -0.0032827570837422977 0
1699268959.8803287 -0.0032827570837422977 0
1699268959.9296849 -0.0032827570837422977 0
1699268959.980316 -0.0032827570837422977 0
1699268960.0304217 -0.004949900026735968 0
1699268960.1836042 -0.004949900026735968 0
1699268960.23371 -0.004949900026735968 0
1699268960.2838447 -0.00581621243068506 0
1699268960.4359624 -0.00581621243068506 0
1699268960.4852254 -0.00581621243068506 0
1699268960.53548 -0.00581621243068506 0
1699268960.5872567 -0.006546822156698968 0
1699268960.7405393 -0.0069077960544609894 0
1699268960.899003 -0.0069077960544609894 0
1699268960.9493432 -0.007126656740567647 0
1699268961.1121109 -0.007126656740567647 0
1699268961.161856 -0.007126656740567647 0
1699268961.212062 -0.008557938522858305 0
1699268961.3618731 -0.008557938522858305 0
1699268961.3890839 -0.008557938522858305 0
1699268961.420702 -0.008557938522858305 0
1699268961.4498906 -0.009656951489645368 0
1699268961.5997176 -0.010377476581940309 0
1699268961.7538545 -0.010377476581940309 0
1699268961.8035393 -0.011047102494701049 0
1699268961.9608572 -0.011047102494701049 0
1699268962.009772 -0.011047102494701049 0
1699268962.0600302 -0.011608703718881145 0
1699268962.282353 -0.011608703718881145 0
1699268962.3319094 -0.011608703718881145 0
1699268962.3821914 -0.011608703718881145 0
1699268962.4320183 -0.01199233972241229 0
1699268962.5855925 -0.012223103357269246 0
1699268962.7411692 -0.012223103357269246 0
1699268962.7909617 -0.013262384879210982 0
1699268962.9451828 -0.013262384879210982 0
1699268962.995179 -0.013262384879210982 0
1699268963.045443 -0.01417609154158504 0
1699268963.197853 -0.01417609154158504 0
1699268963.2480464 -0.01417609154158504 0
1699268963.2981722 -0.014945732217600927 0
1699268963.4552503 -0.014945732217600927 0
1699268963.5050094 -0.014945732217600927 0
1699268963.5547388 -0.014945732217600927 0
1699268963.6054108 -0.015608276812973053 0
1699268963.764462 -0.016096364654500546 0
1699268963.9148645 -0.016096364654500546 0
1699268963.9453294 -0.016516854750596617 0
1699268964.0936773 -0.016516854750596617 0
1699268964.1439831 -0.016516854750596617 0
1699268964.1939976 -0.016516854750596617 0
1699268964.243539 -0.018263381023690198 0
1699268964.3977234 -0.018263381023690198 0
1699268964.4476933 -0.018263381023690198 0
1699268964.4984765 -0.018263381023690198 0
1699268964.548144 -0.018946818022492578 0
1699268964.701102 -0.01952958075987506 0
1699268964.8556778 -0.01952958075987506 0
1699268964.904848 -0.020103901940080347 0
1699268965.0629098 -0.020103901940080347 0
1699268965.1126416 -0.020103901940080347 0
1699268965.162746 -0.020103901940080347 0
1699268965.213102 -0.020939206186881987 0
1699268965.3650851 -0.020939206186881987 0
1699268965.4145494 -0.020939206186881987 0
1699268965.4653747 -0.020939206186881987 0
1699268965.515212 -0.02133076928567378 0
1699268965.685226 -0.021623429672827835 0
1699268965.8602107 -0.021623429672827835 0
1699268965.9101622 -0.02234804637813077 0
1699268966.0615847 -0.02234804637813077 0
1699268966.1117625 -0.02234804637813077 0
1699268966.1615663 -0.0230023207372811 0
1699268966.32095 -0.0230023207372811 0
1699268966.37124 -0.0230023207372811 0
1699268966.4213455 -0.0230023207372811 0
1699268966.4714744 -0.023567710956550244 0
1699268966.6422215 -0.023567710956550244 0
1699268966.6922636 -0.023567710956550244 0
1699268966.7418692 -0.023567710956550244 0
1699268966.791804 -0.024469505003409473 0
1699268966.9374192 -0.024469505003409473 0
1699268966.9678223 -0.024469505003409473 0
1699268966.9841568 -0.024469505003409473 0
1699268967.016301 -0.02512810186693437 0
1699268967.1750374 -0.02512810186693437 0
1699268967.2246885 -0.02512810186693437 0
1699268967.2750459 -0.02512810186693437 0
1699268967.3253472 -0.02570249968433667 0
1699268967.4784288 -0.026201452244674232 0
1699268967.6327062 -0.026201452244674232 0
1699268967.68185 -0.026672583159866366 0
1699268967.841428 -0.026672583159866366 0
1699268967.8909662 -0.026672583159866366 0
1699268967.940661 -0.027105799769930064 0
1699268968.0902176 -0.027105799769930064 0
1699268968.1219141 -0.027105799769930064 0
1699268968.1554406 -0.027105799769930064 0
1699268968.1881866 -0.02790981846302391 0
1699268968.3415806 -0.02790981846302391 0
1699268968.3908627 -0.02790981846302391 0
1699268968.4410396 -0.028158857868724897 0
1699268968.6032035 -0.028158857868724897 0
1699268968.6526706 -0.028158857868724897 0
1699268968.7029843 -0.028373928695883826 0
1699268968.8575766 -0.028373928695883826 0
1699268968.907392 -0.028373928695883826 0
1699268968.9575055 -0.028373928695883826 0
1699268969.007942 -0.028770187438111133 0
1699268969.1601555 -0.029145928628846973 0
1699268969.3133485 -0.029145928628846973 0
1699268969.3630903 -0.02950160808294279 0
1699268969.5095017 -0.02950160808294279 0
1699268969.5415154 -0.02950160808294279 0
1699268969.5729077 -0.02981500183878319 0
1699268969.729648 -0.02981500183878319 0
1699268969.7790577 -0.02981500183878319 0
1699268969.829341 -0.030141459760845302 0
1699268969.9800792 -0.030141459760845302 0
1699268970.0106113 -0.030141459760845302 0
1699268970.0255692 -0.030457974002967896 0
1699268970.1897736 -0.030457974002967896 0
1699268970.239385 -0.030457974002967896 0
1699268970.2896695 -0.03081223748067067 0
1699268970.442326 -0.03081223748067067 0
1699268970.4907665 -0.03081223748067067 0
1699268970.5411158 -0.031138364444074976 0
1699268970.699421 -0.031138364444074976 0
1699268970.7483714 -0.031138364444074976 0
1699268970.7999077 -0.031138364444074976 0
1699268970.8495932 -0.03147240493944568 0
1699268971.0094323 -0.03179427214478468 0
1699268971.1614847 -0.03179427214478468 0
1699268971.2116988 -0.032094716503015 0
1699268971.362415 -0.032094716503015 0
1699268971.3936071 -0.032094716503015 0
1699268971.4103222 -0.03240410961170557 0
1699268971.555166 -0.03240410961170557 0
1699268971.6048524 -0.03240410961170557 0
1699268971.6548016 -0.03240410961170557 0
1699268971.7046454 -0.03278556735252906 0
1699268971.8565679 -0.033118714068626647 0
1699268972.001937 -0.033118714068626647 0
1699268972.0298777 -0.033382526994023276 0
1699268972.1868026 -0.033382526994023276 0
1699268972.236019 -0.033382526994023276 0
1699268972.2859495 -0.033382526994023276 0
1699268972.3366008 -0.033928163918597716 0
1699268972.4852428 -0.033928163918597716 0
1699268972.5290258 -0.033928163918597716 0
1699268972.5616963 -0.03417239534745314 0
1699268972.7181237 -0.03417239534745314 0
1699268972.7674124 -0.03417239534745314 0
1699268972.8177311 -0.034412005508687206 0
1699268972.9665737 -0.034412005508687206 0
1699268972.997477 -0.034412005508687206 0
1699268973.0315814 -0.03464474225349044 0
1699268973.1863577 -0.03464474225349044 0
1699268973.2358112 -0.03464474225349044 0
1699268973.2859797 -0.03464474225349044 0
1699268973.3360686 -0.03506161532219801 0
1699268973.4922407 -0.03506161532219801 0
1699268973.5416803 -0.03506161532219801 0
1699268973.591888 -0.035248284001054585 0
1699268973.7535927 -0.035248284001054585 0
1699268973.803318 -0.035248284001054585 0
1699268973.8535182 -0.035248284001054585 0
1699268973.9042356 -0.03544804277111307 0
1699268974.0556738 -0.03544804277111307 0
1699268974.104839 -0.03544804277111307 0
1699268974.1552136 -0.03563950186940444 0
1699268974.3152058 -0.03563950186940444 0
1699268974.3647203 -0.03563950186940444 0
1699268974.414892 -0.03563950186940444 0
1699268974.46487 -0.035831084429631566 0
1699268974.6182282 -0.036036421572554364 0
1699268974.7675238 -0.036036421572554364 0
1699268974.7996647 -0.036176752127886895 0
1699268974.9532597 -0.036176752127886895 0
1699268975.0035262 -0.036176752127886895 0
1699268975.0539374 -0.036176752127886895 0
1699268975.1043103 -0.03648582698637438 0
1699268975.2613783 -0.03648582698637438 0
1699268975.3119845 -0.03648582698637438 0
1699268975.3618264 -0.03662835523396667 0
1699268975.5576682 -0.03662835523396667 0
1699268975.6088507 -0.03662835523396667 0
1699268975.667679 -0.03662835523396667 0
1699268975.7254522 -0.03691318378988702 0
1699268975.9302306 -0.03691318378988702 0
1699268975.979788 -0.03691318378988702 0
1699268976.0299008 -0.03691318378988702 0
1699268976.080307 -0.03706655055654227 0
1699268976.2418294 -0.037145242771584354 0
1699268976.4183109 -0.037145242771584354 0
1699268976.4708247 -0.03721452812774589 0
1699268976.7112575 -0.03721452812774589 0
1699268976.7598922 -0.03721452812774589 0
1699268976.8095117 -0.03721452812774589 0
1699268976.8596098 -0.03740889494080812 0
1699268977.0164046 -0.03740889494080812 0
1699268977.0664513 -0.03740889494080812 0
1699268977.1166775 -0.03740889494080812 0
1699268977.1668968 -0.03760055429753569 0
1699268977.3240473 -0.03760055429753569 0
1699268977.3729362 -0.03760055429753569 0
1699268977.4232132 -0.03768606798918914 0
1699268977.578707 -0.03768606798918914 0
1699268977.6279964 -0.03768606798918914 0
1699268977.677924 -0.0377255598994345 0
1699268977.8434198 -0.0377255598994345 0
1699268977.8934114 -0.0377255598994345 0
1699268977.9434884 -0.03777919514778959 0
1699268978.1019678 -0.03777919514778959 0
1699268978.1517675 -0.03777919514778959 0
1699268978.2019155 -0.03783563605248207 0
1699268978.3574212 -0.03783563605248207 0
1699268978.4076347 -0.03783563605248207 0
1699268978.4578555 -0.037886592135839385 0
1699268978.62592 -0.037886592135839385 0
1699268978.6755097 -0.037886592135839385 0
1699268978.7256458 -0.037886592135839385 0
1699268978.7758307 -0.037948879463150766 0
1699268978.9300795 -0.03802952456482182 0
1699268979.0868483 -0.03802952456482182 0
1699268979.1366262 -0.0381018028973789 0
1699268979.2873278 -0.0381018028973789 0
1699268979.320424 -0.0381018028973789 0
1699268979.354222 -0.03819244593397743 0
1699268979.502803 -0.03819244593397743 0
1699268979.5520344 -0.03819244593397743 0
1699268979.6020336 -0.038250581430411004 0
1699268979.7607532 -0.038250581430411004 0
1699268979.8103702 -0.038250581430411004 0
1699268979.8604047 -0.03830682331223048 0
1699268980.0203433 -0.03830682331223048 0
1699268980.0697641 -0.03830682331223048 0
1699268980.119791 -0.038366816727566345 0
1699268980.2770326 -0.038366816727566345 0
1699268980.3266354 -0.038366816727566345 0
1699268980.3766406 -0.038366816727566345 0
1699268980.427067 -0.0384360688199312 0
1699268980.58888 -0.03850656612918442 0
1699268980.7448337 -0.03850656612918442 0
1699268980.7962544 -0.03858324650226396 0
1699268980.951808 -0.03858324650226396 0
1699268981.001474 -0.03858324650226396 0
1699268981.05169 -0.0386810453082933 0
1699268981.2254205 -0.0386810453082933 0
1699268981.275222 -0.0386810453082933 0
1699268981.3250024 -0.038783347052171 0
1699268981.4759147 -0.038783347052171 0
1699268981.5012162 -0.038783347052171 0
1699268981.5337474 -0.03882949498445687 0
1699268981.6935334 -0.03882949498445687 0
1699268981.743143 -0.03882949498445687 0
1699268981.7930758 -0.03882949498445687 0
1699268981.8433778 -0.03889089334874059 0
1699268982.0036948 -0.038953694873848296 0
1699268982.1630073 -0.038953694873848296 0
1699268982.212945 -0.03900779126760033 0
1699268982.3759608 -0.03900779126760033 0
1699268982.4255948 -0.03900779126760033 0
1699268982.4759774 -0.03900779126760033 0
1699268982.5260973 -0.039154931692618265 0
1699268982.6979768 -0.039154931692618265 0
1699268982.7481127 -0.039154931692618265 0
1699268982.7979136 -0.039223743153940754 0
1699268982.9587238 -0.039223743153940754 0
1699268983.008253 -0.039223743153940754 0
1699268983.058544 -0.039223743153940754 0
1699268983.108585 -0.03923766457611143 0
1699268983.269176 -0.03926391780501923 0
1699268983.4261138 -0.03926391780501923 0
1699268983.4753401 -0.039293275934449354 0
1699268983.633482 -0.039293275934449354 0
1699268983.6830199 -0.039293275934449354 0
1699268983.7331214 -0.039293275934449354 0
1699268983.783138 -0.03937923732120185 0
1699268983.9428897 -0.03937923732120185 0
1699268983.9929192 -0.03937923732120185 0
1699268984.0434413 -0.03937923732120185 0
1699268984.0930965 -0.039389734717430964 0
1699268984.2501738 -0.039389734717430964 0
1699268984.2996092 -0.039389734717430964 0
1699268984.349853 -0.03938911791809216 0
1699268984.508894 -0.03938911791809216 0
1699268984.5580661 -0.03938911791809216 0
1699268984.6083784 -0.039406967431131 0
1699268984.7681684 -0.039406967431131 0
1699268984.8178768 -0.039406967431131 0
1699268984.8678584 -0.039406967431131 0
1699268984.918284 -0.03943702569475967 0
1699268985.0740426 -0.039472085266343666 0
1699268985.225486 -0.039472085266343666 0
1699268985.2757955 -0.039504214759331226 0
1699268985.4263282 -0.039504214759331226 0
1699268985.4495962 -0.039504214759331226 0
1699268985.4822583 -0.03954580471019708 0
1699268985.6386917 -0.03954580471019708 0
1699268985.68833 -0.03954580471019708 0
1699268985.7402334 -0.03954580471019708 0
1699268985.7898548 -0.03959739431274142 0
1699268985.9364953 -0.03961347782630211 0
1699268986.0871475 -0.03961347782630211 0
1699268986.1370575 -0.0396249673723304 0
1699268986.3004575 -0.0396249673723304 0
1699268986.3498545 -0.0396249673723304 0
1699268986.3997612 -0.03964778697490121 0
1699268986.566638 -0.03964778697490121 0
1699268986.6159406 -0.03964778697490121 0
1699268986.6660485 -0.03968218273897302 0
1699268986.8118532 -0.03968218273897302 0
1699268986.8403802 -0.03968218273897302 0
1699268986.8560686 -0.03968218273897302 0
1699268986.8874817 -0.03971632725039217 0
1699268987.0296173 -0.03975083654506634 0
1699268987.175944 -0.03975083654506634 0
1699268987.2038639 -0.039791470586772286 0
1699268987.3551998 -0.039791470586772286 0
1699268987.4044027 -0.039791470586772286 0
