1699102741.2124636 0 0
1699102741.3591738 0 0
1699102741.4173486 0 0
1699102741.4730222 0 0
1699102741.5278091 0 0
1699102741.5843234 0 0
1699102741.6394277 0 0
1699102741.6948688 0 0
1699102741.750429 0 0
1699102741.8062282 0 0
1699102741.8617268 0 0
1699102741.9158406 0 0
1699102741.9693723 0 0
1699102742.0238483 0 0
1699102742.07899 0 0
1699102742.132159 0 0
1699102742.187826 0 0
1699102742.2473204 0 0
1699102742.3021207 0 0
1699102742.3569255 0 0
1699102742.4133043 0 0
1699102742.468361 0 0
1699102742.5265687 0 0
1699102742.585805 0 0
1699102742.6415567 0 0
1699102742.696375 0 0
1699102742.753672 0 0
1699102742.80963 0 0
1699102742.8637838 0 0
1699102742.9180899 0 0
1699102742.974052 0 0
1699102743.0995624 0 0
1699102743.1549108 0 0
1699102743.2115638 0 0
1699102743.2676837 0 0
1699102743.3260062 0 0
1699102743.3806024 0 0
1699102743.4381697 0 0
1699102743.4953315 0 0
1699102743.5504756 0 0
1699102743.6083453 0 0
1699102743.665397 0 0
1699102743.7237568 0 0
1699102743.780282 0 0
1699102743.8356588 0 0
1699102743.8914661 0 0
1699102743.9494166 0 0
1699102744.021735 0 0
1699102744.0777245 0 0
1699102744.1324553 0 0
1699102744.1872282 0 0
1699102744.2451422 0 0
1699102744.3006341 0 0
1699102744.3553388 0 0
1699102744.4088702 0 0
1699102744.4639778 0 0
1699102744.5184803 0 0
1699102744.5733638 0 0
1699102744.6285267 0 0
1699102744.6836445 0 0
1699102744.7392895 0 0
1699102744.7949612 0 0
1699102744.8505056 0 0
1699102744.90777 0 0
1699102744.9630127 0 0
1699102745.017247 0 0
1699102745.0715206 0 0
1699102745.1266956 0 0
1699102745.1884882 0 0
1699102745.2535138 0 0
1699102745.326214 0 0
1699102745.3874953 0 0
1699102745.4457042 0 0
1699102745.509491 0 0
1699102745.5709624 0 0
1699102745.6341796 0 0
1699102745.6978905 0 0
1699102745.7603126 0 0
1699102745.8222077 0 0
1699102745.8852715 0 0
1699102745.9471347 0 0
1699102746.009039 0 0
1699102746.0703435 0 0
1699102746.1327732 0 0
1699102746.1965528 0 0
1699102746.2578065 0 0
1699102746.3228545 0 0
1699102746.387546 0 0
1699102746.4509308 0 0
1699102746.5132546 0 0
1699102746.5770993 0 0
1699102746.6514688 0 0
1699102746.7141101 0 0
1699102746.7765346 0 0
1699102746.8403947 0 0
1699102746.8998814 0 0
1699102746.9622636 0 0
1699102747.0249126 0 0
1699102747.0874844 0 0
1699102747.1498218 0 0
1699102747.2128582 0 0
1699102747.2716906 0 0
1699102747.336025 0 0
1699102747.3987954 0 0
1699102747.4632103 0 0
1699102747.5253706 0 0
1699102747.5853071 0 0
1699102747.6482053 0 0
1699102747.711405 0 0
1699102747.7706702 0 0
1699102747.8360424 0 0
1699102747.9000072 0 0
1699102747.960573 0 0
1699102748.0356972 0 0
1699102748.0978844 0 0
1699102748.154623 0 0
1699102748.2107909 0 0
1699102748.2698884 0 0
1699102748.3307674 0 0
1699102748.3925452 0 0
1699102748.4569058 0 0
1699102748.521325 0 0
1699102748.5838418 0 0
1699102748.6625884 0 0
1699102748.7582958 0 0
1699102748.8192415 0 0
1699102748.877953 0 0
1699102748.945728 0 0
1699102749.014436 0 0
1699102749.0772161 0 0
1699102749.1399145 0 0
1699102749.2077081 0 0
1699102749.2726157 0 0
1699102749.3326259 0 0
1699102749.3967602 0 0
1699102749.4550838 0 0
1699102749.5184824 0 0
1699102749.5853045 0 0
1699102749.6464655 0 0
1699102749.7066994 0 0
1699102749.7735405 0 0
1699102749.8359683 0 0
1699102749.9037359 0 0
1699102749.964027 0 0
1699102750.0405343 0 0
1699102750.104168 0 0
1699102750.170121 0 0
1699102750.2345145 0 0
1699102750.2996452 0 0
1699102750.3668697 0 0
1699102750.4323554 0 0
1699102750.4979587 0 0
1699102750.5663946 0 0
1699102750.631719 0 0
1699102750.6972778 0 0
1699102750.7653294 0 0
1699102750.8330767 0 0
1699102750.897972 0 0
1699102750.9663937 0 0
1699102751.0319169 0 0
1699102751.0980427 0 0
1699102751.1658762 0 0
1699102751.231369 0 0
1699102751.2970724 0 0
1699102751.373634 0 0
1699102751.4435725 0 0
1699102751.5104113 0 0
1699102751.5758219 0 0
1699102751.6357775 0 0
1699102751.6993084 0 0
1699102751.766371 0 0
1699102751.8303578 0 0
1699102751.8958726 0 0
1699102751.9569502 0 0
1699102752.0225475 0 0
1699102752.0871687 0 0
1699102752.1571822 0 0
1699102752.2222176 0 0
1699102752.287124 0 0
1699102752.353296 0 0
1699102752.41769 0 0
1699102752.4802132 0 0
1699102752.545496 0 0
1699102752.608029 0 0
1699102752.6714802 0 0
1699102752.7362986 0 0
1699102752.7960825 0 0
1699102752.8740356 0 0
1699102752.9427774 0 0
1699102753.0037017 0 0
1699102753.0699325 0 0
1699102753.1300752 0 0
1699102753.1966233 0 0
1699102753.2613046 0 0
1699102753.3275115 0 0
1699102753.3940852 0 0
1699102753.4555326 0 0
1699102753.5237586 0 0
1699102753.5881643 0 0
1699102753.655443 0 0
1699102753.7225862 0 0
1699102753.782288 0 0
1699102753.8486166 0 0
1699102753.9147036 0 0
1699102753.9786696 0 0
1699102754.0442936 0 0
1699102754.1097512 0 0
1699102754.1746614 0 0
1699102754.2508812 0 0
1699102754.3174374 0 0
1699102754.3815513 0 0
1699102754.4489977 0 0
1699102754.5078325 0 0
1699102754.5717876 0 0
1699102754.6349747 0 0
1699102754.6914637 0 0
1699102754.7548335 0 0
1699102754.8187263 0 0
1699102754.8806427 0 0
1699102754.942086 0 0
1699102755.005121 0 0
1699102755.066803 0 0
1699102755.131552 0 0
1699102755.1963878 0 0
1699102755.2608345 0 0
1699102755.3234222 0 0
1699102755.389489 0 0
1699102755.4536955 0 0
1699102755.5182455 0 0
1699102755.581996 0 0
1699102755.642931 0 0
1699102755.6994932 0 0
1699102755.763807 0 0
1699102755.8223865 0 0
1699102755.8842266 0 0
1699102755.948083 0 0
1699102756.011108 0 0
1699102756.0751548 0 0
1699102756.1384401 0 0
1699102756.2019076 0 0
1699102756.2643664 0 0
1699102756.3286335 0 0
1699102756.3915172 0 0
1699102756.457956 0 0
1699102756.5377855 0 0
1699102756.6569781 0 0
1699102756.707051 0 0
1699102756.7661598 0 0
1699102756.8070931 0 0
1699102756.8869486 0 0
1699102757.0210674 0 0
1699102757.086959 0 0
1699102757.1614857 0 0
1699102757.2268882 0 0
1699102757.292071 0 0
1699102757.3544514 0 0
1699102757.4190598 0 0
1699102757.482988 0 0
1699102757.5455458 0 0
1699102757.6092722 0 0
1699102757.6721995 0 0
1699102757.7358909 0 0
1699102757.799004 0 0
1699102757.8624542 0 0
1699102757.9203897 0 0
1699102757.9837313 0 0
1699102758.0472069 0 0
1699102758.109188 0 0
1699102758.1724586 0 0
1699102758.2370455 0 0
1699102758.299791 0 0
1699102758.3633556 0 0
1699102758.426437 0 0
1699102758.4884908 0 0
1699102758.5638273 0 0
1699102758.6499178 0 0
1699102758.6674979 0 0
1699102758.6936572 0 0
1699102758.7480056 0 0
1699102758.7888055 0 0
1699102758.838602 0 0
1699102758.9117002 0 0
1699102758.974397 0 0
1699102759.0356636 0 0
1699102759.0974793 0 0
1699102759.1612504 0 0
1699102759.2292085 0 0
1699102759.294288 0 0
1699102759.358052 0 0
1699102759.4214501 0 0
1699102759.4863002 0 0
1699102759.5502038 0 0
1699102759.6135516 0 0
1699102759.6787858 0 0
1699102759.742261 0 0
1699102759.8062904 0 0
1699102759.8701909 0 0
1699102759.935164 0 0
1699102759.9994369 0 0
1699102760.0617745 0 0
1699102760.1276717 0 0
1699102760.1897814 0 0
1699102760.2494192 0 0
1699102760.3090923 0 0
1699102760.3766413 0 0
1699102760.4416883 0 0
1699102760.5217977 0 0
1699102760.606051 0 0
1699102760.6191041 0 0
1699102760.6280801 0 0
1699102760.6591427 0 0
1699102760.7347908 0 0
1699102760.759492 0 0
1699102760.8092363 0 0
1699102760.8981192 0 0
1699102760.9724874 0 0
1699102760.9856634 0 0
1699102761.0091636 0 0
1699102761.0655777 0.032820167446444025 -0.0013318137851915297
1699102761.1804178 0.032820167446444025 -0.0013318137851915297
1699102761.254196 0.032820167446444025 -0.0013318137851915297
1699102761.3282957 0.032820167446444025 -0.0013318137851915297
1699102761.4032886 0.032820167446444025 -0.0013318137851915297
1699102761.4800773 0.032820167446444025 -0.0013318137851915297
1699102761.5612261 0.032820167446444025 -0.0013318137851915297
1699102761.6339362 0.032820167446444025 -0.0013318137851915297
1699102761.710249 0.032820167446444025 -0.0013318137851915297
1699102761.783179 0.032820167446444025 -0.0013318137851915297
1699102761.8569465 0.032820167446444025 -0.0013318137851915297
1699102761.9454157 0.006916822548239487 0.0035438993910301376
1699102762.0588152 0.006916822548239487 0.0035438993910301376
1699102762.1352844 0.006916822548239487 0.0035438993910301376
1699102762.210785 0.006916822548239487 0.0035438993910301376
1699102762.2854333 0.006916822548239487 0.0035438993910301376
1699102762.3625402 0.006916822548239487 0.0035438993910301376
1699102762.439657 0.006916822548239487 0.0035438993910301376
1699102762.5134234 0.006916822548239487 0.0035438993910301376
1699102762.5888867 0.006916822548239487 0.0035438993910301376
1699102762.6624672 0.006916822548239487 0.0035438993910301376
1699102762.7313693 0.006916822548239487 0.0035438993910301376
1699102762.8031688 0.006916822548239487 0.0035438993910301376
1699102762.8787975 0.006916822548239487 0.0035438993910301376
1699102762.9515731 0.006916822548239487 0.0035438993910301376
1699102763.027225 0.006916822548239487 0.0035438993910301376
1699102763.099506 0.006916822548239487 0.0035438993910301376
1699102763.1904826 0.006916822548239487 0.0035438993910301376
1699102763.2668548 0.006916822548239487 0.0035438993910301376
1699102763.3420632 0.006916822548239487 0.0035438993910301376
1699102763.4140778 0.006916822548239487 0.0035438993910301376
1699102763.4864998 0.006916822548239487 0.0035438993910301376
1699102763.560681 0.006916822548239487 0.0035438993910301376
1699102763.6373456 0.006916822548239487 0.0035438993910301376
1699102763.7124257 0.006916822548239487 0.0035438993910301376
1699102763.7905822 0.006916822548239487 0.0035438993910301376
1699102763.863658 0.006916822548239487 0.0035438993910301376
1699102763.9371393 0.006916822548239487 0.0035438993910301376
1699102764.0112944 0.006916822548239487 0.0035438993910301376
1699102764.084554 0.006916822548239487 0.0035438993910301376
1699102764.1582224 0.006916822548239487 0.0035438993910301376
1699102764.232125 0.006916822548239487 0.0035438993910301376
1699102764.3058982 0.006916822548239487 0.0035438993910301376
1699102764.3930054 0.006916822548239487 0.0035438993910301376
1699102764.4671168 0.006916822548239487 0.0035438993910301376
1699102764.537905 0.006916822548239487 0.0035438993910301376
1699102764.610802 0.006916822548239487 0.0035438993910301376
1699102764.6825132 0.006916822548239487 0.0035438993910301376
1699102764.7554479 0.006916822548239487 0.0035438993910301376
1699102764.827367 0.006916822548239487 0.0035438993910301376
1699102764.8997793 0.006916822548239487 0.0035438993910301376
1699102764.9693122 0.006916822548239487 0.0035438993910301376
1699102765.0441642 0.006916822548239487 0.0035438993910301376
1699102765.1186457 0.006916822548239487 0.0035438993910301376
1699102765.1916635 0.006916822548239487 0.0035438993910301376
1699102765.265892 0.006916822548239487 0.0035438993910301376
1699102765.337692 0.006916822548239487 0.0035438993910301376
1699102765.413468 0.006916822548239487 0.0035438993910301376
1699102765.4994574 0 0
1699102765.6055713 0 0
1699102765.6790087 0 0
1699102765.7506406 0 0
1699102765.817889 0 0
1699102765.8940098 0 0
1699102765.965708 0 0
1699102766.0376515 0 0
1699102766.1061423 0 0
1699102766.1769724 0 0
1699102766.24788 0 0
1699102766.3180952 0 0
1699102766.3912098 0 0
1699102766.462527 0 0
1699102766.535038 0 0
1699102766.608395 0 0
1699102766.690122 0 0
1699102766.7632833 0 0
1699102766.8332434 0 0
1699102766.9050999 0 0
1699102766.9771543 0 0
1699102767.0477204 0 0
1699102767.119245 0 0
1699102767.1916547 0 0
1699102767.2617943 0 0
1699102767.332786 0 0
1699102767.4043212 0 0
1699102767.4753358 0 0
1699102767.5508788 0 0
1699102767.6175385 0 0
1699102767.690228 0 0
1699102767.7600384 0 0
1699102767.830729 0 0
1699102767.8995183 0 0
1699102767.9688313 0 0
1699102768.040895 0 0
1699102768.1150434 0 0
1699102768.1866012 0 0
1699102768.2696378 0 0
1699102768.3419778 0 0
1699102768.4130175 0 0
1699102768.4830902 0 0
1699102768.5530167 0 0
1699102768.6202993 0 0
1699102768.6869044 0 0
1699102768.7581937 0 0
1699102768.8308985 0 0
1699102768.9012237 0 0
1699102768.9748976 0 0
1699102769.0475705 0 0
1699102769.1189384 0 0
1699102769.1924362 0 0
1699102769.2669501 0 0
1699102769.3366067 0 0
1699102769.4091184 0 0
1699102769.4785542 0 0
1699102769.54967 0 0
1699102769.6237054 0 0
1699102769.695541 0 0
1699102769.7804508 0 0
1699102769.851587 0 0
1699102769.9205568 0 0
1699102769.9935405 0 0
1699102770.064408 0 0
1699102770.1339943 0 0
1699102770.203648 0 0
1699102770.2731643 0 0
1699102770.3457146 0 0
1699102770.4180079 0 0
1699102770.488432 0 0
1699102770.5587602 0 0
1699102770.6304412 0 0
1699102770.7005527 0 0
1699102770.770112 0 0
1699102770.8414285 0 0
1699102770.9134007 0 0
1699102770.9849188 0 0
1699102771.0558786 0 0
1699102771.125661 0 0
1699102771.196947 0 0
1699102771.2707448 0 0
1699102771.351389 0 0
1699102771.4239385 0 0
1699102771.4926193 0 0
1699102771.5557952 0 0
1699102771.6153164 0 0
1699102771.6790464 0 0
1699102771.7400563 0 0
1699102771.802917 0 0
1699102771.8689873 0 0
1699102771.9316041 0 0
1699102771.9914486 0 0
1699102772.0541105 0 0
1699102772.1133945 0 0
1699102772.1778185 0 0
1699102772.2419145 0 0
1699102772.3032322 0 0
1699102772.3672955 0 0
1699102772.4256248 0 0
1699102772.4846745 0 0
1699102772.5487437 0 0
1699102772.6109416 0 0
1699102772.6865735 0 0
1699102772.7510757 0 0
1699102772.8156667 0 0
1699102772.881037 0 0
1699102772.944207 0 0
1699102773.0077991 0 0
1699102773.071619 0 0
1699102773.1344733 0 0
1699102773.1991787 0 0
1699102773.2584565 0 0
1699102773.3224192 0 0
1699102773.3849647 0 0
1699102773.4488096 0 0
1699102773.5155327 0 0
1699102773.5794923 0 0
1699102773.6383302 0 0
1699102773.7037442 0 0
1699102773.7664855 0 0
1699102773.8291228 0 0
1699102773.8932729 0 0
1699102773.9638438 0 0
1699102774.0287688 0 0
1699102774.0938077 0 0
1699102774.15476 0 0
1699102774.2206059 0 0
1699102774.2799885 0 0
1699102774.3377228 0 0
1699102774.404581 0 0
1699102774.4670799 0 0
1699102774.541918 0 0
1699102774.605952 0 0
1699102774.6710525 0 0
1699102774.7402709 0 0
1699102774.804732 0 0
1699102774.8691487 0 0
1699102774.936679 0 0
1699102775.0007625 0 0
1699102775.0653627 0 0
1699102775.130671 0 0
1699102775.207476 0 0
1699102775.2757673 0 0
1699102775.3427527 0 0
1699102775.4037566 0 0
1699102775.4669619 0 0
1699102775.5339265 0 0
1699102775.5923078 0 0
1699102775.6502087 0 0
1699102775.7151988 0 0
1699102775.780414 0 0
1699102775.8436797 0 0
1699102775.9097002 0 0
1699102775.9671082 0 0
1699102776.030307 0 0
1699102776.0954535 0 0
1699102776.160945 0 0
1699102776.223199 0 0
1699102776.289045 0 0
1699102776.3546145 0 0
1699102776.4206614 0 0
1699102776.4910629 0 0
1699102776.5569026 0 0
1699102776.6223915 0 0
1699102776.6865616 0 0
1699102776.7533844 0 0
1699102776.812611 0 0
1699102776.8800383 0 0
1699102777.0157146 0 0
1699102777.0776868 0 0
1699102777.1423433 0 0
1699102777.2032874 0 0
1699102777.2671516 0 0
1699102777.3320792 0 0
1699102777.3959854 0 0
1699102777.457742 0 0
1699102777.5199776 0 0
1699102777.585748 0 0
1699102777.650423 0 0
1699102777.7124865 0 0
1699102777.777311 0 0
1699102777.8429 0 0
1699102777.915967 0 0
1699102777.9815652 0 0
1699102778.0458288 0 0
1699102778.109194 0 0
1699102778.1727042 0 0
1699102778.2396712 0 0
1699102778.3068335 0 0
1699102778.3713305 0 0
1699102778.4373713 0 0
1699102778.505145 0 0
1699102778.5706818 0 0
1699102778.63943 0 0
1699102778.7089546 0 0
1699102778.7852244 0 0
1699102778.8493502 0 0
1699102778.9150846 0 0
1699102778.9790971 0 0
1699102779.0458007 0 0
1699102779.1171424 0 0
1699102779.183713 0 0
1699102779.2510026 0 0
1699102779.3177469 0 0
1699102779.3838582 0 0
1699102779.4504445 0 0
1699102779.5176299 0 0
1699102779.5851223 0 0
1699102779.6444926 0 0
1699102779.7093139 0 0
1699102779.7710812 0 0
1699102779.8347743 0 0
1699102779.8928826 0 0
1699102779.9572594 0 0
1699102780.0238867 0 0
1699102780.0871825 0 0
1699102780.1520007 0 0
1699102780.2214031 0 0
1699102780.2870584 0 0
1699102780.351878 0 0
1699102780.416755 0 0
1699102780.4782166 0 0
1699102780.541364 0 0
1699102780.6079865 0 0
1699102780.6714807 0 0
1699102780.7347922 0 0
1699102780.8005168 0 0
1699102780.8602724 0 0
1699102780.922573 0 0
1699102780.9811184 0 0
1699102781.0424888 0 0
1699102781.1073666 0 0
1699102781.1708665 0 0
1699102781.2346616 0 0
1699102781.2972357 0 0
1699102781.366046 0 0
1699102781.4296246 0 0
1699102781.488144 0 0
1699102781.5551322 0 0
1699102781.619138 0 0
1699102781.6851833 0 0
1699102781.760615 0 0
1699102781.8238363 0 0
1699102781.8877363 0 0
1699102781.9496598 0 0
1699102782.0112746 0 0
1699102782.0740027 0 0
1699102782.137148 0 0
1699102782.2000349 0 0
1699102782.2645795 0 0
1699102782.3277445 0 0
1699102782.392163 0 0
1699102782.459002 0 0
1699102782.5174341 0 0
1699102782.5827398 0 0
1699102782.6467113 0 0
1699102782.7085555 0 0
1699102782.7724805 0 0
1699102782.8340514 0 0
1699102782.8957565 0 0
1699102782.9595072 0 0
1699102783.033516 0 0
1699102783.1535668 0 0
1699102783.205058 0 0
1699102783.256741 0 0
1699102783.3233602 0 0
1699102783.3895752 0 0
1699102783.4533367 0 0
1699102783.5182753 0 0
1699102783.5831575 0 0
1699102783.6468008 0 0
1699102783.7140198 0 0
1699102783.7769737 0 0
1699102783.8381472 0 0
1699102783.9014566 0 0
1699102783.9650443 0 0
1699102784.0296538 0 0
1699102784.0925171 0 0
1699102784.1524155 0 0
1699102784.2158458 0 0
1699102784.2797985 0 0
1699102784.3442333 0 0
1699102784.4102175 0 0
1699102784.4752305 0 0
1699102784.5427668 0 0
1699102784.6081276 0 0
1699102784.6740606 0 0
1699102784.7414134 0 0
1699102784.8072326 0 0
1699102784.8691447 0 0
1699102784.9348571 0 0
1699102784.9944344 0 0
1699102785.0561924 0 0
1699102785.1224241 0 0
1699102785.1866944 0 0
1699102785.2543752 0 0
1699102785.3226764 0 0
1699102785.3878372 0 0
1699102785.4528549 0 0
1699102785.5185492 0 0
1699102785.5838492 0 0
1699102785.6434011 0 0
1699102785.7014894 0 0
1699102785.7593436 0 0
1699102785.830278 0 0
1699102785.8956614 0 0
1699102785.960928 0 0
1699102786.028259 0 0
1699102786.0944335 0 0
1699102786.1602755 0 0
1699102786.2304454 0 0
1699102786.2961004 0 0
1699102786.3612595 0 0
1699102786.4265463 0 0
1699102786.4907577 0 0
1699102786.5499775 0 0
1699102786.6161888 0 0
1699102786.6807096 0 0
1699102786.7464364 0 0
1699102786.812553 0 0
1699102786.8750231 0 0
1699102786.9402509 0 0
1699102787.006827 0 0
1699102787.0715766 0 0
1699102787.1360118 0 0
1699102787.2006783 0 0
1699102787.2583685 0 0
1699102787.3213325 0 0
1699102787.387426 0 0
1699102787.4536204 0 0
1699102787.5205595 0 0
1699102787.5825922 0 0
1699102787.6483817 0 0
1699102787.7135608 0 0
1699102787.7761118 0 0
1699102787.8406012 0 0
1699102787.9069188 0 0
1699102787.9718442 0 0
1699102788.0344653 0 0
1699102788.1029017 0 0
1699102788.1685538 0 0
1699102788.2332137 0 0
1699102788.3005567 0 0
1699102788.3647554 0 0
1699102788.429422 0 0
1699102788.4948719 0 0
1699102788.560027 0 0
1699102788.6261718 0 0
1699102788.6920657 0 0
1699102788.7579544 0 0
1699102788.82653 0 0
1699102788.890115 0 0
1699102788.9541023 0 0
1699102789.0200086 0 0
1699102789.0838723 0 0
1699102789.1441357 0 0
1699102789.210848 0 0
1699102789.2750056 0 0
1699102789.334112 0 0
1699102789.3985548 0 0
1699102789.462464 0 0
1699102789.5250442 0 0
1699102789.5894105 0 0
1699102789.6531074 0 0
1699102789.717208 0 0
1699102789.7865376 0 0
1699102789.8479314 0 0
1699102789.9111578 0 0
1699102789.9739063 0 0
1699102790.0367243 0 0
1699102790.0986214 0 0
1699102790.1639526 0 0
1699102790.2269957 0 0
1699102790.289085 0 0
1699102790.3558228 0 0
1699102790.4170978 0 0
1699102790.4788125 0 0
1699102790.5439863 0 0
1699102790.6071835 0 0
1699102790.6720858 0 0
1699102790.735753 0 0
1699102790.7994971 0 0
1699102790.8645701 0 0
1699102790.9318295 0 0
1699102790.9957616 0 0
1699102791.0610988 0 0
1699102791.123161 0 0
1699102791.1866806 0 0
1699102791.2518187 0 0
1699102791.3142438 0 0
1699102791.3763607 0 0
1699102791.440421 0 0
1699102791.5038364 0 0
1699102791.5649838 0 0
1699102791.6306431 0 0
1699102791.693751 0 0
1699102791.7559829 0 0
1699102791.8177168 0 0
1699102791.8811877 0 0
1699102791.9406571 0 0
1699102792.0053666 0 0
1699102792.0694172 0 0
1699102792.1354532 0 0
1699102792.1998916 0 0
1699102792.2639225 0 0
1699102792.3275836 0 0
1699102792.391367 0 0
1699102792.4553034 0 0
1699102792.522816 0 0
1699102792.5864072 0 0
1699102792.6496108 0 0
1699102792.712479 0 0
1699102792.7747931 0 0
1699102792.8382282 0 0
1699102792.901141 0 0
1699102792.9639869 0 0
1699102793.0286033 0 0
1699102793.093904 0 0
1699102793.1621873 0 0
1699102793.2208743 0 0
1699102793.2882967 0 0
1699102793.3549137 0 0
1699102793.420015 0 0
1699102793.4872608 0 0
1699102793.5614302 0 0
1699102793.6276724 0 0
1699102793.6933084 0 0
1699102793.756387 0 0
1699102793.8214688 0 0
1699102793.8865237 0 0
1699102793.9466312 0 0
1699102794.009034 0 0
1699102794.07407 0 0
1699102794.1375017 0 0
1699102794.2037358 0 0
1699102794.270125 0 0
1699102794.3405814 0 0
1699102794.40696 0 0
1699102794.4743025 0 0
1699102794.5403867 0 0
1699102794.604716 0 0
1699102794.669899 0 0
1699102794.7306733 0 0
1699102794.7951212 0 0
1699102794.8635006 0 0
1699102794.9261527 0 0
1699102794.9914737 0 0
1699102795.0558789 0 0
1699102795.11964 0 0
1699102795.181536 0 0
1699102795.2467427 0 0
1699102795.3099976 0 0
1699102795.3716512 0 0
1699102795.4417338 0 0
1699102795.5062463 0 0
1699102795.5686433 0 0
1699102795.6324573 0 0
1699102795.6967132 0 0
1699102795.7618847 0 0
1699102795.8200483 0 0
1699102795.876297 0 0
1699102795.9341168 0 0
1699102795.9984503 0 0
1699102796.062459 0 0
1699102796.127302 0 0
1699102796.1906226 0 0
1699102796.25462 0 0
1699102796.3184288 0 0
1699102796.3824203 0 0
1699102796.4463117 0 0
1699102796.511555 0 0
1699102796.5759983 0 0
1699102796.640351 0 0
1699102796.7053106 0 0
1699102796.7677364 0 0
1699102796.8303711 0 0
1699102796.8948076 0 0
1699102796.9566603 0 0
1699102797.0192807 0 0
1699102797.0857234 0 0
1699102797.147959 0 0
1699102797.2091455 0 0
1699102797.2746015 0 0
1699102797.3359683 0 0
1699102797.3983378 0 0
1699102797.4623883 0 0
1699102797.5253496 0 0
1699102797.5873096 0 0
1699102797.6536078 0 0
1699102797.7171628 0 0
1699102797.7748253 0 0
1699102797.837854 0 0
1699102797.9014544 0 0
1699102797.9653296 0 0
1699102798.0294673 0 0
1699102798.0920362 0 0
1699102798.1570253 0 0
1699102798.2204244 0 0
1699102798.2855363 0 0
1699102798.3497589 0 0
1699102798.4110327 0 0
1699102798.4723196 0 0
1699102798.5312715 0 0
1699102798.595976 0 0
1699102798.6588902 0 0
1699102798.72457 0 0
1699102798.791339 0 0
1699102798.8574495 0 0
1699102798.923186 0 0
1699102798.9857273 0 0
1699102799.0485835 0 0
1699102799.1130886 0 0
1699102799.1718948 0 0
