1697469575.8315856 3 0.3
1697469576.3216212 3.0 0.3
1697469576.5932882 3.0 0.3
1697469576.6634421 3.0 0.3
1697469576.7322338 3.0 0.3
1697469576.8100133 3.0 0.3
1697469576.8839095 3.0 0.3
1697469576.9556444 3.0 0.3
1697469577.0260704 3.0 0.3
1697469577.0930285 3.0 0.3
1697469577.1604075 3.0 0.3
1697469577.22987 3.0 0.3
1697469577.2966468 3.0 0.3
1697469577.3701 3.0 0.3
1697469577.4395308 3.0 0.3
1697469577.5130281 3.0 0.3
1697469577.579242 3.0 0.3
1697469577.649194 3.0 0.3
1697469577.7175326 3.0 0.3
1697469577.786046 3.0 0.3
1697469577.868661 3.0 0.3
1697469577.93903 3.0 0.3
1697469578.0110672 3.0 0.3
1697469578.0785646 3.0 0.3
1697469578.1488514 3.0 0.3
1697469578.2182283 3.0 0.3
1697469578.2934773 3.0 0.3
1697469578.3634443 3.0 0.3
1697469578.4344797 3.0 0.3
1697469578.5045538 3.0 0.3
1697469578.5763783 3.0 0.3
1697469578.6431046 3.0 0.3
1697469578.7187603 3.0 0.3
1697469578.7901392 3.0 0.3
1697469578.9109492 3.0 0.3
1697469579.0269554 3.0 0.3
1697469579.0978491 3.0 0.3
1697469579.1657634 3.0 0.3
1697469579.235913 3.0 0.3
1697469579.305538 3.0 0.3
1697469579.371971 3.0 0.3
1697469579.4440372 3.0 0.3
1697469579.5149755 3.0 0.3
1697469579.5873551 3.0 0.3
1697469579.6545131 3.0 0.3
1697469579.7211163 3.0 0.3
1697469579.7937977 3.0 0.3
1697469579.8659391 3.0 0.3
1697469579.9370162 3.0 0.3
1697469580.0052538 3.0 0.3
1697469580.071003 3.0 0.3
1697469580.143902 3.0 0.3
1697469580.2167888 3.0 0.3
1697469580.286901 3.0 0.3
1697469580.3556752 3.0 0.3
1697469580.4240315 3.0 0.3
1697469580.4944034 3.0 0.3
1697469580.5622382 3.0 0.3
1697469580.6346433 3.0 0.3
1697469580.7089458 3.0 0.3
1697469580.789237 3.0 0.3
1697469580.8603992 3.0 0.3
1697469580.939189 3.0 0.3
1697469581.0129912 3.0 0.3
1697469581.0813768 3.0 0.3
1697469581.1584778 3.0 0.3
1697469581.225308 3.0 0.3
1697469581.291946 3.0 0.3
1697469581.368525 3.0 0.3
1697469581.446991 3.0 0.3
1697469581.5170605 3.0 0.3
1697469581.6012478 3.0 0.3
1697469581.6667695 3.0 0.3
1697469581.7381258 3.0 0.3
1697469581.8389053 3.0 0.3
1697469581.9644804 3.0 0.3
1697469582.0371137 3.0 0.3
1697469582.107005 3.0 0.3
1697469582.1714065 3.0 0.3
1697469582.2420034 3.0 0.3
1697469582.3093433 3.0 0.3
