1699261960.4615397 0.0 0.0
1699261960.9283628 0.0 0.0
1699261961.1803079 0.0 0.0
1699261961.2347069 0.0 0.0
1699261961.304253 0.0 0.0
1699261961.3702028 0.0 0.0
1699261961.4198322 0.0 0.0
1699261961.4733686 0.0 0.0
1699261961.5213344 0.0 0.0
1699261961.5679386 0.0 0.0
1699261961.613092 0.0 0.0
1699261961.6657016 0.0 0.0
1699261961.7176254 0.0 0.0
1699261961.763998 0.0 0.0
1699261961.8105855 0.0 0.0
1699261961.8551965 0.0 0.0
1699261961.899721 0.0 0.0
1699261961.9434016 0.0 0.0
1699261962.0036125 0.0 0.0
1699261962.0654075 0.0 0.0
1699261962.126257 0.0 0.0
1699261962.186652 0.0 0.0
1699261962.2395694 0.0 0.0
1699261962.2892933 0.0 0.0
1699261962.334166 0.0 0.0
1699261962.382966 0.0 0.0
1699261962.4317882 0.0 0.0
1699261962.4969678 0.0 0.0
1699261962.5616798 0.0 0.0
1699261962.622041 0.0 0.0
1699261962.6697364 0.0 0.0
1699261962.7152128 0.0 0.0
1699261962.7611783 0.0 0.0
1699261962.808909 0.0 0.0
1699261962.870659 0.0 0.0
1699261962.926652 0.0 0.0
1699261962.9863014 0.0 0.0
1699261963.0825925 0.0 0.0
1699261963.1365402 0.0 0.0
1699261963.189375 0.0 0.0
1699261963.2514918 0.0 0.0
1699261963.311814 0.0 0.0
1699261963.3665516 0.0 0.0
1699261963.4196472 0.0 0.0
1699261963.4712546 0.0 0.0
1699261963.5256171 0.0 0.0
1699261963.5796523 0.0 0.0
1699261963.6297102 0.0 0.0
1699261963.7027302 0.0 0.0
1699261963.7584546 0.0 0.0
1699261963.8203394 0.0 0.0
1699261963.8946548 0.0 0.0
1699261963.969217 0.0 0.0
1699261964.0329702 0.0 0.0
1699261964.1056707 0.0 0.0
1699261964.1754115 0.0 0.0
1699261964.2344708 0.0 0.0
1699261964.3018026 0.0 0.0
1699261964.3670425 0.0 0.0
1699261964.4274533 0.0 0.0
1699261964.4920673 0.0 0.0
1699261964.5644555 0.0 0.0
1699261964.62927 0.0 0.0
1699261964.6897368 0.0 0.0
1699261964.7396233 0.0 0.0
1699261964.7895212 0.0 0.0
1699261964.8475401 0.0 0.0
1699261964.916772 0.0 0.0
1699261964.9762623 0.0 0.0
1699261965.028038 0.0 0.0
1699261965.0736637 0.0 0.0
1699261965.1252782 0.0 0.0
1699261965.1724231 0.0 0.0
1699261965.2189069 0.0 0.0
1699261965.2839646 0.0 0.0
1699261965.3485298 0.0 0.0
1699261965.3981798 0.0 0.0
1699261965.4368072 0.0 0.0
1699261965.4876864 0.0 0.0
1699261965.5341344 0.0 0.0
1699261965.5845237 0.0 0.0
1699261965.6525815 0.0 0.0
1699261965.7134483 0.0 0.0
1699261965.7721086 0.0 0.0
1699261965.8195028 0.0 0.0
1699261965.8699055 0.0 0.0
1699261965.9186425 0.0 0.0
1699261965.9664128 0.0 0.0
1699261966.01596 None None
1699261966.079947 0.0 0.0
1699261966.1392865 0.0 0.0
1699261966.1875637 0.0 0.0
1699261966.2346344 0.0 0.0
1699261966.2815833 0.0 0.0
1699261966.3324456 None None
1699261966.3785563 0.0 0.0
1699261966.4306033 0.0 0.0
1699261966.4951794 0.0 0.0
1699261966.567434 0.0 0.0
1699261966.634236 0.0 0.0
1699261966.6942377 0.0 0.0
1699261966.7542236 0.0 0.0
1699261966.8134136 0.0 0.0
1699261966.87989 0.0 0.0
1699261966.9443154 0.0 0.0
1699261967.0083518 0.0 0.0
1699261967.0649092 0.0 0.0
1699261967.1218207 0.0 0.0
1699261967.1802483 0.0 0.0
1699261967.2367632 None None
1699261967.2951682 0.0 0.0
1699261967.3476024 0.0 0.0
1699261967.403473 0.0 0.0
1699261967.451509 0.0 0.0
1699261967.5022519 0.0 0.0
1699261967.5591376 None None
1699261967.6171167 0.0 0.0
1699261967.6813464 0.0 0.0
1699261967.737505 0.0 0.0
1699261967.7858827 0.0 0.0
1699261967.8394768 0.0 0.0
1699261967.88716 0.0 0.0
1699261967.9341016 None None
1699261967.9928782 0.0 0.0
1699261968.058381 0.0 0.0
1699261968.1225739 0.0 0.0
1699261968.1933403 0.0 0.0
1699261968.2525096 0.0 0.0
1699261968.3036857 0.0 0.0
1699261968.3539538 0.0 0.0
1699261968.4055505 0.0 0.0
1699261968.4650507 0.0 0.0
1699261968.5292249 0.0 0.0
1699261968.5865679 0.0 0.0
1699261968.641345 0.0 0.0
1699261968.6969337 None None
1699261968.74574 0.0 0.0
1699261968.7981243 0.0 0.0
1699261968.8572693 0.0 0.0
1699261968.9211125 0.0 0.0
1699261968.9832482 0.0 0.0
1699261969.0578787 0.0 0.0
1699261969.1160955 0.0 0.0
1699261969.1652126 0.0 0.0
1699261969.4619951 0.0 0.0
1699261969.516255 0.0 0.0
1699261969.5684488 0.0 0.0
1699261969.6287675 0.0 0.0
1699261969.6930966 0.0 0.0
1699261969.7499795 0.0 0.0
1699261969.8090587 0.0 0.0
1699261969.8703744 0.0 0.0
1699261969.9209743 0.0 0.0
1699261969.969481 0.0 0.0
1699261970.0299678 0.0 0.0
1699261970.08985 0.0 0.0
1699261970.1571486 0.0 0.0
1699261970.2130075 0.0 0.0
1699261970.2671034 0.0 0.0
1699261970.3184304 0.0 0.0
1699261970.3675427 0.0 0.0
1699261970.4221523 0.0 0.0
1699261970.4879308 0.0 0.0
1699261970.5452127 0.0 0.0
1699261970.601328 0.0 0.0
1699261970.6500819 0.0 0.0
1699261970.699167 0.0 0.0
1699261970.744766 0.0 0.0
1699261970.7936814 0.0 0.0
1699261970.8498669 0.0 0.0
1699261970.9184353 0.0 0.0
1699261970.9777126 0.0 0.0
1699261971.0412855 0.0 0.0
1699261971.0969825 0.0 0.0
1699261971.150303 0.0 0.0
1699261971.2010436 0.0 0.0
1699261971.269869 0.0 0.0
1699261971.346069 0.0 0.0
1699261971.408395 0.0 0.0
1699261971.4607778 0.0 0.0
1699261971.5113091 0.0 0.0
1699261971.5610578 None None
1699261971.6083086 0.0 0.0
1699261971.6636124 0.0 0.0
1699261971.7348874 0.0 0.0
1699261971.7895484 0.0 0.0
1699261971.8401833 0.0 0.0
1699261971.889616 None None
1699261971.936534 0.0 0.0
1699261971.9775195 0.0 0.0
1699261972.0333145 0.0 0.0
1699261972.09571 0.0 0.0
1699261972.149983 None None
1699261972.2063632 0.0 0.0
1699261972.264812 0.0 0.0
1699261972.3102555 0.0 0.0
1699261972.3620431 0.0 0.0
1699261972.4163096 0.0 0.0
1699261972.4805932 0.0 0.0
1699261972.547744 0.0 0.0
1699261972.6074975 0.0 0.0
1699261972.6651428 0.0 0.0
1699261972.7167225 None None
1699261972.7648017 0.0 0.0
1699261972.8170366 0.0 0.0
1699261972.889343 0.0 0.0
1699261972.9478855 0.0 0.0
1699261973.00351 0.0 0.0
1699261973.066067 0.0 0.0
1699261973.1189215 0.0 0.0
1699261973.1684158 None None
1699261973.225087 0.0 0.0
1699261973.294612 0.0 0.0
1699261973.3716633 0.0 0.0
1699261973.4233313 0.0 0.0
1699261973.4783084 0.0 0.0
1699261973.5292628 0.0 0.0
1699261973.5787792 0.0 0.0
1699261973.63831 0.0 0.0
1699261973.7094827 0.0 0.0
1699261973.7832007 0.0 0.0
1699261973.8543003 0.0 0.0
1699261973.9515936 0.0 0.0
1699261974.0140634 0.0 0.0
1699261974.0788803 0.0 0.0
1699261974.152016 0.0 0.0
1699261974.2350416 0.0 0.0
1699261974.3308368 0.0 0.0
1699261974.4073012 0.0 0.0
1699261974.496149 0.0 0.0
1699261974.5745182 0.0 0.0
1699261974.657746 0.0 0.0
1699261974.7290335 0.0 0.0
1699261975.1268382 0.0 0.0
1699261975.2518792 0.0 0.0
1699261975.587556 0.0 0.0
1699261975.6636844 0.0 0.0
1699261975.7376733 0.0 0.0
1699261976.0702407 0.0 0.0
1699261976.1478932 0.0 0.0
1699261976.223293 0.17743428253578852 -0.09178621460630032
1699261976.6904967 0.16773723144997266 -0.08579617692968701
1699261977.1526217 0.16773723144997266 -0.08579617692968701
1699261977.2260315 0.09533571048294223 -0.024906977554575768
1699261977.6760068 0.09533571048294223 -0.024906977554575768
1699261977.7519064 0.09533571048294223 -0.024906977554575768
1699261977.8272643 0.01703647156691096 -0.01247509815037838
1699261978.2680304 0.01703647156691096 -0.01247509815037838
1699261978.339354 0.01703647156691096 -0.01247509815037838
1699261978.4191887 -0.0006040645335180983 -0.02677115769197632
1699261978.8621576 -0.0006040645335180983 -0.02677115769197632
1699261978.9439793 -0.0006040645335180983 -0.02677115769197632
1699261979.0267575 -0.003258048361126199 -0.023948488483683382
1699261979.450474 -0.003258048361126199 -0.023948488483683382
1699261979.5348895 -0.003258048361126199 -0.023948488483683382
1699261979.6153708 -0.0036006294880267533 -0.023296143772674104
1699261980.0812016 -0.0036006294880267533 -0.023296143772674104
1699261980.1617982 -0.0036006294880267533 -0.023296143772674104
1699261980.2344267 -0.0031757731126394366 -0.023172247204761312
1699261980.6705854 -0.0031757731126394366 -0.023172247204761312
1699261980.747932 -0.0031757731126394366 -0.023172247204761312
1699261980.8200011 -0.0031757731126394366 -0.023172247204761312
1699261980.8944924 -0.0023274945678681985 -0.022389158775750966
1699261981.3408918 -0.0023274945678681985 -0.022389158775750966
1699261981.4094326 -0.0023274945678681985 -0.022389158775750966
1699261981.4828255 -0.0023274945678681985 -0.022389158775750966
1699261981.5556283 -0.0032827570837422977 -0.021070073646176943
1699261981.9931664 -0.0032827570837422977 -0.021070073646176943
1699261982.070479 -0.0032827570837422977 -0.021070073646176943
1699261982.1538067 -0.0032827570837422977 -0.021070073646176943
1699261982.2266812 -0.004949900026735968 -0.019950070561404392
1699261982.6740725 -0.004949900026735968 -0.019950070561404392
1699261982.7500136 -0.004949900026735968 -0.019950070561404392
1699261982.8261225 -0.00581621243068506 -0.019416918734326567
1699261983.2878594 -0.00581621243068506 -0.019416918734326567
1699261983.3631847 -0.00581621243068506 -0.019416918734326567
1699261983.50044 -0.00581621243068506 -0.019416918734326567
1699261983.5937352 -0.006546822156698968 -0.019186295355719894
1699261984.0432215 -0.0069077960544609894 -0.01892787151917446
1699261984.500927 -0.0069077960544609894 -0.01892787151917446
1699261984.5785992 -0.007126656740567647 -0.01835891323114746
1699261985.0413513 -0.007126656740567647 -0.01835891323114746
1699261985.1212485 -0.007126656740567647 -0.01835891323114746
1699261985.1909342 -0.008557938522858305 -0.017587837725011747
1699261985.6456313 -0.008557938522858305 -0.017587837725011747
1699261985.724937 -0.008557938522858305 -0.017587837725011747
1699261985.7966433 -0.008557938522858305 -0.017587837725011747
1699261985.8745174 -0.009656951489645368 -0.01691315909182788
1699261986.3428454 -0.010377476581940309 -0.01636497365058521
1699261986.898067 -0.010377476581940309 -0.01636497365058521
1699261986.980319 -0.011047102494701049 -0.015894649823980384
1699261987.4139829 -0.011047102494701049 -0.015894649823980384
1699261987.4882865 -0.011047102494701049 -0.015894649823980384
1699261987.566873 -0.011608703718881145 -0.01537831808437207
1699261988.0193195 -0.011608703718881145 -0.01537831808437207
1699261988.1011364 -0.011608703718881145 -0.01537831808437207
1699261988.1751533 -0.011608703718881145 -0.01537831808437207
1699261988.2494886 -0.01199233972241229 -0.014884227138914876
1699261988.6920478 -0.012223103357269246 -0.014417841779733378
1699261989.119993 -0.012223103357269246 -0.014417841779733378
1699261989.1896958 -0.013262384879210982 -0.013903220245255194
1699261989.6435716 -0.013262384879210982 -0.013903220245255194
1699261989.7221909 -0.013262384879210982 -0.013903220245255194
1699261989.7984004 -0.01417609154158504 -0.013265444728122336
1699261990.2420044 -0.01417609154158504 -0.013265444728122336
1699261990.3157358 -0.01417609154158504 -0.013265444728122336
1699261990.3931284 -0.014945732217600927 -0.012686655480453536
1699261990.8364031 -0.014945732217600927 -0.012686655480453536
1699261990.914583 -0.014945732217600927 -0.012686655480453536
1699261990.993145 -0.014945732217600927 -0.012686655480453536
1699261991.0636768 -0.015608276812973053 -0.012154951918605297
1699261991.5446086 -0.016096364654500546 -0.011678018982666122
1699261991.9834294 -0.016096364654500546 -0.011678018982666122
1699261992.052227 -0.016516854750596617 -0.011159806935209552
1699261992.479599 -0.016516854750596617 -0.011159806935209552
1699261992.5569513 -0.016516854750596617 -0.011159806935209552
1699261992.633448 -0.016516854750596617 -0.011159806935209552
1699261992.7157607 -0.018263381023690198 -0.010088818842338917
1699261993.1692345 -0.018263381023690198 -0.010088818842338917
1699261993.2461715 -0.018263381023690198 -0.010088818842338917
1699261993.3246343 -0.018263381023690198 -0.010088818842338917
1699261993.400823 -0.018946818022492578 -0.009579136942837829
1699261993.855105 -0.01952958075987506 -0.009096733111976722
1699261994.3276918 -0.01952958075987506 -0.009096733111976722
1699261994.4038126 -0.020103901940080347 -0.008635337404997858
1699261994.8503814 -0.020103901940080347 -0.008635337404997858
1699261994.923584 -0.020103901940080347 -0.008635337404997858
1699261994.996774 -0.020103901940080347 -0.008635337404997858
1699261995.0743244 -0.020939206186881987 -0.007674174958820467
1699261995.5231743 -0.020939206186881987 -0.007674174958820467
1699261995.6007285 -0.020939206186881987 -0.007674174958820467
1699261995.6751432 -0.020939206186881987 -0.007674174958820467
1699261995.7505643 -0.02133076928567378 -0.007230756296311789
1699261996.2046483 -0.021623429672827835 -0.006796049842577819
1699261996.678794 -0.021623429672827835 -0.006796049842577819
1699261996.7584128 -0.02234804637813077 -0.00638711115253059
1699261997.31274 -0.02234804637813077 -0.00638711115253059
1699261997.4470472 -0.02234804637813077 -0.00638711115253059
1699261997.5532172 -0.0230023207372811 -0.006027143301703735
1699261998.197963 -0.0230023207372811 -0.006027143301703735
1699261998.2996058 -0.0230023207372811 -0.006027143301703735
1699261998.420217 -0.0230023207372811 -0.006027143301703735
1699261998.530913 -0.023567710956550244 -0.005664486810551519
1699261999.1097536 -0.023567710956550244 -0.005664486810551519
1699261999.2486396 -0.023567710956550244 -0.005664486810551519
1699261999.3677235 -0.023567710956550244 -0.005664486810551519
1699261999.497992 -0.024469505003409473 -0.004955272800527124
1699262000.056424 -0.024469505003409473 -0.004955272800527124
1699262000.1313195 -0.024469505003409473 -0.004955272800527124
1699262000.2034001 -0.024469505003409473 -0.004955272800527124
1699262000.2811751 -0.02512810186693437 -0.004385006594464689
1699262000.842196 -0.02512810186693437 -0.004385006594464689
1699262000.9225876 -0.02512810186693437 -0.004385006594464689
1699262001.007042 -0.02512810186693437 -0.004385006594464689
1699262001.078614 -0.02570249968433667 -0.004117678930657414
1699262001.5290787 -0.026201452244674232 -0.0038636468639906456
1699262001.9893918 -0.026201452244674232 -0.0038636468639906456
1699262002.0621898 -0.026672583159866366 -0.0036722949333166236
1699262002.5133655 -0.026672583159866366 -0.0036722949333166236
1699262002.5868962 -0.026672583159866366 -0.0036722949333166236
1699262002.6660585 -0.027105799769930064 -0.003457656363102328
1699262003.1062407 -0.027105799769930064 -0.003457656363102328
1699262003.1839917 -0.027105799769930064 -0.003457656363102328
1699262003.2739542 -0.027105799769930064 -0.003457656363102328
1699262003.3519137 -0.02790981846302391 -0.0030779410221585656
1699262003.7913036 -0.02790981846302391 -0.0030779410221585656
1699262003.8625581 -0.02790981846302391 -0.0030779410221585656
1699262003.9397182 -0.028158857868724897 -0.0029650500903153645
1699262004.4178448 -0.028158857868724897 -0.0029650500903153645
1699262004.4995732 -0.028158857868724897 -0.0029650500903153645
1699262004.5830328 -0.028373928695883826 -0.0028401124515522094
1699262005.044113 -0.028373928695883826 -0.0028401124515522094
1699262005.1256847 -0.028373928695883826 -0.0028401124515522094
1699262005.2042472 -0.028373928695883826 -0.0028401124515522094
1699262005.2809691 -0.028770187438111133 -0.0027538479116797766
1699262005.8187022 -0.029145928628846973 -0.0026095773433985016
1699262006.3923979 -0.029145928628846973 -0.0026095773433985016
1699262006.4810498 -0.02950160808294279 -0.002501268737930306
1699262006.9683084 -0.02950160808294279 -0.002501268737930306
1699262007.0468893 -0.02950160808294279 -0.002501268737930306
1699262007.129362 -0.02981500183878319 -0.002399561937974004
1699262007.6316648 -0.02981500183878319 -0.002399561937974004
1699262007.7111995 -0.02981500183878319 -0.002399561937974004
1699262007.7946284 -0.030141459760845302 -0.0022563939700826225
1699262008.2390885 -0.030141459760845302 -0.0022563939700826225
1699262008.3156095 -0.030141459760845302 -0.0022563939700826225
1699262008.3900838 -0.030457974002967896 -0.0021433998655838813
1699262008.838385 -0.030457974002967896 -0.0021433998655838813
1699262008.9154232 -0.030457974002967896 -0.0021433998655838813
1699262008.995767 -0.03081223748067067 -0.0020836599802185555
1699262009.4790905 -0.03081223748067067 -0.0020836599802185555
1699262009.584565 -0.03081223748067067 -0.0020836599802185555
1699262009.666206 -0.031138364444074976 -0.002028171317622639
1699262010.2051911 -0.031138364444074976 -0.002028171317622639
1699262010.2829294 -0.031138364444074976 -0.002028171317622639
1699262010.356536 -0.031138364444074976 -0.002028171317622639
1699262010.435555 -0.03147240493944568 -0.0019685568570962436
1699262010.9125524 -0.03179427214478468 -0.001923755659532158
1699262011.3616102 -0.03179427214478468 -0.001923755659532158
1699262011.4376595 -0.032094716503015 -0.0018748200748005598
1699262011.910076 -0.032094716503015 -0.0018748200748005598
1699262012.0105903 -0.032094716503015 -0.0018748200748005598
1699262012.1067464 -0.03240410961170557 -0.001861249916266499
1699262012.584617 -0.03240410961170557 -0.001861249916266499
1699262012.6613898 -0.03240410961170557 -0.001861249916266499
1699262012.737338 -0.03240410961170557 -0.001861249916266499
1699262012.8328736 -0.03278556735252906 -0.0018376416254370454
1699262013.300054 -0.033118714068626647 -0.0018322215621825086
1699262013.779431 -0.033118714068626647 -0.0018322215621825086
1699262013.85651 -0.033382526994023276 -0.001838257763945448
1699262014.36759 -0.033382526994023276 -0.001838257763945448
1699262014.4536788 -0.033382526994023276 -0.001838257763945448
1699262014.5929518 -0.033382526994023276 -0.001838257763945448
1699262014.679061 -0.033928163918597716 -0.001883929461458978
1699262015.2270644 -0.033928163918597716 -0.001883929461458978
1699262015.314909 -0.033928163918597716 -0.001883929461458978
1699262015.4074388 -0.03417239534745314 -0.0019336385253323836
1699262015.9227448 -0.03417239534745314 -0.0019336385253323836
1699262016.0026917 -0.03417239534745314 -0.0019336385253323836
1699262016.0916154 -0.034412005508687206 -0.0019570009525727928
1699262016.5683908 -0.034412005508687206 -0.0019570009525727928
1699262016.6576073 -0.034412005508687206 -0.0019570009525727928
1699262016.7511852 -0.03464474225349044 -0.001998761283210725
1699262017.2137315 -0.03464474225349044 -0.001998761283210725
1699262017.2895217 -0.03464474225349044 -0.001998761283210725
1699262017.3700242 -0.03464474225349044 -0.001998761283210725
1699262017.4532332 -0.03506161532219801 -0.0020862066049708475
1699262017.9618254 -0.03506161532219801 -0.0020862066049708475
1699262018.0420089 -0.03506161532219801 -0.0020862066049708475
1699262018.1268315 -0.035248284001054585 -0.002123550077955352
1699262018.6275816 -0.035248284001054585 -0.002123550077955352
1699262018.7068892 -0.035248284001054585 -0.002123550077955352
1699262018.78689 -0.035248284001054585 -0.002123550077955352
1699262018.8647506 -0.03544804277111307 -0.002173544221613806
1699262019.3558826 -0.03544804277111307 -0.002173544221613806
1699262019.8983326 -0.03544804277111307 -0.002173544221613806
1699262019.983586 -0.03563950186940444 -0.0022307879986111227
1699262020.0635433 -0.03563950186940444 -0.0022307879986111227
1699262020.1430967 -0.03563950186940444 -0.0022307879986111227
1699262020.228374 -0.03563950186940444 -0.0022307879986111227
1699262020.3137026 -0.035831084429631566 -0.0022968083593061465
1699262020.3980043 -0.036036421572554364 -0.0023739408708918024
1699262020.479525 -0.036036421572554364 -0.0023739408708918024
1699262020.5680768 -0.036176752127886895 -0.0024130957796230403
1699262020.6466622 -0.036176752127886895 -0.0024130957796230403
1699262020.7304268 -0.036176752127886895 -0.0024130957796230403
1699262020.809019 -0.036176752127886895 -0.0024130957796230403
1699262020.8915992 -0.03648582698637438 -0.002524797462725169
1699262020.9713244 -0.03648582698637438 -0.002524797462725169
1699262021.0508478 -0.03648582698637438 -0.002524797462725169
1699262021.1390314 -0.03662835523396667 -0.002582227674637976
1699262021.2258039 -0.03662835523396667 -0.002582227674637976
1699262021.3122368 -0.03662835523396667 -0.002582227674637976
1699262021.3874903 -0.03662835523396667 -0.002582227674637976
1699262021.4717202 -0.03691318378988702 -0.0027065411790082915
1699262021.5629838 -0.03691318378988702 -0.0027065411790082915
1699262021.6437511 -0.03691318378988702 -0.0027065411790082915
1699262021.7193205 -0.03691318378988702 -0.0027065411790082915
1699262021.796833 -0.03706655055654227 -0.0027770042812201813
1699262021.8733876 -0.037145242771584354 -0.0028383119954682
1699262021.9724302 -0.037145242771584354 -0.0028383119954682
1699262022.0507302 -0.03721452812774589 -0.002884690374798609
1699262022.1299539 -0.03721452812774589 -0.002884690374798609
1699262022.2203407 -0.03721452812774589 -0.002884690374798609
1699262022.3019543 -0.03721452812774589 -0.002884690374798609
1699262022.3838625 -0.03740889494080812 -0.0029858092759120617
1699262022.4614341 -0.03740889494080812 -0.0029858092759120617
1699262022.5449257 -0.03740889494080812 -0.0029858092759120617
1699262022.6284058 -0.03740889494080812 -0.0029858092759120617
1699262022.714117 -0.03760055429753569 -0.00306599966335884
1699262022.7956448 -0.03760055429753569 -0.00306599966335884
1699262022.8832893 -0.03760055429753569 -0.00306599966335884
1699262022.9615128 -0.03768606798918914 -0.003113391296999839
1699262023.0430062 -0.03768606798918914 -0.003113391296999839
1699262023.11794 -0.03768606798918914 -0.003113391296999839
1699262023.197133 -0.0377255598994345 -0.003160489574497892
1699262023.2829337 -0.0377255598994345 -0.003160489574497892
1699262023.3606374 -0.0377255598994345 -0.003160489574497892
1699262023.4370768 -0.03777919514778959 -0.003214730662320605
1699262023.5151134 -0.03777919514778959 -0.003214730662320605
1699262023.6019714 -0.03777919514778959 -0.003214730662320605
1699262023.694863 -0.03783563605248207 -0.003268958812326261
1699262023.8426588 -0.03783563605248207 -0.003268958812326261
1699262023.9660752 -0.03783563605248207 -0.003268958812326261
1699262024.0528052 -0.037886592135839385 -0.0032908207826449687
1699262024.1352096 -0.037886592135839385 -0.0032908207826449687
1699262024.2166529 -0.037886592135839385 -0.0032908207826449687
1699262024.2906275 -0.037886592135839385 -0.0032908207826449687
1699262024.3702357 -0.037948879463150766 -0.003312889889186245
1699262024.4527829 -0.03802952456482182 -0.0033414465451217915
1699262024.537727 -0.03802952456482182 -0.0033414465451217915
1699262024.616115 -0.0381018028973789 -0.003377055203420239
1699262024.6955993 -0.0381018028973789 -0.003377055203420239
1699262024.773358 -0.0381018028973789 -0.003377055203420239
1699262024.8522592 -0.03819244593397743 -0.003407038438688887
1699262024.9308672 -0.03819244593397743 -0.003407038438688887
1699262025.023658 -0.03819244593397743 -0.003407038438688887
1699262025.104556 -0.038250581430411004 -0.003394221551120602
1699262025.1837432 -0.038250581430411004 -0.003394221551120602
1699262025.2645133 -0.038250581430411004 -0.003394221551120602
1699262025.344041 -0.03830682331223048 -0.0033882520169596945
1699262025.4239895 -0.03830682331223048 -0.0033882520169596945
1699262025.5128963 -0.03830682331223048 -0.0033882520169596945
1699262025.6046407 -0.038366816727566345 -0.00338792082686331
1699262025.6908555 -0.038366816727566345 -0.00338792082686331
1699262025.7713995 -0.038366816727566345 -0.00338792082686331
1699262025.8494124 -0.038366816727566345 -0.00338792082686331
1699262025.9360678 -0.0384360688199312 -0.0033941041969065486
1699262026.0211418 -0.03850656612918442 -0.003406408727489082
1699262026.1027517 -0.03850656612918442 -0.003406408727489082
1699262026.190494 -0.03858324650226396 -0.0034098271109196006
1699262026.2738395 -0.03858324650226396 -0.0034098271109196006
1699262026.353148 -0.03858324650226396 -0.0034098271109196006
1699262026.4262364 -0.0386810453082933 -0.003428146781887836
1699262026.5064528 -0.0386810453082933 -0.003428146781887836
1699262026.5890043 -0.0386810453082933 -0.003428146781887836
1699262026.6733527 -0.038783347052171 -0.0034545013979253468
1699262026.7505198 -0.038783347052171 -0.0034545013979253468
1699262026.8277204 -0.038783347052171 -0.0034545013979253468
1699262026.9321969 -0.03882949498445687 -0.0034435948462761884
1699262027.0135264 -0.03882949498445687 -0.0034435948462761884
1699262027.0951064 -0.03882949498445687 -0.0034435948462761884
1699262027.186069 -0.03882949498445687 -0.0034435948462761884
1699262027.2970643 -0.03889089334874059 -0.0034390056982310634
1699262027.3831697 -0.038953694873848296 -0.0034364490717691473
1699262027.4886804 -0.038953694873848296 -0.0034364490717691473
1699262027.595393 -0.03900779126760033 -0.0034242574658352887
1699262027.6872602 -0.03900779126760033 -0.0034242574658352887
1699262027.764783 -0.03900779126760033 -0.0034242574658352887
1699262027.8423004 -0.03900779126760033 -0.0034242574658352887
1699262027.9228241 -0.039154931692618265 -0.0034174878768736348
1699262028.0059488 -0.039154931692618265 -0.0034174878768736348
1699262028.0889823 -0.039154931692618265 -0.0034174878768736348
1699262028.1709604 -0.039223743153940754 -0.0034075387230282496
1699262028.2722466 -0.039223743153940754 -0.0034075387230282496
1699262028.3597326 -0.039223743153940754 -0.0034075387230282496
1699262028.4533927 -0.039223743153940754 -0.0034075387230282496
1699262028.5351546 -0.03923766457611143 -0.0033636753138088864
1699262028.6215985 -0.03926391780501923 -0.0033224110937712095
1699262028.7081053 -0.03926391780501923 -0.0033224110937712095
1699262028.7958045 -0.039293275934449354 -0.0032823097669174637
1699262028.8721998 -0.039293275934449354 -0.0032823097669174637
1699262028.9597952 -0.039293275934449354 -0.0032823097669174637
1699262029.052052 -0.039293275934449354 -0.0032823097669174637
1699262029.1354718 -0.03937923732120185 -0.0032087085902829386
1699262029.2118444 -0.03937923732120185 -0.0032087085902829386
1699262029.3203754 -0.03937923732120185 -0.0032087085902829386
1699262029.4297907 -0.03937923732120185 -0.0032087085902829386
1699262029.5241182 -0.039389734717430964 -0.0031549615472490087
1699262029.6142223 -0.039389734717430964 -0.0031549615472490087
1699262029.6952734 -0.039389734717430964 -0.0031549615472490087
1699262029.786886 -0.03938911791809216 -0.003109769109388268
1699262029.8825085 -0.03938911791809216 -0.003109769109388268
1699262029.962655 -0.03938911791809216 -0.003109769109388268
1699262030.0479171 -0.039406967431131 -0.003059044056386809
1699262030.130356 -0.039406967431131 -0.003059044056386809
1699262030.217613 -0.039406967431131 -0.003059044056386809
1699262030.305042 -0.039406967431131 -0.003059044056386809
1699262030.400982 -0.03943702569475967 -0.003010695099919918
1699262030.4860466 -0.039472085266343666 -0.0029645285756233365
1699262030.5649667 -0.039472085266343666 -0.0029645285756233365
1699262030.650981 -0.039504214759331226 -0.0029252063165230435
1699262030.73601 -0.039504214759331226 -0.0029252063165230435
1699262030.8546152 -0.039504214759331226 -0.0029252063165230435
1699262030.9316761 -0.03954580471019708 -0.00289605083558185
1699262031.022104 -0.03954580471019708 -0.00289605083558185
1699262031.1050153 -0.03954580471019708 -0.00289605083558185
1699262031.188875 -0.03954580471019708 -0.00289605083558185
1699262031.265466 -0.03959739431274142 -0.0028578153768156435
1699262031.3476894 -0.03961347782630211 -0.0028140027280384706
1699262031.4278321 -0.03961347782630211 -0.0028140027280384706
1699262031.5267525 -0.0396249673723304 -0.0027841604157906787
1699262031.6053483 -0.0396249673723304 -0.0027841604157906787
1699262031.6832912 -0.0396249673723304 -0.0027841604157906787
1699262031.760591 -0.03964778697490121 -0.002748615257374345
1699262031.8366578 -0.03964778697490121 -0.002748615257374345
1699262031.924425 -0.03964778697490121 -0.002748615257374345
1699262032.0097077 -0.03968218273897302 -0.002704588310960945
1699262032.0987246 -0.03968218273897302 -0.002704588310960945
1699262032.180057 -0.03968218273897302 -0.002704588310960945
1699262032.2648244 -0.03968218273897302 -0.002704588310960945
1699262032.3483768 -0.03971632725039217 -0.002666035583133282
1699262032.4380236 -0.03975083654506634 -0.0026270797462044394
1699262032.5172174 -0.03975083654506634 -0.0026270797462044394
1699262032.5966184 -0.039791470586772286 -0.0025891015506652585
1699262032.6811671 -0.039791470586772286 -0.0025891015506652585
1699262032.7700758 -0.039791470586772286 -0.0025891015506652585
1699262032.8522158 -0.03980054275726203 -0.0025382043748942208
1699262032.932676 -0.03980054275726203 -0.0025382043748942208
1699262033.0183032 -0.03980054275726203 -0.0025382043748942208
1699262033.098817 -0.03981374759413568 -0.002494679076316235
1699262033.1865563 -0.03981374759413568 -0.002494679076316235
1699262033.270825 -0.03981374759413568 -0.002494679076316235
1699262033.3469682 -0.03981374759413568 -0.002494679076316235
1699262033.4289718 -0.03983185871006249 -0.0024446829096623638
1699262033.5112164 -0.03985434617847177 -0.002391319173017702
1699262033.6129293 -0.03985434617847177 -0.002391319173017702
1699262033.6898143 -0.039881460139071206 -0.002346665009105317
1699262033.7732363 -0.039881460139071206 -0.002346665009105317
1699262033.8542168 -0.039881460139071206 -0.002346665009105317
1699262033.9720843 -0.039881460139071206 -0.002346665009105317
1699262034.0580738 -0.039959058564948614 -0.0022593289270745275
1699262034.1397583 -0.039959058564948614 -0.0022593289270745275
1699262034.231923 -0.039959058564948614 -0.0022593289270745275
1699262034.3123145 -0.039959058564948614 -0.0022593289270745275
1699262034.3971782 -0.03996117499238081 -0.0021750790535066352
1699262034.4786313 -0.03996117499238081 -0.0021750790535066352
1699262034.5700152 -0.03996117499238081 -0.0021750790535066352
1699262034.6469078 -0.03996117499238081 -0.0021750790535066352
1699262034.7345772 -0.03996308684654104 -0.002134866772541548
1699262034.8181682 -0.03997009304274271 -0.0020951473049390934
1699262034.9002988 -0.03997009304274271 -0.0020951473049390934
1699262034.9863782 -0.03998015968544909 -0.002053371717513985
1699262035.074876 -0.03998015968544909 -0.002053371717513985
1699262035.163653 -0.03998015968544909 -0.002053371717513985
1699262035.2428603 -0.03998015968544909 -0.002053371717513985
1699262035.3177378 -0.03999797672457888 -0.0020133627346931742
1699262035.4035735 -0.040004066055122904 -0.0019754788758255684
1699262035.4918478 -0.040004066055122904 -0.0019754788758255684
1699262035.5766897 -0.03999550051053 -0.0019332903633294354
1699262035.6673043 -0.03999550051053 -0.0019332903633294354
1699262035.7521923 -0.03999550051053 -0.0019332903633294354
1699262035.8362656 -0.039994214933922856 -0.001893514387633782
1699262035.9153428 -0.039994214933922856 -0.001893514387633782
1699262035.994014 -0.039994214933922856 -0.001893514387633782
1699262036.0827491 -0.039994214933922856 -0.001893514387633782
1699262036.167277 -0.039999487639155513 -0.0018521959237179882
1699262036.2541056 -0.04001033750426919 -0.001815584177225142
1699262036.3432689 -0.04001033750426919 -0.001815584177225142
1699262036.4292517 -0.040020207208292115 -0.0017741302267263546
1699262036.5046873 -0.040020207208292115 -0.0017741302267263546
1699262036.5895212 -0.040020207208292115 -0.0017741302267263546
1699262036.678449 -0.040040208721765266 -0.0017363767880794374
1699262036.7598372 -0.040040208721765266 -0.0017363767880794374
1699262036.8414176 -0.040040208721765266 -0.0017363767880794374
1699262036.921822 -0.040040208721765266 -0.0017363767880794374
1699262037.0063813 -0.04006381985303315 -0.0016672519331411327
1699262037.0851548 -0.04006381985303315 -0.0016672519331411327
1699262037.1680107 -0.04006381985303315 -0.0016672519331411327
1699262037.2515273 -0.04006381985303315 -0.0016672519331411327
1699262037.3308327 -0.04006802787394989 -0.0015993006995893926
1699262037.4184663 -0.04006802787394989 -0.0015993006995893926
1699262037.4906595 -0.04006802787394989 -0.0015993006995893926
1699262037.5677695 -0.04006802787394989 -0.0015993006995893926
1699262037.703312 -0.040069928305890484 -0.0015650118853898043
1699262037.8822072 -0.04007267804548038 -0.0015303283781670654
1699262038.0492659 -0.04007267804548038 -0.0015303283781670654
1699262038.2242818 -0.04007893465293567 -0.001493706749089103
1699262038.3569515 -0.04007893465293567 -0.001493706749089103
1699262038.4417534 -0.04007893465293567 -0.001493706749089103
1699262038.5281997 -0.04007893465293567 -0.001493706749089103
1699262038.613209 -0.04009382826145873 -0.0014584801511094685
1699262038.6984968 -0.04008174017170665 -0.0014255699313515508
1699262038.7829945 -0.04008174017170665 -0.0014255699313515508
1699262038.8661015 -0.04007738337281439 -0.0013985118252777939
1699262038.9492044 -0.04007738337281439 -0.0013985118252777939
1699262039.0357335 -0.04007738337281439 -0.0013985118252777939
1699262039.1251478 -0.04007738337281439 -0.0013985118252777939
1699262039.1986125 -0.0400847740456786 -0.0013527772137494197
1699262039.288381 -0.0400847740456786 -0.0013527772137494197
1699262039.3697007 -0.0400847740456786 -0.0013527772137494197
1699262039.448601 -0.0400847740456786 -0.0013527772137494197
1699262039.5626402 -0.04009171038770826 -0.0013318749170037692
1699262039.7380438 -0.04009983157129853 -0.001311617218377769
1699262039.911774 -0.04009983157129853 -0.001311617218377769
1699262040.047144 -0.04011053098356275 -0.0012901879406328049
1699262040.2231205 -0.04011053098356275 -0.0012901879406328049
1699262040.351364 -0.04011053098356275 -0.0012901879406328049
1699262040.4249704 -0.04011053098356275 -0.0012901879406328049
1699262040.5119672 -0.04013002651375362 -0.0012677733302574393
1699262040.5931911 -0.040132963371504494 -0.001247004272045931
1699262040.6715245 -0.040132963371504494 -0.001247004272045931
1699262040.7492833 -0.04013517934793206 -0.0012295973487348843
1699262040.8345442 -0.04013517934793206 -0.0012295973487348843
1699262040.9114447 -0.04013517934793206 -0.0012295973487348843
1699262041.002066 -0.04014203057705733 -0.0012125914109691815
1699262041.094477 -0.04014203057705733 -0.0012125914109691815
1699262041.176142 -0.04014203057705733 -0.0012125914109691815
1699262041.2539365 -0.04014203057705733 -0.0012125914109691815
1699262041.3425305 -0.040151640705337076 -0.0011974699401054595
1699262041.4268434 -0.04016529384860618 -0.0011849884789341643
1699262041.5126898 -0.04016529384860618 -0.0011849884789341643
1699262041.595836 -0.04017832955467834 -0.0011679363548294881
1699262041.675108 -0.04017832955467834 -0.0011679363548294881
1699262041.759675 -0.04017832955467834 -0.0011679363548294881
1699262041.8598342 -0.040188259629553365 -0.0011520298828099006
1699262042.0350373 -0.040188259629553365 -0.0011520298828099006
1699262042.2202969 -0.040188259629553365 -0.0011520298828099006
1699262042.3840592 -0.040188259629553365 -0.0011520298828099006
1699262042.5548532 -0.04019147254645523 -0.001138366844593971
1699262042.7367885 -0.04019731376686149 -0.0011212319043426094
1699262042.9189355 -0.04019731376686149 -0.0011212319043426094
1699262043.08348 -0.0401998777204227 -0.001108747745346013
1699262043.2625928 -0.0401998777204227 -0.001108747745346013
1699262043.4113579 -0.0401998777204227 -0.001108747745346013
1699262043.5725136 -0.040214651480931264 -0.001097443587376935
1699262043.7478437 -0.040214651480931264 -0.001097443587376935
1699262043.9248612 -0.040214651480931264 -0.001097443587376935
1699262044.098075 -0.04023217275863575 -0.001083078824022821
1699262044.2548814 -0.04023217275863575 -0.001083078824022821
1699262044.4234 -0.04023217275863575 -0.001083078824022821
1699262044.5849912 -0.040250769928791785 -0.0010742413662228186
1699262044.6697924 -0.040250769928791785 -0.0010742413662228186
1699262044.8221173 -0.040250769928791785 -0.0010742413662228186
1699262044.9247715 -0.040250769928791785 -0.0010742413662228186
1699262045.0054524 -0.04025206684287212 -0.0010677821072676626
1699262045.0942314 -0.04025203850555322 -0.001064069847122468
1699262045.1746173 -0.04025203850555322 -0.001064069847122468
1699262045.252766 -0.04025203850555322 -0.001064069847122468
1699262045.4186537 -0.04025203850555322 -0.001064069847122468
1699262045.5665822 -0.04025814932933771 -0.0010572147152695735
1699262045.7319407 -0.040268449114364904 -0.0010500578987422383
1699262045.8733158 -0.040268449114364904 -0.0010500578987422383
1699262045.9586256 -0.0402789349048062 -0.0010455264798516911
1699262046.0371568 -0.0402789349048062 -0.0010455264798516911
1699262046.1196027 -0.0402789349048062 -0.0010455264798516911
1699262046.2938375 -0.04029391463704561 -0.0010411083488210805
1699262046.467379 -0.04029391463704561 -0.0010411083488210805
1699262046.5942223 -0.04029391463704561 -0.0010411083488210805
1699262046.6796603 -0.04029391463704561 -0.0010411083488210805
1699262046.7614448 -0.04031517504848623 -0.001024399285679299
1699262046.8480492 -0.04031517504848623 -0.001024399285679299
1699262046.933931 -0.04031517504848623 -0.001024399285679299
1699262047.0177567 -0.04031517504848623 -0.001024399285679299
1699262047.0940607 -0.04031719709439493 -0.0010052034727143487
1699262047.1751873 -0.04031719709439493 -0.0010052034727143487
1699262047.2566092 -0.04031719709439493 -0.0010052034727143487
1699262047.3525424 -0.040315992204289844 -0.0009946819191581566
1699262047.4404647 -0.040315992204289844 -0.0009946819191581566
1699262047.5247235 -0.040315992204289844 -0.0009946819191581566
1699262047.6152465 -0.040315992204289844 -0.0009946819191581566
1699262047.699312 -0.040317220281737134 -0.0009876172271253468
1699262047.7895653 -0.04032402719769758 -0.000980769809159738
1699262047.8823245 -0.04032402719769758 -0.000980769809159738
1699262048.0639575 -0.04031552316514078 -0.0009751129920505232
1699262048.153163 -0.04031552316514078 -0.0009751129920505232
1699262048.2381873 -0.04031552316514078 -0.0009751129920505232
1699262048.3668299 -0.04030681582245862 -0.0009671277356519126
1699262048.4631743 -0.04030681582245862 -0.0009671277356519126
1699262048.549525 -0.04030681582245862 -0.0009671277356519126
1699262048.6426988 -0.04030391043874762 -0.0009602877838520386
1699262048.7352412 -0.04030391043874762 -0.0009602877838520386
1699262048.83062 -0.04030391043874762 -0.0009602877838520386
1699262048.9188685 -0.04030391043874762 -0.0009602877838520386
1699262049.0047233 -0.040302713802956955 -0.0009532983011723483
1699262049.0977314 -0.04030113716674974 -0.0009481580284970143
1699262049.1862588 -0.04030113716674974 -0.0009481580284970143
1699262049.2893941 -0.040301086266210775 -0.0009454266742015624
1699262049.3755171 -0.040301086266210775 -0.0009454266742015624
1699262049.4728878 -0.040301086266210775 -0.0009454266742015624
1699262049.5674846 -0.040301086266210775 -0.0009454266742015624
1699262049.6646466 -0.0402933861991089 -0.0009412273963334854
1699262049.7507584 -0.0402933861991089 -0.0009412273963334854
1699262049.8391201 -0.0402933861991089 -0.0009412273963334854
1699262049.9384277 -0.0402933861991089 -0.0009412273963334854
1699262050.0324137 -0.0402662596726986 -0.0009392234998236982
1699262050.1210928 -0.0402662596726986 -0.0009392234998236982
1699262050.2234647 -0.0402662596726986 -0.0009392234998236982
1699262050.31696 -0.0402529972892439 -0.0009394020433590487
1699262050.3958187 -0.0402529972892439 -0.0009394020433590487
1699262050.4859726 -0.0402529972892439 -0.0009394020433590487
1699262050.5835364 -0.040242973092817255 -0.000939255384727762
1699262050.6679015 -0.040242973092817255 -0.000939255384727762
1699262050.767039 -0.040242973092817255 -0.000939255384727762
1699262050.852582 -0.0402303591781643 -0.0009399753427074698
1699262050.9369817 -0.0402303591781643 -0.0009399753427074698
1699262051.0238128 -0.0402303591781643 -0.0009399753427074698
1699262051.1404057 -0.04021814824184682 -0.0009439997713857752
1699262051.2437515 -0.04021814824184682 -0.0009439997713857752
1699262051.4059157 -0.04021814824184682 -0.0009439997713857752
1699262051.5774343 -0.04020308735369411 -0.0009497335251202815
1699262051.7607727 -0.04020308735369411 -0.0009497335251202815
1699262051.9377303 -0.04020308735369411 -0.0009497335251202815
1699262052.1213617 -0.04020308735369411 -0.0009497335251202815
1699262052.2831173 -0.04015555433352939 -0.0009552438405124239
1699262052.394474 -0.0401118467689053 -0.0009623323307375583
