1697089924.483704 2 0.2
1697089924.75824 2.0 0.2
1697089924.8825645 2.0 0.2
1697089924.9206724 2.0 0.2
1697089924.9546444 2.0 0.2
1697089924.9889207 2.0 0.2
1697089925.0219798 2.0 0.2
1697089925.0591936 2.0 0.2
1697089925.1091812 2.0 0.2
1697089925.159557 2.0 0.2
1697089925.209381 2.0 0.2
1697089925.2593465 2.0 0.2
1697089925.3098667 2.0 0.2
1697089925.3599026 2.0 0.2
1697089925.411962 2.0 0.2
1697089925.4607775 2.0 0.2
1697089925.5109446 2.0 0.2
1697089925.5612442 2.0 0.2
1697089925.6110265 2.0 0.2
1697089925.6614037 2.0 0.2
1697089925.7118042 2.0 0.2
1697089925.76446 2.0 0.2
1697089925.8135607 2.0 0.2
1697089925.8631341 2.0 0.2
1697089925.9127092 2.0 0.2
1697089925.9629674 2.0 0.2
1697089926.0139594 2.0 0.2
1697089926.0635562 2.0 0.2
1697089926.11369 2.0 0.2
1697089926.163629 2.0 0.2
1697089926.214076 2.0 0.2
1697089926.264714 2.0 0.2
1697089926.315201 2.0 0.2
1697089926.3649716 2.0 0.2
1697089926.415126 2.0 0.2
1697089926.4649887 2.0 0.2
1697089926.515481 2.0 0.2
1697089926.5657809 2.0 0.2
1697089926.6157808 2.0 0.2
1697089926.667978 2.0 0.2
1697089926.7177737 2.0 0.2
1697089926.7675512 2.0 0.2
1697089926.81788 2.0 0.2
1697089926.8679445 2.0 0.2
1697089926.917724 2.0 0.2
1697089926.9679208 2.0 0.2
1697089927.0189066 2.0 0.2
1697089927.0700781 2.0 0.2
1697089927.1187794 2.0 0.2
1697089927.1684744 2.0 0.2
1697089927.220432 2.0 0.2
1697089927.2694585 2.0 0.2
1697089927.3196309 2.0 0.2
1697089927.3705492 2.0 0.2
1697089927.421338 2.0 0.2
1697089927.472942 2.0 0.2
1697089927.522675 2.0 0.2
1697089927.5777247 2.0 0.2
1697089927.6266708 2.0 0.2
1697089927.679675 2.0 0.2
1697089927.727655 2.0 0.2
1697089927.7770057 2.0 0.2
1697089927.8276217 2.0 0.2
1697089927.877791 2.0 0.2
1697089927.9272265 2.0 0.2
1697089927.9775217 2.0 0.2
1697089928.0278642 2.0 0.2
1697089928.0794108 2.0 0.2
1697089928.12847 2.0 0.2
1697089928.1786022 2.0 0.2
1697089928.2285798 2.0 0.2
1697089928.2798083 2.0 0.2
1697089928.329949 2.0 0.2
1697089928.3795404 2.0 0.2
1697089928.4303584 2.0 0.2
1697089928.4802825 2.0 0.2
1697089928.530797 2.0 0.2
1697089928.580975 2.0 0.2
1697089928.6310945 2.0 0.2
1697089928.6815908 2.0 0.2
1697089928.7312603 2.0 0.2
1697089928.781583 2.0 0.2
1697089928.8316247 2.0 0.2
1697089928.882087 2.0 0.2
1697089928.9336736 2.0 0.2
1697089928.9837654 2.0 0.2
1697089929.0337431 2.0 0.2
1697089929.0838249 2.0 0.2
1697089929.1342177 2.0 0.2
1697089929.1841493 2.0 0.2
1697089929.2342756 2.0 0.2
1697089929.2844563 2.0 0.2
1697089929.334615 2.0 0.2
1697089929.3890615 2.0 0.2
1697089929.4400852 2.0 0.2
1697089929.48799 2.0 0.2
1697089929.5374515 2.0 0.2
1697089929.587545 2.0 0.2
1697089929.6380324 2.0 0.2
1697089929.6876817 2.0 0.2
1697089929.738255 2.0 0.2
1697089929.789351 2.0 0.2
1697089929.8392816 2.0 0.2
1697089929.8891873 2.0 0.2
1697089929.9393158 2.0 0.2
1697089929.9914196 2.0 0.2
1697089930.0431404 2.0 0.2
1697089930.0925531 2.0 0.2
1697089930.1429238 2.0 0.2
1697089930.1932938 2.0 0.2
1697089930.2429802 2.0 0.2
1697089930.293413 2.0 0.2
1697089930.34331 2.0 0.2
1697089930.3939197 2.0 0.2
1697089930.4458964 2.0 0.2
1697089930.4948819 2.0 0.2
1697089930.5458882 2.0 0.2
1697089930.5945098 2.0 0.2
1697089930.6453667 2.0 0.2
1697089930.6953154 2.0 0.2
1697089930.746237 2.0 0.2
1697089930.7984948 2.0 0.2
1697089930.848705 2.0 0.2
1697089930.9017856 2.0 0.2
1697089930.9495342 2.0 0.2
1697089930.9994292 2.0 0.2
1697089931.050019 2.0 0.2
1697089931.0996156 2.0 0.2
1697089931.1503682 2.0 0.2
1697089931.2004557 2.0 0.2
1697089931.2508883 2.0 0.2
1697089931.301108 2.0 0.2
1697089931.352735 2.0 0.2
1697089931.403228 2.0 0.2
1697089931.4532773 2.0 0.2
1697089931.5032077 2.0 0.2
1697089931.5533874 2.0 0.2
1697089931.6039693 2.0 0.2
1697089931.6539588 2.0 0.2
1697089931.7036424 2.0 0.2
1697089931.7548978 2.0 0.2
1697089931.8059447 2.0 0.2
1697089931.8562496 2.0 0.2
1697089931.9052677 2.0 0.2
1697089931.9568875 2.0 0.2
1697089932.006494 2.0 0.2
1697089932.0567186 2.0 0.2
1697089932.1069994 2.0 0.2
1697089932.157614 2.0 0.2
1697089932.207429 2.0 0.2
1697089932.257853 2.0 0.2
1697089932.3077025 2.0 0.2
1697089932.357643 2.0 0.2
1697089932.4079072 2.0 0.2
1697089932.4590383 2.0 0.2
1697089932.5088642 2.0 0.2
1697089932.5589051 2.0 0.2
1697089932.6090236 2.0 0.2
1697089932.6591632 2.0 0.2
1697089932.7093415 2.0 0.2
1697089932.7593265 2.0 0.2
1697089932.809937 2.0 0.2
1697089932.8598526 2.0 0.2
1697089932.9105802 2.0 0.2
1697089932.9640734 2.0 0.2
1697089933.0138888 2.0 0.2
1697089933.0657125 2.0 0.2
1697089933.117305 2.0 0.2
1697089933.1676068 2.0 0.2
1697089933.2174704 2.0 0.2
1697089933.2675874 2.0 0.2
1697089933.3177474 2.0 0.2
1697089933.3680685 2.0 0.2
1697089933.4186223 2.0 0.2
1697089933.4687414 2.0 0.2
1697089933.5187478 2.0 0.2
1697089933.5688646 2.0 0.2
1697089933.6191835 2.0 0.2
1697089933.6708567 2.0 0.2
1697089933.7210913 2.0 0.2
1697089933.7705946 2.0 0.2
1697089933.8207862 2.0 0.2
1697089933.8708746 2.0 0.2
1697089933.9208446 2.0 0.2
1697089933.9712574 2.0 0.2
1697089934.0215282 2.0 0.2
1697089934.0721743 2.0 0.2
1697089934.1235101 2.0 0.2
1697089934.1742756 2.0 0.2
1697089934.2233543 2.0 0.2
1697089934.2730281 2.0 0.2
1697089934.3238304 2.0 0.2
1697089934.3746033 2.0 0.2
1697089934.4245846 2.0 0.2
1697089934.4750226 2.0 0.2
1697089934.5251853 2.0 0.2
1697089934.575644 2.0 0.2
1697089934.625753 2.0 0.2
1697089934.6768737 2.0 0.2
1697089934.7270901 2.0 0.2
1697089934.7772803 2.0 0.2
1697089934.8271706 2.0 0.2
1697089934.8779104 2.0 0.2
1697089934.9280043 2.0 0.2
1697089934.9781322 2.0 0.2
1697089935.028093 2.0 0.2
1697089935.0779989 2.0 0.2
1697089935.1282873 2.0 0.2
1697089935.1790009 2.0 0.2
1697089935.2292836 2.0 0.2
1697089935.2793841 2.0 0.2
1697089935.331294 2.0 0.2
1697089935.3817413 2.0 0.2
1697089935.4319985 2.0 0.2
1697089935.4820085 2.0 0.2
1697089935.5340073 2.0 0.2
1697089935.5841153 2.0 0.2
1697089935.6336393 2.0 0.2
1697089935.684813 2.0 0.2
1697089935.7338588 2.0 0.2
1697089935.7838533 2.0 0.2
1697089935.8345578 2.0 0.2
1697089935.8938031 2.0 0.2
1697089935.9352262 2.0 0.2
1697089935.9851515 2.0 0.2
1697089936.0362625 2.0 0.2
1697089936.0863614 2.0 0.2
1697089936.1365397 2.0 0.2
1697089936.1870463 2.0 0.2
1697089936.240004 2.0 0.2
1697089936.304987 2.0 0.2
1697089936.365609 2.0 0.2
1697089936.4028473 2.0 0.2
1697089936.4415584 2.0 0.2
1697089936.4915926 2.0 0.2
1697089936.5417888 2.0 0.2
1697089936.5914068 2.0 0.2
1697089936.651583 2.0 0.2
1697089936.693563 2.0 0.2
1697089936.741827 2.0 0.2
1697089936.794088 2.0 0.2
1697089936.8431466 2.0 0.2
1697089936.894587 2.0 0.2
1697089936.9449737 2.0 0.2
1697089936.9950242 2.0 0.2
1697089937.0457165 2.0 0.2
1697089937.0949988 2.0 0.2
1697089937.1449006 2.0 0.2
1697089937.1951332 2.0 0.2
1697089937.246053 2.0 0.2
1697089937.2958252 2.0 0.2
1697089937.345993 2.0 0.2
1697089937.3959434 2.0 0.2
1697089937.4478388 2.0 0.2
1697089937.498532 2.0 0.2
1697089937.5487766 2.0 0.2
1697089937.5990546 2.0 0.2
1697089937.6490717 2.0 0.2
1697089937.6991956 2.0 0.2
1697089937.74937 2.0 0.2
1697089937.799393 2.0 0.2
1697089937.8500075 2.0 0.2
1697089937.9001377 2.0 0.2
1697089937.9500644 2.0 0.2
1697089938.0001986 2.0 0.2
1697089938.0502262 2.0 0.2
1697089938.100355 2.0 0.2
1697089938.1505852 2.0 0.2
1697089938.202261 2.0 0.2
1697089938.2516756 2.0 0.2
1697089938.3019562 2.0 0.2
1697089938.3523033 2.0 0.2
1697089938.40197 2.0 0.2
1697089938.4530787 2.0 0.2
1697089938.504151 2.0 0.2
1697089938.560357 2.0 0.2
1697089938.6088192 2.0 0.2
1697089938.655887 2.0 0.2
1697089938.7050045 2.0 0.2
1697089938.7555249 2.0 0.2
1697089938.8044615 2.0 0.2
1697089938.8545415 2.0 0.2
