1697194562.7745256 3 0.3
1697194562.9415107 3.0 0.3
1697194563.0514896 3.0 0.3
1697194563.0758872 3.0 0.3
1697194563.0912933 3.0 0.3
1697194563.1412303 3.0 0.3
1697194563.191513 3.0 0.3
1697194563.2418535 3.0 0.3
1697194563.2919805 3.0 0.3
1697194563.3421128 3.0 0.3
1697194563.3923166 3.0 0.3
1697194563.4425337 3.0 0.3
1697194563.4926758 3.0 0.3
1697194563.5428233 3.0 0.3
1697194563.5930774 3.0 0.3
1697194563.6431162 3.0 0.3
1697194563.6931386 3.0 0.3
1697194563.7435226 3.0 0.3
1697194563.7935193 3.0 0.3
1697194563.844059 3.0 0.3
1697194563.894092 3.0 0.3
1697194563.9442694 3.0 0.3
1697194563.994088 3.0 0.3
1697194564.0442908 3.0 0.3
1697194564.0951445 3.0 0.3
1697194564.144969 3.0 0.3
1697194564.1952038 3.0 0.3
1697194564.245228 3.0 0.3
1697194564.2952049 3.0 0.3
1697194564.3454726 3.0 0.3
1697194564.395908 3.0 0.3
1697194564.4458716 3.0 0.3
1697194564.4956536 3.0 0.3
1697194564.5457902 3.0 0.3
1697194564.596683 3.0 0.3
1697194564.647052 3.0 0.3
1697194564.6970978 3.0 0.3
1697194564.7471056 3.0 0.3
1697194564.7971325 3.0 0.3
1697194564.8469653 3.0 0.3
1697194564.8970053 3.0 0.3
1697194564.9477897 3.0 0.3
1697194564.99756 3.0 0.3
1697194565.0483794 3.0 0.3
1697194565.0981607 3.0 0.3
1697194565.1482422 3.0 0.3
1697194565.1983268 3.0 0.3
1697194565.2482936 3.0 0.3
1697194565.2983854 3.0 0.3
1697194565.3487067 3.0 0.3
1697194565.3991518 3.0 0.3
1697194565.449033 3.0 0.3
1697194565.4992146 3.0 0.3
1697194565.549377 3.0 0.3
1697194565.5998137 3.0 0.3
1697194565.6496847 3.0 0.3
1697194565.7000809 3.0 0.3
1697194565.750237 3.0 0.3
1697194565.8004751 3.0 0.3
1697194565.8502011 3.0 0.3
1697194565.9003878 3.0 0.3
1697194565.9506025 3.0 0.3
1697194566.0008745 3.0 0.3
1697194566.0512452 3.0 0.3
1697194566.1010845 3.0 0.3
1697194566.1511097 3.0 0.3
1697194566.2012007 3.0 0.3
1697194566.2515771 3.0 0.3
1697194566.3017929 3.0 0.3
1697194566.3520327 3.0 0.3
1697194566.4020467 3.0 0.3
1697194566.4525383 3.0 0.3
1697194566.5022955 3.0 0.3
1697194566.552732 3.0 0.3
1697194566.6025796 3.0 0.3
1697194566.6529183 3.0 0.3
1697194566.7029579 3.0 0.3
1697194566.7528725 3.0 0.3
1697194566.8038933 3.0 0.3
1697194566.853512 3.0 0.3
1697194566.903632 3.0 0.3
1697194566.9538631 3.0 0.3
