1699264281.75684 -0.04 0
1699264282.892119 -0.04 0
1699264283.4634292 -0.04 0
1699264283.5594726 -0.04 0
1699264283.7168994 -0.04 0
1699264283.8216252 -0.04 0
1699264283.9993029 -0.04 0
1699264284.0953355 -0.04 0
1699264284.2203608 -0.04 0
1699264284.4023273 -0.04 0
1699264284.5827742 -0.04 0
1699264284.6624706 -0.04 0
1699264284.7502494 -0.04 0
1699264284.8430736 -0.04 0
1699264284.9873297 -0.04 0
1699264285.1488085 -0.04 0
1699264285.2957602 -0.04 0
1699264285.3826866 -0.04 0
1699264285.5302608 -0.04 0
1699264285.6538646 -0.04 0
1699264285.7517781 -0.04 0
1699264285.8380666 -0.04 0
1699264285.915921 -0.04 0
1699264286.0344982 -0.04 0
1699264286.202336 -0.04 0
1699264286.2893977 -0.04 0
1699264286.3797162 -0.04 0
1699264286.4629166 -0.04 0
1699264286.5926952 -0.04 0
1699264286.6836972 -0.04 0
1699264286.861954 -0.04 0
1699264287.0336123 -0.04 0
1699264287.200797 -0.04 0
1699264287.3687782 -0.04 0
1699264287.5300374 -0.04 0
1699264287.6571352 -0.04 0
1699264287.7447236 -0.04 0
1699264287.8374062 -0.04 0
1699264287.9215078 -0.04 0
1699264288.0504053 -0.04 0
1699264288.2391465 -0.04 0
1699264288.3892515 -0.04 0
1699264288.5484445 -0.04 0
1699264288.7212667 -0.04 0
1699264288.8416924 -0.04 0
1699264289.0166442 -0.04 0
1699264289.135693 -0.04 0
1699264289.3411632 -0.04 0
1699264289.5213265 -0.04 0
1699264289.6853504 -0.04 0
1699264289.8619602 -0.04 0
1699264290.0091956 -0.04 0
1699264290.1884649 -0.04 0
1699264290.3518953 -0.04 0
1699264290.521049 -0.04 0
1699264290.6995935 -0.04 0
1699264290.875497 -0.04 0
1699264291.0539095 -0.04 0
1699264291.2149084 -0.04 0
1699264291.367063 -0.04 0
1699264291.5379903 -0.04 0
1699264291.6812816 -0.04 0
1699264291.842043 -0.04 0
1699264292.0039 -0.04 0
1699264292.1059668 -0.04 0
1699264292.2702866 -0.04 0
1699264292.417333 -0.04 0
1699264292.592961 -0.04 0
1699264292.770582 -0.04 0
1699264292.94383 -0.04 0
1699264293.0444016 -0.04 0
1699264293.191197 -0.04 0
1699264293.3270004 -0.04 0
1699264293.5029604 -0.04 0
1699264293.667183 -0.04 0
1699264293.8393297 -0.04 0
1699264294.0260584 -0.04 0
1699264294.221222 -0.04 0
1699264294.3424842 -0.04 0
1699264294.4904218 -0.04 0
1699264294.6395335 -0.04 0
1699264294.788956 -0.04 0
1699264294.9681218 -0.04 0
1699264295.1611896 -0.04 0
1699264295.3361766 -0.04 0
1699264295.4379163 -0.04 0
1699264295.5979602 -0.04 0
1699264295.731841 -0.04 0
1699264295.869075 -0.04 0
1699264295.9925487 -0.04 0
1699264296.1398022 -0.04 0
1699264296.3095603 -0.04 0
1699264296.474306 -0.04 0
1699264296.5662868 -0.04 0
1699264296.65936 -0.04 0
1699264296.8289936 -0.04 0
1699264296.9919178 -0.04 0
1699264297.1222458 -0.04 0
1699264297.3048422 -0.04 0
1699264297.4737098 -0.04 0
1699264297.6089404 -0.04 0
1699264297.7865858 -0.04 0
1699264297.946695 -0.04 0
1699264298.121599 -0.04 0
1699264298.232423 -0.04 0
1699264298.3348901 -0.04 0
1699264298.4898946 -0.04 0
1699264298.6368868 -0.04 0
1699264298.7649705 -0.04 0
1699264298.9014206 -0.04 0
1699264299.0606267 -0.04 0
1699264299.1852036 -0.04 0
1699264299.3445857 -0.04 0
1699264299.4739704 -0.04 0
1699264299.611755 -0.04 0
1699264299.7226577 -0.04 0
1699264299.8166108 -0.04 0
1699264299.9209683 -0.04 0
1699264300.0292852 -0.04 0
1699264300.157754 -0.04 0
1699264300.2960463 -0.04 0
1699264300.4225543 -0.04 0
1699264300.5442734 -0.04 0
1699264300.6653771 -0.04 0
1699264300.826529 -0.04 0
1699264300.9307203 -0.04 0
1699264301.0444078 -0.04 0
1699264301.1687183 -0.04 0
1699264301.2876682 -0.04 0
1699264301.3969185 -0.04 0
1699264301.5169806 -0.04 0
1699264301.6342654 -0.04 0
1699264301.7607539 -0.04 0
1699264301.8819134 -0.04 0
1699264302.0175016 -0.04 0
1699264302.1726418 -0.04 0
1699264302.3326068 -0.04 0
1699264302.4299903 -0.04 0
1699264302.5509765 -0.04 0
1699264302.6751788 -0.04 0
1699264302.8115554 -0.04 0
1699264302.9269447 -0.04 0
1699264303.0479536 -0.04 0
1699264303.1838136 -0.04 0
1699264303.3423436 -0.04 0
1699264303.5142534 -0.04 0
1699264303.6449647 -0.04 0
1699264303.7400086 -0.04 0
1699264303.8856938 -0.04 0
1699264304.0230289 -0.04 0
1699264304.1541653 -0.04 0
1699264304.2760952 -0.04 0
1699264304.411085 -0.04 0
1699264304.568637 -0.04 0
1699264304.7200851 -0.04 0
1699264304.852079 -0.04 0
1699264304.9874184 -0.04 0
1699264305.1362932 -0.04 0
1699264305.265198 -0.04 0
1699264305.406605 -0.04 0
1699264305.5310357 -0.04 0
1699264305.6675498 -0.04 0
1699264305.8043704 -0.04 0
1699264305.9254882 -0.04 0
1699264306.0400095 -0.04 0
1699264306.165448 -0.04 0
1699264306.31014 -0.04 0
1699264306.446304 -0.04 0
1699264306.5622673 -0.04 0
1699264306.6840253 -0.04 0
1699264306.8336658 -0.04 0
1699264307.0260184 -0.04 0
1699264307.1537664 -0.04 0
1699264307.2683878 -0.04 0
1699264307.3751948 -0.04 0
1699264307.4892464 -0.04 0
1699264307.6029675 -0.04 0
1699264307.750224 -0.04 0
1699264307.8821952 -0.04 0
1699264308.027495 -0.04 0
1699264308.1582527 -0.04 0
1699264308.2878604 -0.04 0
1699264308.3996859 -0.04 0
1699264308.5361967 -0.04 0
1699264308.659125 -0.04 0
1699264308.7813814 -0.04 0
1699264308.8900251 -0.04 0
1699264309.03892 -0.04 0
1699264309.1438208 -0.04 0
1699264309.26935 -0.04 0
1699264309.4298952 -0.04 0
1699264309.5678275 -0.04 0
1699264309.6852422 -0.04 0
1699264309.7996013 -0.04 0
1699264309.9220126 -0.04 0
1699264310.0201423 -0.04 0
1699264310.1203222 -0.04 0
1699264310.235439 -0.04 0
1699264310.353324 -0.04 0
1699264310.4917622 -0.04 0
1699264310.6395051 -0.04 0
1699264310.7948337 -0.04 0
1699264310.9283266 -0.04 0
1699264311.0414066 -0.04 0
1699264311.203309 -0.04 0
1699264311.3403623 -0.04 0
1699264311.4682724 -0.04 0
1699264311.6139643 -0.04 0
1699264311.7458248 -0.04 0
1699264311.8738816 -0.04 0
1699264312.0115528 -0.04 0
1699264312.13135 -0.04 0
1699264312.295226 -0.04 0
1699264312.4379456 -0.04 0
1699264312.5752726 -0.04 0
1699264312.694097 -0.04 0
1699264312.832973 -0.04 0
1699264312.9545825 -0.04 0
1699264313.1606739 -0.04 0
1699264313.3139315 -0.04 0
1699264313.4630432 -0.04 0
1699264313.614036 -0.04 0
1699264313.763777 -0.04 0
1699264313.921726 -0.04 0
1699264314.0489438 -0.04 0
1699264314.183497 -0.04 0
1699264314.3074844 -0.04 0
1699264314.439633 -0.04 0
1699264314.5526497 -0.04 0
1699264314.6672893 -0.04 0
1699264314.801475 -0.04 0
1699264314.9446173 -0.04 0
1699264315.1009982 -0.04 0
1699264315.2586994 -0.04 0
1699264315.440828 -0.04 0
1699264315.6164942 -0.04 0
1699264315.7880127 -0.04 0
1699264315.9804502 -0.04 0
1699264316.1627061 -0.04 0
1699264316.36453 -0.04 0
1699264316.5511572 -0.04 0
1699264316.7420065 -0.04 0
1699264316.9326565 -0.04 0
1699264317.118062 -0.04 0
1699264317.3133898 -0.04 0
1699264317.5120783 -0.04 0
1699264317.719063 -0.04 0
1699264317.9102733 -0.04 0
1699264318.1280708 -0.04 0
1699264318.3106756 -0.04 0
1699264318.509916 -0.04 0
1699264318.7096562 -0.04 0
1699264318.8901343 -0.04 0
1699264319.060338 -0.04 0
1699264319.241233 -0.04 0
1699264319.4527545 -0.04 0
1699264319.6381335 -0.04 0
1699264319.8591368 -0.04 0
1699264320.0327613 -0.04 0
1699264320.2073233 -0.04 0
1699264320.442868 -0.04 0
1699264320.6496468 -0.04 0
1699264320.8791351 -0.04 0
1699264321.124182 -0.04 0
1699264321.281153 -0.04 0
1699264321.4572496 -0.04 0
1699264321.6378098 -0.04 0
1699264321.7926161 -0.04 0
1699264321.9803996 -0.04 0
1699264322.1528776 -0.04 0
1699264322.3312414 -0.04 0
1699264322.5000196 -0.04 0
1699264322.6643918 -0.04 0
1699264322.8289979 -0.04 0
1699264323.013708 -0.04 0
1699264323.186033 -0.04 0
1699264323.343747 -0.04 0
1699264323.5037487 -0.04 0
1699264323.69111 -0.04 0
1699264323.8596835 -0.04 0
1699264324.0032241 -0.04 0
1699264324.1806774 -0.04 0
1699264324.5059686 -0.04 0
1699264324.7439601 -0.04 0
1699264324.9302776 -0.04 0
1699264325.107612 -0.04 0
1699264325.2394097 -0.04 0
1699264325.3397636 -0.04 0
1699264325.4682603 -0.04 0
1699264325.601603 -0.04 0
1699264325.7324252 -0.04 0
1699264325.8807871 -0.04 0
1699264326.0018377 -0.04 0
1699264326.146347 -0.04 0
1699264326.2882957 -0.04 0
1699264326.4149563 -0.04 0
1699264326.5603743 -0.04 0
1699264326.6869056 -0.04 0
1699264326.799818 -0.04 0
1699264326.9361348 -0.04 0
1699264327.0492527 -0.04 0
1699264327.1918733 -0.04 0
1699264327.311073 -0.04 0
1699264327.433811 -0.04 0
1699264327.586255 -0.04 0
1699264327.685462 -0.04 0
1699264327.8212717 -0.04 0
1699264327.9793012 -0.04 0
1699264328.1291046 -0.04 0
1699264328.2751656 -0.04 0
1699264328.4279318 -0.04 0
1699264328.5528054 -0.04 0
1699264328.694978 -0.04 0
1699264328.8510702 -0.04 0
1699264328.9912229 -0.04 0
1699264329.1369224 -0.04 0
1699264329.2667208 -0.04 0
1699264329.4031265 -0.04 0
1699264329.538702 -0.04 0
1699264329.6500704 -0.04 0
1699264329.768975 -0.04 0
1699264329.8923283 -0.04 0
1699264330.0058076 -0.04 0
1699264330.1182437 -0.04 0
1699264330.2401054 -0.04 0
1699264330.367435 -0.04 0
1699264330.4784317 -0.04 0
1699264330.5940144 -0.04 0
1699264330.7174737 -0.04 0
1699264330.8449874 -0.04 0
1699264330.9714181 -0.04 0
1699264331.1357508 -0.04 0
1699264331.2834046 -0.04 0
1699264331.4097772 -0.04 0
1699264331.555303 -0.04 0
1699264331.6834288 -0.04 0
1699264331.8083377 -0.04 0
1699264331.925631 -0.04 0
1699264332.0368528 -0.04 0
1699264332.152403 -0.04 0
1699264332.282875 -0.04 0
1699264332.4036827 -0.04 0
1699264332.5122418 -0.04 0
1699264332.615262 -0.04 0
1699264332.7649322 -0.04 0
1699264332.8773975 -0.04 0
1699264333.0052578 -0.04 0
1699264333.1176476 -0.04 0
1699264333.2364476 -0.04 0
1699264333.3497133 -0.04 0
1699264333.4580815 -0.04 0
1699264333.6130226 -0.04 0
1699264333.714891 -0.04 0
1699264333.852746 -0.04 0
1699264333.9914794 -0.04 0
1699264334.1110415 -0.04 0
1699264334.2267783 -0.04 0
1699264334.371918 -0.04 0
1699264334.4910233 -0.04 0
1699264334.59582 -0.04 0
1699264334.7283626 -0.04 0
1699264334.8499026 -0.04 0
1699264334.9482176 -0.04 0
1699264335.0761445 -0.04 0
1699264335.205556 -0.04 0
1699264335.3456128 -0.04 0
1699264335.4822707 -0.04 0
1699264335.5991356 -0.04 0
1699264335.7072117 -0.04 0
1699264335.825323 -0.04 0
1699264335.9639096 -0.04 0
1699264336.0931158 -0.04 0
1699264336.2340484 -0.04 0
1699264336.3685973 -0.04 0
1699264336.5187104 -0.04 0
1699264336.633921 -0.04 0
1699264336.771453 -0.04 0
1699264336.8778384 -0.04 0
1699264337.0099056 -0.04 0
1699264337.141005 -0.04 0
1699264337.3050256 -0.04 0
1699264337.4184875 -0.04 0
1699264337.5254955 -0.04 0
1699264337.6740448 -0.04 0
1699264337.8388066 -0.04 0
1699264337.9843934 -0.04 0
1699264338.1032362 -0.04 0
1699264338.2481523 -0.04 0
1699264338.4014833 -0.04 0
1699264338.5225904 -0.04 0
1699264338.6604311 -0.04 0
1699264338.8030457 -0.04 0
1699264338.9167912 -0.04 0
1699264339.0308414 -0.04 0
1699264339.1695988 -0.04 0
1699264339.285486 -0.04 0
1699264339.421832 -0.04 0
1699264339.5293117 -0.04 0
1699264339.6395328 -0.04 0
1699264339.7309704 -0.04 0
1699264339.8539557 -0.04 0
1699264339.9730275 -0.04 0
1699264340.0804186 -0.04 0
1699264340.185801 -0.04 0
1699264340.2977219 -0.04 0
1699264340.4054973 -0.04 0
1699264340.5121815 -0.04 0
1699264340.61904 -0.04 0
1699264340.7252028 -0.04 0
1699264340.8423488 -0.04 0
1699264341.0037394 -0.04 0
1699264341.1421971 -0.04 0
1699264341.2918725 -0.04 0
1699264341.4414465 -0.04 0
1699264341.5496387 -0.04 0
1699264341.6741588 -0.04 0
1699264341.8300807 -0.04 0
1699264341.931155 -0.04 0
1699264342.0519874 -0.04 0
1699264342.1747348 -0.04 0
1699264342.323304 -0.04 0
1699264342.4670956 -0.04 0
1699264342.5832496 -0.04 0
1699264342.7624547 -0.04 0
1699264342.8843906 -0.04 0
1699264343.0269122 -0.04 0
1699264343.190183 -0.04 0
1699264343.3135276 -0.04 0
1699264343.4511244 -0.04 0
1699264343.5828943 -0.04 0
1699264343.7176669 -0.04 0
1699264343.8439207 -0.04 0
1699264343.9704578 -0.04 0
1699264344.0788743 -0.04 0
1699264344.2026227 -0.04 0
1699264344.3414106 -0.04 0
1699264344.4716897 -0.04 0
1699264344.6340165 -0.04 0
1699264344.7731576 -0.04 0
1699264344.8908129 -0.04 0
1699264345.0052865 -0.04 0
1699264345.1490512 -0.04 0
1699264345.283249 -0.04 0
1699264345.4268 -0.04 0
1699264345.565377 -0.04 0
1699264345.6603832 -0.04 0
1699264345.7576635 -0.04 0
1699264345.8705623 -0.04 0
1699264345.9744215 -0.04 0
1699264346.1332138 -0.04 0
1699264346.2563677 -0.04 0
1699264346.3811493 -0.04 0
1699264346.5068882 -0.04 0
1699264346.6453137 -0.04 0
1699264346.7869503 -0.04 0
1699264346.9040859 -0.04 0
1699264347.0320654 -0.04 0
1699264347.1673706 -0.04 0
1699264347.2831087 -0.04 0
1699264347.402416 -0.04 0
1699264347.5239432 -0.04 0
1699264347.650787 -0.04 0
1699264347.7531295 -0.04 0
1699264347.8556786 -0.04 0
1699264347.9762657 -0.04 0
1699264348.1217623 -0.04 0
1699264348.2255225 -0.04 0
1699264348.3433552 -0.04 0
1699264348.4968557 -0.04 0
1699264348.6066947 -0.04 0
1699264348.7221053 -0.04 0
1699264348.8654804 -0.04 0
1699264349.0017874 -0.04 0
1699264349.1368701 -0.04 0
1699264349.241275 -0.04 0
1699264349.3822563 -0.04 0
1699264349.5357153 -0.04 0
1699264349.6425488 -0.04 0
1699264349.776013 -0.04 0
1699264349.9008799 -0.04 0
1699264350.0529912 -0.04 0
1699264350.1813703 -0.04 0
1699264350.3321106 -0.04 0
1699264350.4422925 -0.04 0
1699264350.5561104 -0.04 0
1699264350.6889515 -0.04 0
1699264350.8075247 -0.04 0
1699264350.94031 -0.04 0
1699264351.0766928 -0.04 0
1699264351.2085762 -0.04 0
1699264351.368521 -0.04 0
1699264351.4929028 -0.04 0
1699264351.601032 -0.04 0
1699264351.7479713 -0.04 0
1699264351.8631175 -0.04 0
1699264352.0082653 -0.04 0
1699264352.1361077 -0.04 0
1699264352.2786303 -0.04 0
1699264352.4057605 -0.04 0
1699264352.504317 -0.04 0
1699264352.6542222 -0.04 0
1699264352.7942233 -0.04 0
1699264352.921338 -0.04 0
1699264353.0257208 -0.04 0
1699264353.1614065 -0.04 0
1699264353.2920005 -0.04 0
1699264353.4381282 -0.04 0
1699264353.561662 -0.04 0
1699264353.6782694 -0.04 0
1699264353.8178988 -0.04 0
1699264353.9787266 -0.04 0
1699264354.0991485 -0.04 0
1699264354.25823 -0.04 0
1699264354.395878 -0.04 0
1699264354.5277352 -0.04 0
1699264354.6486235 -0.04 0
1699264354.7878451 -0.04 0
1699264354.921103 -0.04 0
1699264355.0212436 -0.04 0
1699264355.1479557 -0.04 0
1699264355.269343 -0.04 0
1699264355.3739052 -0.04 0
1699264355.4983304 -0.04 0
1699264355.672864 -0.04 0
1699264355.7990777 -0.04 0
1699264355.9226406 -0.04 0
1699264356.0459218 -0.04 0
1699264356.157281 -0.04 0
1699264356.2553356 -0.04 0
1699264356.363478 -0.04 0
1699264356.4638624 -0.04 0
1699264356.5753243 -0.04 0
1699264356.7218244 -0.04 0
1699264356.839975 -0.04 0
1699264356.9573627 -0.04 0
1699264357.0615602 -0.04 0
1699264357.2138758 -0.04 0
1699264357.3236814 -0.04 0
1699264357.4437745 -0.04 0
1699264357.554768 -0.04 0
1699264357.6797724 -0.04 0
1699264357.8024607 -0.04 0
1699264357.9327896 -0.04 0
1699264358.0521603 -0.04 0
1699264358.1431947 -0.04 0
1699264358.254301 -0.04 0
1699264358.3246357 -0.04 0
1699264358.3986459 -0.04 0
1699264358.4848118 -0.04 0
1699264358.6024847 -0.04 0
1699264358.687165 -0.04 0
1699264358.752453 -0.04 0
1699264358.8243067 -0.04 0
1699264358.9193778 -0.04 0
1699264359.0034215 -0.04 0
1699264359.0865254 -0.04 0
1699264359.1577196 -0.04 0
1699264359.2389185 -0.04 0
1699264359.349806 -0.04 0
1699264359.471765 -0.04 0
1699264359.577027 -0.04 0
1699264359.6607482 -0.04 0
1699264359.771995 -0.04 0
1699264359.9033065 -0.04 0
1699264360.0117664 -0.04 0
1699264360.0907192 -0.04 0
1699264360.1681616 -0.04 0
1699264360.2624972 -0.04 0
1699264360.3375735 -0.04 0
1699264360.408524 -0.04 0
1699264360.5196698 -0.04 0
1699264360.6066737 -0.04 0
1699264360.6960351 -0.04 0
1699264360.7629216 -0.04 0
1699264360.8470452 -0.04 0
1699264360.9298542 -0.04 0
1699264361.0031133 -0.04 0
1699264361.0874522 -0.04 0
1699264361.1921566 -0.04 0
1699264361.277479 -0.04 0
1699264361.378578 -0.04 0
1699264361.4656703 -0.04 0
1699264361.5633848 -0.04 0
1699264361.6356804 -0.04 0
1699264361.7086864 -0.04 0
1699264361.795558 -0.04 0
1699264361.886305 -0.04 0
1699264361.9521036 -0.04 0
1699264362.0104759 -0.04 0
1699264362.0817323 -0.04 0
1699264362.1600003 -0.04 0
1699264362.2194026 -0.04 0
1699264362.2782803 -0.04 0
1699264362.3317738 -0.04 0
1699264362.3886855 -0.04 0
1699264362.4462252 -0.04 0
1699264362.5193403 -0.04 0
1699264362.6191938 -0.04 0
1699264362.6811962 -0.04 0
1699264362.744979 -0.04 0
1699264362.798667 -0.04 0
1699264362.863426 -0.04 0
1699264362.9618812 -0.04 0
1699264363.0435488 -0.04 0
1699264363.1166718 -0.04 0
1699264363.1772492 -0.04 0
1699264363.2584963 -0.04 0
1699264363.368648 -0.04 0
1699264363.4670238 -0.04 0
1699264363.557515 -0.04 0
1699264363.63506 -0.04 0
1699264363.734994 -0.04 0
1699264363.79543 -0.04 0
1699264363.8460538 -0.04 0
1699264363.908574 -0.04 0
1699264363.97436 -0.04 0
1699264364.058155 -0.04 0
1699264364.1656709 -0.04 0
1699264364.249856 -0.04 0
1699264364.3179913 -0.04 0
1699264364.380219 -0.04 0
1699264364.4443214 -0.04 0
1699264364.5165982 -0.04 0
1699264364.587854 -0.04 0
1699264364.6715834 -0.04 0
1699264364.7736301 -0.04 0
1699264364.8597696 -0.04 0
1699264364.9656186 -0.04 0
1699264365.0312867 -0.04 0
1699264365.0949605 -0.04 0
1699264365.1688871 -0.04 0
1699264365.2400215 -0.04 0
1699264365.323755 -0.04 0
1699264365.4021475 -0.04 0
1699264365.4750574 -0.04 0
1699264365.5823145 -0.04 0
1699264365.6738098 -0.04 0
1699264365.7751458 -0.04 0
1699264365.8745642 -0.04 0
1699264365.978396 -0.04 0
1699264366.0784285 -0.04 0
1699264366.1646516 -0.04 0
1699264366.2609143 -0.04 0
1699264366.3647344 -0.04 0
1699264366.4672527 -0.04 0
1699264366.5758708 -0.04 0
1699264366.6624718 -0.04 0
1699264366.7941003 -0.04 0
1699264366.8882978 -0.04 0
1699264366.9797914 -0.04 0
1699264367.0640953 -0.04 0
1699264367.1727235 -0.04 0
1699264367.2967565 -0.04 0
1699264367.3846793 -0.04 0
1699264367.4987228 -0.04 0
1699264367.6197379 -0.04 0
1699264367.7050898 -0.04 0
1699264367.808362 -0.04 0
1699264367.8921745 -0.04 0
1699264367.975754 -0.04 0
1699264368.0860298 -0.04 0
1699264368.1741598 -0.04 0
1699264368.2741814 -0.04 0
1699264368.3513174 -0.04 0
1699264368.4388266 -0.04 0
1699264368.5206184 -0.04 0
1699264368.6225667 -0.04 0
1699264368.7059345 -0.04 0
1699264368.7922025 -0.04 0
1699264368.8713286 -0.04 0
1699264368.9825184 -0.04 0
1699264369.0626292 -0.04 0
1699264369.1476142 -0.04 0
1699264369.2558715 -0.04 0
1699264369.3657618 -0.04 0
1699264369.4612017 -0.04 0
1699264369.5351908 -0.04 0
1699264369.6200335 -0.04 0
1699264369.7372136 -0.04 0
1699264369.8345697 -0.04 0
1699264369.9209175 -0.04 0
1699264370.0001214 -0.04 0
1699264370.0999222 -0.04 0
1699264370.2044075 -0.04 0
1699264370.2970703 -0.04 0
1699264370.3897774 -0.04 0
1699264370.4732738 -0.04 0
1699264370.5554821 -0.04 0
1699264370.6396239 -0.04 0
1699264370.7410817 -0.04 0
1699264370.8371294 -0.04 0
1699264370.9358206 -0.04 0
1699264371.0102935 -0.04 0
1699264371.078458 -0.04 0
1699264371.1664054 -0.04 0
1699264371.2655635 -0.04 0
1699264371.3766642 -0.04 0
1699264371.468118 -0.04 0
1699264371.5509148 -0.04 0
1699264371.6336951 -0.04 0
1699264371.7061198 -0.04 0
1699264371.7821362 -0.04 0
1699264371.8666043 -0.04 0
1699264371.9562995 -0.04 0
1699264372.0371776 -0.04 0
1699264372.1209574 -0.04 0
1699264372.1953006 -0.04 0
1699264372.2798634 -0.04 0
1699264372.3638866 -0.04 0
1699264372.4564607 -0.04 0
1699264372.5304778 -0.04 0
1699264372.6327958 -0.04 0
1699264372.7138586 -0.04 0
1699264372.770662 -0.04 0
1699264372.8399775 -0.04 0
1699264372.9295654 -0.04 0
1699264373.0679815 -0.04 0
1699264373.151941 -0.04 0
1699264373.2440665 -0.04 0
1699264373.3405824 -0.04 0
1699264373.4355335 -0.04 0
1699264373.5095842 -0.04 0
1699264373.5719037 -0.04 0
1699264373.6582408 -0.04 0
1699264373.7773297 -0.04 0
1699264373.8481176 -0.04 0
1699264373.910341 -0.04 0
1699264373.9673584 -0.04 0
1699264374.0407283 -0.04 0
1699264374.114372 -0.04 0
1699264374.2161527 -0.04 0
1699264374.304124 -0.04 0
1699264374.3821821 -0.04 0
1699264374.457538 -0.04 0
1699264374.5368867 -0.04 0
1699264374.6185207 -0.04 0
1699264374.6937766 -0.04 0
1699264374.7624884 -0.04 0
1699264374.8581057 -0.04 0
1699264374.9549627 -0.04 0
1699264375.0640411 -0.04 0
1699264375.1429865 -0.04 0
1699264375.2416358 -0.04 0
1699264375.3264115 -0.04 0
1699264375.4069421 -0.04 0
1699264375.474306 -0.04 0
1699264375.5461276 -0.04 0
1699264375.6061301 -0.04 0
1699264375.711775 -0.04 0
1699264375.8015544 -0.04 0
1699264375.8819537 -0.04 0
1699264375.946563 -0.04 0
1699264376.0126286 -0.04 0
1699264376.1077745 -0.04 0
1699264376.1842303 -0.04 0
1699264376.260843 -0.04 0
1699264376.36135 -0.04 0
1699264376.4609303 -0.04 0
1699264376.5549939 -0.04 0
1699264376.6444457 -0.04 0
1699264376.7335243 -0.04 0
1699264376.8150415 -0.04 0
1699264376.8899777 -0.04 0
1699264377.0050097 -0.04 0
1699264377.1075494 -0.04 0
1699264377.1970167 -0.04 0
1699264377.2942338 -0.04 0
1699264377.3739095 -0.04 0
1699264377.4527776 -0.04 0
1699264377.552278 -0.04 0
1699264377.6581833 -0.04 0
1699264377.754285 -0.04 0
1699264377.8313167 -0.04 0
1699264377.8978407 -0.04 0
1699264377.95767 -0.04 0
1699264378.028271 -0.04 0
1699264378.1075802 -0.04 0
1699264378.1903234 -0.04 0
1699264378.2609897 -0.04 0
1699264378.3244388 -0.04 0
1699264378.3789923 -0.04 0
1699264378.4425943 -0.04 0
1699264378.5593848 -0.04 0
1699264378.6493306 -0.04 0
1699264378.736366 -0.04 0
1699264378.8236692 -0.04 0
1699264378.9018247 -0.04 0
1699264378.9846249 -0.04 0
1699264379.0766873 -0.04 0
1699264379.1431508 -0.04 0
1699264379.2122238 -0.04 0
1699264379.3055942 -0.04 0
1699264379.4002507 -0.04 0
1699264379.4850996 -0.04 0
1699264379.5811872 -0.04 0
1699264379.6599052 -0.04 0
1699264379.748735 -0.04 0
1699264379.8115003 -0.04 0
1699264379.8779616 -0.04 0
1699264379.9350715 -0.04 0
1699264379.9971519 -0.04 0
1699264380.0848284 -0.04 0
1699264380.1962187 -0.04 0
1699264380.2578564 -0.04 0
1699264380.3215137 -0.04 0
1699264380.3860898 -0.04 0
1699264380.5123801 -0.04 0
1699264380.5945878 -0.04 0
1699264380.6621118 -0.04 0
1699264380.719724 -0.04 0
1699264380.7792652 -0.04 0
1699264380.8565369 -0.04 0
1699264380.9313602 -0.04 0
1699264381.0185769 -0.04 0
1699264381.089688 -0.04 0
1699264381.1502237 -0.04 0
1699264381.208774 -0.04 0
1699264381.2827532 -0.04 0
1699264381.3558056 -0.04 0
1699264381.4175813 -0.04 0
1699264381.4753196 -0.04 0
1699264381.5421498 -0.04 0
1699264381.5939462 -0.04 0
1699264381.66571 -0.04 0
1699264381.781806 -0.04 0
1699264381.8466442 -0.04 0
1699264381.9103854 -0.04 0
1699264381.978717 -0.04 0
1699264382.0553067 -0.04 0
1699264382.1299362 -0.04 0
1699264382.206185 -0.04 0
1699264382.265062 -0.04 0
1699264382.3308609 -0.04 0
1699264382.3840551 -0.04 0
1699264382.4461143 -0.04 0
1699264382.553471 -0.04 0
1699264382.6415508 -0.04 0
1699264382.7095716 -0.04 0
1699264382.777619 -0.04 0
1699264382.8583 -0.04 0
1699264382.9509559 -0.04 0
1699264383.0361853 -0.04 0
1699264383.1152587 -0.04 0
1699264383.1848736 -0.04 0
1699264383.2587638 -0.04 0
1699264383.3270354 -0.04 0
1699264383.395825 -0.04 0
1699264383.4597151 -0.04 0
1699264383.5302477 -0.04 0
1699264383.5894995 -0.04 0
1699264383.6488338 -0.04 0
1699264383.7251344 -0.04 0
1699264383.8068614 -0.04 0
1699264383.8822398 -0.04 0
1699264383.9471977 -0.04 0
1699264384.0123086 -0.04 0
1699264384.0907598 -0.04 0
1699264384.1582909 -0.04 0
1699264384.2180326 -0.04 0
1699264384.2736423 -0.04 0
1699264384.3329625 -0.04 0
1699264384.4153795 -0.04 0
1699264384.5019677 -0.04 0
1699264384.5866907 -0.04 0
1699264384.6557424 -0.04 0
1699264384.7101026 -0.04 0
1699264384.775949 -0.04 0
1699264384.8368967 -0.04 0
1699264384.9092782 -0.04 0
1699264384.98811 -0.04 0
1699264385.129867 -0.04 0
1699264385.1822448 -0.04 0
1699264385.240317 -0.04 0
1699264385.3608398 -0.04 0
1699264385.4667504 -0.04 0
1699264385.5409994 -0.04 0
1699264385.6047542 -0.04 0
1699264385.660641 -0.04 0
1699264385.7388313 -0.04 0
1699264385.817554 -0.04 0
1699264385.879976 -0.04 0
1699264385.9417877 -0.04 0
1699264386.006616 -0.04 0
1699264386.0825527 -0.04 0
1699264386.1535609 -0.04 0
1699264386.2315073 -0.04 0
1699264386.2937672 -0.04 0
1699264386.3584528 -0.04 0
1699264386.4245524 -0.04 0
1699264386.5020602 -0.04 0
1699264386.566276 -0.04 0
1699264386.6346602 -0.04 0
1699264386.6961956 -0.04 0
1699264386.7555032 -0.04 0
1699264386.811165 -0.04 0
1699264386.9001968 -0.04 0
1699264387.000083 -0.04 0
1699264387.084593 -0.04 0
1699264387.159499 -0.04 0
1699264387.236647 -0.04 0
1699264387.3213108 -0.04 0
1699264387.3990781 -0.04 0
1699264387.506015 -0.04 0
1699264387.6069202 -0.04 0
1699264387.6940367 -0.04 0
1699264387.784707 -0.04 0
1699264387.8587327 -0.04 0
1699264387.9242072 -0.04 0
1699264388.022318 -0.04 0
1699264388.1012437 -0.04 0
1699264388.1926353 -0.04 0
1699264388.2762718 -0.04 0
1699264388.3429022 -0.04 0
1699264388.408722 -0.04 0
1699264388.4876833 -0.04 0
1699264388.568731 -0.04 0
1699264388.634736 -0.04 0
1699264388.709533 -0.04 0
1699264388.7782948 -0.04 0
1699264388.8574727 -0.04 0
1699264388.9380198 -0.04 0
1699264389.0082405 -0.04 0
1699264389.074181 -0.04 0
1699264389.1334426 -0.04 0
1699264389.1968317 -0.04 0
1699264389.2616801 -0.04 0
1699264389.3469608 -0.04 0
1699264389.405157 -0.04 0
1699264389.4600914 -0.04 0
1699264389.5218644 -0.04 0
1699264389.586905 -0.04 0
1699264389.6566982 -0.04 0
1699264389.739234 -0.04 0
1699264389.8194392 -0.04 0
1699264389.8984344 -0.04 0
1699264389.9643524 -0.04 0
1699264390.0456295 -0.04 0
1699264390.12494 -0.04 0
1699264390.2139204 -0.04 0
1699264390.2720127 -0.04 0
1699264390.3369207 -0.04 0
1699264390.3948023 -0.04 0
1699264390.4725955 -0.04 0
1699264390.5327203 -0.04 0
1699264390.5916505 -0.04 0
1699264390.6552231 -0.04 0
1699264390.7176044 -0.04 0
1699264390.7756333 -0.04 0
1699264390.8562708 -0.04 0
1699264390.9376228 -0.04 0
1699264391.0089576 -0.04 0
1699264391.081843 -0.04 0
1699264391.1462302 -0.04 0
1699264391.2110913 -0.04 0
1699264391.2864785 -0.04 0
1699264391.356281 -0.04 0
1699264391.4186547 -0.04 0
1699264391.4821587 -0.04 0
1699264391.5448465 -0.04 0
1699264391.6114945 -0.04 0
1699264391.6892364 -0.04 0
1699264391.77674 -0.04 0
1699264391.864822 -0.04 0
1699264391.934157 -0.04 0
1699264392.0037286 -0.04 0
1699264392.0821576 -0.04 0
1699264392.1678429 -0.04 0
1699264392.2265115 -0.04 0
1699264392.284128 -0.04 0
1699264392.3493636 -0.04 0
1699264392.4031565 -0.04 0
1699264392.4910576 -0.04 0
1699264392.5869613 -0.04 0
1699264392.6637099 -0.04 0
1699264392.7175841 -0.04 0
1699264392.7728732 -0.04 0
1699264392.8265653 -0.04 0
1699264392.8910286 -0.04 0
1699264392.965159 -0.04 0
1699264393.0499146 -0.04 0
1699264393.1312575 -0.04 0
1699264393.2119303 -0.04 0
1699264393.336937 -0.04 0
1699264393.420546 -0.04 0
1699264393.5035052 -0.04 0
1699264393.5806253 -0.04 0
1699264393.6558802 -0.04 0
1699264393.7303119 -0.04 0
1699264393.8012662 -0.04 0
1699264393.8651233 -0.04 0
1699264393.9334636 -0.04 0
1699264394.0082042 -0.04 0
1699264394.0840418 -0.04 0
1699264394.1446118 -0.04 0
1699264394.2069495 -0.04 0
1699264394.26546 -0.04 0
1699264394.322129 -0.04 0
1699264394.3802571 -0.04 0
1699264394.4533458 -0.04 0
1699264394.5215352 -0.04 0
1699264394.5954175 -0.04 0
1699264394.655773 -0.04 0
1699264394.733134 -0.04 0
1699264394.7954009 -0.04 0
1699264394.857986 -0.04 0
1699264394.9223506 -0.04 0
1699264395.013504 -0.04 0
1699264395.0834148 -0.04 0
1699264395.133163 -0.04 0
1699264395.2042823 -0.04 0
1699264395.272369 -0.04 0
1699264395.337018 -0.04 0
1699264395.4130435 -0.04 0
1699264395.4913485 -0.04 0
1699264395.561081 -0.04 0
1699264395.6199055 -0.04 0
1699264395.6899047 -0.04 0
1699264395.754209 -0.04 0
1699264395.811552 -0.04 0
1699264395.8737936 -0.04 0
1699264395.9317398 -0.04 0
1699264395.9993868 -0.04 0
1699264396.0904047 -0.04 0
1699264396.1597228 -0.04 0
1699264396.231983 -0.04 0
1699264396.2829323 -0.04 0
1699264396.3389995 -0.04 0
1699264396.3945916 -0.04 0
1699264396.4594898 -0.04 0
1699264396.5335796 -0.04 0
1699264396.600303 -0.04 0
1699264396.666429 -0.04 0
1699264396.7295556 -0.04 0
1699264396.7856681 -0.04 0
1699264396.848692 -0.04 0
1699264396.9158206 -0.04 0
1699264396.9795365 -0.04 0
1699264397.0390298 -0.04 0
1699264397.0937345 -0.04 0
1699264397.149675 -0.04 0
1699264397.222768 -0.04 0
1699264397.2901735 -0.04 0
1699264397.3531802 -0.04 0
1699264397.419892 -0.04 0
1699264397.4774656 -0.04 0
1699264397.547631 -0.04 0
1699264397.6166754 -0.04 0
1699264397.721123 -0.04 0
1699264397.7806094 -0.04 0
1699264397.8372176 -0.04 0
1699264397.8976412 -0.04 0
1699264397.9658194 -0.04 0
1699264398.0389063 -0.04 0
1699264398.1042855 -0.04 0
1699264398.1709352 -0.04 0
1699264398.230913 -0.04 0
1699264398.2935812 -0.04 0
1699264398.4170895 -0.04 0
1699264398.5319757 -0.04 0
1699264398.6011896 -0.04 0
1699264398.6673405 -0.04 0
1699264398.7385623 -0.04 0
1699264398.794618 -0.04 0
1699264398.858436 -0.04 0
1699264398.9223917 -0.04 0
1699264398.9894304 -0.04 0
1699264399.0451145 -0.04 0
1699264399.0998313 -0.04 0
1699264399.1531906 -0.04 0
1699264399.2054408 -0.04 0
1699264399.2691774 -0.04 0
1699264399.338626 -0.04 0
1699264399.4024704 -0.04 0
1699264399.4672253 -0.04 0
1699264399.5285988 -0.04 0
1699264399.5786624 -0.04 0
1699264399.6457026 -0.04 0
1699264399.7195687 -0.04 0
1699264399.7861037 -0.04 0
1699264399.856866 -0.04 0
1699264399.915725 -0.04 0
1699264399.9784145 -0.04 0
1699264400.0579507 -0.04 0
1699264400.1435366 -0.04 0
1699264400.2036493 -0.04 0
1699264400.2858355 -0.04 0
1699264400.3453255 -0.04 0
1699264400.4001853 -0.04 0
1699264400.4711847 -0.04 0
1699264400.5535452 -0.04 0
1699264400.627045 -0.04 0
1699264400.6904378 -0.04 0
1699264400.7460594 -0.04 0
1699264400.8143716 -0.04 0
1699264400.877973 -0.04 0
1699264400.947026 -0.04 0
1699264401.0162299 -0.04 0
1699264401.0745075 -0.04 0
1699264401.1264243 -0.04 0
1699264401.1796708 -0.04 0
1699264401.2413678 -0.04 0
1699264401.3052046 -0.04 0
1699264401.3704007 -0.04 0
1699264401.4310358 -0.04 0
1699264401.4987054 -0.04 0
1699264401.5573266 -0.04 0
1699264401.6312373 -0.04 0
1699264401.6973636 -0.04 0
1699264401.7704399 -0.04 0
1699264401.8350503 -0.04 0
1699264401.905776 -0.04 0
1699264401.9615831 -0.04 0
1699264402.02544 -0.04 0
1699264402.0874248 -0.04 0
1699264402.1496937 -0.04 0
1699264402.2239177 -0.04 0
1699264402.2874515 -0.04 0
1699264402.3505666 -0.04 0
1699264402.408501 -0.04 0
1699264402.4701664 -0.04 0
1699264402.5325508 -0.04 0
1699264402.600065 -0.04 0
1699264402.6502683 -0.04 0
1699264402.6994972 -0.04 0
1699264402.755575 -0.04 0
1699264402.803862 -0.04 0
1699264402.8545914 -0.04 0
1699264402.9161277 -0.04 0
1699264402.9818301 -0.04 0
1699264403.0597746 -0.04 0
1699264403.1110315 -0.04 0
1699264403.1667511 -0.04 0
1699264403.2275145 -0.04 0
1699264403.2944944 -0.04 0
1699264403.369692 -0.04 0
1699264403.4415934 -0.04 0
1699264403.5026128 -0.04 0
1699264403.5718362 -0.04 0
1699264403.633988 -0.04 0
1699264403.7065203 -0.04 0
1699264403.7741456 -0.04 0
1699264403.8488941 -0.04 0
1699264403.9060946 -0.04 0
1699264403.9699912 -0.04 0
1699264404.0494583 -0.04 0
1699264404.1327715 -0.04 0
1699264404.1871655 -0.04 0
1699264404.2677588 -0.04 0
1699264404.3313327 -0.04 0
1699264404.4037557 -0.04 0
1699264404.4726026 -0.04 0
1699264404.5457215 -0.04 0
1699264404.6172216 -0.04 0
1699264404.673198 -0.04 0
1699264404.7252831 -0.04 0
1699264404.7784781 -0.04 0
1699264404.8445888 -0.04 0
1699264404.9222684 -0.04 0
1699264404.989856 -0.04 0
1699264405.05897 -0.04 0
1699264405.113426 -0.04 0
1699264405.1693587 -0.04 0
1699264405.2330062 -0.04 0
1699264405.2911716 -0.04 0
1699264405.3535 -0.04 0
1699264405.4076116 -0.04 0
1699264405.4834764 -0.04 0
1699264405.5414193 -0.04 0
1699264405.5907998 -0.04 0
1699264405.6493447 -0.04 0
1699264405.7242613 -0.04 0
1699264405.7969415 -0.04 0
1699264405.8560927 -0.04 0
1699264405.919846 -0.04 0
1699264405.9837584 -0.04 0
1699264406.0578115 -0.04 0
1699264406.1222513 -0.04 0
1699264406.1846225 -0.04 0
1699264406.2480597 -0.04 0
1699264406.3096094 -0.04 0
1699264406.3593016 -0.04 0
1699264406.432331 -0.04 0
1699264406.5032473 -0.04 0
1699264406.5649664 -0.04 0
1699264406.618109 -0.04 0
1699264406.674127 -0.04 0
1699264406.723929 -0.04 0
1699264406.77855 -0.04 0
1699264406.8415287 -0.04 0
1699264406.9112096 -0.04 0
1699264406.987755 -0.04 0
1699264407.0593476 -0.04 0
1699264407.1107686 -0.04 0
1699264407.1601648 -0.04 0
1699264407.2338634 -0.04 0
1699264407.3003886 -0.04 0
1699264407.3687472 -0.04 0
1699264407.4191163 -0.04 0
1699264407.4825742 -0.04 0
1699264407.5422482 -0.04 0
1699264407.6023479 -0.04 0
1699264407.6730328 -0.04 0
1699264407.7454226 -0.04 0
1699264407.8057408 -0.04 0
1699264407.8679802 -0.04 0
1699264407.9259262 -0.04 0
1699264407.9799223 -0.04 0
1699264408.0516944 -0.04 0
1699264408.1319437 -0.04 0
1699264408.2082734 -0.04 0
1699264408.282979 -0.04 0
1699264408.3457882 -0.04 0
1699264408.3989491 -0.04 0
1699264408.4663246 -0.04 0
1699264408.5406551 -0.04 0
1699264408.6102872 -0.04 0
1699264408.679446 -0.04 0
1699264408.7331982 -0.04 0
1699264408.7875562 -0.04 0
1699264408.8622763 -0.04 0
1699264408.9379144 -0.04 0
1699264409.014102 -0.04 0
1699264409.0838976 -0.04 0
1699264409.1368876 -0.04 0
1699264409.2104185 -0.04 0
1699264409.27444 -0.04 0
1699264409.3567753 -0.04 0
1699264409.4176197 -0.04 0
1699264409.486342 -0.04 0
1699264409.5483916 -0.04 0
1699264409.6199543 -0.04 0
1699264409.7017117 -0.04 0
1699264409.7710888 -0.04 0
1699264409.8340454 -0.04 0
1699264409.897423 -0.04 0
1699264409.9641457 -0.04 0
1699264410.043825 -0.04 0
1699264410.1075423 -0.04 0
1699264410.1715117 -0.04 0
1699264410.235599 -0.04 0
1699264410.302243 -0.04 0
1699264410.3599172 -0.04 0
1699264410.4247267 -0.04 0
1699264410.4917357 -0.04 0
1699264410.5589902 -0.04 0
1699264410.6218457 -0.04 0
1699264410.6862078 -0.04 0
1699264410.7398078 -0.04 0
1699264410.7925816 -0.04 0
1699264410.8597043 -0.04 0
1699264410.9358392 -0.04 0
1699264410.9906816 -0.04 0
1699264411.0447934 -0.04 0
1699264411.0973175 -0.04 0
1699264411.1510787 -0.04 0
1699264411.2061343 -0.04 0
1699264411.2739832 -0.04 0
1699264411.3376665 -0.04 0
1699264411.4032173 -0.04 0
1699264411.4684615 -0.04 0
1699264411.534358 -0.04 0
1699264411.5942056 -0.04 0
1699264411.6584046 -0.04 0
1699264411.7257767 -0.04 0
1699264411.7973819 -0.04 0
1699264411.8720617 -0.04 0
1699264411.935751 -0.04 0
1699264411.990749 -0.04 0
1699264412.0614102 -0.04 0
1699264412.1316028 -0.04 0
1699264412.2016747 -0.04 0
1699264412.2597897 -0.04 0
1699264412.3134995 -0.04 0
1699264412.372594 -0.04 0
1699264412.4389553 -0.04 0
1699264412.5199513 -0.04 0
1699264412.5960724 -0.04 0
1699264412.6661112 -0.04 0
1699264412.7212467 -0.04 0
1699264412.7795696 -0.04 0
1699264412.8434603 -0.04 0
1699264412.9067752 -0.04 0
1699264412.9627545 -0.04 0
1699264413.0495157 -0.04 0
1699264413.101459 -0.04 0
1699264413.1600745 -0.04 0
1699264413.210397 -0.04 0
1699264413.2736948 -0.04 0
1699264413.347813 -0.04 0
1699264413.4180624 -0.04 0
1699264413.466344 -0.04 0
1699264413.5200648 -0.04 0
1699264413.5776083 -0.04 0
1699264413.6546304 -0.04 0
1699264413.7227993 -0.04 0
1699264413.7960336 -0.04 0
1699264413.859132 -0.04 0
1699264413.9142988 -0.04 0
1699264413.9774787 -0.04 0
1699264414.0419836 -0.04 0
1699264414.108335 -0.04 0
1699264414.1770842 -0.04 0
1699264414.2495708 -0.04 0
1699264414.3013835 -0.04 0
1699264414.3593156 -0.04 0
1699264414.4116874 -0.04 0
1699264414.4852057 -0.04 0
1699264414.556188 -0.04 0
1699264414.6621478 -0.04 0
1699264414.7130766 -0.04 0
1699264414.7711608 -0.04 0
1699264414.8355772 -0.04 0
1699264414.901561 -0.04 0
1699264414.9857185 -0.04 0
1699264415.051067 -0.04 0
1699264415.1066735 -0.04 0
1699264415.1534252 -0.04 0
1699264415.2111623 -0.04 0
1699264415.2897294 -0.04 0
1699264415.3622406 -0.04 0
1699264415.4197278 -0.04 0
1699264415.485029 -0.04 0
1699264415.545655 -0.04 0
1699264415.601177 -0.04 0
1699264415.6594186 -0.04 0
1699264415.734337 -0.04 0
1699264415.7923417 -0.04 0
1699264415.8608172 -0.04 0
1699264415.9177482 -0.04 0
1699264415.983713 -0.04 0
1699264416.053594 -0.04 0
1699264416.1219127 -0.04 0
1699264416.187058 -0.04 0
1699264416.2540216 -0.04 0
1699264416.3077538 -0.04 0
1699264416.360976 -0.04 0
1699264416.4278793 -0.04 0
1699264416.4973803 -0.04 0
1699264416.5570703 -0.04 0
1699264416.6349928 -0.04 0
1699264416.7068698 -0.04 0
1699264416.7838695 -0.04 0
1699264416.870524 -0.04 0
1699264416.9687908 -0.04 0
1699264417.0681462 -0.04 0
1699264417.2047696 -0.04 0
1699264417.3126101 -0.04 0
1699264417.4123893 -0.04 0
1699264417.5248199 -0.04 0
1699264417.6327016 -0.04 0
1699264417.7262816 -0.04 0
1699264417.830984 -0.04 0
1699264417.9201574 -0.04 0
1699264417.9804008 -0.04 0
1699264418.0453446 -0.04 0
1699264418.115286 -0.04 0
1699264418.1837943 -0.04 0
1699264418.2618997 -0.04 0
1699264418.327745 -0.04 0
1699264418.392129 -0.04 0
1699264418.4568808 -0.04 0
1699264418.5377817 -0.04 0
1699264418.5994682 -0.04 0
1699264418.6608691 -0.04 0
1699264418.731744 -0.04 0
1699264418.7986712 -0.04 0
1699264418.8720448 -0.04 0
1699264418.9454124 -0.04 0
1699264419.0018535 -0.04 0
1699264419.061085 -0.04 0
1699264419.1271322 -0.04 0
1699264419.196433 -0.04 0
1699264419.2729912 -0.04 0
1699264419.34854 -0.04 0
1699264419.4083276 -0.04 0
1699264419.4710166 -0.04 0
1699264419.531389 -0.04 0
1699264419.5926034 -0.04 0
1699264419.6589785 -0.04 0
1699264419.7275329 -0.04 0
1699264419.7941668 -0.04 0
1699264419.8618903 -0.04 0
1699264419.931038 -0.04 0
1699264420.0045907 -0.04 0
1699264420.0730968 -0.04 0
1699264420.1581433 -0.04 0
1699264420.2107546 -0.04 0
1699264420.270122 -0.04 0
1699264420.3348856 -0.04 0
1699264420.4009764 -0.04 0
1699264420.467566 -0.04 0
1699264420.5354788 -0.04 0
1699264420.5956295 -0.04 0
1699264420.6466436 -0.04 0
1699264420.702799 -0.04 0
1699264420.76414 -0.04 0
1699264420.8277206 -0.04 0
1699264420.9015532 -0.04 0
