1697088867.4620793 2 0.2
1697088867.7451193 2.0 0.2
1697088867.885571 2.0 0.2
1697088867.9246018 2.0 0.2
1697088867.9590046 2.0 0.2
1697088867.9810464 2.0 0.2
1697088868.0187695 2.0 0.2
1697088868.0557685 2.0 0.2
1697088868.0951524 2.0 0.2
1697088868.1460147 2.0 0.2
1697088868.1963317 2.0 0.2
1697088868.2470012 2.0 0.2
1697088868.2968292 2.0 0.2
1697088868.3488066 2.0 0.2
1697088868.3965578 2.0 0.2
1697088868.4467168 2.0 0.2
1697088868.4970307 2.0 0.2
1697088868.5476294 2.0 0.2
1697088868.597582 2.0 0.2
1697088868.6480007 2.0 0.2
1697088868.6985528 2.0 0.2
1697088868.7479854 2.0 0.2
1697088868.7986696 2.0 0.2
1697088868.850609 2.0 0.2
1697088868.9000216 2.0 0.2
1697088868.950615 2.0 0.2
1697088869.000316 2.0 0.2
1697088869.0499825 2.0 0.2
1697088869.1004236 2.0 0.2
1697088869.150805 2.0 0.2
1697088869.2007499 2.0 0.2
1697088869.2509174 2.0 0.2
1697088869.300811 2.0 0.2
1697088869.350994 2.0 0.2
1697088869.4011252 2.0 0.2
1697088869.4514477 2.0 0.2
1697088869.5018425 2.0 0.2
1697088869.5522444 2.0 0.2
1697088869.602339 2.0 0.2
1697088869.652321 2.0 0.2
1697088869.7032666 2.0 0.2
1697088869.753265 2.0 0.2
1697088869.8039002 2.0 0.2
1697088869.854302 2.0 0.2
1697088869.9053032 2.0 0.2
1697088869.9552069 2.0 0.2
1697088870.0055652 2.0 0.2
1697088870.0569706 2.0 0.2
1697088870.1077855 2.0 0.2
1697088870.157617 2.0 0.2
1697088870.2080686 2.0 0.2
1697088870.2612765 2.0 0.2
1697088870.3111718 2.0 0.2
1697088870.3598342 2.0 0.2
1697088870.4104993 2.0 0.2
1697088870.4605112 2.0 0.2
1697088870.51182 2.0 0.2
1697088870.5619955 2.0 0.2
1697088870.617145 2.0 0.2
1697088870.6682298 2.0 0.2
1697088870.7197914 2.0 0.2
1697088870.7722828 2.0 0.2
1697088870.8226466 2.0 0.2
1697088870.8734894 2.0 0.2
1697088870.924027 2.0 0.2
1697088870.9753752 2.0 0.2
1697088871.0283635 2.0 0.2
1697088871.077648 2.0 0.2
1697088871.1281564 2.0 0.2
1697088871.1792464 2.0 0.2
1697088871.2290134 2.0 0.2
1697088871.2796433 2.0 0.2
1697088871.3324625 2.0 0.2
1697088871.381449 2.0 0.2
1697088871.430452 2.0 0.2
1697088871.4805152 2.0 0.2
1697088871.5307872 2.0 0.2
1697088871.5807424 2.0 0.2
1697088871.6324615 2.0 0.2
1697088871.6846108 2.0 0.2
1697088871.7335515 2.0 0.2
1697088871.7829242 2.0 0.2
1697088871.832709 2.0 0.2
1697088871.8837583 2.0 0.2
1697088871.9351501 2.0 0.2
1697088871.9854012 2.0 0.2
1697088872.035501 2.0 0.2
1697088872.0853512 2.0 0.2
1697088872.1353645 2.0 0.2
1697088872.185294 2.0 0.2
1697088872.2353597 2.0 0.2
1697088872.2855928 2.0 0.2
1697088872.3369567 2.0 0.2
1697088872.3872128 2.0 0.2
1697088872.4372616 2.0 0.2
1697088872.4878404 2.0 0.2
1697088872.5379672 2.0 0.2
1697088872.5879254 2.0 0.2
1697088872.6405218 2.0 0.2
1697088872.69081 2.0 0.2
1697088872.7408798 2.0 0.2
1697088872.7909553 2.0 0.2
1697088872.841422 2.0 0.2
1697088872.8911731 2.0 0.2
1697088872.9411619 2.0 0.2
1697088872.9918776 2.0 0.2
1697088873.0418677 2.0 0.2
1697088873.093199 2.0 0.2
1697088873.1427934 2.0 0.2
1697088873.1933446 2.0 0.2
1697088873.2434378 2.0 0.2
1697088873.2956743 2.0 0.2
1697088873.344597 2.0 0.2
1697088873.3949473 2.0 0.2
1697088873.4451804 2.0 0.2
1697088873.4957423 2.0 0.2
1697088873.5462797 2.0 0.2
1697088873.5958524 2.0 0.2
1697088873.646031 2.0 0.2
1697088873.6978095 2.0 0.2
1697088873.748013 2.0 0.2
1697088873.7989469 2.0 0.2
1697088873.8492188 2.0 0.2
1697088873.9011295 2.0 0.2
1697088873.953115 2.0 0.2
1697088874.0024474 2.0 0.2
1697088874.0532298 2.0 0.2
1697088874.1027384 2.0 0.2
1697088874.153053 2.0 0.2
1697088874.206933 2.0 0.2
1697088874.2581549 2.0 0.2
1697088874.308994 2.0 0.2
1697088874.3590226 2.0 0.2
1697088874.410504 2.0 0.2
1697088874.4601161 2.0 0.2
1697088874.5100527 2.0 0.2
1697088874.560208 2.0 0.2
1697088874.6113722 2.0 0.2
1697088874.661298 2.0 0.2
1697088874.712249 2.0 0.2
1697088874.7620516 2.0 0.2
1697088874.8121185 2.0 0.2
1697088874.8620436 2.0 0.2
1697088874.9117436 2.0 0.2
1697088874.9637012 2.0 0.2
1697088875.0137055 2.0 0.2
1697088875.0647311 2.0 0.2
1697088875.1145897 2.0 0.2
1697088875.1645327 2.0 0.2
1697088875.2188272 2.0 0.2
1697088875.2677906 2.0 0.2
1697088875.3171935 2.0 0.2
1697088875.3666215 2.0 0.2
1697088875.4164302 2.0 0.2
1697088875.4662428 2.0 0.2
1697088875.5160134 2.0 0.2
1697088875.566236 2.0 0.2
1697088875.616797 2.0 0.2
1697088875.6673524 2.0 0.2
1697088875.7176127 2.0 0.2
1697088875.7676618 2.0 0.2
1697088875.8176908 2.0 0.2
1697088875.8679538 2.0 0.2
1697088875.9180803 2.0 0.2
1697088875.9684038 2.0 0.2
1697088876.0188928 2.0 0.2
1697088876.0711699 2.0 0.2
1697088876.1204007 2.0 0.2
1697088876.1698508 2.0 0.2
1697088876.2196627 2.0 0.2
1697088876.2699625 2.0 0.2
1697088876.335211 2.0 0.2
1697088876.3938637 2.0 0.2
1697088876.441461 2.0 0.2
1697088876.4861624 2.0 0.2
1697088876.5303028 2.0 0.2
1697088876.579701 2.0 0.2
1697088876.6354897 2.0 0.2
1697088876.679539 2.0 0.2
1697088876.7300713 2.0 0.2
1697088876.7795463 2.0 0.2
1697088876.8323853 2.0 0.2
1697088876.8804703 2.0 0.2
1697088876.931254 2.0 0.2
1697088876.9835815 2.0 0.2
1697088877.0327952 2.0 0.2
1697088877.0823858 2.0 0.2
1697088877.1318648 2.0 0.2
1697088877.1816914 2.0 0.2
1697088877.2322352 2.0 0.2
1697088877.2821581 2.0 0.2
1697088877.3329363 2.0 0.2
1697088877.3838239 2.0 0.2
1697088877.433631 2.0 0.2
1697088877.4835253 2.0 0.2
1697088877.5334983 2.0 0.2
1697088877.5842102 2.0 0.2
1697088877.6340833 2.0 0.2
1697088877.6849537 2.0 0.2
1697088877.734924 2.0 0.2
1697088877.7872446 2.0 0.2
1697088877.8368368 2.0 0.2
1697088877.8879876 2.0 0.2
1697088877.9380023 2.0 0.2
1697088877.9879873 2.0 0.2
1697088878.0410702 2.0 0.2
1697088878.0935123 2.0 0.2
1697088878.1437497 2.0 0.2
1697088878.194479 2.0 0.2
1697088878.244558 2.0 0.2
1697088878.2958207 2.0 0.2
1697088878.34666 2.0 0.2
1697088878.3979928 2.0 0.2
1697088878.448291 2.0 0.2
1697088878.498412 2.0 0.2
1697088878.573972 2.0 0.2
1697088878.620378 2.0 0.2
1697088878.666735 2.0 0.2
1697088878.7031662 2.0 0.2
1697088878.7527568 2.0 0.2
1697088878.8064904 2.0 0.2
1697088878.8578146 2.0 0.2
1697088878.9094143 2.0 0.2
1697088878.9606426 2.0 0.2
1697088879.0221343 2.0 0.2
1697088879.0847583 2.0 0.2
1697088879.1401687 2.0 0.2
1697088879.1830618 2.0 0.2
1697088879.216366 2.0 0.2
1697088879.2623363 2.0 0.2
1697088879.3135955 2.0 0.2
1697088879.365691 2.0 0.2
1697088879.4208863 2.0 0.2
1697088879.4681516 2.0 0.2
1697088879.5159924 2.0 0.2
1697088879.5686777 2.0 0.2
1697088879.622262 2.0 0.2
1697088879.6745288 2.0 0.2
1697088879.7235892 2.0 0.2
1697088879.7733676 2.0 0.2
1697088879.8233416 2.0 0.2
1697088879.8744335 2.0 0.2
1697088879.9248078 2.0 0.2
1697088879.97447 2.0 0.2
1697088880.024558 2.0 0.2
1697088880.0743036 2.0 0.2
1697088880.1242836 2.0 0.2
1697088880.1758633 2.0 0.2
1697088880.22553 2.0 0.2
1697088880.276002 2.0 0.2
1697088880.3259664 2.0 0.2
1697088880.3844078 2.0 0.2
1697088880.428497 2.0 0.2
1697088880.478114 2.0 0.2
1697088880.5279493 2.0 0.2
1697088880.5783432 2.0 0.2
1697088880.631413 2.0 0.2
1697088880.6810048 2.0 0.2
1697088880.7329977 2.0 0.2
1697088880.7820127 2.0 0.2
1697088880.831812 2.0 0.2
1697088880.8817737 2.0 0.2
1697088880.9329696 2.0 0.2
1697088880.9851272 2.0 0.2
1697088881.0352385 2.0 0.2
1697088881.0867276 2.0 0.2
1697088881.1380951 2.0 0.2
1697088881.1880138 2.0 0.2
1697088881.2384984 2.0 0.2
1697088881.2889438 2.0 0.2
1697088881.338672 2.0 0.2
1697088881.3891518 2.0 0.2
1697088881.4395227 2.0 0.2
1697088881.4897697 2.0 0.2
1697088881.5400836 2.0 0.2
1697088881.590735 2.0 0.2
1697088881.6485925 2.0 0.2
1697088881.705148 2.0 0.2
1697088881.765162 2.0 0.2
1697088881.8203523 2.0 0.2
1697088881.8775792 2.0 0.2
1697088881.9325755 2.0 0.2
1697088881.9808092 2.0 0.2
1697088882.0225837 2.0 0.2
1697088882.0615115 2.0 0.2
1697088882.1096227 2.0 0.2
1697088882.1588273 2.0 0.2
1697088882.2089677 2.0 0.2
1697088882.2643118 2.0 0.2
1697088882.3165946 2.0 0.2
1697088882.368709 2.0 0.2
1697088882.4231675 2.0 0.2
1697088882.477827 2.0 0.2
1697088882.5360513 2.0 0.2
1697088882.5964036 2.0 0.2
1697088882.6525993 2.0 0.2
1697088882.694816 2.0 0.2
1697088882.7434616 2.0 0.2
1697088882.7901886 2.0 0.2
1697088882.8348832 2.0 0.2
1697088882.8813255 2.0 0.2
1697088882.931586 2.0 0.2
1697088882.9855702 2.0 0.2
1697088883.0482097 2.0 0.2
1697088883.0912306 2.0 0.2
1697088883.1404257 2.0 0.2
1697088883.190077 2.0 0.2
1697088883.2399886 2.0 0.2
1697088883.2912922 2.0 0.2
1697088883.341551 2.0 0.2
1697088883.3922994 2.0 0.2
1697088883.4443371 2.0 0.2
1697088883.4946666 2.0 0.2
1697088883.545653 2.0 0.2
1697088883.6007588 2.0 0.2
1697088883.6489093 2.0 0.2
1697088883.698234 2.0 0.2
1697088883.7561324 2.0 0.2
1697088883.8010406 2.0 0.2
1697088883.8526542 2.0 0.2
1697088883.90589 2.0 0.2
1697088883.9530675 2.0 0.2
1697088884.0034022 2.0 0.2
1697088884.0541148 2.0 0.2
1697088884.1054633 2.0 0.2
1697088884.1553733 2.0 0.2
1697088884.221351 2.0 0.2
1697088884.272036 2.0 0.2
1697088884.3188744 2.0 0.2
1697088884.3610413 2.0 0.2
1697088884.4086452 2.0 0.2
1697088884.4589639 2.0 0.2
1697088884.509821 2.0 0.2
1697088884.5674236 2.0 0.2
1697088884.6221092 2.0 0.2
1697088884.6750612 2.0 0.2
1697088884.7472117 2.0 0.2
1697088884.7965133 2.0 0.2
1697088884.8386462 2.0 0.2
1697088884.8757808 2.0 0.2
1697088884.930984 2.0 0.2
1697088884.9907506 2.0 0.2
1697088885.0615082 2.0 0.2
1697088885.1177287 2.0 0.2
1697088885.1789677 2.0 0.2
1697088885.2406797 2.0 0.2
1697088885.2977087 2.0 0.2
1697088885.3521523 2.0 0.2
1697088885.4029255 2.0 0.2
1697088885.453622 2.0 0.2
1697088885.514466 2.0 0.2
1697088885.5651655 2.0 0.2
1697088885.631715 2.0 0.2
1697088885.679996 2.0 0.2
1697088885.735574 2.0 0.2
1697088885.773345 2.0 0.2
1697088885.8150775 2.0 0.2
1697088885.879057 2.0 0.2
1697088885.9311411 2.0 0.2
1697088885.9893196 2.0 0.2
1697088886.0460777 2.0 0.2
1697088886.0972357 2.0 0.2
1697088886.154935 2.0 0.2
1697088886.2080798 2.0 0.2
1697088886.2517648 2.0 0.2
1697088886.2847412 2.0 0.2
1697088886.3425045 2.0 0.2
1697088886.3935883 2.0 0.2
1697088886.4558022 2.0 0.2
1697088886.5052059 2.0 0.2
1697088886.5668638 2.0 0.2
1697088886.626424 2.0 0.2
1697088886.6857271 2.0 0.2
1697088886.7328298 2.0 0.2
1697088886.7902327 2.0 0.2
1697088886.8431265 2.0 0.2
1697088886.896381 2.0 0.2
1697088886.9417987 2.0 0.2
1697088887.0042398 2.0 0.2
1697088887.0590906 2.0 0.2
1697088887.1166067 2.0 0.2
1697088887.1799567 2.0 0.2
1697088887.2442434 2.0 0.2
1697088887.3127663 2.0 0.2
1697088887.3686569 2.0 0.2
1697088887.4290373 2.0 0.2
1697088887.4952588 2.0 0.2
1697088887.548739 2.0 0.2
1697088887.595405 2.0 0.2
1697088887.63922 2.0 0.2
1697088887.6858225 2.0 0.2
1697088887.7302492 2.0 0.2
1697088887.771027 2.0 0.2
1697088887.8190258 2.0 0.2
1697088887.872206 2.0 0.2
1697088887.9283392 2.0 0.2
1697088887.9754617 2.0 0.2
1697088888.0288315 2.0 0.2
1697088888.0899298 2.0 0.2
1697088888.151709 2.0 0.2
1697088888.1972878 2.0 0.2
1697088888.2380283 2.0 0.2
1697088888.2790477 2.0 0.2
1697088888.3366675 2.0 0.2
1697088888.3917036 2.0 0.2
1697088888.4337099 2.0 0.2
1697088888.4876616 2.0 0.2
1697088888.538731 2.0 0.2
1697088888.5855236 2.0 0.2
1697088888.637644 2.0 0.2
1697088888.6851087 2.0 0.2
1697088888.7345607 2.0 0.2
1697088888.795315 2.0 0.2
1697088888.8454478 2.0 0.2
1697088888.896876 2.0 0.2
1697088888.9622996 2.0 0.2
1697088889.022239 2.0 0.2
1697088889.085783 2.0 0.2
1697088889.149655 2.0 0.2
1697088889.2080014 2.0 0.2
1697088889.252439 2.0 0.2
1697088889.292375 2.0 0.2
1697088889.3383327 2.0 0.2
1697088889.377899 2.0 0.2
1697088889.4202433 2.0 0.2
1697088889.461944 2.0 0.2
1697088889.4946837 2.0 0.2
1697088889.5452623 2.0 0.2
1697088889.5939445 2.0 0.2
1697088889.6451035 2.0 0.2
1697088889.699675 2.0 0.2
1697088889.748047 2.0 0.2
1697088889.7973776 2.0 0.2
1697088889.8473501 2.0 0.2
1697088889.897545 2.0 0.2
1697088889.9471834 2.0 0.2
1697088889.998841 2.0 0.2
1697088890.0495749 2.0 0.2
1697088890.0990503 2.0 0.2
1697088890.149332 2.0 0.2
1697088890.2031178 2.0 0.2
1697088890.2550662 2.0 0.2
1697088890.3061216 2.0 0.2
1697088890.3588765 2.0 0.2
1697088890.4087126 2.0 0.2
1697088890.45952 2.0 0.2
1697088890.5094466 2.0 0.2
1697088890.5605514 2.0 0.2
1697088890.6110556 2.0 0.2
1697088890.6612165 2.0 0.2
1697088890.7122185 2.0 0.2
1697088890.7661333 2.0 0.2
1697088890.825168 2.0 0.2
1697088890.8735142 2.0 0.2
1697088890.9213364 2.0 0.2
1697088890.9754753 2.0 0.2
1697088891.0228608 2.0 0.2
1697088891.0741112 2.0 0.2
1697088891.1238487 2.0 0.2
1697088891.1736715 2.0 0.2
1697088891.2244852 2.0 0.2
1697088891.2743733 2.0 0.2
1697088891.3266468 2.0 0.2
1697088891.376363 2.0 0.2
1697088891.4318938 2.0 0.2
1697088891.480396 2.0 0.2
1697088891.5290267 2.0 0.2
1697088891.5787878 2.0 0.2
1697088891.6278899 2.0 0.2
1697088891.6781068 2.0 0.2
1697088891.7286396 2.0 0.2
1697088891.7797136 2.0 0.2
1697088891.8289044 2.0 0.2
1697088891.8788652 2.0 0.2
1697088891.930406 2.0 0.2
1697088891.979581 2.0 0.2
1697088892.030158 2.0 0.2
1697088892.0803423 2.0 0.2
1697088892.1348975 2.0 0.2
1697088892.1871395 2.0 0.2
1697088892.2365 2.0 0.2
1697088892.2870665 2.0 0.2
1697088892.3364534 2.0 0.2
1697088892.3860235 2.0 0.2
1697088892.436028 2.0 0.2
1697088892.4863877 2.0 0.2
1697088892.536615 2.0 0.2
1697088892.5865042 2.0 0.2
1697088892.6377792 2.0 0.2
1697088892.689465 2.0 0.2
1697088892.7385314 2.0 0.2
1697088892.7881749 2.0 0.2
1697088892.8385057 2.0 0.2
1697088892.8905864 2.0 0.2
1697088892.9398403 2.0 0.2
1697088892.9897869 2.0 0.2
1697088893.0410404 2.0 0.2
1697088893.0930722 2.0 0.2
1697088893.141611 2.0 0.2
1697088893.1916363 2.0 0.2
1697088893.2411222 2.0 0.2
1697088893.2909627 2.0 0.2
1697088893.3408465 2.0 0.2
1697088893.3913221 2.0 0.2
1697088893.4479988 2.0 0.2
1697088893.4921827 2.0 0.2
1697088893.5429518 2.0 0.2
1697088893.5932097 2.0 0.2
1697088893.6427813 2.0 0.2
1697088893.6927752 2.0 0.2
1697088893.7446914 2.0 0.2
1697088893.7977087 2.0 0.2
1697088893.8463585 2.0 0.2
1697088893.9014537 2.0 0.2
1697088893.9519398 2.0 0.2
1697088894.0011582 2.0 0.2
1697088894.0512598 2.0 0.2
1697088894.10186 2.0 0.2
1697088894.1521184 2.0 0.2
1697088894.2032182 2.0 0.2
1697088894.253029 2.0 0.2
1697088894.3030252 2.0 0.2
1697088894.3529725 2.0 0.2
1697088894.4031441 2.0 0.2
1697088894.4546916 2.0 0.2
1697088894.5048633 2.0 0.2
1697088894.555088 2.0 0.2
1697088894.606717 2.0 0.2
1697088894.655751 2.0 0.2
1697088894.7055485 2.0 0.2
1697088894.7559252 2.0 0.2
1697088894.8059282 2.0 0.2
1697088894.8559651 2.0 0.2
1697088894.906349 2.0 0.2
1697088894.9567614 2.0 0.2
1697088895.0079277 2.0 0.2
1697088895.0589929 2.0 0.2
1697088895.1093106 2.0 0.2
1697088895.1600046 2.0 0.2
1697088895.2097485 2.0 0.2
1697088895.2599087 2.0 0.2
1697088895.3124368 2.0 0.2
1697088895.3637795 2.0 0.2
1697088895.414587 2.0 0.2
1697088895.4653628 2.0 0.2
1697088895.514877 2.0 0.2
1697088895.5665026 2.0 0.2
1697088895.616373 2.0 0.2
1697088895.6665196 2.0 0.2
1697088895.7168424 2.0 0.2
1697088895.7673247 2.0 0.2
1697088895.8170617 2.0 0.2
1697088895.8676674 2.0 0.2
1697088895.9175003 2.0 0.2
1697088895.9679363 2.0 0.2
1697088896.018452 2.0 0.2
1697088896.0709383 2.0 0.2
1697088896.1198502 2.0 0.2
1697088896.1714952 2.0 0.2
1697088896.222626 2.0 0.2
1697088896.2749715 2.0 0.2
1697088896.3234844 2.0 0.2
1697088896.3730235 2.0 0.2
1697088896.4250965 2.0 0.2
1697088896.475744 2.0 0.2
1697088896.5268936 2.0 0.2
1697088896.5785854 2.0 0.2
1697088896.6285484 2.0 0.2
1697088896.6791704 2.0 0.2
1697088896.7292783 2.0 0.2
1697088896.779305 2.0 0.2
1697088896.829684 2.0 0.2
1697088896.8804958 2.0 0.2
1697088896.9334753 2.0 0.2
1697088896.9838586 2.0 0.2
1697088897.0340898 2.0 0.2
1697088897.084027 2.0 0.2
1697088897.134586 2.0 0.2
1697088897.1842976 2.0 0.2
1697088897.2349818 2.0 0.2
1697088897.2845693 2.0 0.2
1697088897.33503 2.0 0.2
1697088897.3849695 2.0 0.2
1697088897.4353054 2.0 0.2
1697088897.4855137 2.0 0.2
1697088897.535694 2.0 0.2
1697088897.5862746 2.0 0.2
1697088897.6361897 2.0 0.2
1697088897.6862404 2.0 0.2
1697088897.7362797 2.0 0.2
1697088897.7863524 2.0 0.2
1697088897.8364203 2.0 0.2
1697088897.8865583 2.0 0.2
1697088897.9368718 2.0 0.2
1697088897.9872613 2.0 0.2
1697088898.037507 2.0 0.2
1697088898.0889738 2.0 0.2
1697088898.142357 2.0 0.2
1697088898.191607 2.0 0.2
1697088898.2405372 2.0 0.2
1697088898.290097 2.0 0.2
1697088898.339944 2.0 0.2
1697088898.3898263 2.0 0.2
1697088898.4399424 2.0 0.2
1697088898.4901762 2.0 0.2
1697088898.5400596 2.0 0.2
1697088898.5902426 2.0 0.2
1697088898.6416 2.0 0.2
1697088898.6931894 2.0 0.2
1697088898.7430956 2.0 0.2
1697088898.7932785 2.0 0.2
1697088898.843046 2.0 0.2
1697088898.8930454 2.0 0.2
1697088898.9445095 2.0 0.2
1697088898.994429 2.0 0.2
1697088899.0449202 2.0 0.2
1697088899.0955355 2.0 0.2
1697088899.145772 2.0 0.2
1697088899.1957862 2.0 0.2
1697088899.2484453 2.0 0.2
1697088899.296237 2.0 0.2
1697088899.347001 2.0 0.2
1697088899.3978062 2.0 0.2
1697088899.4482963 2.0 0.2
1697088899.4984078 2.0 0.2
1697088899.5479782 2.0 0.2
1697088899.5979743 2.0 0.2
1697088899.6486619 2.0 0.2
1697088899.6992555 2.0 0.2
1697088899.7574184 2.0 0.2
1697088899.8048224 2.0 0.2
1697088899.8489838 2.0 0.2
1697088899.8991842 2.0 0.2
1697088899.9493406 2.0 0.2
1697088899.9998271 2.0 0.2
1697088900.049785 2.0 0.2
1697088900.1000974 2.0 0.2
1697088900.1527245 2.0 0.2
1697088900.201033 2.0 0.2
1697088900.250879 2.0 0.2
1697088900.3015177 2.0 0.2
1697088900.3514297 2.0 0.2
1697088900.402129 2.0 0.2
1697088900.452453 2.0 0.2
1697088900.5027635 2.0 0.2
1697088900.5530531 2.0 0.2
1697088900.604982 2.0 0.2
1697088900.662913 2.0 0.2
1697088900.7110052 2.0 0.2
1697088900.753824 2.0 0.2
1697088900.8046863 2.0 0.2
1697088900.8545735 2.0 0.2
1697088900.9124637 2.0 0.2
1697088900.9571915 2.0 0.2
1697088901.0073798 2.0 0.2
1697088901.0669217 2.0 0.2
1697088901.112352 2.0 0.2
1697088901.158533 2.0 0.2
1697088901.2088673 2.0 0.2
1697088901.259093 2.0 0.2
1697088901.3089616 2.0 0.2
1697088901.3598087 2.0 0.2
1697088901.410537 2.0 0.2
1697088901.4604075 2.0 0.2
1697088901.5104897 2.0 0.2
1697088901.5614116 2.0 0.2
1697088901.6116502 2.0 0.2
1697088901.662519 2.0 0.2
1697088901.7124188 2.0 0.2
1697088901.762267 2.0 0.2
1697088901.8162253 2.0 0.2
1697088901.8669207 2.0 0.2
1697088901.915128 2.0 0.2
1697088901.9645786 2.0 0.2
1697088902.014518 2.0 0.2
1697088902.0640025 2.0 0.2
1697088902.1150641 2.0 0.2
1697088902.166394 2.0 0.2
1697088902.2158773 2.0 0.2
1697088902.2665088 2.0 0.2
1697088902.3159835 2.0 0.2
1697088902.3663538 2.0 0.2
1697088902.4163153 2.0 0.2
1697088902.4666898 2.0 0.2
1697088902.5168421 2.0 0.2
1697088902.5683415 2.0 0.2
1697088902.6176782 2.0 0.2
1697088902.669178 2.0 0.2
1697088902.719224 2.0 0.2
1697088902.7700124 2.0 0.2
1697088902.8205783 2.0 0.2
1697088902.869794 2.0 0.2
1697088902.9198856 2.0 0.2
1697088902.9702208 2.0 0.2
1697088903.020579 2.0 0.2
1697088903.070936 2.0 0.2
1697088903.1205125 2.0 0.2
1697088903.1707773 2.0 0.2
1697088903.2210221 2.0 0.2
1697088903.2714672 2.0 0.2
1697088903.3230424 2.0 0.2
1697088903.3738296 2.0 0.2
1697088903.4240532 2.0 0.2
1697088903.4738686 2.0 0.2
1697088903.5242631 2.0 0.2
1697088903.5742834 2.0 0.2
1697088903.625086 2.0 0.2
1697088903.674933 2.0 0.2
1697088903.7250938 2.0 0.2
1697088903.775838 2.0 0.2
1697088903.8269026 2.0 0.2
1697088903.8772259 2.0 0.2
1697088903.9273536 2.0 0.2
1697088903.9773855 2.0 0.2
1697088904.027332 2.0 0.2
1697088904.0783393 2.0 0.2
1697088904.1286993 2.0 0.2
1697088904.1790373 2.0 0.2
1697088904.229769 2.0 0.2
1697088904.279208 2.0 0.2
1697088904.3464973 2.0 0.2
1697088904.382803 2.0 0.2
1697088904.43399 2.0 0.2
1697088904.4840398 2.0 0.2
1697088904.53383 2.0 0.2
1697088904.5839474 2.0 0.2
1697088904.6346903 2.0 0.2
1697088904.684372 2.0 0.2
1697088904.7345686 2.0 0.2
1697088904.7855055 2.0 0.2
1697088904.8361268 2.0 0.2
1697088904.8867366 2.0 0.2
1697088904.9388068 2.0 0.2
1697088904.9872663 2.0 0.2
1697088905.0376444 2.0 0.2
1697088905.088071 2.0 0.2
1697088905.138665 2.0 0.2
1697088905.189647 2.0 0.2
1697088905.2384205 2.0 0.2
1697088905.2883692 2.0 0.2
1697088905.3381457 2.0 0.2
1697088905.389855 2.0 0.2
1697088905.440937 2.0 0.2
1697088905.4912074 2.0 0.2
1697088905.5411904 2.0 0.2
1697088905.5922391 2.0 0.2
1697088905.6434972 2.0 0.2
1697088905.6954284 2.0 0.2
1697088905.750767 2.0 0.2
1697088905.8015966 2.0 0.2
1697088905.850858 2.0 0.2
1697088905.9036279 2.0 0.2
1697088905.9496694 2.0 0.2
1697088906.0027254 2.0 0.2
1697088906.0527632 2.0 0.2
1697088906.1018288 2.0 0.2
1697088906.1527324 2.0 0.2
1697088906.2035947 2.0 0.2
1697088906.2529774 2.0 0.2
1697088906.303088 2.0 0.2
1697088906.3528132 2.0 0.2
1697088906.404133 2.0 0.2
1697088906.454044 2.0 0.2
1697088906.504716 2.0 0.2
1697088906.5574887 2.0 0.2
1697088906.6073663 2.0 0.2
1697088906.661055 2.0 0.2
1697088906.7118082 2.0 0.2
1697088906.762462 2.0 0.2
1697088906.8128304 2.0 0.2
1697088906.8637767 2.0 0.2
1697088906.9298964 2.0 0.2
1697088906.972144 2.0 0.2
1697088907.0169344 2.0 0.2
1697088907.0689785 2.0 0.2
1697088907.120911 2.0 0.2
1697088907.1705124 2.0 0.2
1697088907.2227256 2.0 0.2
1697088907.2724037 2.0 0.2
1697088907.3234353 2.0 0.2
1697088907.373006 2.0 0.2
1697088907.4232216 2.0 0.2
1697088907.4720912 2.0 0.2
1697088907.5220108 2.0 0.2
1697088907.5720723 2.0 0.2
1697088907.6229935 2.0 0.2
1697088907.6727293 2.0 0.2
1697088907.726582 2.0 0.2
1697088907.778744 2.0 0.2
1697088907.8294406 2.0 0.2
1697088907.8794837 2.0 0.2
1697088907.9317236 2.0 0.2
1697088907.9814692 2.0 0.2
1697088908.0326993 2.0 0.2
1697088908.083017 2.0 0.2
1697088908.1355224 2.0 0.2
1697088908.186268 2.0 0.2
1697088908.236729 2.0 0.2
1697088908.2860353 2.0 0.2
1697088908.3355403 2.0 0.2
1697088908.3862784 2.0 0.2
1697088908.436886 2.0 0.2
1697088908.4873452 2.0 0.2
1697088908.5381699 2.0 0.2
1697088908.5877895 2.0 0.2
1697088908.6387415 2.0 0.2
1697088908.6890104 2.0 0.2
1697088908.7391448 2.0 0.2
1697088908.7894535 2.0 0.2
1697088908.839428 2.0 0.2
1697088908.8914816 2.0 0.2
1697088908.9411883 2.0 0.2
1697088908.991552 2.0 0.2
1697088909.0424998 2.0 0.2
1697088909.0933428 2.0 0.2
1697088909.1436927 2.0 0.2
1697088909.1958587 2.0 0.2
1697088909.2463012 2.0 0.2
1697088909.2975302 2.0 0.2
1697088909.3489377 2.0 0.2
1697088909.398795 2.0 0.2
1697088909.4489408 2.0 0.2
1697088909.4991906 2.0 0.2
1697088909.5492089 2.0 0.2
1697088909.6010034 2.0 0.2
1697088909.653625 2.0 0.2
1697088909.7065065 2.0 0.2
1697088909.7551413 2.0 0.2
1697088909.8047068 2.0 0.2
1697088909.8551264 2.0 0.2
1697088909.904106 2.0 0.2
1697088909.9539075 2.0 0.2
1697088910.003933 2.0 0.2
1697088910.0539227 2.0 0.2
1697088910.1067545 2.0 0.2
1697088910.1557162 2.0 0.2
1697088910.2073038 2.0 0.2
1697088910.257335 2.0 0.2
1697088910.312378 2.0 0.2
1697088910.3623855 2.0 0.2
1697088910.413314 2.0 0.2
1697088910.4765713 2.0 0.2
1697088910.516601 2.0 0.2
1697088910.567594 2.0 0.2
1697088910.616519 2.0 0.2
1697088910.6686583 2.0 0.2
1697088910.717052 2.0 0.2
1697088910.7689202 2.0 0.2
1697088910.8183105 2.0 0.2
1697088910.8679252 2.0 0.2
1697088910.9182363 2.0 0.2
1697088910.9684405 2.0 0.2
1697088911.0192275 2.0 0.2
1697088911.0686672 2.0 0.2
1697088911.1186004 2.0 0.2
1697088911.1684089 2.0 0.2
1697088911.218931 2.0 0.2
1697088911.2705414 2.0 0.2
1697088911.3204143 2.0 0.2
1697088911.3715749 2.0 0.2
1697088911.4209774 2.0 0.2
1697088911.4719834 2.0 0.2
1697088911.5225437 2.0 0.2
1697088911.5724773 2.0 0.2
1697088911.6231313 2.0 0.2
1697088911.673212 2.0 0.2
1697088911.7237513 2.0 0.2
1697088911.7739785 2.0 0.2
1697088911.8238928 2.0 0.2
1697088911.87418 2.0 0.2
1697088911.9239464 2.0 0.2
1697088911.973887 2.0 0.2
1697088912.0240238 2.0 0.2
1697088912.076022 2.0 0.2
1697088912.1261532 2.0 0.2
1697088912.1760244 2.0 0.2
1697088912.2266307 2.0 0.2
1697088912.3104339 2.0 0.2
1697088912.3544438 2.0 0.2
1697088912.3900547 2.0 0.2
1697088912.432368 2.0 0.2
1697088912.4813182 2.0 0.2
1697088912.5314233 2.0 0.2
1697088912.582697 2.0 0.2
1697088912.6323862 2.0 0.2
1697088912.6835012 2.0 0.2
1697088912.7346663 2.0 0.2
1697088912.7841685 2.0 0.2
1697088912.8346686 2.0 0.2
1697088912.884051 2.0 0.2
1697088912.9439924 2.0 0.2
1697088912.988508 2.0 0.2
1697088913.0381002 2.0 0.2
1697088913.0888038 2.0 0.2
1697088913.1405582 2.0 0.2
1697088913.1900284 2.0 0.2
1697088913.2412112 2.0 0.2
1697088913.293464 2.0 0.2
1697088913.343727 2.0 0.2
1697088913.4012275 2.0 0.2
1697088913.4495375 2.0 0.2
1697088913.5002341 2.0 0.2
1697088913.5506048 2.0 0.2
1697088913.6018696 2.0 0.2
1697088913.6524882 2.0 0.2
1697088913.7032263 2.0 0.2
1697088913.7562625 2.0 0.2
1697088913.807853 2.0 0.2
1697088913.8566494 2.0 0.2
1697088913.9075708 2.0 0.2
1697088913.9574013 2.0 0.2
1697088914.0072875 2.0 0.2
1697088914.056726 2.0 0.2
1697088914.1082218 2.0 0.2
1697088914.158679 2.0 0.2
1697088914.209133 2.0 0.2
1697088914.2614202 2.0 0.2
1697088914.3111427 2.0 0.2
1697088914.3605673 2.0 0.2
1697088914.4102316 2.0 0.2
1697088914.460141 2.0 0.2
1697088914.51129 2.0 0.2
1697088914.5622234 2.0 0.2
1697088914.6122286 2.0 0.2
1697088914.6623902 2.0 0.2
1697088914.712907 2.0 0.2
1697088914.7679086 2.0 0.2
1697088914.8184721 2.0 0.2
1697088914.9342167 2.0 0.2
1697088914.9756563 2.0 0.2
1697088915.0148585 2.0 0.2
1697088915.072431 2.0 0.2
1697088915.1178572 2.0 0.2
1697088915.1488552 2.0 0.2
1697088915.187773 2.0 0.2
1697088915.2356088 2.0 0.2
1697088915.2805042 2.0 0.2
1697088915.328892 2.0 0.2
1697088915.379925 2.0 0.2
1697088915.4298263 2.0 0.2
1697088915.47901 2.0 0.2
1697088915.5305989 2.0 0.2
1697088915.5805194 2.0 0.2
1697088915.632093 2.0 0.2
1697088915.6818907 2.0 0.2
1697088915.7318938 2.0 0.2
1697088915.7816994 2.0 0.2
1697088915.8329313 2.0 0.2
1697088915.8830469 2.0 0.2
1697088915.935619 2.0 0.2
1697088915.9853575 2.0 0.2
1697088916.0363944 2.0 0.2
1697088916.0862489 2.0 0.2
1697088916.136735 2.0 0.2
1697088916.1875513 2.0 0.2
1697088916.2385821 2.0 0.2
1697088916.2881992 2.0 0.2
1697088916.3376083 2.0 0.2
1697088916.3882375 2.0 0.2
1697088916.4390805 2.0 0.2
1697088916.489491 2.0 0.2
1697088916.539927 2.0 0.2
1697088916.589949 2.0 0.2
1697088916.6410544 2.0 0.2
1697088916.690799 2.0 0.2
1697088916.74253 2.0 0.2
1697088916.7925887 2.0 0.2
1697088916.8448656 2.0 0.2
1697088916.8963223 2.0 0.2
1697088916.9467256 2.0 0.2
1697088916.9999413 2.0 0.2
1697088917.054459 2.0 0.2
1697088917.118863 2.0 0.2
1697088917.1595056 2.0 0.2
1697088917.1992233 2.0 0.2
1697088917.2501845 2.0 0.2
1697088917.3010259 2.0 0.2
1697088917.3510077 2.0 0.2
1697088917.402462 2.0 0.2
1697088917.4533985 2.0 0.2
1697088917.5023773 2.0 0.2
1697088917.552545 2.0 0.2
1697088917.602792 2.0 0.2
1697088917.6556306 2.0 0.2
1697088917.7075603 2.0 0.2
1697088917.75789 2.0 0.2
1697088917.8069117 2.0 0.2
1697088917.8596017 2.0 0.2
1697088917.910789 2.0 0.2
1697088917.9596221 2.0 0.2
1697088918.0086296 2.0 0.2
1697088918.0589354 2.0 0.2
1697088918.1091423 2.0 0.2
1697088918.1595957 2.0 0.2
1697088918.2128885 2.0 0.2
1697088918.2619305 2.0 0.2
1697088918.3119688 2.0 0.2
1697088918.3619053 2.0 0.2
1697088918.413651 2.0 0.2
1697088918.4651911 2.0 0.2
1697088918.519015 2.0 0.2
1697088918.5680234 2.0 0.2
1697088918.6183562 2.0 0.2
1697088918.6673458 2.0 0.2
1697088918.7186139 2.0 0.2
1697088918.768563 2.0 0.2
1697088918.8188477 2.0 0.2
1697088918.87112 2.0 0.2
1697088918.9211578 2.0 0.2
1697088918.972669 2.0 0.2
1697088919.0235734 2.0 0.2
1697088919.0735614 2.0 0.2
1697088919.1228151 2.0 0.2
1697088919.172474 2.0 0.2
1697088919.2251804 2.0 0.2
1697088919.2787187 2.0 0.2
1697088919.3262126 2.0 0.2
1697088919.3767195 2.0 0.2
1697088919.4265108 2.0 0.2
1697088919.4758377 2.0 0.2
1697088919.5262077 2.0 0.2
1697088919.5758257 2.0 0.2
1697088919.6272218 2.0 0.2
1697088919.6783497 2.0 0.2
1697088919.7277164 2.0 0.2
1697088919.7787373 2.0 0.2
1697088919.8288517 2.0 0.2
1697088919.8800855 2.0 0.2
1697088919.9300258 2.0 0.2
1697088919.980442 2.0 0.2
1697088920.0324016 2.0 0.2
1697088920.0845268 2.0 0.2
1697088920.134778 2.0 0.2
1697088920.185445 2.0 0.2
1697088920.2360861 2.0 0.2
1697088920.2863512 2.0 0.2
1697088920.3370106 2.0 0.2
1697088920.387086 2.0 0.2
1697088920.4373827 2.0 0.2
1697088920.4899454 2.0 0.2
1697088920.541262 2.0 0.2
1697088920.590829 2.0 0.2
1697088920.6402085 2.0 0.2
1697088920.6900334 2.0 0.2
1697088920.740607 2.0 0.2
1697088920.7902455 2.0 0.2
1697088920.841666 2.0 0.2
1697088920.8917468 2.0 0.2
1697088920.9428656 2.0 0.2
1697088920.9949834 2.0 0.2
1697088921.0434272 2.0 0.2
1697088921.092678 2.0 0.2
1697088921.1427755 2.0 0.2
1697088921.1924186 2.0 0.2
1697088921.2431095 2.0 0.2
1697088921.293175 2.0 0.2
1697088921.3438542 2.0 0.2
1697088921.3939586 2.0 0.2
1697088921.446542 2.0 0.2
1697088921.4953208 2.0 0.2
1697088921.546395 2.0 0.2
1697088921.5960972 2.0 0.2
1697088921.645889 2.0 0.2
1697088921.69829 2.0 0.2
1697088921.7473638 2.0 0.2
1697088921.796792 2.0 0.2
1697088921.8465934 2.0 0.2
1697088921.8970494 2.0 0.2
1697088921.9483476 2.0 0.2
1697088921.9979706 2.0 0.2
1697088922.0494978 2.0 0.2
1697088922.0995378 2.0 0.2
1697088922.1506233 2.0 0.2
1697088922.2032592 2.0 0.2
1697088922.2538943 2.0 0.2
1697088922.3048356 2.0 0.2
1697088922.354523 2.0 0.2
1697088922.4055393 2.0 0.2
1697088922.4553068 2.0 0.2
1697088922.506458 2.0 0.2
1697088922.556372 2.0 0.2
1697088922.6066003 2.0 0.2
1697088922.6566985 2.0 0.2
1697088922.7067926 2.0 0.2
1697088922.7569044 2.0 0.2
1697088922.8070858 2.0 0.2
1697088922.857228 2.0 0.2
1697088922.9078631 2.0 0.2
1697088922.9580898 2.0 0.2
1697088923.0088725 2.0 0.2
1697088923.058194 2.0 0.2
1697088923.1081452 2.0 0.2
1697088923.158349 2.0 0.2
1697088923.2085218 2.0 0.2
1697088923.263012 2.0 0.2
1697088923.31342 2.0 0.2
1697088923.3628514 2.0 0.2
1697088923.4133093 2.0 0.2
1697088923.463686 2.0 0.2
1697088923.517021 2.0 0.2
1697088923.5647545 2.0 0.2
1697088923.615276 2.0 0.2
1697088923.6669993 2.0 0.2
1697088923.722146 2.0 0.2
1697088923.7713342 2.0 0.2
1697088923.820556 2.0 0.2
1697088923.8706331 2.0 0.2
1697088923.9204047 2.0 0.2
1697088923.9705229 2.0 0.2
1697088924.0204782 2.0 0.2
1697088924.070974 2.0 0.2
1697088924.1218164 2.0 0.2
1697088924.1745572 2.0 0.2
1697088924.2247572 2.0 0.2
1697088924.2748454 2.0 0.2
1697088924.3250704 2.0 0.2
1697088924.3754003 2.0 0.2
1697088924.426538 2.0 0.2
1697088924.478213 2.0 0.2
1697088924.5281518 2.0 0.2
1697088924.5778089 2.0 0.2
1697088924.6289032 2.0 0.2
1697088924.6784222 2.0 0.2
1697088924.7286487 2.0 0.2
1697088924.7793078 2.0 0.2
1697088924.8323202 2.0 0.2
1697088924.8819964 2.0 0.2
1697088924.9316046 2.0 0.2
1697088924.982976 2.0 0.2
1697088925.032377 2.0 0.2
1697088925.0822725 2.0 0.2
1697088925.146997 2.0 0.2
1697088925.1848712 2.0 0.2
1697088925.2343593 2.0 0.2
1697088925.2834928 2.0 0.2
1697088925.3353362 2.0 0.2
1697088925.384332 2.0 0.2
1697088925.434852 2.0 0.2
1697088925.484416 2.0 0.2
1697088925.5351682 2.0 0.2
1697088925.5853703 2.0 0.2
1697088925.635579 2.0 0.2
1697088925.6858819 2.0 0.2
1697088925.7363925 2.0 0.2
1697088925.7862597 2.0 0.2
1697088925.8371563 2.0 0.2
1697088925.888591 2.0 0.2
1697088925.939819 2.0 0.2
1697088925.9888887 2.0 0.2
1697088926.03903 2.0 0.2
1697088926.0896213 2.0 0.2
1697088926.1396823 2.0 0.2
1697088926.1897945 2.0 0.2
1697088926.239513 2.0 0.2
1697088926.2896843 2.0 0.2
1697088926.3397388 2.0 0.2
1697088926.3899267 2.0 0.2
1697088926.44335 2.0 0.2
1697088926.4952831 2.0 0.2
1697088926.5466778 2.0 0.2
1697088926.5962102 2.0 0.2
1697088926.649731 2.0 0.2
1697088926.7016377 2.0 0.2
1697088926.7657664 2.0 0.2
1697088926.8156414 2.0 0.2
1697088926.8617 2.0 0.2
1697088926.9038725 2.0 0.2
1697088926.9593701 2.0 0.2
1697088927.0093024 2.0 0.2
1697088927.0597205 2.0 0.2
1697088927.1099098 2.0 0.2
1697088927.159799 2.0 0.2
1697088927.2108972 2.0 0.2
1697088927.264075 2.0 0.2
1697088927.3155596 2.0 0.2
1697088927.3686872 2.0 0.2
1697088927.4180388 2.0 0.2
1697088927.4676678 2.0 0.2
1697088927.516517 2.0 0.2
1697088927.5667825 2.0 0.2
1697088927.6163244 2.0 0.2
1697088927.6669478 2.0 0.2
1697088927.717228 2.0 0.2
1697088927.7663984 2.0 0.2
1697088927.8163497 2.0 0.2
1697088927.8678913 2.0 0.2
1697088927.919352 2.0 0.2
1697088927.9703112 2.0 0.2
1697088928.0222461 2.0 0.2
1697088928.071889 2.0 0.2
1697088928.1224332 2.0 0.2
1697088928.1724951 2.0 0.2
1697088928.223529 2.0 0.2
1697088928.274035 2.0 0.2
1697088928.3238082 2.0 0.2
1697088928.3734674 2.0 0.2
1697088928.4240987 2.0 0.2
1697088928.474972 2.0 0.2
1697088928.5266216 2.0 0.2
1697088928.5764363 2.0 0.2
1697088928.626336 2.0 0.2
1697088928.6763115 2.0 0.2
1697088928.726382 2.0 0.2
1697088928.7900085 2.0 0.2
1697088928.8536904 2.0 0.2
1697088928.900644 2.0 0.2
1697088928.9508204 2.0 0.2
1697088928.987164 2.0 0.2
1697088929.0290442 2.0 0.2
1697088929.0810235 2.0 0.2
1697088929.1298916 2.0 0.2
1697088929.179084 2.0 0.2
1697088929.2294185 2.0 0.2
1697088929.2797568 2.0 0.2
1697088929.3305829 2.0 0.2
1697088929.3811705 2.0 0.2
1697088929.4308019 2.0 0.2
1697088929.4813635 2.0 0.2
1697088929.5313993 2.0 0.2
1697088929.5819106 2.0 0.2
1697088929.6352608 2.0 0.2
1697088929.6821344 2.0 0.2
1697088929.7323928 2.0 0.2
1697088929.782033 2.0 0.2
1697088929.8328066 2.0 0.2
1697088929.8830175 2.0 0.2
1697088929.9335241 2.0 0.2
1697088929.9837952 2.0 0.2
1697088930.0341904 2.0 0.2
1697088930.0839405 2.0 0.2
1697088930.1350758 2.0 0.2
1697088930.1862574 2.0 0.2
1697088930.236011 2.0 0.2
1697088930.285926 2.0 0.2
1697088930.3358479 2.0 0.2
1697088930.3952954 2.0 0.2
1697088930.4370003 2.0 0.2
1697088930.4873142 2.0 0.2
1697088930.537977 2.0 0.2
1697088930.5894558 2.0 0.2
1697088930.6404746 2.0 0.2
1697088930.6906874 2.0 0.2
1697088930.7411754 2.0 0.2
1697088930.7934186 2.0 0.2
1697088930.8439558 2.0 0.2
1697088930.899262 2.0 0.2
1697088930.947548 2.0 0.2
1697088930.997622 2.0 0.2
1697088931.047724 2.0 0.2
1697088931.0978572 2.0 0.2
1697088931.1476438 2.0 0.2
1697088931.1990118 2.0 0.2
1697088931.2485924 2.0 0.2
1697088931.2988453 2.0 0.2
1697088931.3488085 2.0 0.2
1697088931.399252 2.0 0.2
1697088931.4621296 2.0 0.2
1697088931.5100353 2.0 0.2
1697088931.5527759 2.0 0.2
1697088931.6027067 2.0 0.2
1697088931.6532986 2.0 0.2
1697088931.7030346 2.0 0.2
1697088931.7538042 2.0 0.2
1697088931.811954 2.0 0.2
1697088931.8544772 2.0 0.2
1697088931.9038894 2.0 0.2
1697088931.9539897 2.0 0.2
1697088932.0039287 2.0 0.2
1697088932.0541058 2.0 0.2
1697088932.103997 2.0 0.2
1697088932.154131 2.0 0.2
1697088932.2044413 2.0 0.2
1697088932.2547994 2.0 0.2
1697088932.305911 2.0 0.2
1697088932.354989 2.0 0.2
1699339552.731418 1.5 0.1
1699339553.0180771 1.5114618682861327 0.1
1699339553.1375124 1.516241750717163 0.1
1699339553.2631218 1.5212645816802979 0.1
1699339553.3852942 1.526152572631836 0.1
1699339553.5034077 1.5308769607543944 0.1
1699339553.6191394 1.5355069065093994 0.1
1699339553.7365494 1.5402014350891113 0.1
1699339553.8555334 1.544961748123169 0.1
1699339553.9716537 1.5496074104309083 0.1
1699339554.0865338 1.554201192855835 0.1
1699339554.207004 1.559017448425293 0.1
1699339554.3252268 1.5637499618530273 0.1
1699339554.4393363 1.5683129024505615 0.1
1699339554.5623949 1.5732370948791503 0.1
1699339554.6765027 1.5778003120422361 0.1
1699339554.7878947 1.5822563552856443 0.1
1699339554.9007087 1.58676962852478 0.1
1699339555.0249612 1.5917397022247313 0.1
1699339555.1417105 1.5964082241058348 0.1
1699339555.2705202 1.6015606784820555 0.1
1699339555.3921301 1.6064262962341307 0.1
1699339555.5048392 1.6109343338012694 0.1
1699339555.6193604 1.615515213012695 0.1
1699339555.7375789 1.6202431869506833 0.1
1699339555.857125 1.6250258445739743 0.1
1699339555.9764094 1.6297930717468259 0.1
1699339556.092657 1.6344465923309324 0.1
1699339556.2090538 1.639103269577026 0.1
1699339556.3244927 1.643720846176147 0.1
1699339556.4424562 1.6484389686584469 0.1
1699339556.5542386 1.652910060882568 0.1
1699339556.6746135 1.6577259826660153 0.1
1699339556.7905102 1.6623615646362302 0.1
1699339556.9070647 1.667021780014038 0.1
1699339557.0298996 1.6719368934631347 0.1
1699339557.1546597 1.6769244289398193 0.1
1699339557.2779343 1.6818578052520752 0.1
1699339557.3900194 1.6863404369354247 0.1
1699339557.5092125 1.6911094093322752 0.1
1699339557.6312442 1.695987386703491 0.1
1699339557.747923 1.7006580734252927 0.1
1699339557.872699 1.7056488704681394 0.1
1699339557.9866638 1.7102075004577635 0.1
1699339558.1056936 1.7149682807922362 0.1
1699339558.2304697 1.7199598598480224 0.1
1699339558.3556304 1.724966049194336 0.1
1699339558.4827733 1.7300513458251954 0.1
1699339558.662981 1.7372601509094239 0.1
1699339558.777807 1.7418503379821777 0.1
1699339558.8990235 1.746701145172119 0.1
1699339559.011905 1.7512167358398436 0.1
1699339559.125386 1.7557566928863524 0.1
1699339559.2519357 1.7608183002471922 0.1
1699339559.3688836 1.7654915714263915 0.1
1699339559.4855933 1.7701627349853515 0.1
1699339559.6025603 1.7748435115814207 0.1
1699339559.7162676 1.7793920707702635 0.1
1699339559.8272095 1.7838292217254637 0.1
1699339559.9510221 1.7887806224822995 0.1
1699339560.074927 1.793736934661865 0.1
1699339560.1929271 1.7984570121765135 0.1
1699339560.3137956 1.8032926559448241 0.1
1699339560.4327433 1.8080505180358886 0.1
1699339560.547355 1.8126335239410398 0.1
1699339560.6713023 1.8175880718231199 0.1
1699339560.7858217 1.822174263000488 0.1
1699339560.9026544 1.8268464374542233 0.1
1699339561.0236573 1.8316873931884763 0.1
1699339561.1421463 1.836426029205322 0.1
1699339561.270859 1.8415746498107908 0.1
1699339561.384591 1.846123466491699 0.1
1699339561.5077255 1.8510503864288328 0.1
1699339561.618746 1.855490856170654 0.1
1699339561.7401602 1.860345764160156 0.1
1699339561.8575165 1.8650417137145994 0.1
1699339561.9736123 1.8696856594085691 0.1
1699339562.10514 1.8749449729919432 0.1
1699339562.2265327 1.8798025131225584 0.1
1699339562.350951 1.8847786331176757 0.1
1699339562.4740112 1.8896971893310546 0.1
1699339562.5888312 1.8942937278747558 0.1
1699339562.7063704 1.898996057510376 0.1
1699339562.8289452 1.903897476196289 0.1
1699339562.9431453 1.9084651374816894 0.1
1699339563.0630727 1.9132594394683837 0.1
1699339563.1863582 1.9181958198547362 0.1
1699339563.3049736 1.9229393672943114 0.1
1699339563.4286973 1.9278890514373779 0.1
1699339563.5467403 1.932610788345337 0.1
1699339563.6711845 1.9375886344909667 0.1
1699339563.7928548 1.942455415725708 0.1
1699339563.9103127 1.947152976989746 0.1
1699339564.0332007 1.952068920135498 0.1
1699339564.1533186 1.9568728065490721 0.1
1699339564.2713366 1.9615923404693603 0.1
1699339564.3931227 1.966465425491333 0.1
1699339564.5055523 1.9709625339508057 0.1
1699339564.6333098 1.9760708332061767 0.1
1699339564.7500448 1.9807415199279785 0.1
1699339564.8650591 1.9853436756134033 0.1
1699339564.9818485 1.9900143432617188 0.1
1699339565.106123 1.994985876083374 0.1
1699339565.2217731 1.9996115589141845 0.1
1699339565.3457358 2.004570789337158 0.1
1699339565.4652915 2.0093499946594235 0.1
1699339565.585103 2.0141452121734615 0.1
1699339565.705578 2.0189625740051267 0.1
1699339565.8226135 2.0236449623107906 0.1
1699339565.937406 2.0282343387603756 0.1
1699339566.0585942 2.0330834960937496 0.1
1699339566.169305 2.037511415481567 0.1
1699339566.303465 2.0428770542144767 0.1
1699339566.4232395 2.0476706790924064 0.1
1699339566.5437424 2.05248960494995 0.1
1699339566.6624274 2.0572378158569324 0.1
1699339566.786216 2.0621896934509265 0.1
1699339566.9010613 2.0667824840545643 0.1
1699339567.0241218 2.0717057991027823 0.1
1699339567.1527529 2.0768488407135 0.1
1699339567.2635174 2.0812808895111075 0.1
1699339567.37838 2.0858760738372792 0.1
1699339567.4980268 2.09065912246704 0.1
1699339567.6209297 2.095578432083129 0.1
1699339567.7417448 2.10040991783142 0.1
1699339567.8599923 2.105140829086303 0.1
1699339567.9826956 2.110047636032104 0.1
1699339568.1020908 2.114824991226196 0.1
1699339568.221031 2.1195803165435785 0.1
1699339568.3400044 2.124341163635253 0.1
1699339568.4574838 2.1290396690368647 0.1
1699339568.575539 2.1337583065032955 0.1
1699339568.7060173 2.1389814853668208 0.1
1699339568.832347 2.1440343761444085 0.1
1699339568.9524486 2.1488322448730464 0.1
1699339569.0712934 2.1535912990570063 0.1
1699339569.1905184 2.1583605766296383 0.1
1699339569.3110662 2.163182792663574 0.1
1699339569.4267375 2.167810621261596 0.1
1699339569.5571928 2.173028497695922 0.1
1699339569.6811612 2.177987804412841 0.1
1699339569.7986813 2.1826879787445064 0.1
1699339569.9190662 2.1875022602081295 0.1
1699339570.037154 2.1922274971008298 0.1
1699339570.1514692 2.1967990112304685 0.1
1699339570.2746885 2.201728649139404 0.1
1699339570.3908994 2.206377067565918 0.1
1699339570.513952 2.2112990951538087 0.1
1699339570.6554484 2.216957416534424 0.1
1699339570.772538 2.2216421127319337 0.1
1699339570.8965068 2.2266003608703615 0.1
1699339571.0203316 2.2315528106689455 0.1
1699339571.1398573 2.236334915161133 0.1
1699339571.2683942 2.24147686958313 0.1
1699339571.386173 2.246186628341675 0.1
1699339571.512558 2.251240863800049 0.1
1699339571.6354282 2.2561394214630126 0.1
1699339571.7609792 2.261180305480957 0.1
1699339571.8749604 2.265739583969116 0.1
1699339572.0022855 2.270832176208496 0.1
1699339572.127789 2.275852336883545 0.1
1699339572.2448938 2.280537042617798 0.1
1699339572.3602095 2.285143985748291 0.1
1699339572.480672 2.2899677085876466 0.1
1699339572.5928564 2.2944545841217043 0.1
1699339572.7149642 2.2993395423889162 0.1
1699339572.8376856 2.3042485427856447 0.1
1699339572.9547625 2.308931188583374 0.1
1699339573.074686 2.3137285137176513 0.1
1699339573.1984203 2.318676652908325 0.1
1699339573.317259 2.3234284210205076 0.1
1699339573.4340813 2.3281031227111812 0.1
1699339573.5579362 2.3330583381652827 0.1
1699339573.6755517 2.337756147384643 0.1
1699339573.7938762 2.3424955844879145 0.1
1699339573.9147346 2.3473302745819087 0.1
1699339574.0370545 2.352223091125488 0.1
1699339574.1578221 2.357049865722656 0.1
1699339574.279136 2.361904706954956 0.1
1699339574.4059727 2.36698016166687 0.1
1699339574.5217803 2.371610774993896 0.1
1699339574.6383886 2.376275949478149 0.1
1699339574.7577817 2.3810522842407225 0.1
1699339574.873998 2.3857009601593018 0.1
1699339575.0134513 2.391279392242432 0.1
1699339575.1364775 2.396198148727417 0.1
1699339575.2569087 2.4010130977630615 0.1
1699339575.3781302 2.40586576461792 0.1
1699339575.4971926 2.4106270408630373 0.1
1699339575.6188123 2.4154921340942384 0.1
1699339575.7429953 2.420460786819458 0.1
1699339575.86047 2.4251595973968505 0.1
1699339575.984878 2.43013463973999 0.1
1699339576.1024194 2.434837131500244 0.1
1699339576.2277036 2.439848957061767 0.1
1699339576.3454144 2.4445555305480955 0.1
1699339576.467095 2.4494244003295895 0.1
1699339576.592465 2.454439420700073 0.1
1699339576.7073824 2.4590359973907465 0.1
1699339576.8212688 2.46359146118164 0.1
1699339576.9309988 2.4679807949066155 0.1
1699339577.046634 2.472605600357055 0.1
1699339577.1691804 2.4775082111358633 0.1
1699339577.2921643 2.482424478530883 0.1
1699339577.409041 2.4871026611328118 0.1
1699339577.5266345 2.4918052482604973 0.1
1699339577.650974 2.4967790412902824 0.1
1699339577.76853 2.50147756576538 0.1
1699339577.8899531 2.506339330673217 0.1
1699339578.008711 2.51108823776245 0.1
1699339578.1301575 2.515946969985961 0.1
1699339578.253145 2.5208665657043445 0.1
1699339578.3812017 2.52598795890808 0.1
1699339578.4979393 2.5306590270996083 0.1
1699339578.6242695 2.5357090854644766 0.1
1699339578.740399 2.540357484817504 0.1
1699339578.8580103 2.5450611114501944 0.1
1699339578.9811335 2.54998661994934 0.1
1699339579.0896928 2.554328966140746 0.1
1699339579.213289 2.5592720317840567 0.1
1699339579.3494682 2.5647197914123527 0.1
1699339579.4705362 2.569561481475829 0.1
1699339579.59063 2.5743655967712393 0.1
1699339579.7126439 2.579246931076049 0.1
1699339579.826654 2.5838072109222403 0.1
1699339579.9409356 2.5883786869049064 0.1
1699339580.0646105 2.593325242996215 0.1
1699339580.180237 2.597950868606566 0.1
1699339580.294786 2.6025320911407457 0.1
1699339580.4283657 2.6078739166259752 0.1
1699339580.5468209 2.612613315582274 0.1
1699339580.6625257 2.6172419929504382 0.1
1699339580.7859027 2.6221759700775134 0.1
1699339580.9063325 2.626991682052611 0.1
1699339581.0293906 2.631916036605834 0.1
1699339581.153965 2.636898956298827 0.1
1699339581.28209 2.6420248317718498 0.1
1699339581.4047458 2.6469300460815424 0.1
1699339581.5237987 2.6516931343078607 0.1
1699339581.6434474 2.6564765834808344 0.1
1699339581.7635818 2.6612846565246575 0.1
1699339581.8852928 2.6661518859863276 0.1
1699339582.0043478 2.6709152507781977 0.1
1699339582.1165142 2.6754011058807365 0.1
1699339582.2383862 2.6802762794494623 0.1
1699339582.3669262 2.685417404174804 0.1
1699339582.4797127 2.6899287986755365 0.1
1699339582.6004734 2.6947579002380366 0.1
1699339582.718972 2.6994997882843013 0.1
1699339582.8424535 2.704437456130981 0.1
1699339582.9623744 2.709236316680908 0.1
1699339583.0776558 2.713847370147705 0.1
1699339583.2010813 2.71878396987915 0.1
1699339583.3337114 2.7240892410278317 0.1
1699339583.4530296 2.728859930038452 0.1
1699339583.5689797 2.7335002613067627 0.1
1699339583.710395 2.739155960083008 0.1
1699339583.8259125 2.743777847290039 0.1
1699339583.940999 2.748380689620972 0.1
1699339584.0656867 2.7533678150177003 0.1
1699339584.1819391 2.758018779754639 0.1
1699339584.3082924 2.7630727577209475 0.1
1699339584.4361124 2.7681859207153323 0.1
1699339584.5520658 2.7728214740753176 0.1
1699339584.6771984 2.777829122543335 0.1
1699339584.7998073 2.782733278274536 0.1
1699339584.9139862 2.787300901412964 0.1
1699339585.0279477 2.7918586254119875 0.1
1699339585.1551082 2.796945629119873 0.1
1699339585.2698693 2.8015358924865725 0.1
1699339585.3873105 2.8062321090698243 0.1
1699339585.510937 2.8111787033081055 0.1
1699339585.6347528 2.816130771636963 0.1
1699339585.7511709 2.820785360336304 0.1
1699339585.8723505 2.8256339263916015 0.1
1699339585.9851632 2.830147876739502 0.1
1699339586.1010602 2.8347834873199464 0.1
1699339586.227322 2.8398338222503665 0.1
1699339586.3466897 2.844607381820679 0.1
1699339586.4640043 2.849300699234009 0.1
1699339586.5823734 2.854035930633545 0.1
1699339586.704341 2.858914794921875 0.1
1699339586.822528 2.863641357421875 0.1
1699339586.9447365 2.868530263900757 0.1
1699339587.0631597 2.873266162872315 0.1
1699339587.1872358 2.878229656219483 0.1
1699339587.311319 2.883193120956421 0.1
1699339587.4292836 2.887912397384644 0.1
1699339587.5511713 2.8927867126464846 0.1
1699339587.6666737 2.897408323287964 0.1
1699339587.7802033 2.901948862075806 0.1
1699339587.900664 2.9067666053771974 0.1
1699339588.0382357 2.9122695541381836 0.1
1699339588.161087 2.9171847343444823 0.1
1699339588.2769535 2.9218194580078123 0.1
1699339588.4103072 2.927152471542358 0.1
1699339588.5304828 2.9319598007202146 0.1
1699339588.649772 2.936731481552124 0.1
1699339588.770414 2.9415567970275878 0.1
1699339588.8874075 2.9462370204925534 0.1
1699339589.0082312 2.9510693073272702 0.1
1699339589.126954 2.9558151054382322 0.1
1699339589.2515664 2.960802183151245 0.1
1699339589.3703885 2.965553855895996 0.1
1699339589.4928522 2.970454635620117 0.1
1699339589.6180065 2.975461130142212 0.1
1699339589.734715 2.980126333236694 0.1
1699339589.8676531 2.9854462432861326 0.1
1699339589.9919202 2.9904135131835936 0.1
1699339590.1113005 2.9951930713653563 0.1
1699339590.2337055 3.000087156295776 0.1
1699339590.3521924 3.004828767776489 0.1
1699339590.4673147 3.009433441162109 0.1
1699339590.581782 3.0140115547180173 0.1
1699339590.7071586 3.019027643203735 0.1
1699339590.8228528 3.0236548900604245 0.1
1699339590.9466772 3.0286083698272703 0.1
1699339591.0590582 3.0331034660339355 0.1
1699339591.1763978 3.0377957344055178 0.1
1699339591.2961535 3.042587080001831 0.1
1699339591.41338 3.047275857925415 0.1
1699339591.5339367 3.052098150253296 0.1
1699339591.6503282 3.056754264831543 0.1
1699339591.7619078 3.0612172222137453 0.1
1699339591.8762178 3.0657900810241703 0.1
1699339592.004121 3.0709062194824224 0.1
1699339592.1191072 3.075503940582276 0.1
1699339592.2411022 3.080381832122803 0.1
1699339592.3871968 3.0862291240692143 0.1
1699339592.5040975 3.090904569625855 0.1
1699339592.6229734 3.0956597995758064 0.1
1699339592.8347278 3.104130353927613 0.1
1699339592.9458268 3.108574419021607 0.1
1699339593.0632007 3.113265800476075 0.1
1699339593.1832514 3.118071155548096 0.1
1699339593.2952387 3.122550306320191 0.1
1699339593.4120862 3.1272244071960453 0.1
1699339593.5348868 3.132134876251221 0.1
1699339593.6607237 3.1371694183349614 0.1
1699339593.7774422 3.1418391513824466 0.1
1699339593.8992734 3.146709671020508 0.1
1699339594.0169744 3.151420030593872 0.1
1699339594.1337042 3.156089220046997 0.1
1699339594.2731931 3.1616687870025637 0.1
1699339594.3911273 3.166380586624146 0.1
1699339594.5176818 3.171447734832764 0.1
1699339594.644425 3.1765179157257086 0.1
1699339594.7609627 3.181177377700806 0.1
1699339594.8794026 3.1859166431427006 0.1
1699339594.9947898 3.1905326175689703 0.1
1699339595.1180992 3.1954634571075444 0.1
1699339595.2345164 3.2001218891143806 0.1
1699339595.3586478 3.2050864124298104 0.1
1699339595.4807732 3.209970827102662 0.1
1699339595.6008015 3.2147728729248057 0.1
1699339595.719924 3.2195333576202403 0.1
1699339595.832029 3.2240206813812264 0.1
1699339595.9545462 3.228922882080079 0.1
1699339596.0722017 3.2336287784576427 0.1
1699339596.1976566 3.238647298812867 0.1
1699339596.321548 3.2436023807525642 0.1
1699339596.4379447 3.248259181976319 0.1
1699339596.5619395 3.253218908309937 0.1
1699339596.6947963 3.2585289478302006 0.1
1699339596.8170235 3.2634220981597903 0.1
1699339596.932824 3.2680534648895265 0.1
1699339597.0541604 3.27290717124939 0.1
1699339597.1705856 3.2775645351409914 0.1
1699339597.2850046 3.282140159606934 0.1
1699339597.4145112 3.2873213768005374 0.1
1699339597.533946 3.292097253799439 0.1
1699339597.6588793 3.2970939159393313 0.1
1699339597.7818868 3.3020167446136477 0.1
1699339597.9051094 3.306945495605469 0.1
1699339598.0219288 3.311618394851685 0.1
1699339598.1427574 3.3164499282836917 0.1
1699339598.257908 3.321057653427124 0.1
1699339598.376983 3.325818738937378 0.1
1699339598.5021513 3.330821771621704 0.1
1699339598.627105 3.3358256149291994 0.1
1699339598.7513185 3.3407874870300294 0.1
1699339598.8677492 3.345451526641846 0.1
1699339598.9853415 3.350152044296265 0.1
1699339599.1076581 3.355047836303711 0.1
1699339599.223037 3.3596615982055664 0.1
1699339599.3447876 3.364532766342163 0.1
1699339599.4595242 3.3691211318969727 0.1
1699339599.5783668 3.3738742733001708 0.1
1699339599.6977127 3.3786473274230957 0.1
1699339599.8244438 3.3837180614471434 0.1
1699339599.9498055 3.3887330055236813 0.1
1699339600.064919 3.393336095809936 0.1
1699339600.1821768 3.398027830123901 0.1
1699339600.3059506 3.4029792118072506 0.1
1699339600.4215384 3.407602376937866 0.1
1699339600.5411165 3.412384920120239 0.1
1699339600.6752775 3.4177524948120115 0.1
1699339600.7894707 3.4223181152343747 0.1
1699339600.912474 3.427239484786987 0.1
1699339601.0504687 3.4327585697174072 0.1
1699339601.171411 3.4375975799560545 0.1
1699339601.2895434 3.442322082519531 0.1
1699339601.4088802 3.4470957088470455 0.1
1699339601.523785 3.45169280052185 0.1
1699339601.6454525 3.4565564441680903 0.1
1699339601.7664456 3.4613985824584956 0.1
1699339601.8832662 3.466069173812866 0.1
1699339602.0055273 3.4709624385833737 0.1
1699339602.128091 3.475860719680786 0.1
1699339602.2475412 3.480638494491577 0.1
1699339602.3694208 3.4855176162719723 0.1
1699339602.4944835 3.490520334243774 0.1
1699339602.6106539 3.4951672744750972 0.1
1699339602.7343004 3.500112905502319 0.1
1699339602.8512018 3.504789190292358 0.1
1699339602.9653742 3.509356117248535 0.1
1699339603.0827856 3.514049139022827 0.1
1699339603.2052336 3.518950252532959 0.1
1699339603.31855 3.5234831619262694 0.1
1699339603.4427364 3.5284500885009766 0.1
1699339603.5710773 3.5335844135284424 0.1
1699339603.686928 3.5382163810729983 0.1
1699339603.808914 3.543096971511841 0.1
1699339603.9342074 3.548107433319092 0.1
1699339604.0549424 3.552934160232544 0.1
1699339604.1742013 3.5577080821990967 0.1
1699339604.2925248 3.562442102432251 0.1
1699339604.4153264 3.567354259490967 0.1
1699339604.5313497 3.5719869709014893 0.1
1699339604.6568947 3.5770148277282714 0.1
1699339604.7809064 3.5819752502441404 0.1
1699339604.8967142 3.586609535217285 0.1
1699339605.0200193 3.5915413284301754 0.1
1699339605.1404042 3.5963575363159177 0.1
1699339605.25421 3.600908784866333 0.1
1699339605.3951967 3.606549158096313 0.1
1699339605.5131803 3.611266536712646 0.1
1699339605.631019 3.6159803962707513 0.1
1699339605.7479632 3.620659446716308 0.1
1699339605.8701067 3.6255444622039787 0.1
1699339605.989193 3.6303090476989737 0.1
1699339606.1131022 3.635262632369994 0.1
1699339606.2309592 3.639974937438964 0.1
1699339606.3514588 3.6447996139526357 0.1
1699339606.462109 3.649225015640258 0.1
1699339606.5785623 3.6538810825347894 0.1
1699339606.690731 3.658370399475097 0.1
1699339606.8151095 3.6633453559875484 0.1
1699339606.9312325 3.667990798950195 0.1
1699339607.0457337 3.67256965637207 0.1
1699339607.1737566 3.677691097259521 0.1
1699339607.28567 3.6821680545806883 0.1
1699339607.408716 3.687087411880493 0.1
1699339607.5246735 3.6917277526855465 0.1
1699339607.6458213 3.696572856903076 0.1
1699339607.7658753 3.701376066207885 0.1
1699339607.8850117 3.706141309738159 0.1
1699339608.010983 3.711177358627319 0.1
1699339608.1279337 3.7158580398559566 0.1
1699339608.2446525 3.720526189804077 0.1
1699339608.369597 3.7255239582061765 0.1
1699339608.4808183 3.7299728870391844 0.1
1699339608.6117518 3.735210905075073 0.1
1699339608.7307281 3.739967241287231 0.1
1699339608.8523908 3.7448359394073485 0.1
1699339608.9765959 3.749804525375366 0.1
1699339609.0931911 3.754468717575073 0.1
1699339609.208633 3.7590853595733638 0.1
1699339609.3304327 3.7639586353301997 0.1
1699339609.449118 3.768704748153686 0.1
1699339609.570836 3.7735732746124264 0.1
1699339609.7102993 3.779150514602661 0.1
1699339609.82892 3.78389760017395 0.1
1699339609.9559662 3.7889797782897947 0.1
1699339610.0756116 3.79376124382019 0.1
1699339610.193201 3.798469438552856 0.1
1699339610.3189144 3.8034974670410153 0.1
1699339610.4429128 3.8084564399719234 0.1
1699339610.5624423 3.813238840103149 0.1
1699339610.6782575 3.8178714275360104 0.1
1699339610.8038547 3.822894525527954 0.1
1699339610.9254017 3.8277560997009275 0.1
1699339611.0542457 3.832910451889038 0.1
1699339611.1816137 3.8380055999755855 0.1
1699339611.306088 3.842983150482177 0.1
1699339611.428491 3.8478806495666498 0.1
1699339611.554007 3.852900657653808 0.1
1699339611.6704586 3.857559700012206 0.1
1699339611.7917795 3.862412395477294 0.1
1699339611.9252334 3.8677507305145253 0.1
1699339612.0473847 3.872636079788207 0.1
1699339612.1642914 3.8773125934600823 0.1
1699339612.297596 3.882644090652465 0.1
1699339612.4268718 3.8878140735626214 0.1
1699339612.5428243 3.892453308105468 0.1
1699339612.6716406 3.8976061630249017 0.1
1699339612.7874656 3.9022397041320795 0.1
1699339612.9001992 3.90674913406372 0.1
1699339613.041481 3.912398777008056 0.1
1699339613.172729 3.9176502132415765 0.1
1699339613.303144 3.922863903045654 0.1
1699339613.4412334 3.928390083312988 0.1
1699339613.5567803 3.933012599945068 0.1
1699339613.6718245 3.9376131629943845 0.1
1699339613.7953496 3.9425552558898924 0.1
1699339613.9080257 3.947061910629272 0.1
1699339614.0294895 3.9519196319580074 0.1
1699339614.1649287 3.9573380851745603 0.1
1699339614.281731 3.9620076274871825 0.1
1699339614.4002638 3.9667465114593505 0.1
1699339614.5166624 3.9714064693450926 0.1
1699339614.6299326 3.9759379291534422 0.1
1699339614.7516685 3.980806894302368 0.1
1699339614.8686855 3.9854832839965817 0.1
1699339614.9946973 3.9905293750762936 0.1
1699339615.1152525 3.995349140167236 0.1
1699339615.2382076 4.00026852607727 0.1
1699339615.361939 4.00521894454956 0.1
1699339615.4774811 4.009839897155761 0.1
1699339615.598883 4.014693670272826 0.1
1699339615.7151306 4.019346361160277 0.1
1699339615.8264604 4.023797187805175 0.1
1699339615.95262 4.028845834732055 0.1
1699339616.0668173 4.033414163589477 0.1
1699339616.1873248 4.038232278823852 0.1
1699339616.3138018 4.043290920257568 0.1
1699339616.4255717 4.047763404846191 0.1
1699339616.543767 4.052490549087524 0.1
1699339616.660492 4.057160444259643 0.1
1699339616.7868743 4.062214946746826 0.1
1699339616.9006271 4.066766271591186 0.1
1699339617.0268548 4.071815252304077 0.1
1699339617.1436765 4.076486129760742 0.1
1699339617.2639806 4.081300010681152 0.1
1699339617.3924923 4.086439819335937 0.1
1699339617.5098886 4.091136646270752 0.1
1699339617.6260543 4.095782794952393 0.1
1699339617.752774 4.10084885597229 0.1
1699339617.8699439 4.105535764694214 0.1
1699339617.987227 4.1102265262603765 0.1
1699339618.1000826 4.114740266799927 0.1
1699339618.2224631 4.11963942527771 0.1
