1698904967.8573577 -30 -30
1698904968.4637918 -30.0 -30
1698904968.8157413 -30.0 -30
1698904968.8905087 -30.0 -30
1698904969.0231614 -30.0 -30
1698904969.102192 -30.0 -30
1698904969.1856115 -30.0 -30
1698904969.271961 -30.0 -30
1698904969.3578372 -30.0 -30
1698904969.4438713 -30.0 -30
1698904969.5265882 -30.0 -30
1698904969.6038902 -30.0 -30
1698904969.6910002 -30.0 -30
1698904969.7778144 -30.0 -30
1698904969.8922765 -30.0 -30
1698904970.0539923 -30.0 -30
1698904970.17908 -30.0 -30
1698904970.3644276 -30.0 -30
1698904970.528625 -30.0 -30
1698904970.7020364 -30.0 -30
1698904970.8509917 -30.0 -30
1698904970.9497995 -30.0 -30
1698904971.041676 -30.0 -30
1698904971.1715872 -30.0 -30
1698904971.2915237 -30.0 -30
1698904971.465774 -30.0 -30
1698904971.6167974 -30.0 -30
1698904971.8016353 -30.0 -30
1698904971.9811463 -30.0 -30
1698904972.165876 -30.0 -30
1698904972.3366945 -30.0 -30
1698904972.4947743 -30.0 -30
1698904972.6265852 -30.0 -30
1698904972.7689314 -30.0 -30
1698904972.8540177 -30.0 -30
1698904972.939927 -30.0 -30
1698904973.0186596 -30.0 -30
1698904973.0997288 -30.0 -30
1698904973.1806326 -30.0 -30
1698904973.2638454 -30.0 -30
1698904973.3472922 -30.0 -30
1698904973.4278235 -30.0 -30
1698904973.5055513 -30.0 -30
1698904973.5922341 -30.0 -30
1698904973.9568655 -30.0 -30
1698904974.0594642 -30.0 -30
1698904974.1416147 -30.0 -30
1698904974.2225895 -30.0 -30
1698904974.304935 -30.0 -30
1698904974.383333 -30.0 -30
1698904974.4685931 -30.0 -30
1698904974.5517256 -30.0 -30
1698904974.6326632 -30.0 -30
1698904974.7146082 -30.0 -30
1698904974.8000848 -30.0 -30
1698904974.883086 -30.0 -30
1698904974.9717176 -30.0 -30
1698904975.0507221 -30.0 -30
1698904975.128895 -30.0 -30
1698904975.2056212 -30.0 -30
1698904975.2861688 -30.0 -30
1698904975.368367 -30.0 -30
1698904975.452372 -30.0 -30
1698904975.5372262 -30.0 -30
1698904975.6182446 -30.0 -30
1698904975.7006223 -30.0 -30
1698904975.778845 -30.0 -30
1698904975.85638 -30.0 -30
1698904975.9392524 -30.0 -30
1698904976.0213444 -30.0 -30
1698904976.105194 -30.0 -30
1698904976.1889968 -30.0 -30
1698904976.2738717 -30.0 -30
1698904976.3594544 -30.0 -30
1698904976.4391608 -30.0 -30
1698904976.5165825 -30.0 -30
1698904976.5935152 -30.0 -30
1698904976.6769917 -30.0 -30
1698904976.7644172 -30.0 -30
1698904976.8500192 -30.0 -30
1698904976.9359128 -30.0 -30
1698904977.0233836 -30.0 -30
1698904977.1049755 -30.0 -30
1698904977.1849153 -30.0 -30
1698904977.2645714 -30.0 -30
1698904977.3523095 -30.0 -30
1698904977.4364276 -30.0 -30
1698904977.5138748 -30.0 -30
1698904977.5982714 -30.0 -30
1698904977.6899545 -30.0 -30
1698904977.7727656 -30.0 -30
1698904977.8556833 -30.0 -30
1698904977.9500277 -30.0 -30
1698904978.0292103 -30.0 -30
1698904978.1157212 -30.0 -30
1698904978.1979742 -30.0 -30
1698904978.280551 -30.0 -30
1698904978.365 -30.0 -30
1698904978.4495173 -30.0 -30
1698904978.5326843 -30.0 -30
1698904978.616051 -30.0 -30
1698904978.6971192 -30.0 -30
1698904978.778953 -30.0 -30
1698904978.8658607 -30.0 -30
1698904978.9476888 -30.0 -30
1698904979.0336075 -30.0 -30
1698904979.1182995 -30.0 -30
1698904979.2030444 -30.0 -30
1698904979.2846148 -30.0 -30
1698904979.368502 -30.0 -30
1698904979.450669 -30.0 -30
1698904979.5371485 -30.0 -30
1698904979.6197608 -30.0 -30
1698904979.7789912 -30.0 -30
1698904979.9217277 -30.0 -30
1698904980.0075474 -30.0 -30
1698904980.118561 -30.0 -30
1698904980.2003639 -30.0 -30
1698904980.2835443 -30.0 -30
1698904980.3692822 -30.0 -30
1698904980.4574475 -30.0 -30
1698904980.540819 -30.0 -30
1698904980.6242907 -30.0 -30
1698904980.7059698 -30.0 -30
1698904980.7960906 -30.0 -30
1698904980.8741603 -30.0 -30
1698904980.9549892 -30.0 -30
1698904981.044291 -30.0 -30
1698904981.1242974 -30.0 -30
1698904981.2055893 -30.0 -30
1698904981.291605 -30.0 -30
1698904981.3781536 -30.0 -30
1698904981.4591916 -30.0 -30
1698904981.5485861 -30.0 -30
1698904981.6707296 -30.0 -30
1698904981.8181055 -30.0 -30
1698904981.964386 -30.0 -30
1698904982.132981 -30.0 -30
1698904982.281227 -30.0 -30
1698904982.3686018 -30.0 -30
1698904982.5351562 -30.0 -30
1698904982.6715474 -30.0 -30
1698904982.8141046 -30.0 -30
1698904982.999709 -30.0 -30
1698904983.129285 -30.0 -30
1698904983.2506495 -30.0 -30
1698904983.403245 -30.0 -30
1698904983.5451584 -30.0 -30
1698904983.7221146 -30.0 -30
1698904983.883592 -30.0 -30
1698904984.0468535 -30.0 -30
1698904984.2184267 -30.0 -30
1698904984.407306 -30.0 -30
1698904984.5573115 -30.0 -30
1698904984.6474583 -30.0 -30
1698904984.7359526 -30.0 -30
1698904984.8218162 -30.0 -30
1698904984.9156048 -30.0 -30
1698904985.0049605 -30.0 -30
1698904985.10659 -30.0 -30
1698904985.1824508 -30.0 -30
1698904985.296858 -30.0 -30
1698904985.4126692 -30.0 -30
1698904985.585162 -30.0 -30
1698904985.6994944 -30.0 -30
1698904985.7888505 -30.0 -30
1698904985.946649 -30.0 -30
1698904986.039436 -30.0 -30
1698904986.1906898 -30.0 -30
1698904986.363412 -30.0 -30
1698904986.5331821 -30.0 -30
1698904986.714004 -30.0 -30
1698904986.8796136 -30.0 -30
1698904987.0215955 -30.0 -30
1698904987.110206 -30.0 -30
1698904987.1957777 -30.0 -30
1698904987.2841074 -30.0 -30
1698904987.370852 -30.0 -30
1698904987.4531024 -30.0 -30
1698904987.532895 -30.0 -30
1698904987.6211505 -30.0 -30
1698904987.7056363 -30.0 -30
1698904987.789719 -30.0 -30
1698904987.8692029 -30.0 -30
1698904987.957111 -30.0 -30
1698904988.0436757 -30.0 -30
1698904988.1271803 -30.0 -30
1698904988.2125802 -30.0 -30
1698904988.2942774 -30.0 -30
1698904988.3842764 -30.0 -30
1698904988.4680777 -30.0 -30
1698904988.5530527 -30.0 -30
1698904988.6393452 -30.0 -30
1698904988.7259445 -30.0 -30
1698904988.8066921 -30.0 -30
1698904988.8873744 -30.0 -30
1698904988.9616952 -30.0 -30
1698904989.0647078 -30.0 -30
1698904989.1471057 -30.0 -30
1698904989.231399 -30.0 -30
1698904989.3173957 -30.0 -30
1698904989.4067335 -30.0 -30
1698904989.48488 -30.0 -30
1698904989.5756207 -30.0 -30
1698904989.6596856 -30.0 -30
1698904989.7821012 -30.0 -30
1698904989.9114957 -30.0 -30
1698904990.0693884 -30.0 -30
1698904990.2185137 -30.0 -30
1698904990.3756924 -30.0 -30
1698904990.5717154 -30.0 -30
1698904990.7376409 -30.0 -30
1698904990.9274383 -30.0 -30
1698904991.059417 -30.0 -30
1698904991.2304394 -30.0 -30
1698904991.392238 -30.0 -30
1698904991.5393298 -30.0 -30
1698904991.6358294 -30.0 -30
1698904991.7282043 -30.0 -30
1698904991.8220224 -30.0 -30
1698904991.9073637 -30.0 -30
1698904991.9994264 -30.0 -30
1698904992.0850575 -30.0 -30
1698904992.1763413 -30.0 -30
1698904992.255916 -30.0 -30
1698904992.3420124 -30.0 -30
1698904992.4361362 -30.0 -30
1698904992.5210996 -30.0 -30
1698904992.606634 -30.0 -30
1698904992.6974096 -30.0 -30
1698904992.7847037 -30.0 -30
1698904992.8662434 -30.0 -30
1698904992.957729 -30.0 -30
1698904993.0461097 -30.0 -30
1698904993.1339443 -30.0 -30
1698904993.2264957 -30.0 -30
1698904993.3109345 -30.0 -30
1698904993.3967965 -30.0 -30
1698904993.4756732 -30.0 -30
1698904993.5610776 -30.0 -30
1698904993.643943 -30.0 -30
1698904993.7248924 -30.0 -30
1698904993.809185 -30.0 -30
1698904993.8965757 -30.0 -30
1698904993.98521 -30.0 -30
1698904994.0713117 -30.0 -30
1698904994.1545856 -30.0 -30
1698904994.236582 -30.0 -30
1698904994.3169475 -30.0 -30
1698904994.3949726 -30.0 -30
1698904994.4843185 -30.0 -30
1698904994.565718 -30.0 -30
1698904994.648565 -30.0 -30
1698904994.7283642 -30.0 -30
1698904994.8119693 -30.0 -30
1698904994.9509487 -30.0 -30
1698904995.0929055 -30.0 -30
1698904995.2016509 -30.0 -30
1698904995.284314 -30.0 -30
1698904995.363605 -30.0 -30
1698904995.4447494 -30.0 -30
1698904995.5305798 -30.0 -30
1698904995.6144931 -30.0 -30
1698904995.6987798 -30.0 -30
1698904995.7811205 -30.0 -30
1698904995.904363 -30.0 -30
1698904996.0102556 -30.0 -30
1698904996.110886 -30.0 -30
1698904996.1958356 -30.0 -30
1698904996.2768888 -30.0 -30
1698904996.3640425 -30.0 -30
1698904996.4437337 -30.0 -30
1698904996.5175269 -30.0 -30
1698904996.5989134 -30.0 -30
1698904996.6795876 -30.0 -30
1698904996.7708085 -30.0 -30
1698904996.858657 -30.0 -30
1698904996.9453182 -30.0 -30
1698904997.0359375 -30.0 -30
1698904997.120229 -30.0 -30
1698904997.2052128 -30.0 -30
1698904997.2856073 -30.0 -30
1698904997.369936 -30.0 -30
1698904997.4617927 -30.0 -30
1698904997.5639343 -30.0 -30
1698904997.6506348 -30.0 -30
1698904997.7312398 -30.0 -30
1698904997.822822 -30.0 -30
1698904997.9126167 -30.0 -30
1698904997.9910803 -30.0 -30
1698904998.0771904 -30.0 -30
1698904998.1577675 -30.0 -30
1698904998.2415946 -30.0 -30
1698904998.327307 -30.0 -30
1698904998.4140694 -30.0 -30
1698904998.4975362 -30.0 -30
1698904998.5785365 -30.0 -30
1698904998.660646 -30.0 -30
1698904998.7511575 -30.0 -30
1698904998.8516622 -30.0 -30
1698904998.9460866 -30.0 -30
1698904999.0895581 -30.0 -30
1698904999.2509985 -30.0 -30
1698904999.3333924 -30.0 -30
1698904999.4184852 -30.0 -30
1698904999.4989643 -30.0 -30
1698904999.5820236 -30.0 -30
1698904999.6678817 -30.0 -30
1698904999.749704 -30.0 -30
1698904999.8291988 -30.0 -30
1698904999.9230492 -30.0 -30
1698905000.008353 -30.0 -30
1698905000.0951862 -30.0 -30
1698905000.1818695 -30.0 -30
1698905000.2654674 -30.0 -30
1698905000.3495498 -30.0 -30
1698905000.435561 -30.0 -30
1698905000.5181277 -30.0 -30
1698905000.59953 -30.0 -30
1698905000.680136 -30.0 -30
1698905000.7599714 -30.0 -30
1698905000.8484213 -30.0 -30
1698905000.9240181 -30.0 -30
1698905001.0035238 -30.0 -30
1698905001.0873804 -30.0 -30
1698905001.1740944 -30.0 -30
1698905001.251912 -30.0 -30
1698905001.33412 -30.0 -30
1698905001.4137094 -30.0 -30
1698905001.4937992 -30.0 -30
1698905001.574567 -30.0 -30
1698905001.6642432 -30.0 -30
1698905001.7430785 -30.0 -30
1698905001.8213758 -30.0 -30
1698905001.904587 -30.0 -30
1698905001.985041 -30.0 -30
1698905002.0663636 -30.0 -30
1698905002.1475859 -30.0 -30
1698905002.2272913 -30.0 -30
1698905002.307446 -30.0 -30
1698905002.3954365 -30.0 -30
1698905002.4828842 -30.0 -30
1698905002.5653303 -30.0 -30
1698905002.6535926 -30.0 -30
1698905002.736496 -30.0 -30
1698905002.819076 -30.0 -30
1698905002.8982475 -30.0 -30
1698905002.9796956 -30.0 -30
1698905003.0664682 -30.0 -30
1698905003.1588628 -30.0 -30
1698905003.240644 -30.0 -30
1698905003.3282657 -30.0 -30
1698905003.413979 -30.0 -30
1698905003.4935315 -30.0 -30
1698905003.5746298 -30.0 -30
1698905003.6523814 -30.0 -30
1698905003.7291663 -30.0 -30
1698905003.8043432 -30.0 -30
1698905003.8982754 -30.0 -30
1698905003.99127 -30.0 -30
1698905004.1290865 -30.0 -30
1698905004.2745235 -30.0 -30
1698905004.4138763 -30.0 -30
1698905004.5850203 -30.0 -30
1698905004.7150753 -30.0 -30
1698905004.8868587 -30.0 -30
1698905005.0384586 -30.0 -30
1698905005.206714 -30.0 -30
1698905005.3624413 -30.0 -30
1698905005.5089374 -30.0 -30
1698905005.591455 -30.0 -30
1698905005.6766067 -30.0 -30
1698905005.7636516 -30.0 -30
1698905005.8388593 -30.0 -30
1698905005.9241114 -30.0 -30
1698905006.0079432 -30.0 -30
1698905006.149978 -30.0 -30
1698905006.2706354 -30.0 -30
1698905006.360098 -30.0 -30
1698905006.5379245 -30.0 -30
1698905006.7050533 -30.0 -30
1698905006.8326397 -30.0 -30
1698905006.924206 -30.0 -30
1698905007.0110433 -30.0 -30
1698905007.0949738 -30.0 -30
1698905007.1787972 -30.0 -30
1698905007.259588 -30.0 -30
1698905007.3427322 -30.0 -30
1698905007.4411948 -30.0 -30
1698905007.5279682 -30.0 -30
1698905007.669987 -30.0 -30
1698905007.807587 -30.0 -30
1698905007.9420304 -30.0 -30
1698905008.099729 -30.0 -30
1698905008.2539856 -30.0 -30
1698905008.3822796 -30.0 -30
1698905008.5180542 -30.0 -30
1698905008.673798 -30.0 -30
1698905008.7826233 -30.0 -30
1698905008.8749282 -30.0 -30
1698905008.974111 -30.0 -30
1698905009.1299872 -30.0 -30
1698905009.2632184 -30.0 -30
1698905009.3797472 -30.0 -30
1698905009.4881988 -30.0 -30
1698905009.5939643 -30.0 -30
1698905009.7544692 -30.0 -30
1698905009.8730633 -30.0 -30
1698905010.0165944 -30.0 -30
1698905010.1588624 -30.0 -30
1698905010.3375885 -30.0 -30
1698905010.5202074 -30.0 -30
1698905010.6690154 -30.0 -30
1698905010.8459673 -30.0 -30
1698905010.9858096 -30.0 -30
1698905011.072659 -30.0 -30
1698905011.1614606 -30.0 -30
1698905011.287637 -30.0 -30
1698905011.422008 -30.0 -30
1698905011.5976324 -30.0 -30
1698905011.710423 -30.0 -30
1698905011.8132482 -30.0 -30
1698905011.9078035 -30.0 -30
1698905011.994392 -30.0 -30
1698905012.0718596 -30.0 -30
1698905012.1457977 -30.0 -30
1698905012.286015 -30.0 -30
1698905012.4406712 -30.0 -30
1698905012.6086874 -30.0 -30
1698905012.789292 -30.0 -30
1698905012.9675927 -30.0 -30
1698905013.0907323 -30.0 -30
1698905013.1710181 -30.0 -30
1698905013.2550015 -30.0 -30
1698905013.3383777 -30.0 -30
1698905013.422974 -30.0 -30
1698905013.5087106 -30.0 -30
1698905013.599417 -30.0 -30
1698905013.6901748 -30.0 -30
1698905013.778645 -30.0 -30
1698905013.8664901 -30.0 -30
1698905013.9513454 -30.0 -30
1698905014.0355642 -30.0 -30
1698905014.1328616 -30.0 -30
1698905014.2188096 -30.0 -30
1698905014.317357 -30.0 -30
1698905014.4059112 -30.0 -30
1698905014.4924982 -30.0 -30
1698905014.576192 -30.0 -30
1698905014.6764197 -30.0 -30
1698905014.7719672 -30.0 -30
1698905014.8615513 -30.0 -30
1698905015.0294933 -30.0 -30
1698905015.210143 -30.0 -30
1698905015.3922057 -30.0 -30
1698905015.500105 -30.0 -30
1698905015.5906632 -30.0 -30
1698905015.6756253 -30.0 -30
1698905015.761705 -30.0 -30
1698905015.8487415 -30.0 -30
1698905015.9352443 -30.0 -30
1698905016.0198748 -30.0 -30
1698905016.1121426 -30.0 -30
1698905016.1982734 -30.0 -30
