1697475576.2822547 -0.0 0
1697475576.5413258 -0.0 0
1697475576.67306 -0.0 0
1697475576.7142465 -0.0 0
1697475576.7531722 -0.0 0
1697475576.7964404 -0.0 0
1697475576.8491974 -0.0 0
1697475576.8925946 -0.0 0
1697475576.9328737 -0.0 0
1697475576.9754837 -0.0 0
1697475577.0292027 -0.0 0
1697475577.0782897 -0.0 0
1697475577.1279323 -0.0 0
1697475577.1817276 -0.0 0
1697475577.2336493 -0.0 0
1697475577.2892642 -0.0 0
1697475577.3493302 -0.0 0
1697475577.4003098 -0.0 0
1697475577.451854 -0.0 0
1697475577.500875 -0.0 0
1697475577.5532856 -0.0 0
1697475577.6055503 -0.0 0
1697475577.655894 -0.0 0
1697475577.7116845 -0.0 0
1697475577.761611 -0.0 0
1697475577.8191195 -0.0 0
1697475577.868878 -0.0 0
1697475577.9159193 -0.0 0
1697475577.9611866 -0.0 0
1697475578.003846 -0.0 0
1697475578.0463514 -0.0 0
1697475578.0910428 -0.0 0
1697475578.13 -0.0 0
1697475578.172292 -0.0 0
1697475578.216196 -0.0 0
1697475578.260368 -0.0 0
1697475578.306689 -0.0 0
1697475578.3637776 -0.0 0
1697475578.4147763 -0.0 0
1697475578.4674337 -0.0 0
1697475578.512216 -0.0 0
1697475578.5592868 -0.0 0
1697475578.6087637 -0.0 0
1697475578.658976 -0.0 0
1697475578.7098072 -0.0 0
1697475578.7597513 -0.0 0
1697475578.8096778 -0.0 0
1697475578.8595822 -0.0 0
1697475578.910361 -0.0 0
1697475578.9618442 -0.0 0
1697475579.0108426 -0.0 0
1697475579.0608408 -0.0 0
1697475579.1111357 -0.0 0
1697475579.1609118 -0.0 0
1697475579.2111483 -0.0 0
1697475579.2626185 -0.0 0
1697475579.3121219 -0.0 0
1697475579.3626692 -0.0 0
1697475579.4301019 -0.0 0
1697475579.4857357 -0.0 0
1697475579.5339904 -0.0 0
1697475579.5820775 -0.0 0
1697475579.6235926 -0.0 0
1697475579.6656005 -0.0 0
1697475579.715216 -0.0 0
1697475579.7648954 -0.0 0
1697475579.8158374 -0.0 0
1697475579.867147 -0.0 0
1697475579.9228725 -0.0 0
1697475579.9710596 -0.0 0
1697475580.0270698 -0.0 0
1697475580.0771334 -0.0 0
1697475580.124252 -0.0 0
1697475580.1678293 -0.0 0
1697475580.2181292 -0.0 0
1697475580.2681653 -0.0 0
1697475580.3182201 -0.0 0
1697475580.3688433 -0.0 0
1697475580.4189959 -0.0 0
1697475580.4689443 -0.0 0
1697475580.5188882 -0.0 0
1697475580.5698133 -0.0 0
1697475580.6195824 -0.0 0
1697475580.6704726 -0.0 0
1697475580.7211404 -0.0 0
1697475580.7723973 -0.0 0
1697475580.8218083 -0.0 0
1697475580.8714435 -0.0 0
1697475580.9225721 -0.0 0
1697475580.9730477 -0.0 0
1697475581.0227604 -0.0 0
1697475581.073748 -0.0 0
1697475581.1235414 -0.0 0
1697475581.1741483 -0.0 0
1697475581.2241282 -0.0 0
1697475581.2741845 -0.0 0
1697475581.3246279 -0.0 0
1697475581.3748617 -0.0 0
1697475581.4258578 -0.0 0
1697475581.4783313 -0.0 0
1697475581.534789 -0.0 0
1697475581.5774846 -0.0 0
1697475581.6269262 -0.0 0
1697475581.676527 -0.0 0
1697475581.726632 -0.0 0
1697475581.7768784 -0.0 0
1697475581.8268635 -0.0 0
1697475581.8778727 -0.0 0
1697475581.9285233 -0.0 0
1697475581.9788284 -0.0 0
1697475582.028961 -0.0 0
1697475582.0800347 -0.0 0
1697475582.1307325 -0.0 0
1697475582.1811187 -0.0 0
1697475582.2310083 -0.0 0
1697475582.2825804 -0.0 0
1697475582.3320308 -0.0 0
1697475582.3815687 -0.0 0
1697475582.4315336 -0.0 0
1697475582.4821205 -0.0 0
1697475582.5315657 -0.0 0
1697475582.5821273 -0.0 0
1697475582.6318097 -0.0 0
1697475582.6817966 -0.0 0
1697475582.7320817 -0.0 0
1697475582.7821712 -0.0 0
1697475582.8324003 -0.0 0
1697475582.8839183 -0.0 0
1697475582.934662 -0.0 0
1697475582.9834447 -0.0 0
1697475583.0335343 -0.0 0
1697475583.0837479 -0.0 0
1697475583.1356754 -0.0 0
1697475583.2164805 -0.0 0
1697475583.2642882 -0.0 0
1697475583.3119905 -0.0 0
1697475583.3537636 -0.0 0
1697475583.3951337 -0.0 0
1697475583.4369085 -0.0 0
1697475583.4865568 -0.0 0
1697475583.537438 -0.0 0
1697475583.5872524 -0.0 0
1697475583.6375768 -0.0 0
1697475583.6872342 -0.0 0
1697475583.7382257 -0.0 0
1697475583.7880256 -0.0 0
1697475583.8380616 -0.0 0
1697475583.8891697 -0.0 0
1697475583.947183 -0.0 0
1697475583.9982653 -0.0 0
1697475584.047481 -0.0 0
1697475584.0945137 -0.0 0
1697475584.141241 -0.0 0
1697475584.1907814 -0.0 0
1697475584.242038 -0.0 0
1697475584.291387 -0.0 0
1697475584.3463817 -0.0 0
1697475584.393238 -0.0 0
1697475584.4477005 -0.0 0
1697475584.4941096 -0.0 0
1697475584.542423 -0.0 0
1697475584.6042838 -0.0 0
1697475584.664244 -0.0 0
1697475584.7151468 -0.0 0
1697475584.7673395 -0.0 0
1697475584.829843 -0.0 0
1697475584.871976 -0.0 0
1697475584.9192557 -0.0 0
1697475584.9584289 -0.0 0
1697475584.999059 -0.0 0
1697475585.045512 -0.0 0
1697475585.0959773 -0.0 0
1697475585.146334 -0.0 0
1697475585.1966803 -0.0 0
1697475585.2467382 -0.0 0
1697475585.296773 -0.0 0
1697475585.3466952 -0.0 0
1697475585.3971863 -0.0 0
1697475585.4475994 -0.0 0
1697475585.4975734 -0.0 0
1697475585.5479057 -0.0 0
1697475585.5979836 -0.0 0
1697475585.6484327 -0.0 0
1697475585.6983452 -0.0 0
1697475585.7487504 -0.0 0
1697475585.7984784 -0.0 0
1697475585.8494117 -0.0 0
1697475585.8991764 -0.0 0
1697475585.949881 -0.0 0
1697475586.0001874 -0.0 0
1697475586.0509946 -0.0 0
1697475586.1006203 -0.0 0
1697475586.1535137 -0.0 0
1697475586.2007537 -0.0 0
1697475586.251269 -0.0 0
1697475586.3009398 -0.0 0
1697475586.3514311 -0.0 0
1697475586.4019399 -0.0 0
1697475586.4518015 -0.0 0
1697475586.501783 -0.0 0
1697475586.5519652 -0.0 0
1697475586.6029983 -0.0 0
1697475586.6531823 -0.0 0
1697475586.7030444 -0.0 0
1697475586.7542698 -0.0 0
1697475586.8038874 -0.0 0
1697475586.853466 -0.0 0
1697475586.9029648 -0.0 0
1697475586.9531949 -0.0 0
1697475587.0033398 -0.0 0
1697475587.0528274 -0.0 0
1697475587.103351 -0.0 0
1697475587.1543586 -0.0 0
1697475587.2047422 -0.0 0
1697475587.2548504 -0.0 0
1697475587.305468 -0.0 0
1697475587.3557723 -0.0 0
1697475587.4063606 -0.0 0
1697475587.4566476 -0.0 0
1697475587.5064442 -0.0 0
1697475587.556821 -0.0 0
1697475587.6081116 -0.0 0
1697475587.656649 -0.0 0
1697475587.7066174 -0.0 0
1697475587.7570765 -0.0 0
1697475587.8068295 -0.0 0
1697475587.8586757 -0.0 0
1697475587.9083827 -0.0 0
1697475587.9588594 -0.0 0
1697475588.0080903 -0.0 0
1697475588.0588536 -0.0 0
1697475588.1097355 -0.0 0
1697475588.1588259 -0.0 0
1697475588.2088022 -0.0 0
1697475588.2595778 -0.0 0
1697475588.3098416 -0.0 0
1697475588.3596077 -0.0 0
1697475588.4100432 -0.0 0
1697475588.4603364 -0.0 0
1697475588.5098407 -0.0 0
1697475588.5601418 -0.0 0
1697475588.6109416 -0.0 0
1697475588.6614456 -0.0 0
1697475588.711309 -0.0 0
1697475588.761148 -0.0 0
1697475588.811285 -0.0 0
1697475588.8619351 -0.0 0
1697475588.9118018 -0.0 0
1697475588.9619703 -0.0 0
1697475589.0121777 -0.0 0
1697475589.0626373 -0.0 0
1697475589.1135592 -0.0 0
1697475589.1631598 -0.0 0
1697475589.2137353 -0.0 0
1697475589.2634978 -0.0 0
1697475589.313921 -0.0 0
1697475589.3636496 -0.0 0
1697475589.4139585 -0.0 0
1697475589.465577 -0.0 0
1697475589.516165 -0.0 0
1697475589.566192 -0.0 0
1697475589.6169508 -0.0 0
1697475589.6675627 -0.0 0
1697475589.7175584 -0.0 0
1697475589.7680328 -0.0 0
1697475589.8173707 -0.0 0
1697475589.868595 -0.0 0
1697475589.917385 -0.0 0
1697475589.9691646 -0.0 0
1697475590.018791 -0.0 0
1697475590.06906 -0.0 0
1697475590.119414 -0.0 0
1697475590.1690428 -0.0 0
1697475590.2245197 -0.0 0
1697475590.2810614 -0.0 0
1697475590.3299417 -0.0 0
1697475590.381947 -0.0 0
1697475590.4418087 -0.0 0
1697475590.4873776 -0.0 0
1697475590.5307615 -0.0 0
1697475590.5809631 -0.0 0
1697475590.624422 -0.0 0
1697475590.6753469 -0.0 0
1697475590.7338305 -0.0 0
1697475590.8521469 -0.0 0
1697475590.9597902 -0.0 0
1697475591.047687 -0.0 0
1697475591.0988603 -0.0 0
1697475591.1457617 -0.0 0
1697475591.1922815 -0.0 0
1697475591.262418 -0.0 0
1697475591.3380985 -0.0 0
1697475591.3878813 -0.0 0
1697475591.4316258 -0.0 0
1697475591.4721587 -0.0 0
1697475591.5154986 -0.0 0
1697475591.5649593 -0.0 0
1697475591.6039221 -0.0 0
1697475591.640673 -0.0 0
1697475591.6820807 -0.0 0
1697475591.726589 -0.0 0
1697475591.7647493 -0.0 0
1697475591.8149202 -0.0 0
1697475591.8649247 -0.0 0
1697475591.9150405 -0.0 0
1697475591.9649382 -0.0 0
1697475592.0150812 -0.0 0
1697475592.0650148 -0.0 0
1697475592.115282 -0.0 0
1697475592.1657536 -0.0 0
1697475592.2155461 -0.0 0
1697475592.265824 -0.0 0
1697475592.316573 -0.0 0
1697475592.3662822 -0.0 0
1697475592.4162982 -0.0 0
1697475592.4666877 -0.0 0
1697475592.5172935 -0.0 0
1697475592.5667424 -0.0 0
1697475592.617233 -0.0 0
1697475592.6671972 -0.0 0
1697475592.7173975 -0.0 0
1697475592.7673142 -0.0 0
1697475592.8180423 -0.0 0
1697475592.8676612 -0.0 0
1697475592.9178288 -0.0 0
1697475592.96772 -0.0 0
1697475593.01781 -0.0 0
1697475593.0751178 -0.0 0
1697475593.12999 -0.0 0
1697475593.1820345 -0.0 0
1697475593.230736 -0.0 0
1697475593.2733245 -0.0 0
1697475593.3215961 -0.0 0
1697475593.3760278 -0.0 0
1697475593.4219384 -0.0 0
1697475593.4722757 -0.0 0
1697475593.522314 -0.0 0
1697475593.5729487 -0.0 0
1697475593.623007 -0.0 0
1697475593.6730368 -0.0 0
1697475593.7230356 -0.0 0
1697475593.7737253 -0.0 0
1697475593.823755 -0.0 0
1697475593.873991 -0.0 0
1697475593.9237578 -0.0 0
1697475593.974417 -0.0 0
1697475594.024423 -0.0 0
1697475594.0744815 -0.0 0
1697475594.1250048 -0.0 0
1697475594.1745753 -0.0 0
1697475594.225382 -0.0 0
1697475594.2752602 -0.0 0
1697475594.32597 -0.0 0
1697475594.3759193 -0.0 0
1697475594.4260595 -0.0 0
1697475594.4765928 -0.0 0
1697475594.5267825 -0.0 0
1697475594.577378 -0.0 0
1697475594.6271582 -0.0 0
1697475594.678351 -0.0 0
1697475594.734533 -0.0 0
1697475594.7947738 -0.0 0
1697475594.8803 -0.0 0
1697475594.935742 -0.0 0
1697475594.9787295 -0.0 0
1697475595.0197358 -0.0 0
1697475595.0573466 -0.0 0
1697475595.08955 -0.0 0
1697475595.132945 -0.0 0
1697475595.1809084 -0.0 0
1697475595.2314694 -0.0 0
1697475595.2813208 -0.0 0
1697475595.3316746 -0.0 0
1697475595.3820126 -0.0 0
1697475595.431846 -0.0 0
1697475595.4818614 -0.0 0
1697475595.53203 -0.0 0
1697475595.5825582 -0.0 0
1697475595.6325715 -0.0 0
