1697194562.7745256 -0.0 0
1697194562.9415107 -0.0 0
1697194563.0514896 -0.0 0
1697194563.0758872 -0.0 0
1697194563.0912933 -0.0 0
1697194563.1412303 -0.0 0
1697194563.191513 -0.0 0
1697194563.2418535 -0.0 0
1697194563.2919805 -0.0 0
1697194563.3421128 -0.0 0
1697194563.3923166 -0.0 0
1697194563.4425337 -0.0 0
1697194563.4926758 -0.0 0
1697194563.5428233 -0.0 0
1697194563.5930774 -0.0 0
1697194563.6431162 -0.0 0
1697194563.6931386 -0.0 0
1697194563.7435226 -0.0 0
1697194563.7935193 -0.0 0
1697194563.844059 -0.0 0
1697194563.894092 -0.0 0
1697194563.9442694 -0.0 0
1697194563.994088 -0.0 0
1697194564.0442908 -0.0 0
1697194564.0951445 -0.0 0
1697194564.144969 -0.0 0
1697194564.1952038 -0.0 0
1697194564.245228 -0.0 0
1697194564.2952049 -0.0 0
1697194564.3454726 -0.0 0
1697194564.395908 -0.0 0
1697194564.4458716 -0.0 0
1697194564.4956536 -0.0 0
1697194564.5457902 -0.0 0
1697194564.596683 -0.0 0
1697194564.647052 -0.0 0
1697194564.6970978 -0.0 0
1697194564.7471056 -0.0 0
1697194564.7971325 -0.0 0
1697194564.8469653 -0.0 0
1697194564.8970053 -0.0 0
1697194564.9477897 -0.0 0
1697194564.99756 -0.0 0
1697194565.0483794 -0.0 0
1697194565.0981607 -0.0 0
1697194565.1482422 -0.0 0
1697194565.1983268 -0.0 0
1697194565.2482936 -0.0 0
1697194565.2983854 -0.0 0
1697194565.3487067 -0.0 0
1697194565.3991518 -0.0 0
1697194565.449033 -0.0 0
1697194565.4992146 -0.0 0
1697194565.549377 -0.0 0
1697194565.5998137 -0.0 0
1697194565.6496847 -0.0 0
1697194565.7000809 -0.0 0
1697194565.750237 -0.0 0
1697194565.8004751 -0.0 0
1697194565.8502011 -0.0 0
1697194565.9003878 -0.0 0
1697194565.9506025 -0.0 0
1697194566.0008745 -0.0 0
1697194566.0512452 -0.0 0
1697194566.1010845 -0.0 0
1697194566.1511097 -0.0 0
1697194566.2012007 -0.0 0
1697194566.2515771 -0.0 0
1697194566.3017929 -0.0 0
1697194566.3520327 -0.0 0
1697194566.4020467 -0.0 0
1697194566.4525383 -0.0 0
1697194566.5022955 -0.0 0
1697194566.552732 -0.0 0
1697194566.6025796 -0.0 0
1697194566.6529183 -0.0 0
1697194566.7029579 -0.0 0
1697194566.7528725 -0.0 0
1697194566.8038933 -0.0 0
1697194566.853512 -0.0 0
1697194566.903632 -0.0 0
1697194566.9538631 -0.0 0
