1697188566.4401178 2 0.2
1697188566.8658738 2.0 0.2
1697188567.1072285 2.0 0.2
1697188567.160132 2.0 0.2
1697188567.2072492 2.0 0.2
1697188567.2610037 2.0 0.2
1697188567.3119128 2.0 0.2
1697188567.3628736 2.0 0.2
1697188567.4132328 2.0 0.2
1697188567.4628592 2.0 0.2
1697188567.5149384 2.0 0.2
1697188567.5662897 2.0 0.2
1697188567.6225421 2.0 0.2
1697188567.6740649 2.0 0.2
1697188567.7289867 2.0 0.2
1697188567.7792995 2.0 0.2
1697188567.8269286 2.0 0.2
1697188567.8753219 2.0 0.2
1697188567.9232657 2.0 0.2
1697188567.9715936 2.0 0.2
1697188568.023073 2.0 0.2
1697188568.0746784 2.0 0.2
1697188568.1219976 2.0 0.2
1697188568.1742702 2.0 0.2
1697188568.2243905 2.0 0.2
1697188568.273845 2.0 0.2
1697188568.3241827 2.0 0.2
1697188568.3745675 2.0 0.2
1697188568.4246495 2.0 0.2
1697188568.475126 2.0 0.2
1697188568.5265994 2.0 0.2
1697188568.5792923 2.0 0.2
1697188568.6280859 2.0 0.2
1697188568.680404 2.0 0.2
1697188568.7301111 2.0 0.2
1697188568.7802815 2.0 0.2
1697188568.8260403 2.0 0.2
1697188568.87617 2.0 0.2
1697188568.9433658 2.0 0.2
1697188569.0078108 2.0 0.2
1697188569.081936 2.0 0.2
1697188569.1753192 2.0 0.2
1697188569.2480345 2.0 0.2
1697188569.2966642 2.0 0.2
1697188569.36012 2.0 0.2
1697188569.4194465 2.0 0.2
1697188569.482809 2.0 0.2
1697188569.5424194 2.0 0.2
1697188569.593147 2.0 0.2
1697188569.6563215 2.0 0.2
1697188569.7174423 2.0 0.2
1697188569.7755597 2.0 0.2
1697188569.8346999 2.0 0.2
1697188569.8975687 2.0 0.2
1697188569.9593463 2.0 0.2
1697188570.0363889 2.0 0.2
1697188570.1087084 2.0 0.2
1697188570.187625 2.0 0.2
1697188570.2596881 2.0 0.2
1697188570.3213084 2.0 0.2
1697188570.3841386 2.0 0.2
1697188570.4481535 2.0 0.2
1697188570.5254853 2.0 0.2
1697188570.6017094 2.0 0.2
1697188570.6615553 2.0 0.2
1697188570.7304661 2.0 0.2
1697188570.787776 2.0 0.2
1697188570.8447309 2.0 0.2
1697188570.9050205 2.0 0.2
1697188570.9593005 2.0 0.2
1697188571.0188777 2.0 0.2
1697188571.078057 2.0 0.2
1697188571.1367033 2.0 0.2
1697188571.2030582 2.0 0.2
1697188571.2661543 2.0 0.2
1697188571.337537 2.0 0.2
1697188571.4080956 2.0 0.2
1697188571.5272572 2.0 0.2
1697188571.6502726 2.0 0.2
1697188571.7614794 2.0 0.2
1697188571.8595757 2.0 0.2
1697188571.9260185 2.0 0.2
1697188571.980971 2.0 0.2
1697188572.0480733 2.0 0.2
1697188572.1091123 2.0 0.2
1697188572.1655755 2.0 0.2
1697188572.2247064 2.0 0.2
1697188572.3248634 2.0 0.2
1697188572.435462 2.0 0.2
1697188572.5059977 2.0 0.2
1697188572.601098 2.0 0.2
1697188572.6608815 2.0 0.2
1697188572.7199411 2.0 0.2
1697188572.7798643 2.0 0.2
1697188572.8392422 2.0 0.2
1697188572.9001582 2.0 0.2
1697188572.9562325 2.0 0.2
1697188573.0729733 2.0 0.2
1697188573.1341176 2.0 0.2
1697188573.1930988 2.0 0.2
1697188573.2559915 2.0 0.2
1697188573.3179743 2.0 0.2
1697188573.4179773 2.0 0.2
1697188573.5187085 2.0 0.2
1697188573.575089 2.0 0.2
1697188573.648513 2.0 0.2
1697188573.7191594 2.0 0.2
1697188573.7862198 2.0 0.2
1697188573.8476088 2.0 0.2
1697188573.9064069 2.0 0.2
1697188573.969767 2.0 0.2
1697188574.0315545 2.0 0.2
1697188574.1069038 2.0 0.2
1697188574.1747842 2.0 0.2
1697188574.2320187 2.0 0.2
1697188574.2897909 2.0 0.2
1697188574.3662243 2.0 0.2
1697188574.4777598 2.0 0.2
1697188574.5766568 2.0 0.2
1697188574.692189 2.0 0.2
1697188574.806791 2.0 0.2
1697188574.872445 2.0 0.2
1697188574.968427 2.0 0.2
1697188575.0835054 2.0 0.2
1697188575.1930501 2.0 0.2
1697188575.2972188 2.0 0.2
1697188575.3721926 2.0 0.2
1697188575.5123997 2.0 0.2
1697188575.6033356 2.0 0.2
1697188575.677279 2.0 0.2
1697188575.808835 2.0 0.2
1697188575.8831449 2.0 0.2
1697188575.965808 2.0 0.2
1697188576.0788708 2.0 0.2
1697188576.164481 2.0 0.2
1697188576.2280314 2.0 0.2
1697188576.299362 2.0 0.2
1697188576.362079 2.0 0.2
1697188576.4300966 2.0 0.2
1697188576.4953094 2.0 0.2
1697188576.5608404 2.0 0.2
1697188576.6225328 2.0 0.2
1697188576.7123559 2.0 0.2
1697188576.828009 2.0 0.2
1697188576.8873568 2.0 0.2
1697188576.9539173 2.0 0.2
1697188577.019543 2.0 0.2
1697188577.0851946 2.0 0.2
1697188577.1584551 2.0 0.2
1697188577.2238207 2.0 0.2
1697188577.2856412 2.0 0.2
1697188577.3555572 2.0 0.2
1697188577.4152076 2.0 0.2
1697188577.5134695 2.0 0.2
1697188577.601937 2.0 0.2
1697188577.6790361 2.0 0.2
1697188577.7463005 2.0 0.2
1697188577.81124 2.0 0.2
1697188577.8750002 2.0 0.2
1697188577.940278 2.0 0.2
1697188578.0215304 2.0 0.2
1697188578.0866559 2.0 0.2
1697188578.152195 2.0 0.2
1697188578.210309 2.0 0.2
1697188578.2785442 2.0 0.2
1697188578.349316 2.0 0.2
1697188578.411577 2.0 0.2
1697188578.4814906 2.0 0.2
1697188578.543271 2.0 0.2
1697188578.6068585 2.0 0.2
1697188578.6768723 2.0 0.2
1697188578.7417505 2.0 0.2
1697188578.8065403 2.0 0.2
1697188578.8677197 2.0 0.2
1697188578.9308383 2.0 0.2
1697188578.9976873 2.0 0.2
1697188579.0604439 2.0 0.2
1697188579.1203494 2.0 0.2
1697188579.1813312 2.0 0.2
1697188579.2408538 2.0 0.2
1697188579.304791 2.0 0.2
1697188579.363514 2.0 0.2
1697188579.4432304 2.0 0.2
1697188579.4980366 2.0 0.2
1697188579.5628462 2.0 0.2
1697188579.630559 2.0 0.2
1697188579.6995866 2.0 0.2
1697188579.793862 2.0 0.2
1697188579.8665802 2.0 0.2
1697188579.9323933 2.0 0.2
1697188579.9977698 2.0 0.2
1697188580.0582848 2.0 0.2
1697188580.1233985 2.0 0.2
1697188580.1845725 2.0 0.2
1697188580.2561822 2.0 0.2
1697188580.31774 2.0 0.2
1697188580.3906908 2.0 0.2
1697188580.451996 2.0 0.2
1697188580.5211627 2.0 0.2
1697188580.5892472 2.0 0.2
1697188580.6577983 2.0 0.2
