1697090742.8431756 -0.0 0
1697090743.0973804 -0.0 0
1697090743.229481 -0.0 0
1697090743.2589285 -0.0 0
1697090743.2891908 -0.0 0
1697090743.3054645 -0.0 0
1697090743.3478522 -0.0 0
1697090743.3983197 -0.0 0
1697090743.4482756 -0.0 0
1697090743.4987648 -0.0 0
1697090743.5485644 -0.0 0
1697090743.5997097 -0.0 0
1697090743.6495664 -0.0 0
1697090743.6995175 -0.0 0
1697090743.7500622 -0.0 0
1697090743.8001547 -0.0 0
1697090743.8501368 -0.0 0
1697090743.8999338 -0.0 0
1697090743.9505095 -0.0 0
1697090744.00041 -0.0 0
1697090744.051035 -0.0 0
1697090744.1012692 -0.0 0
1697090744.152037 -0.0 0
1697090744.2019234 -0.0 0
1697090744.251923 -0.0 0
1697090744.3020675 -0.0 0
1697090744.3520577 -0.0 0
1697090744.4022405 -0.0 0
1697090744.4523928 -0.0 0
1697090744.5023975 -0.0 0
1697090744.553127 -0.0 0
1697090744.6031473 -0.0 0
1697090744.6529303 -0.0 0
1697090744.703234 -0.0 0
1697090744.7539327 -0.0 0
1697090744.8037205 -0.0 0
1697090744.8539827 -0.0 0
1697090744.9040465 -0.0 0
1697090744.9557147 -0.0 0
1697090745.004413 -0.0 0
1697090745.0557559 -0.0 0
1697090745.1053274 -0.0 0
1697090745.1554406 -0.0 0
1697090745.205494 -0.0 0
1697090745.2562604 -0.0 0
1697090745.3069346 -0.0 0
1697090745.3565934 -0.0 0
1697090745.4067569 -0.0 0
1697090745.4568002 -0.0 0
1697090745.507021 -0.0 0
1697090745.5570421 -0.0 0
1697090745.607903 -0.0 0
1697090745.658124 -0.0 0
1697090745.7084312 -0.0 0
1697090745.7596934 -0.0 0
1697090745.8267245 -0.0 0
1697090745.8855803 -0.0 0
1697090745.9263892 -0.0 0
1697090745.9632735 -0.0 0
1697090746.012574 -0.0 0
1697090746.0627546 -0.0 0
1697090746.1125755 -0.0 0
1697090746.1632736 -0.0 0
1697090746.2315936 -0.0 0
1697090746.2711885 -0.0 0
1697090746.3173618 -0.0 0
1697090746.366901 -0.0 0
1697090746.4180233 -0.0 0
1697090746.4663951 -0.0 0
1697090746.516434 -0.0 0
1697090746.5665925 -0.0 0
1697090746.6169565 -0.0 0
1697090746.6671467 -0.0 0
1697090746.717021 -0.0 0
1697090746.7672188 -0.0 0
1697090746.817326 -0.0 0
1697090746.8676121 -0.0 0
1697090746.9188445 -0.0 0
1697090746.9796643 -0.0 0
1697090747.0214133 -0.0 0
1697090747.0710416 -0.0 0
1697090747.1205957 -0.0 0
1697090747.1707835 -0.0 0
1697090747.2213268 -0.0 0
1697090747.2705762 -0.0 0
1697090747.3207238 -0.0 0
1697090747.3710067 -0.0 0
1697090747.4211512 -0.0 0
1697090747.4711328 -0.0 0
1697090747.5210907 -0.0 0
1697090747.5713394 -0.0 0
1697090747.6226296 -0.0 0
1697090747.6717815 -0.0 0
1697090747.7216713 -0.0 0
1697090747.7720876 -0.0 0
1697090747.8222635 -0.0 0
1697090747.8727248 -0.0 0
1697090747.92442 -0.0 0
1697090747.9732842 -0.0 0
1697090748.0233157 -0.0 0
1697090748.0730488 -0.0 0
1697090748.1236124 -0.0 0
1697090748.1734712 -0.0 0
1697090748.2237003 -0.0 0
1697090748.274093 -0.0 0
1697090748.324028 -0.0 0
1697090748.3742943 -0.0 0
1697090748.4243321 -0.0 0
1697090748.47488 -0.0 0
1697090748.524749 -0.0 0
1697090748.5750206 -0.0 0
1697090748.6250746 -0.0 0
1697090748.6751864 -0.0 0
1697090748.72576 -0.0 0
1697090748.7754526 -0.0 0
1697090748.825658 -0.0 0
1697090748.8759358 -0.0 0
1697090748.926056 -0.0 0
1697090748.975972 -0.0 0
1697090749.025901 -0.0 0
1697090749.0763168 -0.0 0
1697090749.126711 -0.0 0
1697090749.1765373 -0.0 0
1697090749.227568 -0.0 0
1697090749.2778132 -0.0 0
1697090749.327716 -0.0 0
1697090749.3779259 -0.0 0
1697090749.4288223 -0.0 0
1697090749.47972 -0.0 0
1697090749.5281553 -0.0 0
1697090749.5782452 -0.0 0
1697090749.6286814 -0.0 0
1697090749.6788938 -0.0 0
1697090749.728993 -0.0 0
1697090749.7791066 -0.0 0
1697090749.829958 -0.0 0
1697090749.8795016 -0.0 0
1697090749.9328215 -0.0 0
1697090749.980255 -0.0 0
1697090750.0314171 -0.0 0
1697090750.0825527 -0.0 0
1697090750.1329079 -0.0 0
1697090750.1831982 -0.0 0
1697090750.2332442 -0.0 0
1697090750.2830818 -0.0 0
1697090750.333116 -0.0 0
1697090750.383557 -0.0 0
1697090750.434032 -0.0 0
1697090750.4842045 -0.0 0
1697090750.5341873 -0.0 0
1697090750.5853834 -0.0 0
1697090750.6349018 -0.0 0
1697090750.6850858 -0.0 0
1697090750.7354515 -0.0 0
1697090750.7852948 -0.0 0
1697090750.8356946 -0.0 0
1697090750.8869727 -0.0 0
1697090750.9398756 -0.0 0
1697090750.9878197 -0.0 0
1697090751.0375726 -0.0 0
1697090751.0878596 -0.0 0
1697090751.137316 -0.0 0
1697090751.188158 -0.0 0
1697090751.240819 -0.0 0
1697090751.2915838 -0.0 0
1697090751.3484328 -0.0 0
1697090751.3911183 -0.0 0
1697090751.4430554 -0.0 0
1697090751.500244 -0.0 0
1697090751.5481231 -0.0 0
1697090751.596575 -0.0 0
1697090751.6472065 -0.0 0
1697090751.6963067 -0.0 0
1697090751.746635 -0.0 0
1697090751.7965455 -0.0 0
1697090751.84626 -0.0 0
1697090751.8973541 -0.0 0
1697090751.9483218 -0.0 0
1697090752.0011754 -0.0 0
1697090752.0487332 -0.0 0
1697090752.0994434 -0.0 0
1697090752.160672 -0.0 0
1697090752.2025595 -0.0 0
1697090752.2529962 -0.0 0
1697090752.3050566 -0.0 0
1697090752.3546119 -0.0 0
1697090752.4044008 -0.0 0
1697090752.4541907 -0.0 0
1697090752.5039783 -0.0 0
1697090752.5536816 -0.0 0
1697090752.6043956 -0.0 0
1697090752.653999 -0.0 0
1697090752.7047968 -0.0 0
1697090752.7546651 -0.0 0
1697090752.804879 -0.0 0
1697090752.8555672 -0.0 0
1697090752.90924 -0.0 0
1697090752.9562507 -0.0 0
1697090753.006001 -0.0 0
1697090753.056106 -0.0 0
1697090753.1065342 -0.0 0
1697090753.1582053 -0.0 0
1697090753.2077127 -0.0 0
1697090753.2570133 -0.0 0
1697090753.30737 -0.0 0
1697090753.356945 -0.0 0
1697090753.4073853 -0.0 0
1697090753.4571216 -0.0 0
1697090753.5076063 -0.0 0
1697090753.558553 -0.0 0
1697090753.6111774 -0.0 0
1697090753.660464 -0.0 0
1697090753.7106209 -0.0 0
1697090753.7602177 -0.0 0
1697090753.8103015 -0.0 0
1697090753.8604636 -0.0 0
1697090753.9105008 -0.0 0
1697090753.961066 -0.0 0
1697090754.0113182 -0.0 0
1697090754.061921 -0.0 0
1697090754.1207085 -0.0 0
1697090754.161839 -0.0 0
1697090754.211985 -0.0 0
1697090754.262967 -0.0 0
1697090754.311927 -0.0 0
1697090754.3620846 -0.0 0
1697090754.4124215 -0.0 0
1697090754.4626808 -0.0 0
1697090754.5126908 -0.0 0
1697090754.5628922 -0.0 0
1697090754.612992 -0.0 0
1697090754.6633592 -0.0 0
1697090754.713504 -0.0 0
1697090754.7637467 -0.0 0
1697090754.8139682 -0.0 0
1697090754.864185 -0.0 0
1697090754.9148564 -0.0 0
1697090754.9639635 -0.0 0
1697090755.0141342 -0.0 0
1697090755.0647433 -0.0 0
1697090755.116139 -0.0 0
1697090755.165236 -0.0 0
1697090755.2153134 -0.0 0
1697090755.2653217 -0.0 0
1697090755.315715 -0.0 0
1697090755.3663056 -0.0 0
1697090755.4158454 -0.0 0
1697090755.4663265 -0.0 0
1697090755.5165162 -0.0 0
1697090755.5668375 -0.0 0
1697090755.616785 -0.0 0
1697090755.6668465 -0.0 0
1697090755.716886 -0.0 0
1697090755.7673602 -0.0 0
1697090755.8170686 -0.0 0
1697090755.8672843 -0.0 0
1697090755.9172227 -0.0 0
1697090755.967756 -0.0 0
1697090756.0176935 -0.0 0
1697090756.0683746 -0.0 0
1697090756.1182818 -0.0 0
1697090756.1680017 -0.0 0
1697090756.2182384 -0.0 0
1697090756.2683494 -0.0 0
1697090756.3186495 -0.0 0
1697090756.3688862 -0.0 0
1697090756.4191883 -0.0 0
1697090756.4691129 -0.0 0
1697090756.519072 -0.0 0
1697090756.569325 -0.0 0
1697090756.6197696 -0.0 0
1697090756.6698658 -0.0 0
1697090756.7200446 -0.0 0
1697090756.770292 -0.0 0
1697090756.8203135 -0.0 0
1697090756.8704383 -0.0 0
1697090756.9206004 -0.0 0
1697090756.9710622 -0.0 0
1697090757.0212457 -0.0 0
1697090757.0711422 -0.0 0
1697090757.1213155 -0.0 0
1697090757.171337 -0.0 0
1697090757.221493 -0.0 0
1697090757.2713282 -0.0 0
1697090757.3213778 -0.0 0
1697090757.3718655 -0.0 0
1697090757.4220376 -0.0 0
1697090757.472204 -0.0 0
1697090757.5222235 -0.0 0
1697090757.5728521 -0.0 0
1697090757.6228795 -0.0 0
1697090757.6730964 -0.0 0
1697090757.7235746 -0.0 0
1697090757.773461 -0.0 0
1697090757.8237982 -0.0 0
1697090757.873843 -0.0 0
1697090757.9241517 -0.0 0
1697090757.9738312 -0.0 0
1697090758.023922 -0.0 0
1697090758.0740898 -0.0 0
1697090758.124131 -0.0 0
1697090758.1750355 -0.0 0
1697090758.2248905 -0.0 0
1697090758.274924 -0.0 0
1697090758.324897 -0.0 0
1697090758.3750768 -0.0 0
1697090758.425418 -0.0 0
1697090758.4758275 -0.0 0
1697090758.5259771 -0.0 0
1697090758.575979 -0.0 0
1697090758.6260037 -0.0 0
1697090758.6762342 -0.0 0
1697090758.7259824 -0.0 0
1697090758.7761283 -0.0 0
1697090758.826358 -0.0 0
1697090758.8777218 -0.0 0
1697090758.9279063 -0.0 0
1697090758.9779902 -0.0 0
1697090759.028307 -0.0 0
1697090759.0783327 -0.0 0
1697090759.1283524 -0.0 0
1697090759.1786883 -0.0 0
1697090759.2286904 -0.0 0
1697090759.2790732 -0.0 0
1697090759.3300273 -0.0 0
1697090759.380014 -0.0 0
1697090759.4296236 -0.0 0
1697090759.4795816 -0.0 0
1697090759.5296793 -0.0 0
1697090759.5798154 -0.0 0
1697090759.6302366 -0.0 0
1697090759.6801615 -0.0 0
1697090759.7301888 -0.0 0
1697090759.780382 -0.0 0
1697090759.8304713 -0.0 0
1697090759.880699 -0.0 0
1697090759.9310951 -0.0 0
1697090759.9814613 -0.0 0
1697090760.0317557 -0.0 0
1697090760.0819564 -0.0 0
1697090760.1319275 -0.0 0
1697090760.1817348 -0.0 0
1697090760.2320578 -0.0 0
1697090760.2819746 -0.0 0
1697090760.3323529 -0.0 0
1697090760.3828144 -0.0 0
1697090760.4328215 -0.0 0
1697090760.482759 -0.0 0
1697090760.5329583 -0.0 0
1697090760.583143 -0.0 0
1697090760.6338944 -0.0 0
1697090760.6843967 -0.0 0
1697090760.7348156 -0.0 0
1697090760.7840366 -0.0 0
1697090760.834291 -0.0 0
1697090760.8843434 -0.0 0
1697090760.934216 -0.0 0
1697090760.9843366 -0.0 0
1697090761.0350702 -0.0 0
1697090761.0850322 -0.0 0
1697090761.1351218 -0.0 0
1697090761.1854732 -0.0 0
1697090761.2355752 -0.0 0
1697090761.2859275 -0.0 0
1697090761.3360922 -0.0 0
1697090761.3867044 -0.0 0
1697090761.436561 -0.0 0
1697090761.4870994 -0.0 0
1697090761.537129 -0.0 0
1697090761.5874503 -0.0 0
1697090761.6378388 -0.0 0
1697090761.6878812 -0.0 0
1697090761.738081 -0.0 0
1697090761.7882955 -0.0 0
1697090761.840062 -0.0 0
1697090761.8900325 -0.0 0
1697090761.9390795 -0.0 0
1697090761.9892092 -0.0 0
1697090762.0395646 -0.0 0
1697090762.0898263 -0.0 0
1697090762.1399524 -0.0 0
1697090762.190235 -0.0 0
1697090762.240156 -0.0 0
1697090762.2919278 -0.0 0
1697090762.3416388 -0.0 0
1697090762.3915057 -0.0 0
1697090762.4415238 -0.0 0
1697090762.4920776 -0.0 0
1697090762.5421479 -0.0 0
1697090762.5921118 -0.0 0
1697090762.6423008 -0.0 0
1697090762.6922398 -0.0 0
1697090762.7426205 -0.0 0
1697090762.7932336 -0.0 0
1697090762.8436623 -0.0 0
1697090762.8937185 -0.0 0
1697090762.9443688 -0.0 0
1697090762.9957662 -0.0 0
1697090763.0440037 -0.0 0
1697090763.0939858 -0.0 0
1697090763.143995 -0.0 0
1697090763.1941345 -0.0 0
1697090763.2445314 -0.0 0
1697090763.2950456 -0.0 0
1697090763.3449836 -0.0 0
1697090763.3957155 -0.0 0
1697090763.4459202 -0.0 0
1697090763.4960585 -0.0 0
1697090763.5460968 -0.0 0
1697090763.596511 -0.0 0
1697090763.6469562 -0.0 0
1697090763.6968582 -0.0 0
1697090763.747096 -0.0 0
1697090763.7974207 -0.0 0
1697090763.847458 -0.0 0
1697090763.8974276 -0.0 0
1697090763.948298 -0.0 0
1697090763.9978466 -0.0 0
1697090764.0480635 -0.0 0
1697090764.0980184 -0.0 0
1697090764.1482973 -0.0 0
1697090764.1985579 -0.0 0
1697090764.248445 -0.0 0
1697090764.2987912 -0.0 0
1697090764.3488533 -0.0 0
1697090764.3990834 -0.0 0
1697090764.4489455 -0.0 0
1697090764.5005708 -0.0 0
1697090764.550939 -0.0 0
1697090764.6016023 -0.0 0
1697090764.6518288 -0.0 0
1697090764.701388 -0.0 0
1697090764.7514799 -0.0 0
1697090764.8015757 -0.0 0
1697090764.851564 -0.0 0
1697090764.902143 -0.0 0
1697090764.9520333 -0.0 0
1697090765.0019865 -0.0 0
1697090765.0520873 -0.0 0
1697090765.1025462 -0.0 0
1697090765.1526515 -0.0 0
1697090765.2027533 -0.0 0
1697090765.2528343 -0.0 0
1697090765.3030486 -0.0 0
1697090765.3531883 -0.0 0
1697090765.403405 -0.0 0
1697090765.4535773 -0.0 0
1697090765.5037234 -0.0 0
1697090765.5540261 -0.0 0
1697090765.6043596 -0.0 0
1697090765.6545103 -0.0 0
1697090765.7045574 -0.0 0
1697090765.7549462 -0.0 0
1697090765.8048499 -0.0 0
1697090765.8550644 -0.0 0
1697090765.9052017 -0.0 0
1697090765.9554193 -0.0 0
1697090766.0057101 -0.0 0
1697090766.055603 -0.0 0
1697090766.1058476 -0.0 0
1697090766.1559522 -0.0 0
1697090766.2059321 -0.0 0
1697090766.2561681 -0.0 0
1697090766.3062162 -0.0 0
1697090766.3569975 -0.0 0
1697090766.4069364 -0.0 0
1697090766.4574535 -0.0 0
1697090766.508215 -0.0 0
1697090766.558042 -0.0 0
1697090766.6084273 -0.0 0
1697090766.6584878 -0.0 0
1697090766.7089148 -0.0 0
1697090766.7589612 -0.0 0
1697090766.810196 -0.0 0
1697090766.8594913 -0.0 0
1697090766.9092393 -0.0 0
1697090766.959637 -0.0 0
1697090767.0102327 -0.0 0
1697090767.0596864 -0.0 0
1697090767.1101534 -0.0 0
1697090767.1599433 -0.0 0
1697090767.2102826 -0.0 0
1697090767.2608352 -0.0 0
1697090767.3107018 -0.0 0
1697090767.3606794 -0.0 0
1697090767.4121008 -0.0 0
1697090767.462228 -0.0 0
1697090767.5124147 -0.0 0
1697090767.5630703 -0.0 0
1697090767.6130648 -0.0 0
1697090767.6631145 -0.0 0
1697090767.7131772 -0.0 0
1697090767.768953 -0.0 0
1697090767.813978 -0.0 0
1697090767.8639274 -0.0 0
1697090767.9138951 -0.0 0
1697090767.9642453 -0.0 0
1697090768.0141907 -0.0 0
1697090768.0644538 -0.0 0
1697090768.1143281 -0.0 0
1697090768.1648693 -0.0 0
1697090768.214926 -0.0 0
1697090768.264821 -0.0 0
1697090768.3155107 -0.0 0
1697090768.3650525 -0.0 0
1697090768.4157465 -0.0 0
1697090768.4658723 -0.0 0
1697090768.5161576 -0.0 0
1697090768.5657876 -0.0 0
1697090768.615846 -0.0 0
1697090768.6662858 -0.0 0
1697090768.716238 -0.0 0
1697090768.7664292 -0.0 0
1697090768.8167822 -0.0 0
1697090768.8670096 -0.0 0
1697090768.9169428 -0.0 0
1697090768.9672534 -0.0 0
1697090769.0171955 -0.0 0
1697090769.067086 -0.0 0
1697090769.1172442 -0.0 0
1697090769.1676564 -0.0 0
1697090769.217834 -0.0 0
1697090769.2680378 -0.0 0
1697090769.3181424 -0.0 0
1697090769.3683963 -0.0 0
1697090769.4196563 -0.0 0
1697090769.4716609 -0.0 0
1697090769.5284636 -0.0 0
1697090769.5848339 -0.0 0
1697090769.628204 -0.0 0
1697090769.6808453 -0.0 0
1697090769.739573 -0.0 0
1697090769.804434 -0.0 0
1697090769.8444405 -0.0 0
1697090769.8898435 -0.0 0
1697090769.9419193 -0.0 0
1697090769.9827118 -0.0 0
1697090770.0353189 -0.0 0
1697090770.089557 -0.0 0
1697090770.143768 -0.0 0
1697090770.1940954 -0.0 0
1697090770.2449534 -0.0 0
1697090770.2949734 -0.0 0
1697090770.344428 -0.0 0
1697090770.3944616 -0.0 0
1697090770.444804 -0.0 0
1697090770.494841 -0.0 0
1697090770.5449615 -0.0 0
1697090770.595055 -0.0 0
1697090770.6463637 -0.0 0
1697090770.6983197 -0.0 0
1697090770.7514849 -0.0 0
1697090770.797325 -0.0 0
1697090770.8590891 -0.0 0
1697090770.9152405 -0.0 0
1697090770.96549 -0.0 0
1697090771.008054 -0.0 0
1697090771.0548048 -0.0 0
1697090771.1042945 -0.0 0
1697090771.1543915 -0.0 0
1697090771.2045271 -0.0 0
1697090771.254091 -0.0 0
1697090771.3039165 -0.0 0
1697090771.3539848 -0.0 0
1697090771.4042516 -0.0 0
1697090771.4545295 -0.0 0
1697090771.5049918 -0.0 0
1697090771.5549648 -0.0 0
1697090771.604856 -0.0 0
1697090771.6583273 -0.0 0
1697090771.7181377 -0.0 0
1697090771.7580876 -0.0 0
1697090771.8080282 -0.0 0
1697090771.8584611 -0.0 0
1697090771.9083066 -0.0 0
1697090771.958294 -0.0 0
1697090772.008361 -0.0 0
1697090772.0596583 -0.0 0
1697090772.1093714 -0.0 0
1697090772.1589985 -0.0 0
1697090772.2096438 -0.0 0
1697090772.259436 -0.0 0
1697090772.3095367 -0.0 0
1697090772.3595765 -0.0 0
1697090772.4096053 -0.0 0
1697090772.4600108 -0.0 0
1697090772.509975 -0.0 0
1697090772.5601914 -0.0 0
1697090772.617332 -0.0 0
1697090772.664502 -0.0 0
1697090772.7119582 -0.0 0
1697090772.762977 -0.0 0
1697090772.8145654 -0.0 0
1697090772.8633583 -0.0 0
1697090772.9130156 -0.0 0
1697090772.9633255 -0.0 0
1697090773.0144162 -0.0 0
1697090773.066506 -0.0 0
1697090773.116916 -0.0 0
1697090773.1671307 -0.0 0
1697090773.2169666 -0.0 0
1697090773.269908 -0.0 0
1697090773.3616087 -0.0 0
1697090773.4160056 -0.0 0
1697090773.4602916 -0.0 0
1697090773.4928243 -0.0 0
1697090773.5229578 -0.0 0
1697090773.5719004 -0.0 0
1697090773.6215024 -0.0 0
1697090773.6714284 -0.0 0
1697090773.7214546 -0.0 0
1697090773.774501 -0.0 0
1697090773.8238184 -0.0 0
1697090773.8742542 -0.0 0
1697090773.927238 -0.0 0
1697090774.0076172 -0.0 0
1697090774.0817611 -0.0 0
1697090774.136982 -0.0 0
1697090774.2009249 -0.0 0
1697090774.2878466 -0.0 0
1697090774.3614087 -0.0 0
1697090774.4249907 -0.0 0
1697090774.4719317 -0.0 0
1697090774.5150485 -0.0 0
1697090774.5783544 -0.0 0
1697090774.6442297 -0.0 0
1697090774.6913943 -0.0 0
1697090774.7335012 -0.0 0
1697090774.8034663 -0.0 0
1697090774.8511736 -0.0 0
1697090774.8936412 -0.0 0
1697090774.937376 -0.0 0
1697090774.9843972 -0.0 0
1697090775.030801 -0.0 0
1697090775.1037781 -0.0 0
1697090775.1576815 -0.0 0
1697090775.216714 -0.0 0
1697090775.2818992 -0.0 0
1697090775.3298388 -0.0 0
1697090775.3753808 -0.0 0
1697090775.4173312 -0.0 0
1697090775.4589345 -0.0 0
1697090775.5017023 -0.0 0
1697090775.5568705 -0.0 0
1697090775.6058204 -0.0 0
1697090775.656747 -0.0 0
1697090775.7093103 -0.0 0
1697090775.752227 -0.0 0
1697090775.7999392 -0.0 0
1697090775.8555632 -0.0 0
1697090775.900416 -0.0 0
1697090775.9355373 -0.0 0
1697090775.9815881 -0.0 0
1697090776.0499845 -0.0 0
1697090776.1243122 -0.0 0
1697090776.1628888 -0.0 0
1697090776.2025397 -0.0 0
1697090776.239762 -0.0 0
1697090776.2664604 -0.0 0
1697090776.2978206 -0.0 0
1697090776.3482795 -0.0 0
1697090776.4007733 -0.0 0
1697090776.4622412 -0.0 0
1697090776.5119433 -0.0 0
1697090776.5609925 -0.0 0
1697090776.6109147 -0.0 0
1697090776.6604898 -0.0 0
1697090776.710156 -0.0 0
1697090776.7604296 -0.0 0
1697090776.811759 -0.0 0
1697090776.8607996 -0.0 0
1697090776.9111233 -0.0 0
1697090776.9609697 -0.0 0
1697090777.0111742 -0.0 0
1697090777.0614355 -0.0 0
1697090777.1111495 -0.0 0
1697090777.1613863 -0.0 0
1697090777.212083 -0.0 0
1697090777.2621095 -0.0 0
1697090777.3123827 -0.0 0
1697090777.362603 -0.0 0
1697090777.412964 -0.0 0
1697090777.4632082 -0.0 0
1697090777.514819 -0.0 0
1697090777.5644171 -0.0 0
1697090777.6148643 -0.0 0
1697090777.664706 -0.0 0
1697090777.7149818 -0.0 0
1697090777.765878 -0.0 0
1697090777.81523 -0.0 0
1697090777.8654387 -0.0 0
1697090777.915453 -0.0 0
1697090777.9655733 -0.0 0
1697090778.0157547 -0.0 0
1697090778.0660324 -0.0 0
1697090778.116104 -0.0 0
1697090778.1659703 -0.0 0
1697090778.2170308 -0.0 0
1697090778.2674966 -0.0 0
1697090778.3173947 -0.0 0
1697090778.3679147 -0.0 0
1697090778.4178693 -0.0 0
1697090778.4678645 -0.0 0
1697090778.5180805 -0.0 0
1697090778.568128 -0.0 0
1697090778.618332 -0.0 0
1697090778.6691751 -0.0 0
1697090778.7194004 -0.0 0
1697090778.7690532 -0.0 0
1697090778.8193774 -0.0 0
1697090778.869064 -0.0 0
1697090778.9193807 -0.0 0
1697090778.9755518 -0.0 0
1697090779.0255184 -0.0 0
1697090779.0746138 -0.0 0
1697090779.1240356 -0.0 0
1697090779.1733022 -0.0 0
1697090779.2227902 -0.0 0
1697090779.2729433 -0.0 0
1697090779.3231914 -0.0 0
1697090779.3732882 -0.0 0
1697090779.4234748 -0.0 0
1697090779.474773 -0.0 0
1697090779.524729 -0.0 0
1697090779.5749445 -0.0 0
1697090779.6249807 -0.0 0
1697090779.676056 -0.0 0
1697090779.72604 -0.0 0
1697090779.7758064 -0.0 0
1697090779.825836 -0.0 0
1697090779.8760638 -0.0 0
1697090779.926104 -0.0 0
1697090779.9761488 -0.0 0
1697090780.0268877 -0.0 0
1697090780.076482 -0.0 0
1697090780.1269295 -0.0 0
1697090780.1769898 -0.0 0
1697090780.2272975 -0.0 0
1697090780.278628 -0.0 0
1697090780.327484 -0.0 0
1697090780.3777826 -0.0 0
1697090780.428294 -0.0 0
1697090780.478105 -0.0 0
1697090780.527998 -0.0 0
1697090780.578029 -0.0 0
1697090780.6281807 -0.0 0
1697090780.6780891 -0.0 0
1697090780.7285495 -0.0 0
1697090780.779322 -0.0 0
1697090780.8288233 -0.0 0
1697090780.8793294 -0.0 0
1697090780.9292483 -0.0 0
1697090780.9797845 -0.0 0
1697090781.0293431 -0.0 0
1697090781.0796156 -0.0 0
1697090781.1302357 -0.0 0
1697090781.1799033 -0.0 0
1697090781.2306023 -0.0 0
1697090781.280163 -0.0 0
1697090781.3306725 -0.0 0
1697090781.3805394 -0.0 0
1697090781.4308314 -0.0 0
1697090781.481347 -0.0 0
1697090781.5314896 -0.0 0
1697090781.5811365 -0.0 0
1697090781.631495 -0.0 0
1697090781.6815758 -0.0 0
1697090781.7318726 -0.0 0
1697090781.782226 -0.0 0
1697090781.8322697 -0.0 0
1697090781.8827298 -0.0 0
1697090781.9325867 -0.0 0
1697090781.982736 -0.0 0
1697090782.0331507 -0.0 0
1697090782.0832088 -0.0 0
1697090782.1334457 -0.0 0
1697090782.1835656 -0.0 0
1697090782.2337925 -0.0 0
1697090782.284524 -0.0 0
1697090782.3344462 -0.0 0
1697090782.3845065 -0.0 0
1697090782.43599 -0.0 0
1697090782.4860892 -0.0 0
1697090782.5360448 -0.0 0
1697090782.5866585 -0.0 0
1697090782.6363177 -0.0 0
1697090782.6866138 -0.0 0
1697090782.736748 -0.0 0
1697090782.7869463 -0.0 0
1697090782.8372526 -0.0 0
1697090782.8874576 -0.0 0
1697090782.937415 -0.0 0
1697090782.9876103 -0.0 0
1697090783.0379107 -0.0 0
1697090783.088112 -0.0 0
1697090783.1380808 -0.0 0
1697090783.1883643 -0.0 0
1697090783.238627 -0.0 0
1697090783.2887516 -0.0 0
1697090783.3401163 -0.0 0
1697090783.389212 -0.0 0
1697090783.4393675 -0.0 0
1697090783.4897575 -0.0 0
1697090783.5399854 -0.0 0
1697090783.590185 -0.0 0
1697090783.6402013 -0.0 0
1697090783.690437 -0.0 0
1697090783.7405093 -0.0 0
1697090783.7908616 -0.0 0
1697090783.8408582 -0.0 0
1697090783.891141 -0.0 0
1697090783.941718 -0.0 0
1697090783.9925678 -0.0 0
1697090784.0421586 -0.0 0
1697090784.092374 -0.0 0
1697090784.142795 -0.0 0
1697090784.1927395 -0.0 0
1697090784.242849 -0.0 0
1697090784.2929938 -0.0 0
1697090784.343659 -0.0 0
1697090784.393732 -0.0 0
1697090784.445544 -0.0 0
1697090784.4957485 -0.0 0
1697090784.5455642 -0.0 0
1697090784.59523 -0.0 0
1697090784.6454546 -0.0 0
1697090784.6956232 -0.0 0
1697090784.7453568 -0.0 0
1697090784.7959166 -0.0 0
1697090784.8458865 -0.0 0
1697090784.8976398 -0.0 0
1697090784.9465415 -0.0 0
1697090784.997002 -0.0 0
1697090785.0469284 -0.0 0
1697090785.096887 -0.0 0
1697090785.1475084 -0.0 0
1697090785.197445 -0.0 0
1697090785.2477474 -0.0 0
1697090785.2985137 -0.0 0
1697090785.3485687 -0.0 0
1697090785.3985157 -0.0 0
1697090785.4485 -0.0 0
1697090785.499216 -0.0 0
1697090785.5489807 -0.0 0
1697090785.5995607 -0.0 0
1697090785.6491332 -0.0 0
1697090785.6993284 -0.0 0
1697090785.7497046 -0.0 0
1697090785.7998805 -0.0 0
1697090785.8498323 -0.0 0
1697090785.9001534 -0.0 0
1697090785.955494 -0.0 0
1697090786.034098 -0.0 0
1697090786.073159 -0.0 0
1697090786.112585 -0.0 0
1697090786.1577122 -0.0 0
1697090786.2077813 -0.0 0
1697090786.25809 -0.0 0
1697090786.3081508 -0.0 0
1697090786.3584383 -0.0 0
1697090786.4085968 -0.0 0
1697090786.4669595 -0.0 0
1697090786.5183446 -0.0 0
1697090786.56247 -0.0 0
1697090786.6149607 -0.0 0
1697090786.6621628 -0.0 0
1697090786.7116454 -0.0 0
1697090786.7623632 -0.0 0
1697090786.8119974 -0.0 0
1697090786.8618882 -0.0 0
1697090786.912463 -0.0 0
1697090786.9622514 -0.0 0
1697090787.0129108 -0.0 0
1697090787.0631487 -0.0 0
1697090787.1155264 -0.0 0
1697090787.1638122 -0.0 0
1697090787.2135482 -0.0 0
1697090787.2655337 -0.0 0
1697090787.3150837 -0.0 0
1697090787.3646574 -0.0 0
1697090787.4152255 -0.0 0
1697090787.465205 -0.0 0
1697090787.5153437 -0.0 0
1697090787.5674465 -0.0 0
1697090787.618348 -0.0 0
1697090787.669532 -0.0 0
1697090787.71943 -0.0 0
1697090787.7692864 -0.0 0
1697090787.8217933 -0.0 0
1697090787.8723419 -0.0 0
1697090787.9230547 -0.0 0
1697090787.9728303 -0.0 0
1697090788.0243301 -0.0 0
1697090788.0742624 -0.0 0
1697090788.1244063 -0.0 0
1697090788.1749408 -0.0 0
1697090788.2249455 -0.0 0
1697090788.2756255 -0.0 0
1697090788.3255315 -0.0 0
1697090788.3763816 -0.0 0
1697090788.4269774 -0.0 0
1697090788.4771354 -0.0 0
1697090788.5277004 -0.0 0
1697090788.5776198 -0.0 0
1697090788.6282566 -0.0 0
1697090788.6790524 -0.0 0
1697090788.7281942 -0.0 0
1697090788.7781353 -0.0 0
1697090788.828278 -0.0 0
1697090788.8800676 -0.0 0
1697090788.9299893 -0.0 0
1697090788.9797885 -0.0 0
1697090789.0300875 -0.0 0
1697090789.0798454 -0.0 0
1697090789.12985 -0.0 0
1697090789.1801965 -0.0 0
1697090789.2304044 -0.0 0
1697090789.2803123 -0.0 0
1697090789.3307986 -0.0 0
1697090789.3820283 -0.0 0
1697090789.4331677 -0.0 0
1697090789.4848769 -0.0 0
1697090789.5344725 -0.0 0
1697090789.583801 -0.0 0
1697090789.6337714 -0.0 0
1697090789.6855986 -0.0 0
1697090789.735841 -0.0 0
1697090789.784906 -0.0 0
1697090789.835081 -0.0 0
1697090789.8844552 -0.0 0
1697090789.9348748 -0.0 0
1697090789.9942868 -0.0 0
1697090790.042196 -0.0 0
1697090790.08909 -0.0 0
1697090790.1397347 -0.0 0
1697090790.18965 -0.0 0
1697090790.2427 -0.0 0
1697090790.2900558 -0.0 0
1697090790.3407493 -0.0 0
1697090790.390445 -0.0 0
1697090790.4404345 -0.0 0
1697090790.4905338 -0.0 0
1697090790.5407135 -0.0 0
1697090790.591646 -0.0 0
1697090790.6430955 -0.0 0
1697090790.6926477 -0.0 0
1697090790.7426746 -0.0 0
1697090790.7929263 -0.0 0
1697090790.8437252 -0.0 0
1697090790.8936198 -0.0 0
1697090790.943719 -0.0 0
1697090790.9940398 -0.0 0
1697090791.0446448 -0.0 0
1697090791.0954425 -0.0 0
1697090791.1447513 -0.0 0
1697090791.195837 -0.0 0
1697090791.245089 -0.0 0
1697090791.2960272 -0.0 0
1697090791.3458803 -0.0 0
1697090791.39575 -0.0 0
1697090791.446059 -0.0 0
1697090791.4960124 -0.0 0
1697090791.5460231 -0.0 0
1697090791.5961244 -0.0 0
1697090791.6937792 -0.0 0
1697090791.7215767 -0.0 0
1697090791.747152 -0.0 0
1697090791.7970455 -0.0 0
1697090791.8482933 -0.0 0
1697090791.8986783 -0.0 0
1697090791.9488082 -0.0 0
1697090791.9991796 -0.0 0
1697090792.049108 -0.0 0
1697090792.0992343 -0.0 0
1697090792.1494613 -0.0 0
1697090792.1997828 -0.0 0
1697090792.2498326 -0.0 0
1697090792.3009934 -0.0 0
1697090792.3510952 -0.0 0
1697090792.4020627 -0.0 0
1697090792.4518964 -0.0 0
1697090792.501923 -0.0 0
1697090792.553028 -0.0 0
1697090792.6041214 -0.0 0
1697090792.654693 -0.0 0
1697090792.704781 -0.0 0
1697090792.7551312 -0.0 0
1697090792.806949 -0.0 0
1697090792.8568459 -0.0 0
1697090792.9069538 -0.0 0
1697090792.9574325 -0.0 0
1697090793.0081317 -0.0 0
1697090793.0584517 -0.0 0
1697090793.1087182 -0.0 0
1697090793.1598377 -0.0 0
1697090793.2097242 -0.0 0
1697090793.272803 -0.0 0
1697090793.3149557 -0.0 0
1697090793.3602285 -0.0 0
1697090793.4102771 -0.0 0
1697090793.4603257 -0.0 0
1697090793.5110464 -0.0 0
1697090793.560733 -0.0 0
1697090793.6112251 -0.0 0
1697090793.661717 -0.0 0
1697090793.7118566 -0.0 0
1697090793.7615452 -0.0 0
1697090793.8118205 -0.0 0
1697090793.8619666 -0.0 0
1697090793.9115674 -0.0 0
1697090793.9628785 -0.0 0
1697090794.0142322 -0.0 0
1697090794.0635757 -0.0 0
1697090794.1143334 -0.0 0
1697090794.1641018 -0.0 0
1697090794.2143853 -0.0 0
1697090794.2638454 -0.0 0
1697090794.3140433 -0.0 0
1697090794.3643315 -0.0 0
1697090794.4145093 -0.0 0
1697090794.4648445 -0.0 0
1697090794.5146534 -0.0 0
1697090794.5656211 -0.0 0
1697090794.6164856 -0.0 0
1697090794.6673412 -0.0 0
1697090794.7166944 -0.0 0
1697090794.7677248 -0.0 0
1697090794.8177798 -0.0 0
1697090794.8681822 -0.0 0
1697090794.9188666 -0.0 0
1697090794.9707925 -0.0 0
1697090795.0202043 -0.0 0
1697090795.0700092 -0.0 0
1697090795.1209798 -0.0 0
1697090795.1703367 -0.0 0
1697090795.220108 -0.0 0
1697090795.270168 -0.0 0
1697090795.320907 -0.0 0
1697090795.3714619 -0.0 0
1697090795.4211035 -0.0 0
1697090795.47172 -0.0 0
1697090795.521561 -0.0 0
1697090795.5716586 -0.0 0
1697090795.621926 -0.0 0
1697090795.671898 -0.0 0
1697090795.7220557 -0.0 0
1697090795.7721531 -0.0 0
1697090795.8222983 -0.0 0
1697090795.8723247 -0.0 0
1697090795.922622 -0.0 0
1697090795.9800494 -0.0 0
1697090796.0309553 -0.0 0
1697090796.081678 -0.0 0
1697090796.1321564 -0.0 0
1697090796.181934 -0.0 0
1697090796.2318473 -0.0 0
1697090796.283853 -0.0 0
1697090796.337063 -0.0 0
1697090796.3859727 -0.0 0
1697090796.4351497 -0.0 0
1697090796.4844925 -0.0 0
1697090796.5343115 -0.0 0
1697090796.5842288 -0.0 0
1697090796.6344814 -0.0 0
1697090796.6845462 -0.0 0
1697090796.7345839 -0.0 0
1697090796.784833 -0.0 0
1697090796.8345816 -0.0 0
1697090796.8846827 -0.0 0
1697090796.9350257 -0.0 0
1697090796.9852352 -0.0 0
1697090797.0354574 -0.0 0
1697090797.0856688 -0.0 0
1697090797.1356354 -0.0 0
1697090797.1858854 -0.0 0
1697090797.2372406 -0.0 0
1697090797.2864544 -0.0 0
1697090797.3366992 -0.0 0
1697090797.3872523 -0.0 0
1697090797.4370883 -0.0 0
1697090797.4868917 -0.0 0
1697090797.5376165 -0.0 0
1697090797.5873387 -0.0 0
1697090797.637841 -0.0 0
1697090797.688424 -0.0 0
1697090797.7397919 -0.0 0
1697090797.7900696 -0.0 0
1697090797.840254 -0.0 0
1697090797.8903356 -0.0 0
1697090797.939952 -0.0 0
1697090797.9899752 -0.0 0
1697090798.0400276 -0.0 0
1697090798.0899942 -0.0 0
1697090798.1402197 -0.0 0
1697090798.1901639 -0.0 0
1697090798.2402594 -0.0 0
1697090798.290831 -0.0 0
1697090798.340681 -0.0 0
1697090798.3908668 -0.0 0
1697090798.4409132 -0.0 0
1697090798.4917698 -0.0 0
1697090798.542076 -0.0 0
1697090798.5922441 -0.0 0
1697090798.6419456 -0.0 0
1697090798.6921175 -0.0 0
1697090798.7438667 -0.0 0
1697090798.7940278 -0.0 0
1697090798.8445132 -0.0 0
1697090798.8952198 -0.0 0
1697090798.9449112 -0.0 0
1697090798.9970803 -0.0 0
1697090799.047458 -0.0 0
1697090799.0968697 -0.0 0
1697090799.1469967 -0.0 0
1697090799.1967957 -0.0 0
1697090799.2512789 -0.0 0
1697090799.299496 -0.0 0
1697090799.3482668 -0.0 0
1697090799.3982863 -0.0 0
1697090799.4484243 -0.0 0
1697090799.49875 -0.0 0
1697090799.548501 -0.0 0
1697090799.5990736 -0.0 0
1697090799.6491566 -0.0 0
1697090799.6991363 -0.0 0
1697090799.7491062 -0.0 0
1697090799.799032 -0.0 0
1697090799.8491354 -0.0 0
1697090799.9001527 -0.0 0
1697090799.9511154 -0.0 0
1697090800.0008826 -0.0 0
1697090800.0515847 -0.0 0
1697090800.1012726 -0.0 0
1697090800.1513212 -0.0 0
1697090800.2012684 -0.0 0
1697090800.2514951 -0.0 0
1697090800.3019795 -0.0 0
1697090800.352065 -0.0 0
1697090800.4021602 -0.0 0
1697090800.4522836 -0.0 0
1697090800.5024357 -0.0 0
1697090800.552462 -0.0 0
1697090800.6035285 -0.0 0
1697090800.6533127 -0.0 0
1697090800.703567 -0.0 0
1697090800.7538862 -0.0 0
1697090800.8046901 -0.0 0
1697090800.8548245 -0.0 0
1697090800.904388 -0.0 0
1697090800.9545834 -0.0 0
1697090801.0045393 -0.0 0
1697090801.054568 -0.0 0
1697090801.1050289 -0.0 0
1697090801.1550994 -0.0 0
1697090801.2058692 -0.0 0
1697090801.2557342 -0.0 0
1697090801.3057947 -0.0 0
1697090801.356099 -0.0 0
1697090801.4062045 -0.0 0
1697090801.4573488 -0.0 0
1697090801.5069335 -0.0 0
1697090801.5571463 -0.0 0
1697090801.6081839 -0.0 0
1697090801.6579556 -0.0 0
1697090801.7092538 -0.0 0
1697090801.7593071 -0.0 0
1697090801.8093102 -0.0 0
1697090801.8599806 -0.0 0
1697090801.9098756 -0.0 0
1697090801.9605486 -0.0 0
1697090802.0102377 -0.0 0
1697090802.0602388 -0.0 0
1697090802.1104383 -0.0 0
1697090802.1605587 -0.0 0
1697090802.2106953 -0.0 0
1697090802.2610168 -0.0 0
1697090802.3110256 -0.0 0
1697090802.361249 -0.0 0
1697090802.411963 -0.0 0
1697090802.4625719 -0.0 0
1697090802.5125139 -0.0 0
1697090802.5624545 -0.0 0
1697090802.6124554 -0.0 0
1697090802.662588 -0.0 0
1697090802.7125561 -0.0 0
1697090802.7633157 -0.0 0
1697090802.8131032 -0.0 0
1697090802.862818 -0.0 0
1697090802.913233 -0.0 0
1697090802.9631758 -0.0 0
1697090803.0137136 -0.0 0
1697090803.0635726 -0.0 0
1697090803.113699 -0.0 0
1697090803.164739 -0.0 0
1697090803.214851 -0.0 0
1697090803.2670722 -0.0 0
1697090803.3162324 -0.0 0
1697090803.3661346 -0.0 0
1697090803.4161384 -0.0 0
1697090803.4666545 -0.0 0
1697090803.5168068 -0.0 0
1697090803.5669994 -0.0 0
1697090803.61712 -0.0 0
1697090803.6672385 -0.0 0
1697090803.7172027 -0.0 0
1697090803.7715929 -0.0 0
1697090803.8217256 -0.0 0
1697090803.8715706 -0.0 0
1697090803.9214985 -0.0 0
1697090803.9720063 -0.0 0
1697090804.022492 -0.0 0
1697090804.0725935 -0.0 0
1697090804.1235707 -0.0 0
1697090804.1728318 -0.0 0
1697090804.2229936 -0.0 0
1697090804.2737849 -0.0 0
1697090804.323529 -0.0 0
1697090804.374743 -0.0 0
1697090804.4238784 -0.0 0
1697090804.474356 -0.0 0
1697090804.5247207 -0.0 0
1697090804.5747633 -0.0 0
1697090804.62556 -0.0 0
1697090804.679459 -0.0 0
1697090804.7288551 -0.0 0
1697090804.7797291 -0.0 0
1697090804.8296602 -0.0 0
1697090804.8798802 -0.0 0
1697090804.9298983 -0.0 0
1697090804.9799476 -0.0 0
1697090805.030595 -0.0 0
1697090805.080651 -0.0 0
1697090805.130868 -0.0 0
1697090805.1817298 -0.0 0
1697090805.2311728 -0.0 0
1697090805.2821915 -0.0 0
1697090805.3318734 -0.0 0
1697090805.3826358 -0.0 0
1697090805.4329536 -0.0 0
1697090805.483135 -0.0 0
1697090805.5336323 -0.0 0
1697090805.5835402 -0.0 0
1697090805.6335273 -0.0 0
1697090805.683518 -0.0 0
1697090805.7336683 -0.0 0
1697090805.7837029 -0.0 0
1697090805.8339927 -0.0 0
1697090805.884076 -0.0 0
1697090805.9342644 -0.0 0
1697090805.9840946 -0.0 0
1697090806.034285 -0.0 0
1697090806.0848858 -0.0 0
1697090806.134901 -0.0 0
1697090806.1851573 -0.0 0
1697090806.2351787 -0.0 0
1697090806.285369 -0.0 0
1697090806.3353086 -0.0 0
1697090806.3856409 -0.0 0
1697090806.4356587 -0.0 0
1697090806.4858172 -0.0 0
1697090806.5358999 -0.0 0
1697090806.5861428 -0.0 0
1697090806.6360974 -0.0 0
1697090806.686599 -0.0 0
1697090806.7367618 -0.0 0
1697090806.7868075 -0.0 0
1697090806.8369246 -0.0 0
1697090806.8870308 -0.0 0
1697090806.9375255 -0.0 0
1697090806.9877038 -0.0 0
1697090807.0382955 -0.0 0
1697090807.0878556 -0.0 0
1697090807.1381469 -0.0 0
1697090807.188005 -0.0 0
1697090807.2383895 -0.0 0
1697090807.292959 -0.0 0
1697090807.3428266 -0.0 0
1697090807.392768 -0.0 0
1697090807.4427989 -0.0 0
1697090807.4929178 -0.0 0
1697090807.542972 -0.0 0
1697090807.5933304 -0.0 0
1697090807.6436322 -0.0 0
1697090807.6937916 -0.0 0
1697090807.7439022 -0.0 0
1697090807.794076 -0.0 0
1697090807.844194 -0.0 0
1697090807.894047 -0.0 0
1697090807.94422 -0.0 0
1697090807.9948635 -0.0 0
1697090808.045016 -0.0 0
1697090808.0956273 -0.0 0
1697090808.1456232 -0.0 0
1697090808.1957092 -0.0 0
1697090808.24591 -0.0 0
1697090808.2958744 -0.0 0
1697090808.347798 -0.0 0
1697090808.4009304 -0.0 0
1697090808.4509933 -0.0 0
1697090808.5010552 -0.0 0
1697090808.551024 -0.0 0
1697090808.6011279 -0.0 0
1697090808.6514812 -0.0 0
1697090808.7016122 -0.0 0
1697090808.7522023 -0.0 0
1697090808.8016596 -0.0 0
1697090808.8525655 -0.0 0
