1697177324.7482994 -0.0 0
1697177325.0361128 -0.0 0
1697177325.1937356 -0.0 0
1697177325.2453148 -0.0 0
1697177325.2970245 -0.0 0
1697177325.34799 -0.0 0
1697177325.3985872 -0.0 0
1697177325.4497066 -0.0 0
1697177325.499692 -0.0 0
1697177325.5511773 -0.0 0
1697177325.5989451 -0.0 0
1697177325.6547616 -0.0 0
1697177325.7158144 -0.0 0
1697177325.7618973 -0.0 0
1697177325.806162 -0.0 0
1697177325.8575113 -0.0 0
1697177325.9070644 -0.0 0
1697177325.9575372 -0.0 0
1697177326.0069537 -0.0 0
1697177326.0568607 -0.0 0
1697177326.1078162 -0.0 0
1697177326.1575363 -0.0 0
1697177326.2101123 -0.0 0
1697177326.259114 -0.0 0
1697177326.3089683 -0.0 0
1697177326.358886 -0.0 0
1697177326.4088242 -0.0 0
1697177326.458726 -0.0 0
1697177326.509245 -0.0 0
1697177326.5592203 -0.0 0
1697177326.6115043 -0.0 0
1697177326.6618583 -0.0 0
1697177326.712223 -0.0 0
1697177326.7621212 -0.0 0
1697177326.8141022 -0.0 0
1697177326.8657062 -0.0 0
1697177326.9151158 -0.0 0
1697177326.9650805 -0.0 0
1697177327.0181413 -0.0 0
1697177327.065553 -0.0 0
1697177327.1154597 -0.0 0
1697177327.1727862 -0.0 0
1697177327.2154663 -0.0 0
1697177327.265542 -0.0 0
1697177327.31574 -0.0 0
1697177327.366669 -0.0 0
1697177327.4159873 -0.0 0
1697177327.4658487 -0.0 0
1697177327.5166225 -0.0 0
1697177327.5666034 -0.0 0
1697177327.6179287 -0.0 0
1697177327.6675117 -0.0 0
1697177327.7178848 -0.0 0
1697177327.7677867 -0.0 0
1697177327.817923 -0.0 0
1697177327.8688078 -0.0 0
1697177327.919361 -0.0 0
1697177327.9691982 -0.0 0
1697177328.0192425 -0.0 0
1697177328.0690384 -0.0 0
1697177328.1187842 -0.0 0
1697177328.169392 -0.0 0
1697177328.219573 -0.0 0
1697177328.2696326 -0.0 0
1697177328.319828 -0.0 0
1697177328.3701525 -0.0 0
1697177328.4203324 -0.0 0
1697177328.4709532 -0.0 0
1697177328.5209072 -0.0 0
1697177328.572019 -0.0 0
1697177328.6216002 -0.0 0
1697177328.6714547 -0.0 0
1697177328.7217455 -0.0 0
1697177328.771919 -0.0 0
1697177328.822401 -0.0 0
1697177328.8733644 -0.0 0
1697177328.9232376 -0.0 0
1697177328.9733806 -0.0 0
1697177329.0242612 -0.0 0
1697177329.0760095 -0.0 0
1697177329.1264272 -0.0 0
1697177329.176429 -0.0 0
1697177329.2262166 -0.0 0
1697177329.2764893 -0.0 0
1697177329.3268936 -0.0 0
1697177329.3766887 -0.0 0
1697177329.4295356 -0.0 0
1697177329.480062 -0.0 0
1697177329.5305035 -0.0 0
1697177329.5823228 -0.0 0
1697177329.6587563 -0.0 0
1697177329.7102253 -0.0 0
1697177329.7434964 -0.0 0
1697177329.782752 -0.0 0
1697177329.8358746 -0.0 0
1697177329.8852239 -0.0 0
1697177329.9341412 -0.0 0
1697177329.9839683 -0.0 0
1697177330.033731 -0.0 0
1697177330.0845373 -0.0 0
1697177330.1340435 -0.0 0
1697177330.1842313 -0.0 0
1697177330.2339149 -0.0 0
1697177330.2839856 -0.0 0
1697177330.3341527 -0.0 0
1697177330.384863 -0.0 0
1697177330.4354877 -0.0 0
1697177330.4849339 -0.0 0
1697177330.5356731 -0.0 0
1697177330.5863895 -0.0 0
1697177330.6366632 -0.0 0
1697177330.6876788 -0.0 0
1697177330.73798 -0.0 0
1697177330.7876697 -0.0 0
1697177330.8380983 -0.0 0
1697177330.8876903 -0.0 0
1697177330.9392645 -0.0 0
1697177330.9891849 -0.0 0
1697177331.0390735 -0.0 0
1697177331.0897017 -0.0 0
1697177331.1398895 -0.0 0
1697177331.1900208 -0.0 0
1697177331.2399383 -0.0 0
1697177331.2900527 -0.0 0
1697177331.3404636 -0.0 0
1697177331.3902404 -0.0 0
1697177331.4421682 -0.0 0
1697177331.4927793 -0.0 0
1697177331.542437 -0.0 0
1697177331.5919867 -0.0 0
1697177331.6569293 -0.0 0
1697177331.7115817 -0.0 0
1697177331.7541592 -0.0 0
1697177331.8002932 -0.0 0
1697177331.8498728 -0.0 0
1697177331.9034204 -0.0 0
1697177331.9521737 -0.0 0
1697177332.003181 -0.0 0
1697177332.0516798 -0.0 0
1697177332.1012518 -0.0 0
1697177332.1607707 -0.0 0
1697177332.2025785 -0.0 0
1697177332.2515194 -0.0 0
1697177332.3011076 -0.0 0
1697177332.3529975 -0.0 0
1697177332.4028134 -0.0 0
1697177332.4524066 -0.0 0
1697177332.5025282 -0.0 0
1697177332.5524006 -0.0 0
1697177332.6027086 -0.0 0
1697177332.6561167 -0.0 0
1697177332.7069123 -0.0 0
1697177332.7588243 -0.0 0
1697177332.815502 -0.0 0
1697177332.8585024 -0.0 0
1697177332.909065 -0.0 0
1697177332.9593396 -0.0 0
1697177333.0096545 -0.0 0
1697177333.0621448 -0.0 0
1697177333.1137826 -0.0 0
1697177333.1759298 -0.0 0
1697177333.2254615 -0.0 0
1697177333.2852118 -0.0 0
1697177333.3528333 -0.0 0
1697177333.3938267 -0.0 0
1697177333.4348853 -0.0 0
1697177333.471785 -0.0 0
1697177333.5209088 -0.0 0
1697177333.5705254 -0.0 0
1697177333.6225073 -0.0 0
1697177333.6716022 -0.0 0
1697177333.722523 -0.0 0
1697177333.7723446 -0.0 0
1697177333.822972 -0.0 0
1697177333.872894 -0.0 0
1697177333.925026 -0.0 0
1697177333.975661 -0.0 0
1697177334.0280058 -0.0 0
1697177334.0775113 -0.0 0
1697177334.127645 -0.0 0
1697177334.1779037 -0.0 0
1697177334.2288556 -0.0 0
1697177334.278561 -0.0 0
1697177334.3284557 -0.0 0
1697177334.3782322 -0.0 0
1697177334.428593 -0.0 0
1697177334.478316 -0.0 0
1697177334.5288265 -0.0 0
1697177334.579059 -0.0 0
1697177334.6301355 -0.0 0
1697177334.6810458 -0.0 0
1697177334.7314749 -0.0 0
1697177334.7814255 -0.0 0
1697177334.8313317 -0.0 0
1697177334.881023 -0.0 0
1697177334.931927 -0.0 0
1697177334.9835923 -0.0 0
1697177335.0334854 -0.0 0
1697177335.083877 -0.0 0
