1697088867.4620793 -0.0 0
1697088867.7451193 -0.0 0
1697088867.885571 -0.0 0
1697088867.9246018 -0.0 0
1697088867.9590046 -0.0 0
1697088867.9810464 -0.0 0
1697088868.0187695 -0.0 0
1697088868.0557685 -0.0 0
1697088868.0951524 -0.0 0
1697088868.1460147 -0.0 0
1697088868.1963317 -0.0 0
1697088868.2470012 -0.0 0
1697088868.2968292 -0.0 0
1697088868.3488066 -0.0 0
1697088868.3965578 -0.0 0
1697088868.4467168 -0.0 0
1697088868.4970307 -0.0 0
1697088868.5476294 -0.0 0
1697088868.597582 -0.0 0
1697088868.6480007 -0.0 0
1697088868.6985528 -0.0 0
1697088868.7479854 -0.0 0
1697088868.7986696 -0.0 0
1697088868.850609 -0.0 0
1697088868.9000216 -0.0 0
1697088868.950615 -0.0 0
1697088869.000316 -0.0 0
1697088869.0499825 -0.0 0
1697088869.1004236 -0.0 0
1697088869.150805 -0.0 0
1697088869.2007499 -0.0 0
1697088869.2509174 -0.0 0
1697088869.300811 -0.0 0
1697088869.350994 -0.0 0
1697088869.4011252 -0.0 0
1697088869.4514477 -0.0 0
1697088869.5018425 -0.0 0
1697088869.5522444 -0.0 0
1697088869.602339 -0.0 0
1697088869.652321 -0.0 0
1697088869.7032666 -0.0 0
1697088869.753265 -0.0 0
1697088869.8039002 -0.0 0
1697088869.854302 -0.0 0
1697088869.9053032 -0.0 0
1697088869.9552069 -0.0 0
1697088870.0055652 -0.0 0
1697088870.0569706 -0.0 0
1697088870.1077855 -0.0 0
1697088870.157617 -0.0 0
1697088870.2080686 -0.0 0
1697088870.2612765 -0.0 0
1697088870.3111718 -0.0 0
1697088870.3598342 -0.0 0
1697088870.4104993 -0.0 0
1697088870.4605112 -0.0 0
1697088870.51182 -0.0 0
1697088870.5619955 -0.0 0
1697088870.617145 -0.0 0
1697088870.6682298 -0.0 0
1697088870.7197914 -0.0 0
1697088870.7722828 -0.0 0
1697088870.8226466 -0.0 0
1697088870.8734894 -0.0 0
1697088870.924027 -0.0 0
1697088870.9753752 -0.0 0
1697088871.0283635 -0.0 0
1697088871.077648 -0.0 0
1697088871.1281564 -0.0 0
1697088871.1792464 -0.0 0
1697088871.2290134 -0.0 0
1697088871.2796433 -0.0 0
1697088871.3324625 -0.0 0
1697088871.381449 -0.0 0
1697088871.430452 -0.0 0
1697088871.4805152 -0.0 0
1697088871.5307872 -0.0 0
1697088871.5807424 -0.0 0
1697088871.6324615 -0.0 0
1697088871.6846108 -0.0 0
1697088871.7335515 -0.0 0
1697088871.7829242 -0.0 0
1697088871.832709 -0.0 0
1697088871.8837583 -0.0 0
1697088871.9351501 -0.0 0
1697088871.9854012 -0.0 0
1697088872.035501 -0.0 0
1697088872.0853512 -0.0 0
1697088872.1353645 -0.0 0
1697088872.185294 -0.0 0
1697088872.2353597 -0.0 0
1697088872.2855928 -0.0 0
1697088872.3369567 -0.0 0
1697088872.3872128 -0.0 0
1697088872.4372616 -0.0 0
1697088872.4878404 -0.0 0
1697088872.5379672 -0.0 0
1697088872.5879254 -0.0 0
1697088872.6405218 -0.0 0
1697088872.69081 -0.0 0
1697088872.7408798 -0.0 0
1697088872.7909553 -0.0 0
1697088872.841422 -0.0 0
1697088872.8911731 -0.0 0
1697088872.9411619 -0.0 0
1697088872.9918776 -0.0 0
1697088873.0418677 -0.0 0
1697088873.093199 -0.0 0
1697088873.1427934 -0.0 0
1697088873.1933446 -0.0 0
1697088873.2434378 -0.0 0
1697088873.2956743 -0.0 0
1697088873.344597 -0.0 0
1697088873.3949473 -0.0 0
1697088873.4451804 -0.0 0
1697088873.4957423 -0.0 0
1697088873.5462797 -0.0 0
1697088873.5958524 -0.0 0
1697088873.646031 -0.0 0
1697088873.6978095 -0.0 0
1697088873.748013 -0.0 0
1697088873.7989469 -0.0 0
1697088873.8492188 -0.0 0
1697088873.9011295 -0.0 0
1697088873.953115 -0.0 0
1697088874.0024474 -0.0 0
1697088874.0532298 -0.0 0
1697088874.1027384 -0.0 0
1697088874.153053 -0.0 0
1697088874.206933 -0.0 0
1697088874.2581549 -0.0 0
1697088874.308994 -0.0 0
1697088874.3590226 -0.0 0
1697088874.410504 -0.0 0
1697088874.4601161 -0.0 0
1697088874.5100527 -0.0 0
1697088874.560208 -0.0 0
1697088874.6113722 -0.0 0
1697088874.661298 -0.0 0
1697088874.712249 -0.0 0
1697088874.7620516 -0.0 0
1697088874.8121185 -0.0 0
1697088874.8620436 -0.0 0
1697088874.9117436 -0.0 0
1697088874.9637012 -0.0 0
1697088875.0137055 -0.0 0
1697088875.0647311 -0.0 0
1697088875.1145897 -0.0 0
1697088875.1645327 -0.0 0
1697088875.2188272 -0.0 0
1697088875.2677906 -0.0 0
1697088875.3171935 -0.0 0
1697088875.3666215 -0.0 0
1697088875.4164302 -0.0 0
1697088875.4662428 -0.0 0
1697088875.5160134 -0.0 0
1697088875.566236 -0.0 0
1697088875.616797 -0.0 0
1697088875.6673524 -0.0 0
1697088875.7176127 -0.0 0
1697088875.7676618 -0.0 0
1697088875.8176908 -0.0 0
1697088875.8679538 -0.0 0
1697088875.9180803 -0.0 0
1697088875.9684038 -0.0 0
1697088876.0188928 -0.0 0
1697088876.0711699 -0.0 0
1697088876.1204007 -0.0 0
1697088876.1698508 -0.0 0
1697088876.2196627 -0.0 0
1697088876.2699625 -0.0 0
1697088876.335211 -0.0 0
1697088876.3938637 -0.0 0
1697088876.441461 -0.0 0
1697088876.4861624 -0.0 0
1697088876.5303028 -0.0 0
1697088876.579701 -0.0 0
1697088876.6354897 -0.0 0
1697088876.679539 -0.0 0
1697088876.7300713 -0.0 0
1697088876.7795463 -0.0 0
1697088876.8323853 -0.0 0
1697088876.8804703 -0.0 0
1697088876.931254 -0.0 0
1697088876.9835815 -0.0 0
1697088877.0327952 -0.0 0
1697088877.0823858 -0.0 0
1697088877.1318648 -0.0 0
1697088877.1816914 -0.0 0
1697088877.2322352 -0.0 0
1697088877.2821581 -0.0 0
1697088877.3329363 -0.0 0
1697088877.3838239 -0.0 0
1697088877.433631 -0.0 0
1697088877.4835253 -0.0 0
1697088877.5334983 -0.0 0
1697088877.5842102 -0.0 0
1697088877.6340833 -0.0 0
1697088877.6849537 -0.0 0
1697088877.734924 -0.0 0
1697088877.7872446 -0.0 0
1697088877.8368368 -0.0 0
1697088877.8879876 -0.0 0
1697088877.9380023 -0.0 0
1697088877.9879873 -0.0 0
1697088878.0410702 -0.0 0
1697088878.0935123 -0.0 0
1697088878.1437497 -0.0 0
1697088878.194479 -0.0 0
1697088878.244558 -0.0 0
1697088878.2958207 -0.0 0
1697088878.34666 -0.0 0
1697088878.3979928 -0.0 0
1697088878.448291 -0.0 0
1697088878.498412 -0.0 0
1697088878.573972 -0.0 0
1697088878.620378 -0.0 0
1697088878.666735 -0.0 0
1697088878.7031662 -0.0 0
1697088878.7527568 -0.0 0
1697088878.8064904 -0.0 0
1697088878.8578146 -0.0 0
1697088878.9094143 -0.0 0
1697088878.9606426 -0.0 0
1697088879.0221343 -0.0 0
1697088879.0847583 -0.0 0
1697088879.1401687 -0.0 0
1697088879.1830618 -0.0 0
1697088879.216366 -0.0 0
1697088879.2623363 -0.0 0
1697088879.3135955 -0.0 0
1697088879.365691 -0.0 0
1697088879.4208863 -0.0 0
1697088879.4681516 -0.0 0
1697088879.5159924 -0.0 0
1697088879.5686777 -0.0 0
1697088879.622262 -0.0 0
1697088879.6745288 -0.0 0
1697088879.7235892 -0.0 0
1697088879.7733676 -0.0 0
1697088879.8233416 -0.0 0
1697088879.8744335 -0.0 0
1697088879.9248078 -0.0 0
1697088879.97447 -0.0 0
1697088880.024558 -0.0 0
1697088880.0743036 -0.0 0
1697088880.1242836 -0.0 0
1697088880.1758633 -0.0 0
1697088880.22553 -0.0 0
1697088880.276002 -0.0 0
1697088880.3259664 -0.0 0
1697088880.3844078 -0.0 0
1697088880.428497 -0.0 0
1697088880.478114 -0.0 0
1697088880.5279493 -0.0 0
1697088880.5783432 -0.0 0
1697088880.631413 -0.0 0
1697088880.6810048 -0.0 0
1697088880.7329977 -0.0 0
1697088880.7820127 -0.0 0
1697088880.831812 -0.0 0
1697088880.8817737 -0.0 0
1697088880.9329696 -0.0 0
1697088880.9851272 -0.0 0
1697088881.0352385 -0.0 0
1697088881.0867276 -0.0 0
1697088881.1380951 -0.0 0
1697088881.1880138 -0.0 0
1697088881.2384984 -0.0 0
1697088881.2889438 -0.0 0
1697088881.338672 -0.0 0
1697088881.3891518 -0.0 0
1697088881.4395227 -0.0 0
1697088881.4897697 -0.0 0
1697088881.5400836 -0.0 0
1697088881.590735 -0.0 0
1697088881.6485925 -0.0 0
1697088881.705148 -0.0 0
1697088881.765162 -0.0 0
1697088881.8203523 -0.0 0
1697088881.8775792 -0.0 0
1697088881.9325755 -0.0 0
1697088881.9808092 -0.0 0
1697088882.0225837 -0.0 0
1697088882.0615115 -0.0 0
1697088882.1096227 -0.0 0
1697088882.1588273 -0.0 0
1697088882.2089677 -0.0 0
1697088882.2643118 -0.0 0
1697088882.3165946 -0.0 0
1697088882.368709 -0.0 0
1697088882.4231675 -0.0 0
1697088882.477827 -0.0 0
1697088882.5360513 -0.0 0
1697088882.5964036 -0.0 0
1697088882.6525993 -0.0 0
1697088882.694816 -0.0 0
1697088882.7434616 -0.0 0
1697088882.7901886 -0.0 0
1697088882.8348832 -0.0 0
1697088882.8813255 -0.0 0
1697088882.931586 -0.0 0
1697088882.9855702 -0.0 0
1697088883.0482097 -0.0 0
1697088883.0912306 -0.0 0
1697088883.1404257 -0.0 0
1697088883.190077 -0.0 0
1697088883.2399886 -0.0 0
1697088883.2912922 -0.0 0
1697088883.341551 -0.0 0
1697088883.3922994 -0.0 0
1697088883.4443371 -0.0 0
1697088883.4946666 -0.0 0
1697088883.545653 -0.0 0
1697088883.6007588 -0.0 0
1697088883.6489093 -0.0 0
1697088883.698234 -0.0 0
1697088883.7561324 -0.0 0
1697088883.8010406 -0.0 0
1697088883.8526542 -0.0 0
1697088883.90589 -0.0 0
1697088883.9530675 -0.0 0
1697088884.0034022 -0.0 0
1697088884.0541148 -0.0 0
1697088884.1054633 -0.0 0
1697088884.1553733 -0.0 0
1697088884.221351 -0.0 0
1697088884.272036 -0.0 0
1697088884.3188744 -0.0 0
1697088884.3610413 -0.0 0
1697088884.4086452 -0.0 0
1697088884.4589639 -0.0 0
1697088884.509821 -0.0 0
1697088884.5674236 -0.0 0
1697088884.6221092 -0.0 0
1697088884.6750612 -0.0 0
1697088884.7472117 -0.0 0
1697088884.7965133 -0.0 0
1697088884.8386462 -0.0 0
1697088884.8757808 -0.0 0
1697088884.930984 -0.0 0
1697088884.9907506 -0.0 0
1697088885.0615082 -0.0 0
1697088885.1177287 -0.0 0
1697088885.1789677 -0.0 0
1697088885.2406797 -0.0 0
1697088885.2977087 -0.0 0
1697088885.3521523 -0.0 0
1697088885.4029255 -0.0 0
1697088885.453622 -0.0 0
1697088885.514466 -0.0 0
1697088885.5651655 -0.0 0
1697088885.631715 -0.0 0
1697088885.679996 -0.0 0
1697088885.735574 -0.0 0
1697088885.773345 -0.0 0
1697088885.8150775 -0.0 0
1697088885.879057 -0.0 0
1697088885.9311411 -0.0 0
1697088885.9893196 -0.0 0
1697088886.0460777 -0.0 0
1697088886.0972357 -0.0 0
1697088886.154935 -0.0 0
1697088886.2080798 -0.0 0
1697088886.2517648 -0.0 0
1697088886.2847412 -0.0 0
1697088886.3425045 -0.0 0
1697088886.3935883 -0.0 0
1697088886.4558022 -0.0 0
1697088886.5052059 -0.0 0
1697088886.5668638 -0.0 0
1697088886.626424 -0.0 0
1697088886.6857271 -0.0 0
1697088886.7328298 -0.0 0
1697088886.7902327 -0.0 0
1697088886.8431265 -0.0 0
1697088886.896381 -0.0 0
1697088886.9417987 -0.0 0
1697088887.0042398 -0.0 0
1697088887.0590906 -0.0 0
1697088887.1166067 -0.0 0
1697088887.1799567 -0.0 0
1697088887.2442434 -0.0 0
1697088887.3127663 -0.0 0
1697088887.3686569 -0.0 0
1697088887.4290373 -0.0 0
1697088887.4952588 -0.0 0
1697088887.548739 -0.0 0
1697088887.595405 -0.0 0
1697088887.63922 -0.0 0
1697088887.6858225 -0.0 0
1697088887.7302492 -0.0 0
1697088887.771027 -0.0 0
1697088887.8190258 -0.0 0
1697088887.872206 -0.0 0
1697088887.9283392 -0.0 0
1697088887.9754617 -0.0 0
1697088888.0288315 -0.0 0
1697088888.0899298 -0.0 0
1697088888.151709 -0.0 0
1697088888.1972878 -0.0 0
1697088888.2380283 -0.0 0
1697088888.2790477 -0.0 0
1697088888.3366675 -0.0 0
1697088888.3917036 -0.0 0
1697088888.4337099 -0.0 0
1697088888.4876616 -0.0 0
1697088888.538731 -0.0 0
1697088888.5855236 -0.0 0
1697088888.637644 -0.0 0
1697088888.6851087 -0.0 0
1697088888.7345607 -0.0 0
1697088888.795315 -0.0 0
1697088888.8454478 -0.0 0
1697088888.896876 -0.0 0
1697088888.9622996 -0.0 0
1697088889.022239 -0.0 0
1697088889.085783 -0.0 0
1697088889.149655 -0.0 0
1697088889.2080014 -0.0 0
1697088889.252439 -0.0 0
1697088889.292375 -0.0 0
1697088889.3383327 -0.0 0
1697088889.377899 -0.0 0
1697088889.4202433 -0.0 0
1697088889.461944 -0.0 0
1697088889.4946837 -0.0 0
1697088889.5452623 -0.0 0
1697088889.5939445 -0.0 0
1697088889.6451035 -0.0 0
1697088889.699675 -0.0 0
1697088889.748047 -0.0 0
1697088889.7973776 -0.0 0
1697088889.8473501 -0.0 0
1697088889.897545 -0.0 0
1697088889.9471834 -0.0 0
1697088889.998841 -0.0 0
1697088890.0495749 -0.0 0
1697088890.0990503 -0.0 0
1697088890.149332 -0.0 0
1697088890.2031178 -0.0 0
1697088890.2550662 -0.0 0
1697088890.3061216 -0.0 0
1697088890.3588765 -0.0 0
1697088890.4087126 -0.0 0
1697088890.45952 -0.0 0
1697088890.5094466 -0.0 0
1697088890.5605514 -0.0 0
1697088890.6110556 -0.0 0
1697088890.6612165 -0.0 0
1697088890.7122185 -0.0 0
1697088890.7661333 -0.0 0
1697088890.825168 -0.0 0
1697088890.8735142 -0.0 0
1697088890.9213364 -0.0 0
1697088890.9754753 -0.0 0
1697088891.0228608 -0.0 0
1697088891.0741112 -0.0 0
1697088891.1238487 -0.0 0
1697088891.1736715 -0.0 0
1697088891.2244852 -0.0 0
1697088891.2743733 -0.0 0
1697088891.3266468 -0.0 0
1697088891.376363 -0.0 0
1697088891.4318938 -0.0 0
1697088891.480396 -0.0 0
1697088891.5290267 -0.0 0
1697088891.5787878 -0.0 0
1697088891.6278899 -0.0 0
1697088891.6781068 -0.0 0
1697088891.7286396 -0.0 0
1697088891.7797136 -0.0 0
1697088891.8289044 -0.0 0
1697088891.8788652 -0.0 0
1697088891.930406 -0.0 0
1697088891.979581 -0.0 0
1697088892.030158 -0.0 0
1697088892.0803423 -0.0 0
1697088892.1348975 -0.0 0
1697088892.1871395 -0.0 0
1697088892.2365 -0.0 0
1697088892.2870665 -0.0 0
1697088892.3364534 -0.0 0
1697088892.3860235 -0.0 0
1697088892.436028 -0.0 0
1697088892.4863877 -0.0 0
1697088892.536615 -0.0 0
1697088892.5865042 -0.0 0
1697088892.6377792 -0.0 0
1697088892.689465 -0.0 0
1697088892.7385314 -0.0 0
1697088892.7881749 -0.0 0
1697088892.8385057 -0.0 0
1697088892.8905864 -0.0 0
1697088892.9398403 -0.0 0
1697088892.9897869 -0.0 0
1697088893.0410404 -0.0 0
1697088893.0930722 -0.0 0
1697088893.141611 -0.0 0
1697088893.1916363 -0.0 0
1697088893.2411222 -0.0 0
1697088893.2909627 -0.0 0
1697088893.3408465 -0.0 0
1697088893.3913221 -0.0 0
1697088893.4479988 -0.0 0
1697088893.4921827 -0.0 0
1697088893.5429518 -0.0 0
1697088893.5932097 -0.0 0
1697088893.6427813 -0.0 0
1697088893.6927752 -0.0 0
1697088893.7446914 -0.0 0
1697088893.7977087 -0.0 0
1697088893.8463585 -0.0 0
1697088893.9014537 -0.0 0
1697088893.9519398 -0.0 0
1697088894.0011582 -0.0 0
1697088894.0512598 -0.0 0
1697088894.10186 -0.0 0
1697088894.1521184 -0.0 0
1697088894.2032182 -0.0 0
1697088894.253029 -0.0 0
1697088894.3030252 -0.0 0
1697088894.3529725 -0.0 0
1697088894.4031441 -0.0 0
1697088894.4546916 -0.0 0
1697088894.5048633 -0.0 0
1697088894.555088 -0.0 0
1697088894.606717 -0.0 0
1697088894.655751 -0.0 0
1697088894.7055485 -0.0 0
1697088894.7559252 -0.0 0
1697088894.8059282 -0.0 0
1697088894.8559651 -0.0 0
1697088894.906349 -0.0 0
1697088894.9567614 -0.0 0
1697088895.0079277 -0.0 0
1697088895.0589929 -0.0 0
1697088895.1093106 -0.0 0
1697088895.1600046 -0.0 0
1697088895.2097485 -0.0 0
1697088895.2599087 -0.0 0
1697088895.3124368 -0.0 0
1697088895.3637795 -0.0 0
1697088895.414587 -0.0 0
1697088895.4653628 -0.0 0
1697088895.514877 -0.0 0
1697088895.5665026 -0.0 0
1697088895.616373 -0.0 0
1697088895.6665196 -0.0 0
1697088895.7168424 -0.0 0
1697088895.7673247 -0.0 0
1697088895.8170617 -0.0 0
1697088895.8676674 -0.0 0
1697088895.9175003 -0.0 0
1697088895.9679363 -0.0 0
1697088896.018452 -0.0 0
1697088896.0709383 -0.0 0
1697088896.1198502 -0.0 0
1697088896.1714952 -0.0 0
1697088896.222626 -0.0 0
1697088896.2749715 -0.0 0
1697088896.3234844 -0.0 0
1697088896.3730235 -0.0 0
1697088896.4250965 -0.0 0
1697088896.475744 -0.0 0
1697088896.5268936 -0.0 0
1697088896.5785854 -0.0 0
1697088896.6285484 -0.0 0
1697088896.6791704 -0.0 0
1697088896.7292783 -0.0 0
1697088896.779305 -0.0 0
1697088896.829684 -0.0 0
1697088896.8804958 -0.0 0
1697088896.9334753 -0.0 0
1697088896.9838586 -0.0 0
1697088897.0340898 -0.0 0
1697088897.084027 -0.0 0
1697088897.134586 -0.0 0
1697088897.1842976 -0.0 0
1697088897.2349818 -0.0 0
1697088897.2845693 -0.0 0
1697088897.33503 -0.0 0
1697088897.3849695 -0.0 0
1697088897.4353054 -0.0 0
1697088897.4855137 -0.0 0
1697088897.535694 -0.0 0
1697088897.5862746 -0.0 0
1697088897.6361897 -0.0 0
1697088897.6862404 -0.0 0
1697088897.7362797 -0.0 0
1697088897.7863524 -0.0 0
1697088897.8364203 -0.0 0
1697088897.8865583 -0.0 0
1697088897.9368718 -0.0 0
1697088897.9872613 -0.0 0
1697088898.037507 -0.0 0
1697088898.0889738 -0.0 0
1697088898.142357 -0.0 0
1697088898.191607 -0.0 0
1697088898.2405372 -0.0 0
1697088898.290097 -0.0 0
1697088898.339944 -0.0 0
1697088898.3898263 -0.0 0
1697088898.4399424 -0.0 0
1697088898.4901762 -0.0 0
1697088898.5400596 -0.0 0
1697088898.5902426 -0.0 0
1697088898.6416 -0.0 0
1697088898.6931894 -0.0 0
1697088898.7430956 -0.0 0
1697088898.7932785 -0.0 0
1697088898.843046 -0.0 0
1697088898.8930454 -0.0 0
1697088898.9445095 -0.0 0
1697088898.994429 -0.0 0
1697088899.0449202 -0.0 0
1697088899.0955355 -0.0 0
1697088899.145772 -0.0 0
1697088899.1957862 -0.0 0
1697088899.2484453 -0.0 0
1697088899.296237 -0.0 0
1697088899.347001 -0.0 0
1697088899.3978062 -0.0 0
1697088899.4482963 -0.0 0
1697088899.4984078 -0.0 0
1697088899.5479782 -0.0 0
1697088899.5979743 -0.0 0
1697088899.6486619 -0.0 0
1697088899.6992555 -0.0 0
1697088899.7574184 -0.0 0
1697088899.8048224 -0.0 0
1697088899.8489838 -0.0 0
1697088899.8991842 -0.0 0
1697088899.9493406 -0.0 0
1697088899.9998271 -0.0 0
1697088900.049785 -0.0 0
1697088900.1000974 -0.0 0
1697088900.1527245 -0.0 0
1697088900.201033 -0.0 0
1697088900.250879 -0.0 0
1697088900.3015177 -0.0 0
1697088900.3514297 -0.0 0
1697088900.402129 -0.0 0
1697088900.452453 -0.0 0
1697088900.5027635 -0.0 0
1697088900.5530531 -0.0 0
1697088900.604982 -0.0 0
1697088900.662913 -0.0 0
1697088900.7110052 -0.0 0
1697088900.753824 -0.0 0
1697088900.8046863 -0.0 0
1697088900.8545735 -0.0 0
1697088900.9124637 -0.0 0
1697088900.9571915 -0.0 0
1697088901.0073798 -0.0 0
1697088901.0669217 -0.0 0
1697088901.112352 -0.0 0
1697088901.158533 -0.0 0
1697088901.2088673 -0.0 0
1697088901.259093 -0.0 0
1697088901.3089616 -0.0 0
1697088901.3598087 -0.0 0
1697088901.410537 -0.0 0
1697088901.4604075 -0.0 0
1697088901.5104897 -0.0 0
1697088901.5614116 -0.0 0
1697088901.6116502 -0.0 0
1697088901.662519 -0.0 0
1697088901.7124188 -0.0 0
1697088901.762267 -0.0 0
1697088901.8162253 -0.0 0
1697088901.8669207 -0.0 0
1697088901.915128 -0.0 0
1697088901.9645786 -0.0 0
1697088902.014518 -0.0 0
1697088902.0640025 -0.0 0
1697088902.1150641 -0.0 0
1697088902.166394 -0.0 0
1697088902.2158773 -0.0 0
1697088902.2665088 -0.0 0
1697088902.3159835 -0.0 0
1697088902.3663538 -0.0 0
1697088902.4163153 -0.0 0
1697088902.4666898 -0.0 0
1697088902.5168421 -0.0 0
1697088902.5683415 -0.0 0
1697088902.6176782 -0.0 0
1697088902.669178 -0.0 0
1697088902.719224 -0.0 0
1697088902.7700124 -0.0 0
1697088902.8205783 -0.0 0
1697088902.869794 -0.0 0
1697088902.9198856 -0.0 0
1697088902.9702208 -0.0 0
1697088903.020579 -0.0 0
1697088903.070936 -0.0 0
1697088903.1205125 -0.0 0
1697088903.1707773 -0.0 0
1697088903.2210221 -0.0 0
1697088903.2714672 -0.0 0
1697088903.3230424 -0.0 0
1697088903.3738296 -0.0 0
1697088903.4240532 -0.0 0
1697088903.4738686 -0.0 0
1697088903.5242631 -0.0 0
1697088903.5742834 -0.0 0
1697088903.625086 -0.0 0
1697088903.674933 -0.0 0
1697088903.7250938 -0.0 0
1697088903.775838 -0.0 0
1697088903.8269026 -0.0 0
1697088903.8772259 -0.0 0
1697088903.9273536 -0.0 0
1697088903.9773855 -0.0 0
1697088904.027332 -0.0 0
1697088904.0783393 -0.0 0
1697088904.1286993 -0.0 0
1697088904.1790373 -0.0 0
1697088904.229769 -0.0 0
1697088904.279208 -0.0 0
1697088904.3464973 -0.0 0
1697088904.382803 -0.0 0
1697088904.43399 -0.0 0
1697088904.4840398 -0.0 0
1697088904.53383 -0.0 0
1697088904.5839474 -0.0 0
1697088904.6346903 -0.0 0
1697088904.684372 -0.0 0
1697088904.7345686 -0.0 0
1697088904.7855055 -0.0 0
1697088904.8361268 -0.0 0
1697088904.8867366 -0.0 0
1697088904.9388068 -0.0 0
1697088904.9872663 -0.0 0
1697088905.0376444 -0.0 0
1697088905.088071 -0.0 0
1697088905.138665 -0.0 0
1697088905.189647 -0.0 0
1697088905.2384205 -0.0 0
1697088905.2883692 -0.0 0
1697088905.3381457 -0.0 0
1697088905.389855 -0.0 0
1697088905.440937 -0.0 0
1697088905.4912074 -0.0 0
1697088905.5411904 -0.0 0
1697088905.5922391 -0.0 0
1697088905.6434972 -0.0 0
1697088905.6954284 -0.0 0
1697088905.750767 -0.0 0
1697088905.8015966 -0.0 0
1697088905.850858 -0.0 0
1697088905.9036279 -0.0 0
1697088905.9496694 -0.0 0
1697088906.0027254 -0.0 0
1697088906.0527632 -0.0 0
1697088906.1018288 -0.0 0
1697088906.1527324 -0.0 0
1697088906.2035947 -0.0 0
1697088906.2529774 -0.0 0
1697088906.303088 -0.0 0
1697088906.3528132 -0.0 0
1697088906.404133 -0.0 0
1697088906.454044 -0.0 0
1697088906.504716 -0.0 0
1697088906.5574887 -0.0 0
1697088906.6073663 -0.0 0
1697088906.661055 -0.0 0
1697088906.7118082 -0.0 0
1697088906.762462 -0.0 0
1697088906.8128304 -0.0 0
1697088906.8637767 -0.0 0
1697088906.9298964 -0.0 0
1697088906.972144 -0.0 0
1697088907.0169344 -0.0 0
1697088907.0689785 -0.0 0
1697088907.120911 -0.0 0
1697088907.1705124 -0.0 0
1697088907.2227256 -0.0 0
1697088907.2724037 -0.0 0
1697088907.3234353 -0.0 0
1697088907.373006 -0.0 0
1697088907.4232216 -0.0 0
1697088907.4720912 -0.0 0
1697088907.5220108 -0.0 0
1697088907.5720723 -0.0 0
1697088907.6229935 -0.0 0
1697088907.6727293 -0.0 0
1697088907.726582 -0.0 0
1697088907.778744 -0.0 0
1697088907.8294406 -0.0 0
1697088907.8794837 -0.0 0
1697088907.9317236 -0.0 0
1697088907.9814692 -0.0 0
1697088908.0326993 -0.0 0
1697088908.083017 -0.0 0
1697088908.1355224 -0.0 0
1697088908.186268 -0.0 0
1697088908.236729 -0.0 0
1697088908.2860353 -0.0 0
1697088908.3355403 -0.0 0
1697088908.3862784 -0.0 0
1697088908.436886 -0.0 0
1697088908.4873452 -0.0 0
1697088908.5381699 -0.0 0
1697088908.5877895 -0.0 0
1697088908.6387415 -0.0 0
1697088908.6890104 -0.0 0
1697088908.7391448 -0.0 0
1697088908.7894535 -0.0 0
1697088908.839428 -0.0 0
1697088908.8914816 -0.0 0
1697088908.9411883 -0.0 0
1697088908.991552 -0.0 0
1697088909.0424998 -0.0 0
1697088909.0933428 -0.0 0
1697088909.1436927 -0.0 0
1697088909.1958587 -0.0 0
1697088909.2463012 -0.0 0
1697088909.2975302 -0.0 0
1697088909.3489377 -0.0 0
1697088909.398795 -0.0 0
1697088909.4489408 -0.0 0
1697088909.4991906 -0.0 0
1697088909.5492089 -0.0 0
1697088909.6010034 -0.0 0
1697088909.653625 -0.0 0
1697088909.7065065 -0.0 0
1697088909.7551413 -0.0 0
1697088909.8047068 -0.0 0
1697088909.8551264 -0.0 0
1697088909.904106 -0.0 0
1697088909.9539075 -0.0 0
1697088910.003933 -0.0 0
1697088910.0539227 -0.0 0
1697088910.1067545 -0.0 0
1697088910.1557162 -0.0 0
1697088910.2073038 -0.0 0
1697088910.257335 -0.0 0
1697088910.312378 -0.0 0
1697088910.3623855 -0.0 0
1697088910.413314 -0.0 0
1697088910.4765713 -0.0 0
1697088910.516601 -0.0 0
1697088910.567594 -0.0 0
1697088910.616519 -0.0 0
1697088910.6686583 -0.0 0
1697088910.717052 -0.0 0
1697088910.7689202 -0.0 0
1697088910.8183105 -0.0 0
1697088910.8679252 -0.0 0
1697088910.9182363 -0.0 0
1697088910.9684405 -0.0 0
1697088911.0192275 -0.0 0
1697088911.0686672 -0.0 0
1697088911.1186004 -0.0 0
1697088911.1684089 -0.0 0
1697088911.218931 -0.0 0
1697088911.2705414 -0.0 0
1697088911.3204143 -0.0 0
1697088911.3715749 -0.0 0
1697088911.4209774 -0.0 0
1697088911.4719834 -0.0 0
1697088911.5225437 -0.0 0
1697088911.5724773 -0.0 0
1697088911.6231313 -0.0 0
1697088911.673212 -0.0 0
1697088911.7237513 -0.0 0
1697088911.7739785 -0.0 0
1697088911.8238928 -0.0 0
1697088911.87418 -0.0 0
1697088911.9239464 -0.0 0
1697088911.973887 -0.0 0
1697088912.0240238 -0.0 0
1697088912.076022 -0.0 0
1697088912.1261532 -0.0 0
1697088912.1760244 -0.0 0
1697088912.2266307 -0.0 0
1697088912.3104339 -0.0 0
1697088912.3544438 -0.0 0
1697088912.3900547 -0.0 0
1697088912.432368 -0.0 0
1697088912.4813182 -0.0 0
1697088912.5314233 -0.0 0
1697088912.582697 -0.0 0
1697088912.6323862 -0.0 0
1697088912.6835012 -0.0 0
1697088912.7346663 -0.0 0
1697088912.7841685 -0.0 0
1697088912.8346686 -0.0 0
1697088912.884051 -0.0 0
1697088912.9439924 -0.0 0
1697088912.988508 -0.0 0
1697088913.0381002 -0.0 0
1697088913.0888038 -0.0 0
1697088913.1405582 -0.0 0
1697088913.1900284 -0.0 0
1697088913.2412112 -0.0 0
1697088913.293464 -0.0 0
1697088913.343727 -0.0 0
1697088913.4012275 -0.0 0
1697088913.4495375 -0.0 0
1697088913.5002341 -0.0 0
1697088913.5506048 -0.0 0
1697088913.6018696 -0.0 0
1697088913.6524882 -0.0 0
1697088913.7032263 -0.0 0
1697088913.7562625 -0.0 0
1697088913.807853 -0.0 0
1697088913.8566494 -0.0 0
1697088913.9075708 -0.0 0
1697088913.9574013 -0.0 0
1697088914.0072875 -0.0 0
1697088914.056726 -0.0 0
1697088914.1082218 -0.0 0
1697088914.158679 -0.0 0
1697088914.209133 -0.0 0
1697088914.2614202 -0.0 0
1697088914.3111427 -0.0 0
1697088914.3605673 -0.0 0
1697088914.4102316 -0.0 0
1697088914.460141 -0.0 0
1697088914.51129 -0.0 0
1697088914.5622234 -0.0 0
1697088914.6122286 -0.0 0
1697088914.6623902 -0.0 0
1697088914.712907 -0.0 0
1697088914.7679086 -0.0 0
1697088914.8184721 -0.0 0
1697088914.9342167 -0.0 0
1697088914.9756563 -0.0 0
1697088915.0148585 -0.0 0
1697088915.072431 -0.0 0
1697088915.1178572 -0.0 0
1697088915.1488552 -0.0 0
1697088915.187773 -0.0 0
1697088915.2356088 -0.0 0
1697088915.2805042 -0.0 0
1697088915.328892 -0.0 0
1697088915.379925 -0.0 0
1697088915.4298263 -0.0 0
1697088915.47901 -0.0 0
1697088915.5305989 -0.0 0
1697088915.5805194 -0.0 0
1697088915.632093 -0.0 0
1697088915.6818907 -0.0 0
1697088915.7318938 -0.0 0
1697088915.7816994 -0.0 0
1697088915.8329313 -0.0 0
1697088915.8830469 -0.0 0
1697088915.935619 -0.0 0
1697088915.9853575 -0.0 0
1697088916.0363944 -0.0 0
1697088916.0862489 -0.0 0
1697088916.136735 -0.0 0
1697088916.1875513 -0.0 0
1697088916.2385821 -0.0 0
1697088916.2881992 -0.0 0
1697088916.3376083 -0.0 0
1697088916.3882375 -0.0 0
1697088916.4390805 -0.0 0
1697088916.489491 -0.0 0
1697088916.539927 -0.0 0
1697088916.589949 -0.0 0
1697088916.6410544 -0.0 0
1697088916.690799 -0.0 0
1697088916.74253 -0.0 0
1697088916.7925887 -0.0 0
1697088916.8448656 -0.0 0
1697088916.8963223 -0.0 0
1697088916.9467256 -0.0 0
1697088916.9999413 -0.0 0
1697088917.054459 -0.0 0
1697088917.118863 -0.0 0
1697088917.1595056 -0.0 0
1697088917.1992233 -0.0 0
1697088917.2501845 -0.0 0
1697088917.3010259 -0.0 0
1697088917.3510077 -0.0 0
1697088917.402462 -0.0 0
1697088917.4533985 -0.0 0
1697088917.5023773 -0.0 0
1697088917.552545 -0.0 0
1697088917.602792 -0.0 0
1697088917.6556306 -0.0 0
1697088917.7075603 -0.0 0
1697088917.75789 -0.0 0
1697088917.8069117 -0.0 0
1697088917.8596017 -0.0 0
1697088917.910789 -0.0 0
1697088917.9596221 -0.0 0
1697088918.0086296 -0.0 0
1697088918.0589354 -0.0 0
1697088918.1091423 -0.0 0
1697088918.1595957 -0.0 0
1697088918.2128885 -0.0 0
1697088918.2619305 -0.0 0
1697088918.3119688 -0.0 0
1697088918.3619053 -0.0 0
1697088918.413651 -0.0 0
1697088918.4651911 -0.0 0
1697088918.519015 -0.0 0
1697088918.5680234 -0.0 0
1697088918.6183562 -0.0 0
1697088918.6673458 -0.0 0
1697088918.7186139 -0.0 0
1697088918.768563 -0.0 0
1697088918.8188477 -0.0 0
1697088918.87112 -0.0 0
1697088918.9211578 -0.0 0
1697088918.972669 -0.0 0
1697088919.0235734 -0.0 0
1697088919.0735614 -0.0 0
1697088919.1228151 -0.0 0
1697088919.172474 -0.0 0
1697088919.2251804 -0.0 0
1697088919.2787187 -0.0 0
1697088919.3262126 -0.0 0
1697088919.3767195 -0.0 0
1697088919.4265108 -0.0 0
1697088919.4758377 -0.0 0
1697088919.5262077 -0.0 0
1697088919.5758257 -0.0 0
1697088919.6272218 -0.0 0
1697088919.6783497 -0.0 0
1697088919.7277164 -0.0 0
1697088919.7787373 -0.0 0
1697088919.8288517 -0.0 0
1697088919.8800855 -0.0 0
1697088919.9300258 -0.0 0
1697088919.980442 -0.0 0
1697088920.0324016 -0.0 0
1697088920.0845268 -0.0 0
1697088920.134778 -0.0 0
1697088920.185445 -0.0 0
1697088920.2360861 -0.0 0
1697088920.2863512 -0.0 0
1697088920.3370106 -0.0 0
1697088920.387086 -0.0 0
1697088920.4373827 -0.0 0
1697088920.4899454 -0.0 0
1697088920.541262 -0.0 0
1697088920.590829 -0.0 0
1697088920.6402085 -0.0 0
1697088920.6900334 -0.0 0
1697088920.740607 -0.0 0
1697088920.7902455 -0.0 0
1697088920.841666 -0.0 0
1697088920.8917468 -0.0 0
1697088920.9428656 -0.0 0
1697088920.9949834 -0.0 0
1697088921.0434272 -0.0 0
1697088921.092678 -0.0 0
1697088921.1427755 -0.0 0
1697088921.1924186 -0.0 0
1697088921.2431095 -0.0 0
1697088921.293175 -0.0 0
1697088921.3438542 -0.0 0
1697088921.3939586 -0.0 0
1697088921.446542 -0.0 0
1697088921.4953208 -0.0 0
1697088921.546395 -0.0 0
1697088921.5960972 -0.0 0
1697088921.645889 -0.0 0
1697088921.69829 -0.0 0
1697088921.7473638 -0.0 0
1697088921.796792 -0.0 0
1697088921.8465934 -0.0 0
1697088921.8970494 -0.0 0
1697088921.9483476 -0.0 0
1697088921.9979706 -0.0 0
1697088922.0494978 -0.0 0
1697088922.0995378 -0.0 0
1697088922.1506233 -0.0 0
1697088922.2032592 -0.0 0
1697088922.2538943 -0.0 0
1697088922.3048356 -0.0 0
1697088922.354523 -0.0 0
1697088922.4055393 -0.0 0
1697088922.4553068 -0.0 0
1697088922.506458 -0.0 0
1697088922.556372 -0.0 0
1697088922.6066003 -0.0 0
1697088922.6566985 -0.0 0
1697088922.7067926 -0.0 0
1697088922.7569044 -0.0 0
1697088922.8070858 -0.0 0
1697088922.857228 -0.0 0
1697088922.9078631 -0.0 0
1697088922.9580898 -0.0 0
1697088923.0088725 -0.0 0
1697088923.058194 -0.0 0
1697088923.1081452 -0.0 0
1697088923.158349 -0.0 0
1697088923.2085218 -0.0 0
1697088923.263012 -0.0 0
1697088923.31342 -0.0 0
1697088923.3628514 -0.0 0
1697088923.4133093 -0.0 0
1697088923.463686 -0.0 0
1697088923.517021 -0.0 0
1697088923.5647545 -0.0 0
1697088923.615276 -0.0 0
1697088923.6669993 -0.0 0
1697088923.722146 -0.0 0
1697088923.7713342 -0.0 0
1697088923.820556 -0.0 0
1697088923.8706331 -0.0 0
1697088923.9204047 -0.0 0
1697088923.9705229 -0.0 0
1697088924.0204782 -0.0 0
1697088924.070974 -0.0 0
1697088924.1218164 -0.0 0
1697088924.1745572 -0.0 0
1697088924.2247572 -0.0 0
1697088924.2748454 -0.0 0
1697088924.3250704 -0.0 0
1697088924.3754003 -0.0 0
1697088924.426538 -0.0 0
1697088924.478213 -0.0 0
1697088924.5281518 -0.0 0
1697088924.5778089 -0.0 0
1697088924.6289032 -0.0 0
1697088924.6784222 -0.0 0
1697088924.7286487 -0.0 0
1697088924.7793078 -0.0 0
1697088924.8323202 -0.0 0
1697088924.8819964 -0.0 0
1697088924.9316046 -0.0 0
1697088924.982976 -0.0 0
1697088925.032377 -0.0 0
1697088925.0822725 -0.0 0
1697088925.146997 -0.0 0
1697088925.1848712 -0.0 0
1697088925.2343593 -0.0 0
1697088925.2834928 -0.0 0
1697088925.3353362 -0.0 0
1697088925.384332 -0.0 0
1697088925.434852 -0.0 0
1697088925.484416 -0.0 0
1697088925.5351682 -0.0 0
1697088925.5853703 -0.0 0
1697088925.635579 -0.0 0
1697088925.6858819 -0.0 0
1697088925.7363925 -0.0 0
1697088925.7862597 -0.0 0
1697088925.8371563 -0.0 0
1697088925.888591 -0.0 0
1697088925.939819 -0.0 0
1697088925.9888887 -0.0 0
1697088926.03903 -0.0 0
1697088926.0896213 -0.0 0
1697088926.1396823 -0.0 0
1697088926.1897945 -0.0 0
1697088926.239513 -0.0 0
1697088926.2896843 -0.0 0
1697088926.3397388 -0.0 0
1697088926.3899267 -0.0 0
1697088926.44335 -0.0 0
1697088926.4952831 -0.0 0
1697088926.5466778 -0.0 0
1697088926.5962102 -0.0 0
1697088926.649731 -0.0 0
1697088926.7016377 -0.0 0
1697088926.7657664 -0.0 0
1697088926.8156414 -0.0 0
1697088926.8617 -0.0 0
1697088926.9038725 -0.0 0
1697088926.9593701 -0.0 0
1697088927.0093024 -0.0 0
1697088927.0597205 -0.0 0
1697088927.1099098 -0.0 0
1697088927.159799 -0.0 0
1697088927.2108972 -0.0 0
1697088927.264075 -0.0 0
1697088927.3155596 -0.0 0
1697088927.3686872 -0.0 0
1697088927.4180388 -0.0 0
1697088927.4676678 -0.0 0
1697088927.516517 -0.0 0
1697088927.5667825 -0.0 0
1697088927.6163244 -0.0 0
1697088927.6669478 -0.0 0
1697088927.717228 -0.0 0
1697088927.7663984 -0.0 0
1697088927.8163497 -0.0 0
1697088927.8678913 -0.0 0
1697088927.919352 -0.0 0
1697088927.9703112 -0.0 0
1697088928.0222461 -0.0 0
1697088928.071889 -0.0 0
1697088928.1224332 -0.0 0
1697088928.1724951 -0.0 0
1697088928.223529 -0.0 0
1697088928.274035 -0.0 0
1697088928.3238082 -0.0 0
1697088928.3734674 -0.0 0
1697088928.4240987 -0.0 0
1697088928.474972 -0.0 0
1697088928.5266216 -0.0 0
1697088928.5764363 -0.0 0
1697088928.626336 -0.0 0
1697088928.6763115 -0.0 0
1697088928.726382 -0.0 0
1697088928.7900085 -0.0 0
1697088928.8536904 -0.0 0
1697088928.900644 -0.0 0
1697088928.9508204 -0.0 0
1697088928.987164 -0.0 0
1697088929.0290442 -0.0 0
1697088929.0810235 -0.0 0
1697088929.1298916 -0.0 0
1697088929.179084 -0.0 0
1697088929.2294185 -0.0 0
1697088929.2797568 -0.0 0
1697088929.3305829 -0.0 0
1697088929.3811705 -0.0 0
1697088929.4308019 -0.0 0
1697088929.4813635 -0.0 0
1697088929.5313993 -0.0 0
1697088929.5819106 -0.0 0
1697088929.6352608 -0.0 0
1697088929.6821344 -0.0 0
1697088929.7323928 -0.0 0
1697088929.782033 -0.0 0
1697088929.8328066 -0.0 0
1697088929.8830175 -0.0 0
1697088929.9335241 -0.0 0
1697088929.9837952 -0.0 0
1697088930.0341904 -0.0 0
1697088930.0839405 -0.0 0
1697088930.1350758 -0.0 0
1697088930.1862574 -0.0 0
1697088930.236011 -0.0 0
1697088930.285926 -0.0 0
1697088930.3358479 -0.0 0
1697088930.3952954 -0.0 0
1697088930.4370003 -0.0 0
1697088930.4873142 -0.0 0
1697088930.537977 -0.0 0
1697088930.5894558 -0.0 0
1697088930.6404746 -0.0 0
1697088930.6906874 -0.0 0
1697088930.7411754 -0.0 0
1697088930.7934186 -0.0 0
1697088930.8439558 -0.0 0
1697088930.899262 -0.0 0
1697088930.947548 -0.0 0
1697088930.997622 -0.0 0
1697088931.047724 -0.0 0
1697088931.0978572 -0.0 0
1697088931.1476438 -0.0 0
1697088931.1990118 -0.0 0
1697088931.2485924 -0.0 0
1697088931.2988453 -0.0 0
1697088931.3488085 -0.0 0
1697088931.399252 -0.0 0
1697088931.4621296 -0.0 0
1697088931.5100353 -0.0 0
1697088931.5527759 -0.0 0
1697088931.6027067 -0.0 0
1697088931.6532986 -0.0 0
1697088931.7030346 -0.0 0
1697088931.7538042 -0.0 0
1697088931.811954 -0.0 0
1697088931.8544772 -0.0 0
1697088931.9038894 -0.0 0
1697088931.9539897 -0.0 0
1697088932.0039287 -0.0 0
1697088932.0541058 -0.0 0
1697088932.103997 -0.0 0
1697088932.154131 -0.0 0
1697088932.2044413 -0.0 0
1697088932.2547994 -0.0 0
1697088932.305911 -0.0 0
1697088932.354989 -0.0 0
1699339552.731418 0.04 0
1699339553.0180771 0.04 0
1699339553.1375124 0.04 0
1699339553.2631218 0.04 0
1699339553.3852942 0.04 0
1699339553.5034077 0.04 0
1699339553.6191394 0.04 0
1699339553.7365494 0.04 0
1699339553.8555334 0.04 0
1699339553.9716537 0.04 0
1699339554.0865338 0.04 0
1699339554.207004 0.04 0
1699339554.3252268 0.04 0
1699339554.4393363 0.04 0
1699339554.5623949 0.04 0
1699339554.6765027 0.04 0
1699339554.7878947 0.04 0
1699339554.9007087 0.04 0
1699339555.0249612 0.04 0
1699339555.1417105 0.04 0
1699339555.2705202 0.04 0
1699339555.3921301 0.04 0
1699339555.5048392 0.04 0
1699339555.6193604 0.04 0
1699339555.7375789 0.04 0
1699339555.857125 0.04 0
1699339555.9764094 0.04 0
1699339556.092657 0.04 0
1699339556.2090538 0.04 0
1699339556.3244927 0.04 0
1699339556.4424562 0.04 0
1699339556.5542386 0.04 0
1699339556.6746135 0.04 0
1699339556.7905102 0.04 0
1699339556.9070647 0.04 0
1699339557.0298996 0.04 0
1699339557.1546597 0.04 0
1699339557.2779343 0.04 0
1699339557.3900194 0.04 0
1699339557.5092125 0.04 0
1699339557.6312442 0.04 0
1699339557.747923 0.04 0
1699339557.872699 0.04 0
1699339557.9866638 0.04 0
1699339558.1056936 0.04 0
1699339558.2304697 0.04 0
1699339558.3556304 0.04 0
1699339558.4827733 0.04 0
1699339558.662981 0.04 0
1699339558.777807 0.04 0
1699339558.8990235 0.04 0
1699339559.011905 0.04 0
1699339559.125386 0.04 0
1699339559.2519357 0.04 0
1699339559.3688836 0.04 0
1699339559.4855933 0.04 0
1699339559.6025603 0.04 0
1699339559.7162676 0.04 0
1699339559.8272095 0.04 0
1699339559.9510221 0.04 0
1699339560.074927 0.04 0
1699339560.1929271 0.04 0
1699339560.3137956 0.04 0
1699339560.4327433 0.04 0
1699339560.547355 0.04 0
1699339560.6713023 0.04 0
1699339560.7858217 0.04 0
1699339560.9026544 0.04 0
1699339561.0236573 0.04 0
1699339561.1421463 0.04 0
1699339561.270859 0.04 0
1699339561.384591 0.04 0
1699339561.5077255 0.04 0
1699339561.618746 0.04 0
1699339561.7401602 0.04 0
1699339561.8575165 0.04 0
1699339561.9736123 0.04 0
1699339562.10514 0.04 0
1699339562.2265327 0.04 0
1699339562.350951 0.04 0
1699339562.4740112 0.04 0
1699339562.5888312 0.04 0
1699339562.7063704 0.04 0
1699339562.8289452 0.04 0
1699339562.9431453 0.04 0
1699339563.0630727 0.04 0
1699339563.1863582 0.04 0
1699339563.3049736 0.04 0
1699339563.4286973 0.04 0
1699339563.5467403 0.04 0
1699339563.6711845 0.04 0
1699339563.7928548 0.04 0
1699339563.9103127 0.04 0
1699339564.0332007 0.04 0
1699339564.1533186 0.04 0
1699339564.2713366 0.04 0
1699339564.3931227 0.04 0
1699339564.5055523 0.04 0
1699339564.6333098 0.04 0
1699339564.7500448 0.04 0
1699339564.8650591 0.04 0
1699339564.9818485 0.04 0
1699339565.106123 0.04 0
1699339565.2217731 0.04 0
1699339565.3457358 0.04 0
1699339565.4652915 0.04 0
1699339565.585103 0.04 0
1699339565.705578 0.04 0
1699339565.8226135 0.04 0
1699339565.937406 0.04 0
1699339566.0585942 0.04 0
1699339566.169305 0.04 0
1699339566.303465 0.04 0
1699339566.4232395 0.04 0
1699339566.5437424 0.04 0
1699339566.6624274 0.04 0
1699339566.786216 0.04 0
1699339566.9010613 0.04 0
1699339567.0241218 0.04 0
1699339567.1527529 0.04 0
1699339567.2635174 0.04 0
1699339567.37838 0.04 0
1699339567.4980268 0.04 0
1699339567.6209297 0.04 0
1699339567.7417448 0.04 0
1699339567.8599923 0.04 0
1699339567.9826956 0.04 0
1699339568.1020908 0.04 0
1699339568.221031 0.04 0
1699339568.3400044 0.04 0
1699339568.4574838 0.04 0
1699339568.575539 0.04 0
1699339568.7060173 0.04 0
1699339568.832347 0.04 0
1699339568.9524486 0.04 0
1699339569.0712934 0.04 0
1699339569.1905184 0.04 0
1699339569.3110662 0.04 0
1699339569.4267375 0.04 0
1699339569.5571928 0.04 0
1699339569.6811612 0.04 0
1699339569.7986813 0.04 0
1699339569.9190662 0.04 0
1699339570.037154 0.04 0
1699339570.1514692 0.04 0
1699339570.2746885 0.04 0
1699339570.3908994 0.04 0
1699339570.513952 0.04 0
1699339570.6554484 0.04 0
1699339570.772538 0.04 0
1699339570.8965068 0.04 0
1699339571.0203316 0.04 0
1699339571.1398573 0.04 0
1699339571.2683942 0.04 0
1699339571.386173 0.04 0
1699339571.512558 0.04 0
1699339571.6354282 0.04 0
1699339571.7609792 0.04 0
1699339571.8749604 0.04 0
1699339572.0022855 0.04 0
1699339572.127789 0.04 0
1699339572.2448938 0.04 0
1699339572.3602095 0.04 0
1699339572.480672 0.04 0
1699339572.5928564 0.04 0
1699339572.7149642 0.04 0
1699339572.8376856 0.04 0
1699339572.9547625 0.04 0
1699339573.074686 0.04 0
1699339573.1984203 0.04 0
1699339573.317259 0.04 0
1699339573.4340813 0.04 0
1699339573.5579362 0.04 0
1699339573.6755517 0.04 0
1699339573.7938762 0.04 0
1699339573.9147346 0.04 0
1699339574.0370545 0.04 0
1699339574.1578221 0.04 0
1699339574.279136 0.04 0
1699339574.4059727 0.04 0
1699339574.5217803 0.04 0
1699339574.6383886 0.04 0
1699339574.7577817 0.04 0
1699339574.873998 0.04 0
1699339575.0134513 0.04 0
1699339575.1364775 0.04 0
1699339575.2569087 0.04 0
1699339575.3781302 0.04 0
1699339575.4971926 0.04 0
1699339575.6188123 0.04 0
1699339575.7429953 0.04 0
1699339575.86047 0.04 0
1699339575.984878 0.04 0
1699339576.1024194 0.04 0
1699339576.2277036 0.04 0
1699339576.3454144 0.04 0
1699339576.467095 0.04 0
1699339576.592465 0.04 0
1699339576.7073824 0.04 0
1699339576.8212688 0.04 0
1699339576.9309988 0.04 0
1699339577.046634 0.04 0
1699339577.1691804 0.04 0
1699339577.2921643 0.04 0
1699339577.409041 0.04 0
1699339577.5266345 0.04 0
1699339577.650974 0.04 0
1699339577.76853 0.04 0
1699339577.8899531 0.04 0
1699339578.008711 0.04 0
1699339578.1301575 0.04 0
1699339578.253145 0.04 0
1699339578.3812017 0.04 0
1699339578.4979393 0.04 0
1699339578.6242695 0.04 0
1699339578.740399 0.04 0
1699339578.8580103 0.04 0
1699339578.9811335 0.04 0
1699339579.0896928 0.04 0
1699339579.213289 0.04 0
1699339579.3494682 0.04 0
1699339579.4705362 0.04 0
1699339579.59063 0.04 0
1699339579.7126439 0.04 0
1699339579.826654 0.04 0
1699339579.9409356 0.04 0
1699339580.0646105 0.04 0
1699339580.180237 0.04 0
1699339580.294786 0.04 0
1699339580.4283657 0.04 0
1699339580.5468209 0.04 0
1699339580.6625257 0.04 0
1699339580.7859027 0.04 0
1699339580.9063325 0.04 0
1699339581.0293906 0.04 0
1699339581.153965 0.04 0
1699339581.28209 0.04 0
1699339581.4047458 0.04 0
1699339581.5237987 0.04 0
1699339581.6434474 0.04 0
1699339581.7635818 0.04 0
1699339581.8852928 0.04 0
1699339582.0043478 0.04 0
1699339582.1165142 0.04 0
1699339582.2383862 0.04 0
1699339582.3669262 0.04 0
1699339582.4797127 0.04 0
1699339582.6004734 0.04 0
1699339582.718972 0.04 0
1699339582.8424535 0.04 0
1699339582.9623744 0.04 0
1699339583.0776558 0.04 0
1699339583.2010813 0.04 0
1699339583.3337114 0.04 0
1699339583.4530296 0.04 0
1699339583.5689797 0.04 0
1699339583.710395 0.04 0
1699339583.8259125 0.04 0
1699339583.940999 0.04 0
1699339584.0656867 0.04 0
1699339584.1819391 0.04 0
1699339584.3082924 0.04 0
1699339584.4361124 0.04 0
1699339584.5520658 0.04 0
1699339584.6771984 0.04 0
1699339584.7998073 0.04 0
1699339584.9139862 0.04 0
1699339585.0279477 0.04 0
1699339585.1551082 0.04 0
1699339585.2698693 0.04 0
1699339585.3873105 0.04 0
1699339585.510937 0.04 0
1699339585.6347528 0.04 0
1699339585.7511709 0.04 0
1699339585.8723505 0.04 0
1699339585.9851632 0.04 0
1699339586.1010602 0.04 0
1699339586.227322 0.04 0
1699339586.3466897 0.04 0
1699339586.4640043 0.04 0
1699339586.5823734 0.04 0
1699339586.704341 0.04 0
1699339586.822528 0.04 0
1699339586.9447365 0.04 0
1699339587.0631597 0.04 0
1699339587.1872358 0.04 0
1699339587.311319 0.04 0
1699339587.4292836 0.04 0
1699339587.5511713 0.04 0
1699339587.6666737 0.04 0
1699339587.7802033 0.04 0
1699339587.900664 0.04 0
1699339588.0382357 0.04 0
1699339588.161087 0.04 0
1699339588.2769535 0.04 0
1699339588.4103072 0.04 0
1699339588.5304828 0.04 0
1699339588.649772 0.04 0
1699339588.770414 0.04 0
1699339588.8874075 0.04 0
1699339589.0082312 0.04 0
1699339589.126954 0.04 0
1699339589.2515664 0.04 0
1699339589.3703885 0.04 0
1699339589.4928522 0.04 0
1699339589.6180065 0.04 0
1699339589.734715 0.04 0
1699339589.8676531 0.04 0
1699339589.9919202 0.04 0
1699339590.1113005 0.04 0
1699339590.2337055 0.04 0
1699339590.3521924 0.04 0
1699339590.4673147 0.04 0
1699339590.581782 0.04 0
1699339590.7071586 0.04 0
1699339590.8228528 0.04 0
1699339590.9466772 0.04 0
1699339591.0590582 0.04 0
1699339591.1763978 0.04 0
1699339591.2961535 0.04 0
1699339591.41338 0.04 0
1699339591.5339367 0.04 0
1699339591.6503282 0.04 0
1699339591.7619078 0.04 0
1699339591.8762178 0.04 0
1699339592.004121 0.04 0
1699339592.1191072 0.04 0
1699339592.2411022 0.04 0
1699339592.3871968 0.04 0
1699339592.5040975 0.04 0
1699339592.6229734 0.04 0
1699339592.8347278 0.04 0
1699339592.9458268 0.04 0
1699339593.0632007 0.04 0
1699339593.1832514 0.04 0
1699339593.2952387 0.04 0
1699339593.4120862 0.04 0
1699339593.5348868 0.04 0
1699339593.6607237 0.04 0
1699339593.7774422 0.04 0
1699339593.8992734 0.04 0
1699339594.0169744 0.04 0
1699339594.1337042 0.04 0
1699339594.2731931 0.04 0
1699339594.3911273 0.04 0
1699339594.5176818 0.04 0
1699339594.644425 0.04 0
1699339594.7609627 0.04 0
1699339594.8794026 0.04 0
1699339594.9947898 0.04 0
1699339595.1180992 0.04 0
1699339595.2345164 0.04 0
1699339595.3586478 0.04 0
1699339595.4807732 0.04 0
1699339595.6008015 0.04 0
1699339595.719924 0.04 0
1699339595.832029 0.04 0
1699339595.9545462 0.04 0
1699339596.0722017 0.04 0
1699339596.1976566 0.04 0
1699339596.321548 0.04 0
1699339596.4379447 0.04 0
1699339596.5619395 0.04 0
1699339596.6947963 0.04 0
1699339596.8170235 0.04 0
1699339596.932824 0.04 0
1699339597.0541604 0.04 0
1699339597.1705856 0.04 0
1699339597.2850046 0.04 0
1699339597.4145112 0.04 0
1699339597.533946 0.04 0
1699339597.6588793 0.04 0
1699339597.7818868 0.04 0
1699339597.9051094 0.04 0
1699339598.0219288 0.04 0
1699339598.1427574 0.04 0
1699339598.257908 0.04 0
1699339598.376983 0.04 0
1699339598.5021513 0.04 0
1699339598.627105 0.04 0
1699339598.7513185 0.04 0
1699339598.8677492 0.04 0
1699339598.9853415 0.04 0
1699339599.1076581 0.04 0
1699339599.223037 0.04 0
1699339599.3447876 0.04 0
1699339599.4595242 0.04 0
1699339599.5783668 0.04 0
1699339599.6977127 0.04 0
1699339599.8244438 0.04 0
1699339599.9498055 0.04 0
1699339600.064919 0.04 0
1699339600.1821768 0.04 0
1699339600.3059506 0.04 0
1699339600.4215384 0.04 0
1699339600.5411165 0.04 0
1699339600.6752775 0.04 0
1699339600.7894707 0.04 0
1699339600.912474 0.04 0
1699339601.0504687 0.04 0
1699339601.171411 0.04 0
1699339601.2895434 0.04 0
1699339601.4088802 0.04 0
1699339601.523785 0.04 0
1699339601.6454525 0.04 0
1699339601.7664456 0.04 0
1699339601.8832662 0.04 0
1699339602.0055273 0.04 0
1699339602.128091 0.04 0
1699339602.2475412 0.04 0
1699339602.3694208 0.04 0
1699339602.4944835 0.04 0
1699339602.6106539 0.04 0
1699339602.7343004 0.04 0
1699339602.8512018 0.04 0
1699339602.9653742 0.04 0
1699339603.0827856 0.04 0
1699339603.2052336 0.04 0
1699339603.31855 0.04 0
1699339603.4427364 0.04 0
1699339603.5710773 0.04 0
1699339603.686928 0.04 0
1699339603.808914 0.04 0
1699339603.9342074 0.04 0
1699339604.0549424 0.04 0
1699339604.1742013 0.04 0
1699339604.2925248 0.04 0
1699339604.4153264 0.04 0
1699339604.5313497 0.04 0
1699339604.6568947 0.04 0
1699339604.7809064 0.04 0
1699339604.8967142 0.04 0
1699339605.0200193 0.04 0
1699339605.1404042 0.04 0
1699339605.25421 0.04 0
1699339605.3951967 0.04 0
1699339605.5131803 0.04 0
1699339605.631019 0.04 0
1699339605.7479632 0.04 0
1699339605.8701067 0.04 0
1699339605.989193 0.04 0
1699339606.1131022 0.04 0
1699339606.2309592 0.04 0
1699339606.3514588 0.04 0
1699339606.462109 0.04 0
1699339606.5785623 0.04 0
1699339606.690731 0.04 0
1699339606.8151095 0.04 0
1699339606.9312325 0.04 0
1699339607.0457337 0.04 0
1699339607.1737566 0.04 0
1699339607.28567 0.04 0
1699339607.408716 0.04 0
1699339607.5246735 0.04 0
1699339607.6458213 0.04 0
1699339607.7658753 0.04 0
1699339607.8850117 0.04 0
1699339608.010983 0.04 0
1699339608.1279337 0.04 0
1699339608.2446525 0.04 0
1699339608.369597 0.04 0
1699339608.4808183 0.04 0
1699339608.6117518 0.04 0
1699339608.7307281 0.04 0
1699339608.8523908 0.04 0
1699339608.9765959 0.04 0
1699339609.0931911 0.04 0
1699339609.208633 0.04 0
1699339609.3304327 0.04 0
1699339609.449118 0.04 0
1699339609.570836 0.04 0
1699339609.7102993 0.04 0
1699339609.82892 0.04 0
1699339609.9559662 0.04 0
1699339610.0756116 0.04 0
1699339610.193201 0.04 0
1699339610.3189144 0.04 0
1699339610.4429128 0.04 0
1699339610.5624423 0.04 0
1699339610.6782575 0.04 0
1699339610.8038547 0.04 0
1699339610.9254017 0.04 0
1699339611.0542457 0.04 0
1699339611.1816137 0.04 0
1699339611.306088 0.04 0
1699339611.428491 0.04 0
1699339611.554007 0.04 0
1699339611.6704586 0.04 0
1699339611.7917795 0.04 0
1699339611.9252334 0.04 0
1699339612.0473847 0.04 0
1699339612.1642914 0.04 0
1699339612.297596 0.04 0
1699339612.4268718 0.04 0
1699339612.5428243 0.04 0
1699339612.6716406 0.04 0
1699339612.7874656 0.04 0
1699339612.9001992 0.04 0
1699339613.041481 0.04 0
1699339613.172729 0.04 0
1699339613.303144 0.04 0
1699339613.4412334 0.04 0
1699339613.5567803 0.04 0
1699339613.6718245 0.04 0
1699339613.7953496 0.04 0
1699339613.9080257 0.04 0
1699339614.0294895 0.04 0
1699339614.1649287 0.04 0
1699339614.281731 0.04 0
1699339614.4002638 0.04 0
1699339614.5166624 0.04 0
1699339614.6299326 0.04 0
1699339614.7516685 0.04 0
1699339614.8686855 0.04 0
1699339614.9946973 0.04 0
1699339615.1152525 0.04 0
1699339615.2382076 0.04 0
1699339615.361939 0.04 0
1699339615.4774811 0.04 0
1699339615.598883 0.04 0
1699339615.7151306 0.04 0
1699339615.8264604 0.04 0
1699339615.95262 0.04 0
1699339616.0668173 0.04 0
1699339616.1873248 0.04 0
1699339616.3138018 0.04 0
1699339616.4255717 0.04 0
1699339616.543767 0.04 0
1699339616.660492 0.04 0
1699339616.7868743 0.04 0
1699339616.9006271 0.04 0
1699339617.0268548 0.04 0
1699339617.1436765 0.04 0
1699339617.2639806 0.04 0
1699339617.3924923 0.04 0
1699339617.5098886 0.04 0
1699339617.6260543 0.04 0
1699339617.752774 0.04 0
1699339617.8699439 0.04 0
1699339617.987227 0.04 0
1699339618.1000826 0.04 0
1699339618.2224631 0.04 0
