1699269050.6042953 0.0 0.0
1699269050.8708751 0.0 0.0
1699269051.0197644 0.0 0.0
1699269051.0482605 0.0 0.0
1699269051.0625598 0.0 0.0
1699269051.0948508 0.0 0.0
1699269051.125983 0.0 0.0
1699269051.1713252 0.0 0.0
1699269051.2219117 0.0 0.0
1699269051.2717524 0.0 0.0
1699269051.3217993 0.0 0.0
1699269051.3721795 0.0 0.0
1699269051.4222374 0.0 0.0
1699269051.4725447 0.0 0.0
1699269051.522402 0.0 0.0
1699269051.572608 0.0 0.0
1699269051.622712 0.0 0.0
1699269051.6727896 0.0 0.0
1699269051.7231672 0.0 0.0
1699269051.773178 0.0 0.0
1699269051.823349 None None
1699269051.873211 0.0 0.0
1699269051.9235163 0.0 0.0
1699269051.9742498 0.0 0.0
1699269052.023702 0.0 0.0
1699269052.0752413 None None
1699269052.1242764 0.0 0.0
1699269052.1743007 0.0 0.0
1699269052.2245028 0.0 0.0
1699269052.2747943 0.0 0.0
1699269052.324694 None None
1699269052.3748345 0.0 0.0
1699269052.4249454 0.0 0.0
1699269052.474923 0.0 0.0
1699269052.524862 0.0 0.0
1699269052.5753248 None None
1699269052.6254451 0.0 0.0
1699269052.6754768 0.0 0.0
1699269052.7259235 0.0 0.0
1699269052.7758255 None None
1699269052.825707 0.0 0.0
1699269052.8762379 0.0 0.0
1699269052.926574 0.0 0.0
1699269052.9767892 0.0 0.0
1699269053.026871 None None
1699269053.0768323 0.0 0.0
1699269053.1270823 0.0 0.0
1699269053.1771686 0.0 0.0
1699269053.2275524 0.0 0.0
1699269053.2777054 None None
1699269053.32762 0.0 0.0
1699269053.3781188 0.0 0.0
1699269053.4277813 0.0 0.0
1699269053.4780443 0.0 0.0
1699269053.5281286 None None
1699269053.5783162 0.0 0.0
1699269053.6285286 0.0 0.0
1699269053.6788712 0.0 0.0
1699269053.7292519 0.0 0.0
1699269053.7789755 None None
1699269053.8291287 0.0 0.0
1699269053.879107 0.0 0.0
1699269053.929083 0.0 0.0
1699269053.9792378 None None
1699269054.0295892 0.0 0.0
1699269054.0795653 0.0 0.0
1699269054.1297064 0.0 0.0
1699269054.1806412 None None
1699269054.231355 0.0 0.0
1699269054.2806675 0.0 0.0
1699269054.3308513 0.0 0.0
1699269054.3811913 0.0 0.0
1699269054.4307964 None None
1699269054.4808228 0.0 0.0
1699269054.5308776 0.0 0.0
1699269054.580831 0.0 0.0
1699269054.6309905 0.0 0.0
1699269054.6809556 None None
1699269054.7314782 0.0 0.0
1699269054.7815373 0.0 0.0
1699269054.8320837 0.0 0.0
1699269054.881843 0.0 0.0
1699269054.9319246 None None
1699269054.9820614 0.0 0.0
1699269055.032205 0.0 0.0
1699269055.082266 0.0 0.0
1699269055.1324885 0.0 0.0
1699269055.1825254 None None
1699269055.2325475 0.0 0.0
1699269055.2831235 0.0 0.0
1699269055.333039 None None
1699269055.3827477 0.0 0.0
1699269055.432746 0.0 0.0
1699269055.483457 0.0 0.0
1699269055.5331786 0.0 0.0
1699269055.5835116 None None
1699269055.634292 0.0 0.0
1699269055.6845794 0.0 0.0
1699269055.7347152 0.0 0.0
1699269055.784671 0.0 0.0
1699269055.8347926 None None
1699269055.885047 0.0 0.0
1699269055.9352314 0.0 0.0
1699269055.9853268 0.0 0.0
1699269056.0356033 0.0 0.0
1699269056.0854511 None None
1699269056.1356068 0.0 0.0
1699269056.1857526 0.0 0.0
1699269056.2358801 0.0 0.0
1699269056.2864878 None None
1699269056.3363075 0.0 0.0
1699269056.3864117 0.0 0.0
1699269056.436482 0.0 0.0
1699269056.4866695 0.0 0.0
1699269056.536713 None None
1699269056.5873692 0.0 0.0
1699269056.6368058 0.0 0.0
1699269056.6877217 0.0 0.0
1699269056.73794 None None
1699269056.788223 0.0 0.0
1699269056.8383403 0.0 0.0
1699269056.888463 0.0 0.0
1699269056.9391592 0.0 0.0
1699269056.9889574 None None
1699269057.0394578 0.0 0.0
1699269057.0890522 0.0 0.0
1699269057.13922 0.0 0.0
1699269057.1891322 None None
1699269057.2394078 0.0 0.0
1699269057.2891903 0.0 0.0
1699269057.339646 0.0 0.0
1699269057.3896706 0.0 0.0
1699269057.4402308 None None
1699269057.4899292 0.0 0.0
1699269057.5400665 0.0 0.0
1699269057.5903704 0.0 0.0
1699269057.6404061 None None
1699269057.6904523 0.0 0.0
1699269057.7406886 0.0 0.0
1699269057.790918 0.0 0.0
1699269057.8407996 0.0 0.0
1699269057.890824 None None
1699269057.9408765 0.0 0.0
1699269057.9910233 0.0 0.0
1699269058.04129 0.0 0.0
1699269058.0915396 None None
1699269058.1417127 0.0 0.0
1699269058.1919706 0.0 0.0
1699269058.241976 0.0 0.0
1699269058.2917712 0.0 0.0
1699269058.3417072 None None
1699269058.3918142 0.0 0.0
1699269058.442317 0.0 0.0
1699269058.492601 0.0 0.0
1699269058.5427704 0.0 0.0
1699269058.5927536 None None
1699269058.6429527 0.0 0.0
1699269058.693185 0.0 0.0
1699269058.743718 0.0 0.0
1699269058.7932248 0.0 0.0
1699269058.8434029 None None
1699269058.8939273 0.0 0.0
1699269058.944169 0.0 0.0
1699269058.9942582 0.0 0.0
1699269059.0438385 0.0 0.0
1699269059.094222 None None
1699269059.1440449 0.0 0.0
1699269059.1943173 0.0 0.0
1699269059.2453213 0.0 0.0
1699269059.2949362 None None
1699269059.345034 0.0 0.0
1699269059.509693 0.0 0.0
1699269059.5593977 0.0 0.0
1699269059.6101418 0.0 0.0
1699269059.6606684 0.0 0.0
1699269059.7109566 0.0 0.0
1699269059.7613847 0.0 0.0
1699269059.8113585 0.0 0.0
1699269059.8615882 0.0 0.0
1699269059.9116383 0.0 0.0
1699269059.961823 0.0 0.0
1699269060.0120187 None None
1699269060.0619202 0.0 0.0
1699269060.1127622 0.0 0.0
1699269060.1627293 0.0 0.0
1699269060.2128057 0.0 0.0
1699269060.2628708 None None
1699269060.3130803 0.0 0.0
1699269060.3636234 0.0 0.0
1699269060.4136584 0.0 0.0
1699269060.4640553 0.0 0.0
1699269060.5138502 None None
1699269060.5638978 0.0 0.0
1699269060.6139514 0.0 0.0
1699269060.6639214 0.0 0.0
1699269060.7140062 0.0 0.0
1699269060.7642982 None None
1699269060.8147857 0.0 0.0
1699269060.864884 0.0 0.0
1699269060.9148412 0.0 0.0
1699269060.9649415 0.0 0.0
1699269061.0149837 None None
1699269061.0651836 0.0 0.0
1699269061.1157944 0.0 0.0
1699269061.1656299 0.0 0.0
1699269061.2161222 0.0 0.0
1699269061.266208 None None
1699269061.3158956 0.0 0.0
1699269061.3659716 0.0 0.0
1699269061.4158957 0.0 0.0
1699269061.4659512 0.0 0.0
1699269061.5161622 None None
1699269061.5662966 0.0 0.0
1699269061.6165235 0.0 0.0
1699269061.666624 0.0 0.0
1699269061.7170322 0.0 0.0
1699269061.7668598 None None
1699269061.8168957 0.0 0.0
1699269061.8674278 0.0 0.0
1699269061.917543 0.0 0.0
1699269061.967868 0.0 0.0
1699269062.0178514 None None
1699269062.0678113 0.0 0.0
1699269062.1178117 0.0 0.0
1699269062.1678994 0.0 0.0
1699269062.217852 None None
1699269062.2680252 0.0 0.0
1699269062.318289 0.0 0.0
1699269062.3692834 0.0 0.0
1699269062.419251 None None
1699269062.4691231 0.0 0.0
1699269062.5189047 0.0 0.0
1699269062.5688124 0.0 0.0
1699269062.6190848 0.0 0.0
1699269062.669054 None None
1699269062.7196007 0.0 0.0
1699269062.7695863 0.0 0.0
1699269062.8198624 0.0 0.0
1699269062.8697503 0.0 0.0
1699269062.9197924 None None
1699269062.969873 0.0 0.0
1699269063.0199254 0.0 0.0
1699269063.070019 0.0 0.0
1699269063.120421 None None
1699269063.1707215 0.0 0.0
1699269063.2216341 0.0 0.0
1699269063.2709582 0.0 0.0
1699269063.3209841 0.0 0.0
1699269063.371478 None None
1699269063.4211886 0.0 0.0
1699269063.4716816 0.0 0.0
1699269063.5216672 0.0 0.0
1699269063.5718122 None None
1699269063.6219983 0.0 0.0
1699269063.6718242 0.0 0.0
1699269063.7222767 0.0 0.0
1699269063.7719436 0.0 0.0
1699269063.8224688 None None
1699269063.872508 0.0 0.0
1699269063.9227004 0.0 0.0
1699269063.972692 0.0 0.0
1699269064.0228498 0.0 0.0
1699269064.073861 None None
1699269064.1241922 0.0 0.0
1699269064.174325 0.0 0.0
1699269064.2245507 None None
1699269064.2745934 None None
1699269064.3248503 0.0 0.0
1699269064.3751695 0.0 0.0
1699269064.425276 0.0 0.0
1699269064.4757023 0.0 0.0
1699269064.5259197 0.0 0.0
1699269064.5759046 None None
1699269064.626092 0.0 0.0
1699269064.6757581 0.0 0.0
1699269064.7258832 0.0 0.0
1699269064.8935215 0.0 0.0
1699269064.9437332 0.0 0.0
1699269065.0789862 0.0 0.0
1699269065.1115146 0.0 0.0
1699269065.1434057 0.0 0.0
1699269065.283163 0.0 0.0
1699269065.3324523 0.0 0.0
1699269065.382899 0.17743428253578852 -0.09178621460630032
1699269065.5753827 0.16773723144997266 -0.08579617692968701
1699269065.7654352 0.16773723144997266 -0.08579617692968701
1699269065.8157043 0.09533571048294223 -0.024906977554575768
1699269066.004782 0.09533571048294223 -0.024906977554575768
1699269066.0542352 0.09533571048294223 -0.024906977554575768
1699269066.1042507 0.01703647156691096 -0.01247509815037838
1699269066.2905624 0.01703647156691096 -0.01247509815037838
1699269066.3397322 0.01703647156691096 -0.01247509815037838
1699269066.3899782 -0.0006040645335180983 -0.02677115769197632
1699269066.5797153 -0.0006040645335180983 -0.02677115769197632
1699269066.629806 -0.0006040645335180983 -0.02677115769197632
1699269066.6799345 -0.003258048361126199 -0.023948488483683382
1699269066.865573 -0.003258048361126199 -0.023948488483683382
1699269066.9154115 -0.003258048361126199 -0.023948488483683382
1699269066.9653704 -0.0036006294880267533 -0.023296143772674104
1699269067.1493618 -0.0036006294880267533 -0.023296143772674104
1699269067.1990178 -0.0036006294880267533 -0.023296143772674104
1699269067.2492065 -0.0031757731126394366 -0.023172247204761312
1699269067.4301631 -0.0031757731126394366 -0.023172247204761312
1699269067.480344 -0.0031757731126394366 -0.023172247204761312
1699269067.5303707 -0.0031757731126394366 -0.023172247204761312
1699269067.5808978 -0.0023274945678681985 -0.022389158775750966
1699269067.780034 -0.0023274945678681985 -0.022389158775750966
1699269067.82979 -0.0023274945678681985 -0.022389158775750966
1699269067.8799813 -0.0023274945678681985 -0.022389158775750966
1699269067.930174 -0.0032827570837422977 -0.021070073646176943
1699269068.12086 -0.0032827570837422977 -0.021070073646176943
1699269068.1708155 -0.0032827570837422977 -0.021070073646176943
1699269068.2207267 -0.0032827570837422977 -0.021070073646176943
1699269068.271059 -0.004949900026735968 -0.019950070561404392
1699269068.4552534 -0.004949900026735968 -0.019950070561404392
1699269068.5053682 -0.004949900026735968 -0.019950070561404392
1699269068.5557775 -0.00581621243068506 -0.019416918734326567
1699269068.750783 -0.00581621243068506 -0.019416918734326567
1699269068.8000064 -0.00581621243068506 -0.019416918734326567
1699269068.850194 -0.00581621243068506 -0.019416918734326567
1699269068.9004238 -0.006546822156698968 -0.019186295355719894
1699269069.0893915 -0.0069077960544609894 -0.01892787151917446
1699269069.285547 -0.0069077960544609894 -0.01892787151917446
1699269069.335612 -0.007126656740567647 -0.01835891323114746
1699269069.5285578 -0.007126656740567647 -0.01835891323114746
1699269069.577917 -0.007126656740567647 -0.01835891323114746
1699269069.627821 -0.008557938522858305 -0.017587837725011747
1699269069.8194518 -0.008557938522858305 -0.017587837725011747
1699269069.8692687 -0.008557938522858305 -0.017587837725011747
1699269069.9193475 -0.008557938522858305 -0.017587837725011747
1699269069.969657 -0.009656951489645368 -0.01691315909182788
1699269070.2283611 -0.010377476581940309 -0.01636497365058521
1699269070.4147258 -0.010377476581940309 -0.01636497365058521
1699269070.4644508 -0.011047102494701049 -0.015894649823980384
1699269070.6574473 -0.011047102494701049 -0.015894649823980384
1699269070.7076905 -0.011047102494701049 -0.015894649823980384
1699269070.757771 -0.011608703718881145 -0.01537831808437207
1699269070.9484615 -0.011608703718881145 -0.01537831808437207
1699269070.9979074 -0.011608703718881145 -0.01537831808437207
1699269071.0481133 -0.011608703718881145 -0.01537831808437207
1699269071.098533 -0.01199233972241229 -0.014884227138914876
1699269071.292729 -0.012223103357269246 -0.014417841779733378
1699269071.475773 -0.012223103357269246 -0.014417841779733378
1699269071.5251029 -0.013262384879210982 -0.013903220245255194
1699269071.7166705 -0.013262384879210982 -0.013903220245255194
1699269071.7658556 -0.013262384879210982 -0.013903220245255194
1699269071.8161316 -0.01417609154158504 -0.013265444728122336
1699269072.0118847 -0.01417609154158504 -0.013265444728122336
1699269072.0617805 -0.01417609154158504 -0.013265444728122336
1699269072.1120694 -0.014945732217600927 -0.012686655480453536
1699269072.2975714 -0.014945732217600927 -0.012686655480453536
1699269072.347842 -0.014945732217600927 -0.012686655480453536
1699269072.3979032 -0.014945732217600927 -0.012686655480453536
1699269072.448082 -0.015608276812973053 -0.012154951918605297
1699269072.640005 -0.016096364654500546 -0.011678018982666122
1699269072.8297153 -0.016096364654500546 -0.011678018982666122
1699269072.879475 -0.016516854750596617 -0.011159806935209552
1699269073.060834 -0.016516854750596617 -0.011159806935209552
1699269073.1108859 -0.016516854750596617 -0.011159806935209552
1699269073.1610785 -0.016516854750596617 -0.011159806935209552
1699269073.211714 -0.018263381023690198 -0.010088818842338917
1699269073.4109447 -0.018263381023690198 -0.010088818842338917
1699269073.4604483 -0.018263381023690198 -0.010088818842338917
1699269073.5107 -0.018263381023690198 -0.010088818842338917
1699269073.5611033 -0.018946818022492578 -0.009579136942837829
1699269073.758065 -0.01952958075987506 -0.009096733111976722
1699269073.9427772 -0.01952958075987506 -0.009096733111976722
1699269073.992502 -0.020103901940080347 -0.008635337404997858
1699269074.1845353 -0.020103901940080347 -0.008635337404997858
1699269074.2338161 -0.020103901940080347 -0.008635337404997858
1699269074.284131 -0.020103901940080347 -0.008635337404997858
1699269074.3341837 -0.020939206186881987 -0.007674174958820467
1699269074.5322266 -0.020939206186881987 -0.007674174958820467
1699269074.5819943 -0.020939206186881987 -0.007674174958820467
1699269074.6320503 -0.020939206186881987 -0.007674174958820467
1699269074.682238 -0.02133076928567378 -0.007230756296311789
1699269074.878262 -0.021623429672827835 -0.006796049842577819
1699269075.065272 -0.021623429672827835 -0.006796049842577819
1699269075.115065 -0.02234804637813077 -0.00638711115253059
1699269075.3022327 -0.02234804637813077 -0.00638711115253059
1699269075.3520737 -0.02234804637813077 -0.00638711115253059
1699269075.4022777 -0.0230023207372811 -0.006027143301703735
1699269075.5846725 -0.0230023207372811 -0.006027143301703735
1699269075.6340077 -0.0230023207372811 -0.006027143301703735
1699269075.684224 -0.0230023207372811 -0.006027143301703735
1699269075.7339678 -0.023567710956550244 -0.005664486810551519
1699269075.914609 -0.023567710956550244 -0.005664486810551519
1699269075.9646003 -0.023567710956550244 -0.005664486810551519
1699269076.015156 -0.023567710956550244 -0.005664486810551519
1699269076.0648751 -0.024469505003409473 -0.004955272800527124
1699269076.2612205 -0.024469505003409473 -0.004955272800527124
1699269076.3104393 -0.024469505003409473 -0.004955272800527124
1699269076.3605406 -0.024469505003409473 -0.004955272800527124
1699269076.4122388 -0.02512810186693437 -0.004385006594464689
1699269076.6025145 -0.02512810186693437 -0.004385006594464689
1699269076.6521668 -0.02512810186693437 -0.004385006594464689
1699269076.7024386 -0.02512810186693437 -0.004385006594464689
1699269076.752589 -0.02570249968433667 -0.004117678930657414
1699269076.948371 -0.026201452244674232 -0.0038636468639906456
1699269077.1376574 -0.026201452244674232 -0.0038636468639906456
1699269077.1869931 -0.026672583159866366 -0.0036722949333166236
1699269077.3793998 -0.026672583159866366 -0.0036722949333166236
1699269077.429591 -0.026672583159866366 -0.0036722949333166236
1699269077.479417 -0.027105799769930064 -0.003457656363102328
1699269077.6743834 -0.027105799769930064 -0.003457656363102328
1699269077.7240782 -0.027105799769930064 -0.003457656363102328
1699269077.7739737 -0.027105799769930064 -0.003457656363102328
1699269077.8242285 -0.02790981846302391 -0.0030779410221585656
1699269078.0195935 -0.02790981846302391 -0.0030779410221585656
1699269078.0688744 -0.02790981846302391 -0.0030779410221585656
1699269078.1188653 -0.028158857868724897 -0.0029650500903153645
1699269078.297278 -0.028158857868724897 -0.0029650500903153645
1699269078.3475335 -0.028158857868724897 -0.0029650500903153645
1699269078.39759 -0.028373928695883826 -0.0028401124515522094
1699269078.5944352 -0.028373928695883826 -0.0028401124515522094
1699269078.6440368 -0.028373928695883826 -0.0028401124515522094
1699269078.6939638 -0.028373928695883826 -0.0028401124515522094
1699269078.7443683 -0.028770187438111133 -0.0027538479116797766
1699269078.931016 -0.029145928628846973 -0.0026095773433985016
1699269079.1159997 -0.029145928628846973 -0.0026095773433985016
1699269079.1652048 -0.02950160808294279 -0.002501268737930306
1699269079.3515558 -0.02950160808294279 -0.002501268737930306
1699269079.400816 -0.02950160808294279 -0.002501268737930306
1699269079.4509091 -0.02981500183878319 -0.002399561937974004
1699269079.649254 -0.02981500183878319 -0.002399561937974004
1699269079.6988795 -0.02981500183878319 -0.002399561937974004
1699269079.7489057 -0.030141459760845302 -0.0022563939700826225
1699269079.926482 -0.030141459760845302 -0.0022563939700826225
1699269079.975664 -0.030141459760845302 -0.0022563939700826225
1699269080.025786 -0.030457974002967896 -0.0021433998655838813
1699269080.227455 -0.030457974002967896 -0.0021433998655838813
1699269080.2769895 -0.030457974002967896 -0.0021433998655838813
1699269080.3272269 -0.03081223748067067 -0.0020836599802185555
1699269080.5188978 -0.03081223748067067 -0.0020836599802185555
1699269080.56804 -0.03081223748067067 -0.0020836599802185555
1699269080.6179118 -0.031138364444074976 -0.002028171317622639
1699269080.8096755 -0.031138364444074976 -0.002028171317622639
1699269080.859971 -0.031138364444074976 -0.002028171317622639
1699269080.909829 -0.031138364444074976 -0.002028171317622639
1699269080.960193 -0.03147240493944568 -0.0019685568570962436
1699269081.146411 -0.03179427214478468 -0.001923755659532158
1699269081.3473222 -0.03179427214478468 -0.001923755659532158
1699269081.3967562 -0.032094716503015 -0.0018748200748005598
1699269081.572035 -0.032094716503015 -0.0018748200748005598
1699269081.6218462 -0.032094716503015 -0.0018748200748005598
1699269081.671929 -0.03240410961170557 -0.001861249916266499
1699269081.8767345 -0.03240410961170557 -0.001861249916266499
1699269081.926837 -0.03240410961170557 -0.001861249916266499
1699269081.9767084 -0.03240410961170557 -0.001861249916266499
1699269082.0275793 -0.03278556735252906 -0.0018376416254370454
1699269082.220566 -0.033118714068626647 -0.0018322215621825086
1699269082.4069707 -0.033118714068626647 -0.0018322215621825086
1699269082.4560888 -0.033382526994023276 -0.001838257763945448
1699269082.6475964 -0.033382526994023276 -0.001838257763945448
1699269082.697124 -0.033382526994023276 -0.001838257763945448
1699269082.7471657 -0.033382526994023276 -0.001838257763945448
1699269082.7976494 -0.033928163918597716 -0.001883929461458978
1699269082.9921954 -0.033928163918597716 -0.001883929461458978
1699269083.0415385 -0.033928163918597716 -0.001883929461458978
1699269083.0916088 -0.03417239534745314 -0.0019336385253323836
1699269083.2864714 -0.03417239534745314 -0.0019336385253323836
1699269083.3366098 -0.03417239534745314 -0.0019336385253323836
1699269083.3872561 -0.034412005508687206 -0.0019570009525727928
1699269083.5917091 -0.034412005508687206 -0.0019570009525727928
1699269083.6399744 -0.034412005508687206 -0.0019570009525727928
1699269083.690719 -0.03464474225349044 -0.001998761283210725
1699269083.882138 -0.03464474225349044 -0.001998761283210725
1699269083.9320676 -0.03464474225349044 -0.001998761283210725
1699269083.982448 -0.03464474225349044 -0.001998761283210725
1699269084.032611 -0.03506161532219801 -0.0020862066049708475
1699269084.2215295 -0.03506161532219801 -0.0020862066049708475
1699269084.2714963 -0.03506161532219801 -0.0020862066049708475
1699269084.3214514 -0.035248284001054585 -0.002123550077955352
1699269084.5217605 -0.035248284001054585 -0.002123550077955352
1699269084.5719543 -0.035248284001054585 -0.002123550077955352
1699269084.6218395 -0.035248284001054585 -0.002123550077955352
1699269084.6724195 -0.03544804277111307 -0.002173544221613806
1699269084.8625288 -0.03544804277111307 -0.002173544221613806
1699269084.9120615 -0.03544804277111307 -0.002173544221613806
1699269084.962293 -0.03563950186940444 -0.0022307879986111227
1699269085.1561372 -0.03563950186940444 -0.0022307879986111227
1699269085.206288 -0.03563950186940444 -0.0022307879986111227
1699269085.2565064 -0.03563950186940444 -0.0022307879986111227
1699269085.3072035 -0.035831084429631566 -0.0022968083593061465
1699269085.522089 -0.036036421572554364 -0.0023739408708918024
1699269085.720375 -0.036036421572554364 -0.0023739408708918024
1699269085.7700214 -0.036176752127886895 -0.0024130957796230403
1699269085.9554908 -0.036176752127886895 -0.0024130957796230403
1699269086.0047712 -0.036176752127886895 -0.0024130957796230403
1699269086.0549667 -0.036176752127886895 -0.0024130957796230403
1699269086.104657 -0.03648582698637438 -0.002524797462725169
