1697176606.3244386 -0.0 0
1697176606.6241612 -0.0 0
1697176606.7577488 -0.0 0
1697176606.7967088 -0.0 0
1697176606.8348246 -0.0 0
1697176606.8767838 -0.0 0
1697176606.917824 -0.0 0
1697176606.949111 -0.0 0
1697176606.9807808 -0.0 0
1697176607.0306847 -0.0 0
1697176607.0811024 -0.0 0
1697176607.132316 -0.0 0
1697176607.182317 -0.0 0
1697176607.2331276 -0.0 0
1697176607.2834606 -0.0 0
1697176607.3346894 -0.0 0
1697176607.3851027 -0.0 0
1697176607.4351954 -0.0 0
1697176607.4854178 -0.0 0
1697176607.5356333 -0.0 0
1697176607.5859363 -0.0 0
1697176607.63604 -0.0 0
1697176607.6863327 -0.0 0
1697176607.7370408 -0.0 0
1697176607.7884378 -0.0 0
1697176607.8400168 -0.0 0
1697176607.8893938 -0.0 0
1697176607.9380562 -0.0 0
1697176607.9881408 -0.0 0
1697176608.0407937 -0.0 0
1697176608.0939121 -0.0 0
1697176608.1417344 -0.0 0
1697176608.1923811 -0.0 0
1697176608.2405903 -0.0 0
1697176608.2901895 -0.0 0
1697176608.339825 -0.0 0
1697176608.3928277 -0.0 0
1697176608.4429142 -0.0 0
1697176608.492643 -0.0 0
1697176608.542418 -0.0 0
1697176608.5929608 -0.0 0
1697176608.642387 -0.0 0
1697176608.6955245 -0.0 0
1697176608.7460256 -0.0 0
1697176608.796524 -0.0 0
1697176608.8460789 -0.0 0
1697176608.8968484 -0.0 0
1697176608.9496799 -0.0 0
1697176608.9970555 -0.0 0
1697176609.047249 -0.0 0
1697176609.099651 -0.0 0
1697176609.1531239 -0.0 0
1697176609.215252 -0.0 0
1697176609.253993 -0.0 0
1697176609.3028748 -0.0 0
1697176609.3544242 -0.0 0
1697176609.4049869 -0.0 0
1697176609.4543083 -0.0 0
1697176609.5046437 -0.0 0
1697176609.5539563 -0.0 0
1697176609.604052 -0.0 0
1697176609.6543946 -0.0 0
1697176609.7057762 -0.0 0
1697176609.7566147 -0.0 0
1697176609.808368 -0.0 0
1697176609.8574755 -0.0 0
1697176609.9102 -0.0 0
1697176609.9604714 -0.0 0
1697176610.0097175 -0.0 0
1697176610.0630891 -0.0 0
1697176610.112767 -0.0 0
1697176610.162614 -0.0 0
1697176610.212819 -0.0 0
1697176610.2634616 -0.0 0
1697176610.3166409 -0.0 0
1697176610.3630443 -0.0 0
1697176610.413098 -0.0 0
1697176610.4670227 -0.0 0
1697176610.5200822 -0.0 0
1697176610.5690675 -0.0 0
1697176610.6185608 -0.0 0
1697176610.6686366 -0.0 0
1697176610.7211444 -0.0 0
1697176610.769763 -0.0 0
1697176610.8208854 -0.0 0
1697176610.8707833 -0.0 0
1697176610.9213192 -0.0 0
1697176610.9714031 -0.0 0
1697176611.021066 -0.0 0
1697176611.0714207 -0.0 0
1697176611.1217341 -0.0 0
1697176611.171801 -0.0 0
1697176611.2250159 -0.0 0
1697176611.2778785 -0.0 0
1697176611.33365 -0.0 0
1697176611.3807535 -0.0 0
1697176611.4294753 -0.0 0
1697176611.4784045 -0.0 0
1697176611.5281837 -0.0 0
1697176611.5785446 -0.0 0
1697176611.6290221 -0.0 0
1697176611.6795602 -0.0 0
1697176611.7300494 -0.0 0
1697176611.779965 -0.0 0
1697176611.8296616 -0.0 0
1697176611.87979 -0.0 0
1697176611.930908 -0.0 0
1697176611.9816937 -0.0 0
1697176612.0321262 -0.0 0
1697176612.0848527 -0.0 0
1697176612.137235 -0.0 0
