1699257191.507187 0.0 0.0
1699257191.8141112 0.0 0.0
1699257191.9938664 0.0 0.0
1699257192.0439012 0.0 0.0
1699257192.0939255 0.0 0.0
1699257192.144329 0.0 0.0
1699257192.1947381 0.0 0.0
1699257192.2447526 0.0 0.0
1699257192.295059 0.0 0.0
1699257192.3448145 0.0 0.0
1699257192.3948634 0.0 0.0
1699257192.4450603 0.0 0.0
1699257192.4961116 0.0 0.0
1699257192.546486 0.0 0.0
1699257192.595758 0.0 0.0
1699257192.6455283 0.0 0.0
1699257192.6959245 0.0 0.0
1699257192.746197 0.0 0.0
1699257192.7963738 0.0 0.0
1699257192.8470101 0.0 0.0
1699257192.8970618 0.0 0.0
1699257192.9470625 0.0 0.0
1699257192.9970443 0.0 0.0
1699257193.046966 0.0 0.0
1699257193.0975082 0.0 0.0
1699257193.1474342 0.0 0.0
1699257193.1978505 0.0 0.0
1699257193.247899 0.0 0.0
1699257193.2984924 0.0 0.0
1699257193.3481243 0.0 0.0
1699257193.3982158 0.0 0.0
1699257193.4486609 0.0 0.0
1699257193.4984481 0.0 0.0
1699257193.5485878 0.0 0.0
1699257193.5996227 None None
1699257193.6499252 0.0 0.0
1699257193.6991687 0.0 0.0
1699257193.7491655 0.0 0.0
1699257193.799406 None None
1699257193.8495667 0.0 0.0
1699257193.8994818 0.0 0.0
1699257193.9502432 0.0 0.0
1699257194.000603 None None
1699257194.050821 0.0 0.0
1699257194.1010463 0.0 0.0
1699257194.150795 0.0 0.0
1699257194.200887 0.0 0.0
1699257194.250978 None None
1699257194.3006475 0.0 0.0
1699257194.3514965 0.0 0.0
1699257194.4010243 0.0 0.0
1699257194.4513435 0.0 0.0
1699257194.502145 None None
1699257194.5513515 0.0 0.0
1699257194.602444 0.0 0.0
1699257194.652788 0.0 0.0
1699257194.702615 0.0 0.0
1699257194.7529237 None None
1699257194.8029208 0.0 0.0
1699257194.8537095 0.0 0.0
1699257194.9030733 0.0 0.0
1699257194.9527657 None None
1699257195.0028598 0.0 0.0
1699257195.0528202 0.0 0.0
1699257195.1047654 0.0 0.0
1699257195.154307 0.0 0.0
1699257195.203994 None None
1699257195.2542276 0.0 0.0
1699257195.3042643 0.0 0.0
1699257195.353871 0.0 0.0
1699257195.4040225 0.0 0.0
1699257195.453912 None None
1699257195.5044577 0.0 0.0
1699257195.5549812 0.0 0.0
1699257195.6047628 0.0 0.0
1699257195.655527 0.0 0.0
1699257195.7051997 None None
1699257195.7548752 0.0 0.0
1699257195.8054438 0.0 0.0
1699257195.8561969 0.0 0.0
1699257195.9061148 None None
1699257195.9560966 0.0 0.0
1699257196.0060427 0.0 0.0
1699257196.056315 0.0 0.0
1699257196.1068988 None None
1699257196.1568174 0.0 0.0
1699257196.207529 0.0 0.0
1699257196.2576578 0.0 0.0
1699257196.3075805 0.0 0.0
1699257196.3577096 None None
1699257196.4151468 0.0 0.0
1699257196.460213 0.0 0.0
1699257196.5084388 0.0 0.0
1699257196.5584745 0.0 0.0
1699257196.608595 None None
1699257196.6591215 0.0 0.0
1699257196.710206 0.0 0.0
1699257196.7592952 0.0 0.0
1699257196.8088288 None None
1699257196.8589535 0.0 0.0
1699257196.909384 0.0 0.0
1699257196.9597912 0.0 0.0
1699257197.0095584 0.0 0.0
1699257197.0605588 None None
1699257197.1117198 0.0 0.0
1699257197.1621318 0.0 0.0
1699257197.2121189 0.0 0.0
1699257197.2623596 0.0 0.0
1699257197.3121436 None None
1699257197.3624535 0.0 0.0
1699257197.412565 0.0 0.0
1699257197.4629076 0.0 0.0
1699257197.5130327 None None
1699257197.5652778 0.0 0.0
1699257197.614497 0.0 0.0
1699257197.6644206 0.0 0.0
1699257197.7146971 0.0 0.0
1699257197.7653167 None None
1699257197.815088 0.0 0.0
1699257197.864887 0.0 0.0
1699257197.9164124 0.0 0.0
1699257197.9653573 None None
1699257198.0159285 0.0 0.0
1699257198.065618 0.0 0.0
1699257198.1166267 0.0 0.0
1699257198.166206 0.0 0.0
1699257198.216622 None None
1699257198.2669468 0.0 0.0
1699257198.3168323 0.0 0.0
1699257198.367126 0.0 0.0
1699257198.416807 0.0 0.0
1699257198.4675417 None None
1699257198.517659 0.0 0.0
1699257198.5677884 0.0 0.0
1699257198.6193209 0.0 0.0
1699257198.6802309 0.0 0.0
1699257198.7289548 None None
1699257198.7803266 0.0 0.0
1699257198.827187 0.0 0.0
1699257198.8762476 0.0 0.0
1699257198.924159 None None
1699257198.9758935 0.0 0.0
1699257199.0254202 0.0 0.0
1699257199.0756226 0.0 0.0
1699257199.1257024 0.0 0.0
1699257199.1755633 None None
1699257199.2257652 0.0 0.0
1699257199.276487 0.0 0.0
1699257199.32679 0.0 0.0
1699257199.3784518 0.0 0.0
1699257199.427221 None None
1699257199.4777956 0.0 0.0
1699257199.5273328 0.0 0.0
1699257199.5774758 0.0 0.0
1699257199.6272078 0.0 0.0
1699257199.6770852 None None
1699257199.727586 0.0 0.0
1699257199.7775133 0.0 0.0
1699257199.827597 0.0 0.0
1699257199.8781722 0.0 0.0
1699257199.9280736 None None
1699257199.9778156 0.0 0.0
1699257200.0296342 0.0 0.0
1699257200.0814478 0.0 0.0
1699257200.1320813 0.0 0.0
1699257200.18183 None None
1699257200.2316728 0.0 0.0
1699257200.4515514 0.0 0.0
1699257200.502272 0.0 0.0
1699257200.550389 0.0 0.0
1699257200.6013942 0.0 0.0
1699257200.6508598 0.0 0.0
1699257200.7016022 0.0 0.0
1699257200.7523432 0.0 0.0
1699257200.8051162 0.0 0.0
1699257200.8536031 0.0 0.0
1699257200.9038548 0.0 0.0
1699257200.953949 0.0 0.0
1699257201.004766 0.0 0.0
1699257201.0535407 0.0 0.0
1699257201.1041052 None None
1699257201.1542397 0.0 0.0
1699257201.2050595 0.0 0.0
1699257201.2548728 0.0 0.0
1699257201.3049386 0.0 0.0
1699257201.3547332 None None
1699257201.4046977 0.0 0.0
1699257201.4556754 0.0 0.0
1699257201.5099251 0.0 0.0
1699257201.5564134 0.0 0.0
1699257201.6064146 None None
1699257201.6563883 0.0 0.0
1699257201.7070599 0.0 0.0
1699257201.757143 0.0 0.0
1699257201.8070142 0.0 0.0
1699257201.8579025 None None
1699257201.9093876 0.0 0.0
1699257201.9581938 0.0 0.0
1699257202.0117326 0.0 0.0
1699257202.0617952 0.0 0.0
1699257202.1123126 None None
1699257202.1624386 0.0 0.0
1699257202.212229 0.0 0.0
1699257202.2624083 0.0 0.0
1699257202.3129158 0.0 0.0
1699257202.3626933 0.0 0.0
1699257202.412838 None None
1699257202.463306 0.0 0.0
1699257202.512969 0.0 0.0
1699257202.563756 0.0 0.0
1699257202.6129265 0.0 0.0
1699257202.6631367 None None
1699257202.7132785 0.0 0.0
1699257202.763439 0.0 0.0
1699257202.8137107 0.0 0.0
1699257202.8639889 None None
1699257202.9139836 0.0 0.0
1699257202.9640696 0.0 0.0
1699257203.0144207 0.0 0.0
1699257203.0646045 None None
1699257203.1146038 0.0 0.0
1699257203.1646037 0.0 0.0
1699257203.2153935 0.0 0.0
1699257203.2651823 None None
1699257203.3151724 0.0 0.0
1699257203.3649096 0.0 0.0
1699257203.4150577 0.0 0.0
1699257203.4652421 0.0 0.0
1699257203.515355 None None
1699257203.5652874 0.0 0.0
1699257203.6162448 0.0 0.0
1699257203.6662269 0.0 0.0
1699257203.716185 0.0 0.0
1699257203.7660513 None None
1699257203.8164442 0.0 0.0
1699257203.8666334 0.0 0.0
1699257203.9167747 0.0 0.0
1699257203.9669745 0.0 0.0
1699257204.0170002 None None
1699257204.0669765 0.0 0.0
1699257204.117367 0.0 0.0
1699257204.167052 0.0 0.0
1699257204.2171876 0.0 0.0
1699257204.2673893 None None
1699257204.3179994 0.0 0.0
1699257204.3683581 0.0 0.0
1699257204.4196308 0.0 0.0
1699257204.4684248 None None
1699257204.518753 0.0 0.0
1699257204.5688019 0.0 0.0
1699257204.619161 0.0 0.0
1699257204.6753654 0.0 0.0
1699257204.7209935 None None
1699257204.77278 0.0 0.0
1699257204.8209548 0.0 0.0
1699257204.8712075 0.0 0.0
1699257204.9220283 0.0 0.0
1699257204.9711463 None None
1699257205.0216527 0.0 0.0
1699257205.0721853 0.0 0.0
1699257205.1258614 None None
1699257205.174483 None None
1699257205.2247372 0.0 0.0
1699257205.2746015 0.0 0.0
1699257205.3248243 0.0 0.0
1699257205.3751862 0.0 0.0
1699257205.425099 None None
1699257205.4754868 0.0 0.0
1699257205.5260468 0.0 0.0
1699257205.5757976 0.0 0.0
1699257205.6257246 None None
1699257205.6758583 0.0 0.0
1699257205.831178 0.0 0.0
1699257205.8804522 0.0 0.0
1699257206.029122 0.0 0.0
1699257206.0584433 0.0 0.0
1699257206.0895398 0.0 0.0
1699257206.220058 0.0 0.0
1699257206.269738 0.0 0.0
1699257206.3202107 0.17743428253578852 -0.09178621460630032
1699257206.507937 0.16773723144997266 -0.08579617692968701
1699257206.715303 0.16773723144997266 -0.08579617692968701
1699257206.7651331 0.09533571048294223 -0.024906977554575768
1699257206.9417431 0.09533571048294223 -0.024906977554575768
1699257206.9917605 0.09533571048294223 -0.024906977554575768
1699257207.0422225 0.01703647156691096 -0.01247509815037838
1699257207.2233272 0.01703647156691096 -0.01247509815037838
1699257207.2730668 0.01703647156691096 -0.01247509815037838
1699257207.3233385 -0.0006040645335180983 -0.02677115769197632
1699257207.5257926 -0.0006040645335180983 -0.02677115769197632
1699257207.5746214 -0.0006040645335180983 -0.02677115769197632
1699257207.6249642 -0.003258048361126199 -0.023948488483683382
1699257207.8124316 -0.003258048361126199 -0.023948488483683382
1699257207.8619816 -0.003258048361126199 -0.023948488483683382
1699257207.911884 -0.0036006294880267533 -0.023296143772674104
1699257208.1028638 -0.0036006294880267533 -0.023296143772674104
1699257208.156756 -0.0036006294880267533 -0.023296143772674104
1699257208.207235 -0.0031757731126394366 -0.023172247204761312
1699257208.4368124 -0.0031757731126394366 -0.023172247204761312
1699257208.485778 -0.0031757731126394366 -0.023172247204761312
1699257208.5358958 -0.0031757731126394366 -0.023172247204761312
1699257208.585766 -0.0023274945678681985 -0.022389158775750966
1699257208.8514786 -0.0023274945678681985 -0.022389158775750966
1699257208.9007525 -0.0023274945678681985 -0.022389158775750966
1699257208.9504354 -0.0023274945678681985 -0.022389158775750966
1699257209.000265 -0.0032827570837422977 -0.021070073646176943
1699257209.2200963 -0.0032827570837422977 -0.021070073646176943
1699257209.2689393 -0.0032827570837422977 -0.021070073646176943
1699257209.3190238 -0.0032827570837422977 -0.021070073646176943
1699257209.3692403 -0.004949900026735968 -0.019950070561404392
1699257209.6247044 -0.004949900026735968 -0.019950070561404392
1699257209.6593494 -0.004949900026735968 -0.019950070561404392
1699257209.7119067 -0.00581621243068506 -0.019416918734326567
1699257209.946079 -0.00581621243068506 -0.019416918734326567
1699257209.995945 -0.00581621243068506 -0.019416918734326567
1699257210.0474598 -0.00581621243068506 -0.019416918734326567
1699257210.0968695 -0.006546822156698968 -0.019186295355719894
1699257210.3261096 -0.0069077960544609894 -0.01892787151917446
1699257210.5086293 -0.0069077960544609894 -0.01892787151917446
1699257210.5578847 -0.007126656740567647 -0.01835891323114746
1699257210.7404523 -0.007126656740567647 -0.01835891323114746
1699257210.7899482 -0.007126656740567647 -0.01835891323114746
1699257210.839974 -0.008557938522858305 -0.017587837725011747
1699257211.060295 -0.008557938522858305 -0.017587837725011747
1699257211.1097274 -0.008557938522858305 -0.017587837725011747
1699257211.2247367 -0.008557938522858305 -0.017587837725011747
1699257211.273538 -0.009656951489645368 -0.01691315909182788
1699257211.4937294 -0.010377476581940309 -0.01636497365058521
1699257211.686542 -0.010377476581940309 -0.01636497365058521
1699257211.7393186 -0.011047102494701049 -0.015894649823980384
1699257211.945872 -0.011047102494701049 -0.015894649823980384
1699257212.0031161 -0.011047102494701049 -0.015894649823980384
1699257212.0655732 -0.011608703718881145 -0.01537831808437207
1699257212.2920957 -0.011608703718881145 -0.01537831808437207
1699257212.3413315 -0.011608703718881145 -0.01537831808437207
1699257212.391707 -0.011608703718881145 -0.01537831808437207
1699257212.4415088 -0.01199233972241229 -0.014884227138914876
1699257212.6832027 -0.012223103357269246 -0.014417841779733378
1699257212.8912156 -0.012223103357269246 -0.014417841779733378
1699257212.9532874 -0.013262384879210982 -0.013903220245255194
1699257213.188898 -0.013262384879210982 -0.013903220245255194
1699257213.239979 -0.013262384879210982 -0.013903220245255194
1699257213.2907171 -0.01417609154158504 -0.013265444728122336
1699257213.5226326 -0.01417609154158504 -0.013265444728122336
1699257213.5755944 -0.01417609154158504 -0.013265444728122336
1699257213.6224225 -0.014945732217600927 -0.012686655480453536
1699257213.7999496 -0.014945732217600927 -0.012686655480453536
1699257213.849816 -0.014945732217600927 -0.012686655480453536
1699257213.9000533 -0.014945732217600927 -0.012686655480453536
1699257213.9556954 -0.015608276812973053 -0.012154951918605297
1699257214.1815803 -0.016096364654500546 -0.011678018982666122
1699257214.3908913 -0.016096364654500546 -0.011678018982666122
1699257214.440245 -0.016516854750596617 -0.011159806935209552
1699257214.6363149 -0.016516854750596617 -0.011159806935209552
1699257214.6857345 -0.016516854750596617 -0.011159806935209552
1699257214.736443 -0.016516854750596617 -0.011159806935209552
1699257214.7862318 -0.018263381023690198 -0.010088818842338917
1699257214.9947402 -0.018263381023690198 -0.010088818842338917
1699257215.0438848 -0.018263381023690198 -0.010088818842338917
1699257215.0975046 -0.018263381023690198 -0.010088818842338917
1699257215.1487367 -0.018946818022492578 -0.009579136942837829
1699257215.3541062 -0.01952958075987506 -0.009096733111976722
1699257215.56555 -0.01952958075987506 -0.009096733111976722
1699257215.6140494 -0.020103901940080347 -0.008635337404997858
1699257215.808356 -0.020103901940080347 -0.008635337404997858
1699257215.864029 -0.020103901940080347 -0.008635337404997858
1699257215.9266274 -0.020103901940080347 -0.008635337404997858
1699257215.9790823 -0.020939206186881987 -0.007674174958820467
1699257216.1989675 -0.020939206186881987 -0.007674174958820467
1699257216.2488246 -0.020939206186881987 -0.007674174958820467
1699257216.299996 -0.020939206186881987 -0.007674174958820467
1699257216.350329 -0.02133076928567378 -0.007230756296311789
1699257216.5841486 -0.021623429672827835 -0.006796049842577819
1699257216.8234942 -0.021623429672827835 -0.006796049842577819
1699257216.87312 -0.02234804637813077 -0.00638711115253059
1699257217.0966556 -0.02234804637813077 -0.00638711115253059
1699257217.1462336 -0.02234804637813077 -0.00638711115253059
1699257217.1962607 -0.0230023207372811 -0.006027143301703735
1699257217.3903286 -0.0230023207372811 -0.006027143301703735
1699257217.4404287 -0.0230023207372811 -0.006027143301703735
1699257217.491575 -0.0230023207372811 -0.006027143301703735
1699257217.5402908 -0.023567710956550244 -0.005664486810551519
1699257217.76669 -0.023567710956550244 -0.005664486810551519
1699257217.8174176 -0.023567710956550244 -0.005664486810551519
1699257217.8799422 -0.023567710956550244 -0.005664486810551519
1699257217.9336772 -0.024469505003409473 -0.004955272800527124
1699257218.1973047 -0.024469505003409473 -0.004955272800527124
1699257218.2468023 -0.024469505003409473 -0.004955272800527124
1699257218.299934 -0.024469505003409473 -0.004955272800527124
1699257218.357683 -0.02512810186693437 -0.004385006594464689
1699257218.579756 -0.02512810186693437 -0.004385006594464689
1699257218.6296203 -0.02512810186693437 -0.004385006594464689
1699257218.6836455 -0.02512810186693437 -0.004385006594464689
1699257218.7372637 -0.02570249968433667 -0.004117678930657414
1699257218.9571187 -0.026201452244674232 -0.0038636468639906456
1699257219.1440282 -0.026201452244674232 -0.0038636468639906456
1699257219.193274 -0.026672583159866366 -0.0036722949333166236
1699257219.3955426 -0.026672583159866366 -0.0036722949333166236
1699257219.4447737 -0.026672583159866366 -0.0036722949333166236
1699257219.495018 -0.027105799769930064 -0.003457656363102328
1699257219.700597 -0.027105799769930064 -0.003457656363102328
1699257219.7499025 -0.027105799769930064 -0.003457656363102328
1699257219.8001099 -0.027105799769930064 -0.003457656363102328
1699257219.8502095 -0.02790981846302391 -0.0030779410221585656
1699257220.067691 -0.02790981846302391 -0.0030779410221585656
1699257220.1169288 -0.02790981846302391 -0.0030779410221585656
1699257220.1669137 -0.028158857868724897 -0.0029650500903153645
1699257220.3964188 -0.028158857868724897 -0.0029650500903153645
1699257220.4458363 -0.028158857868724897 -0.0029650500903153645
1699257220.4958818 -0.028373928695883826 -0.0028401124515522094
1699257220.716384 -0.028373928695883826 -0.0028401124515522094
1699257220.7674265 -0.028373928695883826 -0.0028401124515522094
1699257220.8177142 -0.028373928695883826 -0.0028401124515522094
1699257220.8675392 -0.028770187438111133 -0.0027538479116797766
1699257221.1015542 -0.029145928628846973 -0.0026095773433985016
1699257221.326045 -0.029145928628846973 -0.0026095773433985016
1699257221.3758347 -0.02950160808294279 -0.002501268737930306
1699257221.578683 -0.02950160808294279 -0.002501268737930306
1699257221.628755 -0.02950160808294279 -0.002501268737930306
1699257221.679353 -0.02981500183878319 -0.002399561937974004
1699257221.8767672 -0.02981500183878319 -0.002399561937974004
1699257221.926288 -0.02981500183878319 -0.002399561937974004
1699257221.9769347 -0.030141459760845302 -0.0022563939700826225
1699257222.165024 -0.030141459760845302 -0.0022563939700826225
1699257222.2143614 -0.030141459760845302 -0.0022563939700826225
1699257222.264711 -0.030457974002967896 -0.0021433998655838813
1699257222.4584446 -0.030457974002967896 -0.0021433998655838813
1699257222.515275 -0.030457974002967896 -0.0021433998655838813
1699257222.5696003 -0.03081223748067067 -0.0020836599802185555
1699257222.8222835 -0.03081223748067067 -0.0020836599802185555
1699257222.8712692 -0.03081223748067067 -0.0020836599802185555
1699257222.9219542 -0.031138364444074976 -0.002028171317622639
1699257223.1308455 -0.031138364444074976 -0.002028171317622639
1699257223.1812265 -0.031138364444074976 -0.002028171317622639
1699257223.2319024 -0.031138364444074976 -0.002028171317622639
1699257223.2852485 -0.03147240493944568 -0.0019685568570962436
1699257223.5148296 -0.03179427214478468 -0.001923755659532158
1699257223.70829 -0.03179427214478468 -0.001923755659532158
1699257223.7576275 -0.032094716503015 -0.0018748200748005598
1699257223.976453 -0.032094716503015 -0.0018748200748005598
1699257224.025084 -0.032094716503015 -0.0018748200748005598
1699257224.074947 -0.03240410961170557 -0.001861249916266499
1699257224.2989516 -0.03240410961170557 -0.001861249916266499
1699257224.3482897 -0.03240410961170557 -0.001861249916266499
1699257224.3983912 -0.03240410961170557 -0.001861249916266499
1699257224.4481425 -0.03278556735252906 -0.0018376416254370454
1699257224.6961315 -0.033118714068626647 -0.0018322215621825086
1699257224.897354 -0.033118714068626647 -0.0018322215621825086
1699257224.9462922 -0.033382526994023276 -0.001838257763945448
1699257225.1776268 -0.033382526994023276 -0.001838257763945448
1699257225.227058 -0.033382526994023276 -0.001838257763945448
1699257225.2772455 -0.033382526994023276 -0.001838257763945448
1699257225.327861 -0.033928163918597716 -0.001883929461458978
1699257225.5931497 -0.033928163918597716 -0.001883929461458978
1699257225.6441593 -0.033928163918597716 -0.001883929461458978
1699257225.6935694 -0.03417239534745314 -0.0019336385253323836
1699257225.931081 -0.03417239534745314 -0.0019336385253323836
1699257225.981159 -0.03417239534745314 -0.0019336385253323836
1699257226.0302942 -0.034412005508687206 -0.0019570009525727928
1699257226.3149302 -0.034412005508687206 -0.0019570009525727928
1699257226.3640208 -0.034412005508687206 -0.0019570009525727928
1699257226.4147513 -0.03464474225349044 -0.001998761283210725
1699257226.630441 -0.03464474225349044 -0.001998761283210725
1699257226.6950636 -0.03464474225349044 -0.001998761283210725
1699257226.754999 -0.03464474225349044 -0.001998761283210725
1699257226.8040001 -0.03506161532219801 -0.0020862066049708475
1699257227.0233214 -0.03506161532219801 -0.0020862066049708475
1699257227.100515 -0.03506161532219801 -0.0020862066049708475
1699257227.1821861 -0.035248284001054585 -0.002123550077955352
1699257227.5471308 -0.035248284001054585 -0.002123550077955352
1699257227.624557 -0.035248284001054585 -0.002123550077955352
1699257227.6906624 -0.035248284001054585 -0.002123550077955352
1699257227.7736259 -0.03544804277111307 -0.002173544221613806
1699257228.0099962 -0.03544804277111307 -0.002173544221613806
1699257228.0590112 -0.03544804277111307 -0.002173544221613806
1699257228.1235697 -0.03563950186940444 -0.0022307879986111227
1699257228.3963532 -0.03563950186940444 -0.0022307879986111227
1699257228.4538903 -0.03563950186940444 -0.0022307879986111227
1699257228.5092964 -0.03563950186940444 -0.0022307879986111227
1699257228.5514023 -0.035831084429631566 -0.0022968083593061465
1699257228.765021 -0.036036421572554364 -0.0023739408708918024
1699257229.0517974 -0.036036421572554364 -0.0023739408708918024
1699257229.13154 -0.036176752127886895 -0.0024130957796230403
1699257229.5047781 -0.036176752127886895 -0.0024130957796230403
1699257229.5883164 -0.036176752127886895 -0.0024130957796230403
1699257229.66037 -0.036176752127886895 -0.0024130957796230403
1699257229.7416978 -0.03648582698637438 -0.002524797462725169
1699257230.1962118 -0.03648582698637438 -0.002524797462725169
1699257230.28239 -0.03648582698637438 -0.002524797462725169
1699257230.388099 -0.03662835523396667 -0.002582227674637976
1699257230.756311 -0.03662835523396667 -0.002582227674637976
1699257230.8154576 -0.03662835523396667 -0.002582227674637976
1699257230.8818219 -0.03662835523396667 -0.002582227674637976
1699257230.9387057 -0.03691318378988702 -0.0027065411790082915
1699257231.2880723 -0.03691318378988702 -0.0027065411790082915
1699257231.3470588 -0.03691318378988702 -0.0027065411790082915
1699257231.3989172 -0.03691318378988702 -0.0027065411790082915
1699257231.454766 -0.03706655055654227 -0.0027770042812201813
1699257231.7922218 -0.037145242771584354 -0.0028383119954682
1699257232.1256814 -0.037145242771584354 -0.0028383119954682
1699257232.1790195 -0.03721452812774589 -0.002884690374798609
1699257232.5191681 -0.03721452812774589 -0.002884690374798609
1699257232.5744557 -0.03721452812774589 -0.002884690374798609
1699257232.627296 -0.03721452812774589 -0.002884690374798609
1699257232.6692069 -0.03740889494080812 -0.0029858092759120617
1699257232.9507265 -0.03740889494080812 -0.0029858092759120617
1699257233.006415 -0.03740889494080812 -0.0029858092759120617
1699257233.0624156 -0.03740889494080812 -0.0029858092759120617
1699257233.1107178 -0.03760055429753569 -0.00306599966335884
1699257233.380594 -0.03760055429753569 -0.00306599966335884
1699257233.4380493 -0.03760055429753569 -0.00306599966335884
1699257233.49131 -0.03768606798918914 -0.003113391296999839
1699257233.7737422 -0.03768606798918914 -0.003113391296999839
1699257233.8229783 -0.03768606798918914 -0.003113391296999839
1699257233.8730774 -0.0377255598994345 -0.003160489574497892
1699257234.1062722 -0.0377255598994345 -0.003160489574497892
1699257234.1560016 -0.0377255598994345 -0.003160489574497892
1699257234.2057962 -0.03777919514778959 -0.003214730662320605
1699257234.4152195 -0.03777919514778959 -0.003214730662320605
1699257234.4646997 -0.03777919514778959 -0.003214730662320605
1699257234.5144572 -0.03783563605248207 -0.003268958812326261
1699257234.782411 -0.03783563605248207 -0.003268958812326261
1699257234.8321157 -0.03783563605248207 -0.003268958812326261
1699257234.8821807 -0.037886592135839385 -0.0032908207826449687
1699257235.147256 -0.037886592135839385 -0.0032908207826449687
1699257235.2028675 -0.037886592135839385 -0.0032908207826449687
1699257235.251862 -0.037886592135839385 -0.0032908207826449687
1699257235.2976053 -0.037948879463150766 -0.003312889889186245
1699257235.5385652 -0.03802952456482182 -0.0033414465451217915
1699257235.7749956 -0.03802952456482182 -0.0033414465451217915
1699257235.8238559 -0.0381018028973789 -0.003377055203420239
1699257236.0803967 -0.0381018028973789 -0.003377055203420239
1699257236.1294217 -0.0381018028973789 -0.003377055203420239
1699257236.1795812 -0.03819244593397743 -0.003407038438688887
1699257236.3917892 -0.03819244593397743 -0.003407038438688887
1699257236.4420466 -0.03819244593397743 -0.003407038438688887
1699257236.4928424 -0.038250581430411004 -0.003394221551120602
1699257236.7490299 -0.038250581430411004 -0.003394221551120602
1699257236.7981741 -0.038250581430411004 -0.003394221551120602
1699257236.847958 -0.03830682331223048 -0.0033882520169596945
1699257237.1024072 -0.03830682331223048 -0.0033882520169596945
1699257237.151936 -0.03830682331223048 -0.0033882520169596945
1699257237.2022634 -0.038366816727566345 -0.00338792082686331
1699257237.4791431 -0.038366816727566345 -0.00338792082686331
1699257237.5281267 -0.038366816727566345 -0.00338792082686331
1699257237.5785487 -0.038366816727566345 -0.00338792082686331
1699257237.6286445 -0.0384360688199312 -0.0033941041969065486
1699257237.9206927 -0.03850656612918442 -0.003406408727489082
1699257238.1797378 -0.03850656612918442 -0.003406408727489082
1699257238.23008 -0.03858324650226396 -0.0034098271109196006
1699257238.437001 -0.03858324650226396 -0.0034098271109196006
1699257238.486729 -0.03858324650226396 -0.0034098271109196006
1699257238.5368826 -0.0386810453082933 -0.003428146781887836
1699257238.7680848 -0.0386810453082933 -0.003428146781887836
1699257238.817944 -0.0386810453082933 -0.003428146781887836
1699257238.8680372 -0.038783347052171 -0.0034545013979253468
1699257239.1861603 -0.038783347052171 -0.0034545013979253468
1699257239.237009 -0.038783347052171 -0.0034545013979253468
1699257239.2963192 -0.03882949498445687 -0.0034435948462761884
1699257239.5764081 -0.03882949498445687 -0.0034435948462761884
1699257239.626166 -0.03882949498445687 -0.0034435948462761884
1699257239.6761541 -0.03882949498445687 -0.0034435948462761884
1699257239.7266703 -0.03889089334874059 -0.0034390056982310634
1699257239.9786289 -0.038953694873848296 -0.0034364490717691473
1699257240.3220425 -0.038953694873848296 -0.0034364490717691473
1699257240.3712406 -0.03900779126760033 -0.0034242574658352887
1699257240.6426215 -0.03900779126760033 -0.0034242574658352887
1699257240.6919532 -0.03900779126760033 -0.0034242574658352887
1699257240.742444 -0.03900779126760033 -0.0034242574658352887
1699257240.8012526 -0.039154931692618265 -0.0034174878768736348
1699257241.0558772 -0.039154931692618265 -0.0034174878768736348
1699257241.1047254 -0.039154931692618265 -0.0034174878768736348
1699257241.154724 -0.039223743153940754 -0.0034075387230282496
1699257241.4256058 -0.039223743153940754 -0.0034075387230282496
1699257241.4753447 -0.039223743153940754 -0.0034075387230282496
1699257241.524936 -0.039223743153940754 -0.0034075387230282496
1699257241.5752175 -0.03923766457611143 -0.0033636753138088864
1699257241.8754334 -0.03926391780501923 -0.0033224110937712095
1699257242.1426947 -0.03926391780501923 -0.0033224110937712095
1699257242.192563 -0.039293275934449354 -0.0032823097669174637
1699257242.4184983 -0.039293275934449354 -0.0032823097669174637
1699257242.468273 -0.039293275934449354 -0.0032823097669174637
1699257242.5276394 -0.039293275934449354 -0.0032823097669174637
1699257242.5747912 -0.03937923732120185 -0.0032087085902829386
1699257242.8203387 -0.03937923732120185 -0.0032087085902829386
1699257242.8736663 -0.03937923732120185 -0.0032087085902829386
1699257242.9207265 -0.03937923732120185 -0.0032087085902829386
1699257242.978461 -0.039389734717430964 -0.0031549615472490087
1699257243.198071 -0.039389734717430964 -0.0031549615472490087
1699257243.247356 -0.039389734717430964 -0.0031549615472490087
1699257243.297659 -0.03938911791809216 -0.003109769109388268
1699257243.552949 -0.03938911791809216 -0.003109769109388268
1699257243.6027775 -0.03938911791809216 -0.003109769109388268
1699257243.652728 -0.039406967431131 -0.003059044056386809
1699257243.9138296 -0.039406967431131 -0.003059044056386809
1699257243.963594 -0.039406967431131 -0.003059044056386809
1699257244.0150528 -0.039406967431131 -0.003059044056386809
1699257244.0658982 -0.03943702569475967 -0.003010695099919918
1699257244.3237162 -0.039472085266343666 -0.0029645285756233365
1699257244.5825968 -0.039472085266343666 -0.0029645285756233365
1699257244.6321175 -0.039504214759331226 -0.0029252063165230435
1699257244.8779008 -0.039504214759331226 -0.0029252063165230435
1699257244.9301322 -0.039504214759331226 -0.0029252063165230435
1699257244.9785156 -0.03954580471019708 -0.00289605083558185
1699257245.243979 -0.03954580471019708 -0.00289605083558185
1699257245.2929957 -0.03954580471019708 -0.00289605083558185
1699257245.3430617 -0.03954580471019708 -0.00289605083558185
1699257245.393287 -0.03959739431274142 -0.0028578153768156435
1699257245.6217234 -0.03961347782630211 -0.0028140027280384706
1699257245.88892 -0.03961347782630211 -0.0028140027280384706
1699257245.9386146 -0.0396249673723304 -0.0027841604157906787
1699257246.2118254 -0.0396249673723304 -0.0027841604157906787
1699257246.2612824 -0.0396249673723304 -0.0027841604157906787
1699257246.311921 -0.03964778697490121 -0.002748615257374345
1699257246.5781436 -0.03964778697490121 -0.002748615257374345
1699257246.6275306 -0.03964778697490121 -0.002748615257374345
1699257246.6781971 -0.03968218273897302 -0.002704588310960945
1699257246.9152305 -0.03968218273897302 -0.002704588310960945
1699257246.9646778 -0.03968218273897302 -0.002704588310960945
1699257247.015486 -0.03968218273897302 -0.002704588310960945
1699257247.0661697 -0.03971632725039217 -0.002666035583133282
1699257247.4200826 -0.03975083654506634 -0.0026270797462044394
1699257247.6662955 -0.03975083654506634 -0.0026270797462044394
1699257247.7153647 -0.039791470586772286 -0.0025891015506652585
1699257247.9730635 -0.039791470586772286 -0.0025891015506652585
1699257248.022764 -0.039791470586772286 -0.0025891015506652585
1699257248.0731447 -0.03980054275726203 -0.0025382043748942208
1699257248.3530018 -0.03980054275726203 -0.0025382043748942208
1699257248.4020793 -0.03980054275726203 -0.0025382043748942208
1699257248.4524252 -0.03981374759413568 -0.002494679076316235
1699257248.7513845 -0.03981374759413568 -0.002494679076316235
1699257248.800762 -0.03981374759413568 -0.002494679076316235
1699257248.851494 -0.03981374759413568 -0.002494679076316235
1699257248.9014013 -0.03983185871006249 -0.0024446829096623638
1699257249.1817102 -0.03985434617847177 -0.002391319173017702
1699257249.465297 -0.03985434617847177 -0.002391319173017702
1699257249.51571 -0.039881460139071206 -0.002346665009105317
1699257249.7888007 -0.039881460139071206 -0.002346665009105317
1699257249.839725 -0.039881460139071206 -0.002346665009105317
1699257249.8931332 -0.039881460139071206 -0.002346665009105317
1699257249.94457 -0.039959058564948614 -0.0022593289270745275
1699257250.2199311 -0.039959058564948614 -0.0022593289270745275
1699257250.2699046 -0.039959058564948614 -0.0022593289270745275
1699257250.3202631 -0.039959058564948614 -0.0022593289270745275
1699257250.3701785 -0.03996117499238081 -0.0021750790535066352
1699257250.6645894 -0.03996117499238081 -0.0021750790535066352
1699257250.7227519 -0.03996117499238081 -0.0021750790535066352
1699257250.812025 -0.03996117499238081 -0.0021750790535066352
1699257250.8675587 -0.03996308684654104 -0.002134866772541548
1699257251.1454406 -0.03997009304274271 -0.0020951473049390934
1699257251.4103777 -0.03997009304274271 -0.0020951473049390934
1699257251.4707742 -0.03998015968544909 -0.002053371717513985
1699257251.760525 -0.03998015968544909 -0.002053371717513985
1699257251.809487 -0.03998015968544909 -0.002053371717513985
1699257251.8593588 -0.03998015968544909 -0.002053371717513985
1699257251.9180918 -0.03999797672457888 -0.0020133627346931742
1699257252.193645 -0.040004066055122904 -0.0019754788758255684
1699257252.452093 -0.040004066055122904 -0.0019754788758255684
1699257252.5070312 -0.03999550051053 -0.0019332903633294354
1699257252.7748125 -0.03999550051053 -0.0019332903633294354
1699257252.8232732 -0.03999550051053 -0.0019332903633294354
1699257252.881575 -0.039994214933922856 -0.001893514387633782
1699257253.466458 -0.039994214933922856 -0.001893514387633782
1699257253.5469232 -0.039994214933922856 -0.001893514387633782
1699257253.6200583 -0.039994214933922856 -0.001893514387633782
1699257253.6676207 -0.039999487639155513 -0.0018521959237179882
1699257253.9483683 -0.04001033750426919 -0.001815584177225142
1699257254.3294969 -0.04001033750426919 -0.001815584177225142
1699257254.3861306 -0.040020207208292115 -0.0017741302267263546
1699257254.6514843 -0.040020207208292115 -0.0017741302267263546
1699257254.7005756 -0.040020207208292115 -0.0017741302267263546
1699257254.7511284 -0.040040208721765266 -0.0017363767880794374
1699257255.0115688 -0.040040208721765266 -0.0017363767880794374
1699257255.0607462 -0.040040208721765266 -0.0017363767880794374
1699257255.110963 -0.040040208721765266 -0.0017363767880794374
1699257255.1609073 -0.04006381985303315 -0.0016672519331411327
1699257255.4690452 -0.04006381985303315 -0.0016672519331411327
1699257255.521521 -0.04006381985303315 -0.0016672519331411327
1699257255.5857027 -0.04006381985303315 -0.0016672519331411327
1699257255.6517055 -0.04006802787394989 -0.0015993006995893926
1699257255.9052176 -0.04006802787394989 -0.0015993006995893926
1699257255.954836 -0.04006802787394989 -0.0015993006995893926
1699257256.0053592 -0.04006802787394989 -0.0015993006995893926
1699257256.0569475 -0.040069928305890484 -0.0015650118853898043
1699257256.3142729 -0.04007267804548038 -0.0015303283781670654
1699257256.6850603 -0.04007267804548038 -0.0015303283781670654
1699257256.7343416 -0.04007893465293567 -0.001493706749089103
1699257257.0140688 -0.04007893465293567 -0.001493706749089103
1699257257.06416 -0.04007893465293567 -0.001493706749089103
1699257257.1142979 -0.04007893465293567 -0.001493706749089103
1699257257.1643822 -0.04009382826145873 -0.0014584801511094685
1699257257.438254 -0.04008174017170665 -0.0014255699313515508
1699257257.6793485 -0.04008174017170665 -0.0014255699313515508
1699257257.7289472 -0.04007738337281439 -0.0013985118252777939
1699257257.9652104 -0.04007738337281439 -0.0013985118252777939
1699257258.0150416 -0.04007738337281439 -0.0013985118252777939
1699257258.0648823 -0.04007738337281439 -0.0013985118252777939
1699257258.115271 -0.0400847740456786 -0.0013527772137494197
1699257258.367996 -0.0400847740456786 -0.0013527772137494197
1699257258.417315 -0.0400847740456786 -0.0013527772137494197
1699257258.4668233 -0.0400847740456786 -0.0013527772137494197
1699257258.516858 -0.04009171038770826 -0.0013318749170037692
1699257258.7642756 -0.04009983157129853 -0.001311617218377769
1699257259.0277557 -0.04009983157129853 -0.001311617218377769
1699257259.0769095 -0.04011053098356275 -0.0012901879406328049
1699257259.359996 -0.04011053098356275 -0.0012901879406328049
1699257259.4096577 -0.04011053098356275 -0.0012901879406328049
1699257259.4595082 -0.04011053098356275 -0.0012901879406328049
1699257259.5103858 -0.04013002651375362 -0.0012677733302574393
1699257259.7881904 -0.040132963371504494 -0.001247004272045931
1699257260.0169628 -0.040132963371504494 -0.001247004272045931
1699257260.066165 -0.04013517934793206 -0.0012295973487348843
1699257260.3283758 -0.04013517934793206 -0.0012295973487348843
1699257260.3786757 -0.04013517934793206 -0.0012295973487348843
1699257260.4283328 -0.04014203057705733 -0.0012125914109691815
1699257260.6758747 -0.04014203057705733 -0.0012125914109691815
1699257260.7253199 -0.04014203057705733 -0.0012125914109691815
1699257260.775808 -0.04014203057705733 -0.0012125914109691815
1699257260.8258688 -0.040151640705337076 -0.0011974699401054595
1699257261.0841227 -0.04016529384860618 -0.0011849884789341643
1699257261.3255048 -0.04016529384860618 -0.0011849884789341643
1699257261.3762453 -0.04017832955467834 -0.0011679363548294881
1699257261.6038363 -0.04017832955467834 -0.0011679363548294881
1699257261.6536136 -0.04017832955467834 -0.0011679363548294881
1699257261.707589 -0.040188259629553365 -0.0011520298828099006
1699257261.9478304 -0.040188259629553365 -0.0011520298828099006
1699257261.9978151 -0.040188259629553365 -0.0011520298828099006
1699257262.0482275 -0.040188259629553365 -0.0011520298828099006
1699257262.0982687 -0.04019147254645523 -0.001138366844593971
1699257262.3314614 -0.04019731376686149 -0.0011212319043426094
1699257262.5810285 -0.04019731376686149 -0.0011212319043426094
1699257262.6309376 -0.0401998777204227 -0.001108747745346013
1699257262.8513691 -0.0401998777204227 -0.001108747745346013
1699257262.901629 -0.0401998777204227 -0.001108747745346013
1699257262.9512007 -0.040214651480931264 -0.001097443587376935
1699257263.1860697 -0.040214651480931264 -0.001097443587376935
1699257263.235587 -0.040214651480931264 -0.001097443587376935
1699257263.2861164 -0.04023217275863575 -0.001083078824022821
1699257263.5632868 -0.04023217275863575 -0.001083078824022821
1699257263.6127176 -0.04023217275863575 -0.001083078824022821
1699257263.6757112 -0.040250769928791785 -0.0010742413662228186
1699257263.945885 -0.040250769928791785 -0.0010742413662228186
1699257263.9958694 -0.040250769928791785 -0.0010742413662228186
1699257264.046254 -0.040250769928791785 -0.0010742413662228186
1699257264.0962632 -0.04025206684287212 -0.0010677821072676626
1699257264.3545904 -0.04025203850555322 -0.001064069847122468
1699257264.626717 -0.04025203850555322 -0.001064069847122468
1699257264.6765594 -0.04025203850555322 -0.001064069847122468
1699257264.7274141 -0.04025203850555322 -0.001064069847122468
1699257264.7770255 -0.04025814932933771 -0.0010572147152695735
1699257265.0534704 -0.040268449114364904 -0.0010500578987422383
1699257265.2987254 -0.040268449114364904 -0.0010500578987422383
1699257265.3477495 -0.0402789349048062 -0.0010455264798516911
1699257265.6043856 -0.0402789349048062 -0.0010455264798516911
1699257265.6605084 -0.0402789349048062 -0.0010455264798516911
1699257265.7130063 -0.04029391463704561 -0.0010411083488210805
1699257265.9478097 -0.04029391463704561 -0.0010411083488210805
1699257265.9973187 -0.04029391463704561 -0.0010411083488210805
1699257266.0482352 -0.04029391463704561 -0.0010411083488210805
1699257266.0974126 -0.04031517504848623 -0.001024399285679299
1699257266.3534946 -0.04031517504848623 -0.001024399285679299
1699257266.402989 -0.04031517504848623 -0.001024399285679299
1699257266.454113 -0.04031517504848623 -0.001024399285679299
1699257266.5040057 -0.04031719709439493 -0.0010052034727143487
1699257266.8022902 -0.04031719709439493 -0.0010052034727143487
1699257266.852089 -0.04031719709439493 -0.0010052034727143487
1699257266.9026575 -0.040315992204289844 -0.0009946819191581566
1699257267.1342778 -0.040315992204289844 -0.0009946819191581566
1699257267.18335 -0.040315992204289844 -0.0009946819191581566
1699257267.2338967 -0.040315992204289844 -0.0009946819191581566
1699257267.283941 -0.040317220281737134 -0.0009876172271253468
1699257267.5413632 -0.04032402719769758 -0.000980769809159738
1699257267.8053014 -0.04032402719769758 -0.000980769809159738
1699257267.854031 -0.04031552316514078 -0.0009751129920505232
1699257268.098017 -0.04031552316514078 -0.0009751129920505232
1699257268.1481426 -0.04031552316514078 -0.0009751129920505232
1699257268.1995115 -0.04030681582245862 -0.0009671277356519126
1699257268.4330575 -0.04030681582245862 -0.0009671277356519126
1699257268.4828908 -0.04030681582245862 -0.0009671277356519126
1699257268.5337646 -0.04030391043874762 -0.0009602877838520386
1699257268.7418656 -0.04030391043874762 -0.0009602877838520386
1699257268.791169 -0.04030391043874762 -0.0009602877838520386
1699257268.8415022 -0.04030391043874762 -0.0009602877838520386
1699257268.8955033 -0.040302713802956955 -0.0009532983011723483
1699257269.176137 -0.04030113716674974 -0.0009481580284970143
1699257269.4385219 -0.04030113716674974 -0.0009481580284970143
1699257269.4882743 -0.040301086266210775 -0.0009454266742015624
1699257269.7297332 -0.040301086266210775 -0.0009454266742015624
1699257269.7787302 -0.040301086266210775 -0.0009454266742015624
1699257269.8394191 -0.040301086266210775 -0.0009454266742015624
1699257269.8789263 -0.0402933861991089 -0.0009412273963334854
1699257270.142637 -0.0402933861991089 -0.0009412273963334854
1699257270.192658 -0.0402933861991089 -0.0009412273963334854
1699257270.2453644 -0.0402933861991089 -0.0009412273963334854
1699257270.3280704 -0.0402662596726986 -0.0009392234998236982
1699257270.5951002 -0.0402662596726986 -0.0009392234998236982
1699257270.6474266 -0.0402662596726986 -0.0009392234998236982
1699257270.6943524 -0.0402529972892439 -0.0009394020433590487
1699257270.9615552 -0.0402529972892439 -0.0009394020433590487
1699257271.010733 -0.0402529972892439 -0.0009394020433590487
1699257271.0615203 -0.040242973092817255 -0.000939255384727762
1699257271.3228743 -0.040242973092817255 -0.000939255384727762
1699257271.379612 -0.040242973092817255 -0.000939255384727762
1699257271.4259083 -0.0402303591781643 -0.0009399753427074698
1699257271.662596 -0.0402303591781643 -0.0009399753427074698
1699257271.7107477 -0.0402303591781643 -0.0009399753427074698
1699257271.7609546 -0.04021814824184682 -0.0009439997713857752
1699257271.9988577 -0.04021814824184682 -0.0009439997713857752
1699257272.0482943 -0.04021814824184682 -0.0009439997713857752
1699257272.1000645 -0.04020308735369411 -0.0009497335251202815
1699257272.3674986 -0.04020308735369411 -0.0009497335251202815
1699257272.4171581 -0.04020308735369411 -0.0009497335251202815
1699257272.467151 -0.04020308735369411 -0.0009497335251202815
1699257272.5173914 -0.04015555433352939 -0.0009552438405124239
1699257272.7917356 -0.0401118467689053 -0.0009623323307375583
