1697175172.1263914 -0.0 0
1697175172.373547 -0.0 0
1697175172.4910586 -0.0 0
1697175172.5210261 -0.0 0
1697175172.543422 -0.0 0
1697175172.5732806 -0.0 0
1697175172.6234653 -0.0 0
1697175172.6743062 -0.0 0
1697175172.7241232 -0.0 0
1697175172.775593 -0.0 0
1697175172.8254862 -0.0 0
1697175172.875825 -0.0 0
1697175172.9257002 -0.0 0
1697175172.9781601 -0.0 0
1697175173.0607848 -0.0 0
1697175173.1008763 -0.0 0
1697175173.13776 -0.0 0
1697175173.1815815 -0.0 0
1697175173.2531254 -0.0 0
1697175173.3195765 -0.0 0
1697175173.3918278 -0.0 0
1697175173.4520452 -0.0 0
1697175173.4877343 -0.0 0
1697175173.5243928 -0.0 0
1697175173.54982 -0.0 0
1697175173.5905242 -0.0 0
1697175173.6352062 -0.0 0
1697175173.685472 -0.0 0
1697175173.7356565 -0.0 0
1697175173.7859762 -0.0 0
1697175173.8357947 -0.0 0
1697175173.8873558 -0.0 0
1697175173.9366605 -0.0 0
1697175173.988439 -0.0 0
1697175174.037562 -0.0 0
1697175174.088064 -0.0 0
1697175174.137907 -0.0 0
1697175174.1886184 -0.0 0
1697175174.2386837 -0.0 0
1697175174.2881694 -0.0 0
1697175174.343271 -0.0 0
1697175174.3934653 -0.0 0
1697175174.443587 -0.0 0
1697175174.4937215 -0.0 0
1697175174.5437 -0.0 0
1697175174.5988646 -0.0 0
1697175174.6480818 -0.0 0
1697175174.70054 -0.0 0
1697175174.746426 -0.0 0
1697175174.7964532 -0.0 0
1697175174.846397 -0.0 0
1697175174.89679 -0.0 0
1697175174.947464 -0.0 0
1697175174.9977205 -0.0 0
1697175175.0479522 -0.0 0
1697175175.0977156 -0.0 0
1697175175.1476414 -0.0 0
1697175175.1987152 -0.0 0
1697175175.2490673 -0.0 0
1697175175.299717 -0.0 0
1697175175.3495839 -0.0 0
1697175175.3996582 -0.0 0
1697175175.449411 -0.0 0
1697175175.4996126 -0.0 0
1697175175.5503423 -0.0 0
1697175175.6013699 -0.0 0
1697175175.6504862 -0.0 0
1697175175.7004304 -0.0 0
1697175175.7508426 -0.0 0
1697175175.8006368 -0.0 0
1697175175.8508987 -0.0 0
1697175175.9012508 -0.0 0
1697175175.9514098 -0.0 0
1697175176.0047083 -0.0 0
1697175176.0544174 -0.0 0
1697175176.104374 -0.0 0
1697175176.1564822 -0.0 0
1697175176.2050903 -0.0 0
1697175176.2555625 -0.0 0
1697175176.3056965 -0.0 0
1697175176.3556223 -0.0 0
1697175176.405776 -0.0 0
1697175176.4556396 -0.0 0
1697175176.5059316 -0.0 0
1697175176.5559654 -0.0 0
1697175176.6062777 -0.0 0
1697175176.6575248 -0.0 0
1697175176.7066336 -0.0 0
1697175176.7566633 -0.0 0
1697175176.8067994 -0.0 0
1697175176.8570957 -0.0 0
1697175176.9073498 -0.0 0
1697175176.9582024 -0.0 0
1697175177.0081334 -0.0 0
1697175177.0591252 -0.0 0
1697175177.1092033 -0.0 0
1697175177.1586492 -0.0 0
1697175177.2088718 -0.0 0
1697175177.2584481 -0.0 0
1697175177.308581 -0.0 0
1697175177.3586612 -0.0 0
1697175177.4092348 -0.0 0
1697175177.4596202 -0.0 0
1697175177.5101914 -0.0 0
1697175177.5606775 -0.0 0
1697175177.6106584 -0.0 0
1697175177.6607854 -0.0 0
1697175177.7110255 -0.0 0
1697175177.7626715 -0.0 0
1697175177.811864 -0.0 0
1697175177.8621087 -0.0 0
1697175177.9319232 -0.0 0
1697175177.9749095 -0.0 0
1697175178.0384345 -0.0 0
1697175178.08483 -0.0 0
1697175178.1283062 -0.0 0
1697175178.175939 -0.0 0
1697175178.21815 -0.0 0
1697175178.2658055 -0.0 0
1697175178.316392 -0.0 0
1697175178.377908 -0.0 0
1697175178.4216979 -0.0 0
1697175178.4687905 -0.0 0
1697175178.5439339 -0.0 0
1697175178.6030278 -0.0 0
1697175178.658658 -0.0 0
1697175178.709069 -0.0 0
1697175178.734464 -0.0 0
1697175178.7778792 -0.0 0
1697175178.8285105 -0.0 0
1697175178.878882 -0.0 0
1697175178.9297879 -0.0 0
1697175178.979262 -0.0 0
1697175179.0291164 -0.0 0
1697175179.080742 -0.0 0
1697175179.13047 -0.0 0
1697175179.1806777 -0.0 0
1697175179.2307756 -0.0 0
1697175179.280343 -0.0 0
1697175179.3305993 -0.0 0
1697175179.3804693 -0.0 0
1697175179.430592 -0.0 0
1697175179.481909 -0.0 0
1697175179.5319698 -0.0 0
1697175179.5832272 -0.0 0
1697175179.6338165 -0.0 0
1697175179.6837385 -0.0 0
1697175179.733691 -0.0 0
1697175179.7836757 -0.0 0
1697175179.8338146 -0.0 0
1697175179.8840911 -0.0 0
1697175179.9345045 -0.0 0
1697175179.9848292 -0.0 0
1697175180.0351708 -0.0 0
1697175180.0850778 -0.0 0
1697175180.1353385 -0.0 0
1697175180.1854753 -0.0 0
1697175180.235502 -0.0 0
1697175180.2866538 -0.0 0
1697175180.3369298 -0.0 0
1697175180.386698 -0.0 0
1697175180.4367733 -0.0 0
1697175180.4870222 -0.0 0
1697175180.537259 -0.0 0
1697175180.5874782 -0.0 0
1697175180.6380208 -0.0 0
1697175180.6878376 -0.0 0
1697175180.737916 -0.0 0
1697175180.787996 -0.0 0
1697175180.8383408 -0.0 0
1697175180.888676 -0.0 0
1697175180.9385371 -0.0 0
1697175180.9886892 -0.0 0
1697175181.0395346 -0.0 0
1697175181.0903242 -0.0 0
1697175181.1411607 -0.0 0
1697175181.1915286 -0.0 0
1697175181.241588 -0.0 0
1697175181.2918572 -0.0 0
1697175181.3427987 -0.0 0
1697175181.3928738 -0.0 0
1697175181.4432142 -0.0 0
1697175181.4929504 -0.0 0
1697175181.5432503 -0.0 0
1697175181.5959985 -0.0 0
1697175181.6625996 -0.0 0
1697175181.7093647 -0.0 0
1697175181.7534254 -0.0 0
1697175181.8107724 -0.0 0
1697175181.8578036 -0.0 0
1697175181.9063337 -0.0 0
1697175181.9549873 -0.0 0
1697175182.0045025 -0.0 0
1697175182.054094 -0.0 0
1697175182.1038556 -0.0 0
1697175182.1541548 -0.0 0
1697175182.2039156 -0.0 0
1697175182.25496 -0.0 0
1697175182.3045387 -0.0 0
1697175182.3546183 -0.0 0
1697175182.4045987 -0.0 0
1697175182.4546626 -0.0 0
1697175182.5051422 -0.0 0
1697175182.5546584 -0.0 0
1697175182.6047516 -0.0 0
1697175182.6552591 -0.0 0
1697175182.7055664 -0.0 0
1697175182.7607949 -0.0 0
1697175182.8163216 -0.0 0
1697175182.8587663 -0.0 0
1697175182.9079475 -0.0 0
1697175182.9581335 -0.0 0
1697175183.0079107 -0.0 0
1697175183.0584729 -0.0 0
1697175183.1083791 -0.0 0
1697175183.1583998 -0.0 0
1697175183.208581 -0.0 0
1697175183.2588544 -0.0 0
1697175183.308954 -0.0 0
1697175183.3593757 -0.0 0
1697175183.4097989 -0.0 0
1697175183.4601305 -0.0 0
1697175183.5106263 -0.0 0
1697175183.5605724 -0.0 0
1697175183.6104615 -0.0 0
1697175183.6606338 -0.0 0
1697175183.7106197 -0.0 0
1697175183.7617574 -0.0 0
1697175183.8118346 -0.0 0
1697175183.8616521 -0.0 0
1697175183.9120224 -0.0 0
1697175183.9624448 -0.0 0
1697175184.0126493 -0.0 0
1697175184.0631838 -0.0 0
1697175184.1128201 -0.0 0
1697175184.1632009 -0.0 0
1697175184.2131443 -0.0 0
1697175184.2635126 -0.0 0
1697175184.3137062 -0.0 0
1697175184.363672 -0.0 0
1697175184.4142299 -0.0 0
1697175184.4644248 -0.0 0
1697175184.5145192 -0.0 0
1697175184.5643737 -0.0 0
1697175184.6144097 -0.0 0
1697175184.6662161 -0.0 0
1697175184.7170663 -0.0 0
1697175184.766832 -0.0 0
1697175184.817561 -0.0 0
1697175184.8681479 -0.0 0
1697175184.9176993 -0.0 0
1697175184.967893 -0.0 0
1697175185.0177615 -0.0 0
1697175185.068333 -0.0 0
1697175185.1185591 -0.0 0
1697175185.1695309 -0.0 0
1697175185.2203972 -0.0 0
1697175185.2711906 -0.0 0
1697175185.3211913 -0.0 0
1697175185.371182 -0.0 0
1697175185.421296 -0.0 0
1697175185.4720404 -0.0 0
1697175185.5228841 -0.0 0
1697175185.5729969 -0.0 0
1697175185.6233711 -0.0 0
1697175185.6735535 -0.0 0
1697175185.7238262 -0.0 0
1697175185.7737336 -0.0 0
1697175185.82446 -0.0 0
1697175185.8751757 -0.0 0
1697175185.92472 -0.0 0
1697175185.9754088 -0.0 0
1697175186.0253518 -0.0 0
1697175186.0753458 -0.0 0
1697175186.1259978 -0.0 0
1697175186.1757162 -0.0 0
1697175186.2267933 -0.0 0
1697175186.2766635 -0.0 0
1697175186.3266401 -0.0 0
1697175186.3770363 -0.0 0
1697175186.4265356 -0.0 0
1697175186.477529 -0.0 0
1697175186.527718 -0.0 0
1697175186.578242 -0.0 0
1697175186.6286411 -0.0 0
1697175186.6788166 -0.0 0
1697175186.72877 -0.0 0
1697175186.780461 -0.0 0
1697175186.830799 -0.0 0
1697175186.8812907 -0.0 0
1697175186.9314425 -0.0 0
1697175186.9809713 -0.0 0
1697175187.031322 -0.0 0
1697175187.0812645 -0.0 0
1697175187.1316414 -0.0 0
1697175187.1824396 -0.0 0
1697175187.2339861 -0.0 0
1697175187.2838042 -0.0 0
1697175187.3333366 -0.0 0
1697175187.383488 -0.0 0
1697175187.434079 -0.0 0
1697175187.484438 -0.0 0
1697175187.5353081 -0.0 0
1697175187.586769 -0.0 0
1697175187.6346295 -0.0 0
1697175187.6843562 -0.0 0
1697175187.7343543 -0.0 0
1697175187.7852228 -0.0 0
1697175187.834533 -0.0 0
1697175187.884814 -0.0 0
1697175187.9351518 -0.0 0
1697175187.9857852 -0.0 0
1697175188.0355186 -0.0 0
1697175188.085707 -0.0 0
1697175188.1356971 -0.0 0
1697175188.1856542 -0.0 0
1697175188.2361958 -0.0 0
1697175188.2867723 -0.0 0
1697175188.3366172 -0.0 0
1697175188.3866875 -0.0 0
1697175188.4367156 -0.0 0
1697175188.4874184 -0.0 0
1697175188.5409486 -0.0 0
1697175188.5930755 -0.0 0
1697175188.6405602 -0.0 0
1697175188.6909778 -0.0 0
1697175188.7589972 -0.0 0
1697175188.8163476 -0.0 0
1697175188.8521538 -0.0 0
1697175188.8988798 -0.0 0
1697175188.9486752 -0.0 0
1697175188.9986265 -0.0 0
1697175189.0487976 -0.0 0
1697175189.099163 -0.0 0
1697175189.1499922 -0.0 0
1697175189.1996713 -0.0 0
1697175189.249962 -0.0 0
1697175189.2998567 -0.0 0
1697175189.3499572 -0.0 0
1697175189.4002206 -0.0 0
1697175189.4505386 -0.0 0
1697175189.5006373 -0.0 0
1697175189.5515108 -0.0 0
1697175189.6031168 -0.0 0
1697175189.6519256 -0.0 0
1697175189.702096 -0.0 0
1697175189.752157 -0.0 0
1697175189.802544 -0.0 0
1697175189.8524444 -0.0 0
1697175189.9027107 -0.0 0
1697175189.952835 -0.0 0
1697175190.0032163 -0.0 0
1697175190.0529256 -0.0 0
1697175190.1030304 -0.0 0
1697175190.153747 -0.0 0
1697175190.203575 -0.0 0
1697175190.2540016 -0.0 0
1697175190.3039145 -0.0 0
1697175190.3540661 -0.0 0
1697175190.4045773 -0.0 0
1697175190.454644 -0.0 0
1697175190.504766 -0.0 0
1697175190.554489 -0.0 0
1697175190.605211 -0.0 0
1697175190.6554682 -0.0 0
1697175190.7060356 -0.0 0
1697175190.756642 -0.0 0
1697175190.8069437 -0.0 0
1697175190.8567946 -0.0 0
1697175190.9072394 -0.0 0
1697175190.9586682 -0.0 0
1697175191.0086062 -0.0 0
1697175191.059431 -0.0 0
1697175191.109296 -0.0 0
1697175191.1596026 -0.0 0
1697175191.2107909 -0.0 0
1697175191.2621074 -0.0 0
1697175191.3118856 -0.0 0
1697175191.362632 -0.0 0
1697175191.411932 -0.0 0
1697175191.461906 -0.0 0
1697175191.5136056 -0.0 0
1697175191.5680177 -0.0 0
1697175191.6219523 -0.0 0
1697175191.6727533 -0.0 0
1697175191.733235 -0.0 0
1697175191.7895591 -0.0 0
1697175191.8306332 -0.0 0
1697175191.87688 -0.0 0
1697175191.9278443 -0.0 0
1697175191.978998 -0.0 0
1697175192.0295634 -0.0 0
1697175192.078863 -0.0 0
1697175192.131545 -0.0 0
1697175192.179788 -0.0 0
1697175192.2298863 -0.0 0
1697175192.2797635 -0.0 0
1697175192.330299 -0.0 0
1697175192.382094 -0.0 0
1697175192.4338875 -0.0 0
1697175192.4867418 -0.0 0
1697175192.554164 -0.0 0
1697175192.611514 -0.0 0
1697175192.669667 -0.0 0
1697175192.731973 -0.0 0
1697175192.7965546 -0.0 0
1697175192.852347 -0.0 0
1697175192.9032469 -0.0 0
1697175192.9553971 -0.0 0
1697175193.0060673 -0.0 0
1697175193.049841 -0.0 0
1697175193.0834358 -0.0 0
1697175193.1174116 -0.0 0
1697175193.1503835 -0.0 0
1697175193.1999514 -0.0 0
1697175193.2501798 -0.0 0
1697175193.3000488 -0.0 0
1697175193.3548298 -0.0 0
1697175193.4339345 -0.0 0
1697175193.4980135 -0.0 0
1697175193.5518208 -0.0 0
1697175193.584388 -0.0 0
1697175193.6301954 -0.0 0
1697175193.6794198 -0.0 0
1697175193.7295966 -0.0 0
1697175193.7797515 -0.0 0
1697175193.8329234 -0.0 0
1697175193.8896143 -0.0 0
1697175193.9596326 -0.0 0
1697175194.0043747 -0.0 0
1697175194.0472274 -0.0 0
1697175194.1001997 -0.0 0
1697175194.1480837 -0.0 0
1697175194.2170072 -0.0 0
1697175194.261016 -0.0 0
1697175194.3396091 -0.0 0
1697175194.3824527 -0.0 0
1697175194.4203517 -0.0 0
1697175194.4556327 -0.0 0
1697175194.503979 -0.0 0
1697175194.5606122 -0.0 0
1697175194.6101782 -0.0 0
1697175194.679965 -0.0 0
1697175194.7465382 -0.0 0
1697175194.7934039 -0.0 0
1697175194.8398743 -0.0 0
1697175194.8776362 -0.0 0
1697175194.9146004 -0.0 0
1697175194.9650211 -0.0 0
1697175195.0150661 -0.0 0
1697175195.0649354 -0.0 0
1697175195.1150951 -0.0 0
1697175195.1649876 -0.0 0
1697175195.2155104 -0.0 0
1697175195.266159 -0.0 0
1697175195.3163738 -0.0 0
1697175195.3670523 -0.0 0
1697175195.4170856 -0.0 0
1697175195.4671729 -0.0 0
1697175195.5175683 -0.0 0
1697175195.5681694 -0.0 0
1697175195.6185026 -0.0 0
1697175195.669188 -0.0 0
1697175195.71963 -0.0 0
1697175195.7715755 -0.0 0
1697175195.8200607 -0.0 0
1697175195.8700414 -0.0 0
1697175195.9199297 -0.0 0
1697175195.9700441 -0.0 0
1697175196.0199482 -0.0 0
1697175196.0698538 -0.0 0
1697175196.119861 -0.0 0
1697175196.170044 -0.0 0
1697175196.220149 -0.0 0
1697175196.2704241 -0.0 0
1697175196.324372 -0.0 0
1697175196.3744652 -0.0 0
1697175196.4250333 -0.0 0
1697175196.4747052 -0.0 0
1697175196.5247257 -0.0 0
1697175196.5852084 -0.0 0
1697175196.6360393 -0.0 0
1697175196.6812937 -0.0 0
1697175196.7288456 -0.0 0
1697175196.7778926 -0.0 0
1697175196.8272934 -0.0 0
1697175196.8772619 -0.0 0
1697175196.9268465 -0.0 0
1697175196.9777215 -0.0 0
1697175197.0291195 -0.0 0
1697175197.0793548 -0.0 0
1697175197.1535864 -0.0 0
1697175197.2262423 -0.0 0
1697175197.284973 -0.0 0
1697175197.3262804 -0.0 0
1697175197.3722112 -0.0 0
1697175197.432419 -0.0 0
1697175197.5269146 -0.0 0
1697175197.5982661 -0.0 0
1697175197.6560047 -0.0 0
1697175197.7381928 -0.0 0
1697175197.7866955 -0.0 0
1697175197.8522334 -0.0 0
1697175197.9141638 -0.0 0
1697175197.966471 -0.0 0
1697175198.0351713 -0.0 0
1697175198.1076035 -0.0 0
1697175198.188579 -0.0 0
1697175198.2668877 -0.0 0
1697175198.353664 -0.0 0
1697175198.4213686 -0.0 0
1697175198.4694464 -0.0 0
1697175198.5534704 -0.0 0
1697175198.6189184 -0.0 0
1697175198.6652808 -0.0 0
1697175198.725225 -0.0 0
1697175198.7906578 -0.0 0
1697175198.8402975 -0.0 0
1697175198.9010725 -0.0 0
1697175198.9880297 -0.0 0
1697175199.0636785 -0.0 0
1697175199.1279662 -0.0 0
1697175199.2206888 -0.0 0
1697175199.289317 -0.0 0
1697175199.3661604 -0.0 0
1697175199.4045315 -0.0 0
1697175199.440666 -0.0 0
1697175199.4782145 -0.0 0
1697175199.5242946 -0.0 0
1697175199.5760481 -0.0 0
1697175199.6258407 -0.0 0
1697175199.6751342 -0.0 0
1697175199.725759 -0.0 0
1697175199.7809784 -0.0 0
1697175199.8320806 -0.0 0
1697175199.8819735 -0.0 0
1697175199.9339972 -0.0 0
1697175199.9843216 -0.0 0
1697175200.0356457 -0.0 0
1697175200.0872722 -0.0 0
1697175200.151102 -0.0 0
1697175200.216212 -0.0 0
1697175200.2672822 -0.0 0
1697175200.3044746 -0.0 0
1697175200.353085 -0.0 0
1697175200.4024832 -0.0 0
1697175200.4527936 -0.0 0
1697175200.5053427 -0.0 0
1697175200.5544863 -0.0 0
1697175200.6040943 -0.0 0
1697175200.6545515 -0.0 0
1697175200.7045858 -0.0 0
1697175200.7574136 -0.0 0
1697175200.813098 -0.0 0
1697175200.873105 -0.0 0
1697175200.9228368 -0.0 0
1697175200.977905 -0.0 0
1697175201.0281317 -0.0 0
1697175201.0830479 -0.0 0
1697175201.123755 -0.0 0
1697175201.164354 -0.0 0
1697175201.2144535 -0.0 0
1697175201.2644534 -0.0 0
1697175201.3163736 -0.0 0
1697175201.367064 -0.0 0
1697175201.4167864 -0.0 0
1697175201.4659393 -0.0 0
1697175201.5157413 -0.0 0
1697175201.5673168 -0.0 0
1697175201.6216824 -0.0 0
1697175201.6703558 -0.0 0
1697175201.726405 -0.0 0
1697175201.787765 -0.0 0
1697175201.837387 -0.0 0
1697175201.8979013 -0.0 0
1697175201.9602332 -0.0 0
1697175202.0283601 -0.0 0
1697175202.1148138 -0.0 0
1697175202.1547105 -0.0 0
1697175202.196821 -0.0 0
1697175202.2507577 -0.0 0
1697175202.2929096 -0.0 0
1697175202.3340209 -0.0 0
1697175202.3762405 -0.0 0
1697175202.4108043 -0.0 0
1697175202.4466586 -0.0 0
1697175202.4971588 -0.0 0
1697175202.5469735 -0.0 0
1697175202.5981061 -0.0 0
1697175202.6543875 -0.0 0
1697175202.7023985 -0.0 0
1697175202.7739308 -0.0 0
1697175202.844482 -0.0 0
1697175202.9033751 -0.0 0
1697175202.952433 -0.0 0
1697175203.0049777 -0.0 0
1697175203.062677 -0.0 0
1697175203.1110353 -0.0 0
1697175203.165725 -0.0 0
1697175203.2128491 -0.0 0
1697175203.27064 -0.0 0
1697175203.3266153 -0.0 0
1697175203.3716824 -0.0 0
1697175203.410222 -0.0 0
1697175203.4521544 -0.0 0
1697175203.4963734 -0.0 0
1697175203.54688 -0.0 0
1697175203.581762 -0.0 0
1697175203.628076 -0.0 0
1697175203.6793866 -0.0 0
1697175203.7308488 -0.0 0
1697175203.7810168 -0.0 0
1697175203.8335915 -0.0 0
1697175203.8854852 -0.0 0
1697175203.944307 -0.0 0
1697175203.9874544 -0.0 0
1697175204.0339 -0.0 0
1697175204.0835865 -0.0 0
1697175204.1333327 -0.0 0
1697175204.183792 -0.0 0
1697175204.2336154 -0.0 0
1697175204.2837994 -0.0 0
1697175204.3350909 -0.0 0
1697175204.385143 -0.0 0
1697175204.4357445 -0.0 0
1697175204.4855938 -0.0 0
1697175204.5358677 -0.0 0
1697175204.585908 -0.0 0
1697175204.6361206 -0.0 0
1697175204.6910279 -0.0 0
1697175204.7960372 -0.0 0
1697175204.8772154 -0.0 0
1697175204.9592795 -0.0 0
1697175205.0663676 -0.0 0
1697175205.1639907 -0.0 0
1697175205.2400348 -0.0 0
1697175205.3445415 -0.0 0
1697175205.4364557 -0.0 0
1697175205.5024602 -0.0 0
1697175205.5730314 -0.0 0
1697175205.6615157 -0.0 0
1697175205.7382085 -0.0 0
1697175205.8157344 -0.0 0
1697175205.8725057 -0.0 0
1697175205.932174 -0.0 0
1697175206.00077 -0.0 0
1697175206.0782611 -0.0 0
1697175206.1624181 -0.0 0
1697175206.2201405 -0.0 0
1697175206.2962096 -0.0 0
1697175206.3743174 -0.0 0
1697175206.4556725 -0.0 0
1697175206.5164404 -0.0 0
1697175206.5703907 -0.0 0
1697175206.6317432 -0.0 0
1697175206.7107515 -0.0 0
1697175206.7902977 -0.0 0
1697175206.8755167 -0.0 0
1697175206.9224353 -0.0 0
1697175206.9604733 -0.0 0
1697175207.0147898 -0.0 0
1697175207.050941 -0.0 0
1697175207.0852988 -0.0 0
1697175207.1200655 -0.0 0
1697175207.1663842 -0.0 0
1697175207.216648 -0.0 0
1697175207.2668262 -0.0 0
1697175207.3170314 -0.0 0
1697175207.367359 -0.0 0
1697175207.4171548 -0.0 0
1697175207.4673872 -0.0 0
1697175207.517896 -0.0 0
1697175207.5678475 -0.0 0
1697175207.619043 -0.0 0
1697175207.6881962 -0.0 0
1697175207.755298 -0.0 0
1697175207.807167 -0.0 0
1697175207.8540215 -0.0 0
1697175207.9142492 -0.0 0
1697175207.9659765 -0.0 0
1697175208.042217 -0.0 0
1697175208.1021729 -0.0 0
1697175208.1461284 -0.0 0
1697175208.1866946 -0.0 0
1697175208.2290452 -0.0 0
1697175208.2856317 -0.0 0
1697175208.335482 -0.0 0
1697175208.3872423 -0.0 0
1697175208.4508383 -0.0 0
1697175208.5190725 -0.0 0
1697175208.563304 -0.0 0
1697175208.6194475 -0.0 0
1697175208.6651056 -0.0 0
1697175208.715769 -0.0 0
1697175208.7858062 -0.0 0
1697175208.8373244 -0.0 0
1697175208.8873723 -0.0 0
1697175208.9324424 -0.0 0
1697175208.9784343 -0.0 0
1697175209.0248106 -0.0 0
1697175209.0842273 -0.0 0
1697175209.1465476 -0.0 0
1697175209.221622 -0.0 0
1697175209.2919903 -0.0 0
1697175209.342597 -0.0 0
1697175209.4062774 -0.0 0
1697175209.4495072 -0.0 0
1697175209.505926 -0.0 0
1697175209.5677838 -0.0 0
1697175209.627372 -0.0 0
1697175209.6890929 -0.0 0
1697175209.7537198 -0.0 0
1697175209.7940054 -0.0 0
1697175209.834121 -0.0 0
1697175209.8670638 -0.0 0
1697175209.9072566 -0.0 0
1697175209.9476676 -0.0 0
1697175209.988602 -0.0 0
1697175210.0262759 -0.0 0
1697175210.0697918 -0.0 0
1697175210.1193202 -0.0 0
1697175210.169358 -0.0 0
1697175210.2283554 -0.0 0
1697175210.273434 -0.0 0
1697175210.3193858 -0.0 0
1697175210.3696384 -0.0 0
1697175210.4194257 -0.0 0
1697175210.4697418 -0.0 0
1697175210.520826 -0.0 0
1697175210.570722 -0.0 0
1697175210.6215928 -0.0 0
1697175210.671748 -0.0 0
1697175210.7220128 -0.0 0
1697175210.772662 -0.0 0
1697175210.8236375 -0.0 0
1697175210.8735654 -0.0 0
1697175210.9235368 -0.0 0
1697175210.975026 -0.0 0
1697175211.0241103 -0.0 0
1697175211.0739863 -0.0 0
1697175211.123993 -0.0 0
1697175211.1743467 -0.0 0
1697175211.2244856 -0.0 0
1697175211.274521 -0.0 0
1697175211.324731 -0.0 0
1697175211.3747294 -0.0 0
1697175211.4252913 -0.0 0
1697175211.475289 -0.0 0
1697175211.52603 -0.0 0
1697175211.5763862 -0.0 0
1697175211.6272433 -0.0 0
1697175211.6771083 -0.0 0
1697175211.7275028 -0.0 0
1697175211.7786596 -0.0 0
1697175211.828439 -0.0 0
1697175211.8788025 -0.0 0
1697175211.929396 -0.0 0
1697175211.9794652 -0.0 0
1697175212.030161 -0.0 0
1697175212.0813506 -0.0 0
1697175212.1308749 -0.0 0
1697175212.18154 -0.0 0
1697175212.2311943 -0.0 0
1697175212.2812853 -0.0 0
1697175212.3320692 -0.0 0
1697175212.391283 -0.0 0
1697175212.4336224 -0.0 0
1697175212.484016 -0.0 0
1697175212.5339105 -0.0 0
1697175212.5843651 -0.0 0
1697175212.635145 -0.0 0
1697175212.6854575 -0.0 0
1697175212.7362802 -0.0 0
1697175212.7862134 -0.0 0
1697175212.8369925 -0.0 0
1697175212.8913052 -0.0 0
