1697475517.5114489 3 0.3
1697475517.794666 3.0 0.3
1697475517.935409 3.0 0.3
1697475517.9766424 3.0 0.3
1697475518.014553 3.0 0.3
1697475518.0468352 3.0 0.3
1697475518.0870092 3.0 0.3
1697475518.1220953 3.0 0.3
1697475518.1598477 3.0 0.3
1697475518.1960244 3.0 0.3
1697475518.2450445 3.0 0.3
1697475518.2948864 3.0 0.3
1697475518.344959 3.0 0.3
1697475518.395128 3.0 0.3
1697475518.4451354 3.0 0.3
1697475518.4954464 3.0 0.3
1697475518.5458498 3.0 0.3
1697475518.5957248 3.0 0.3
1697475518.646642 3.0 0.3
1697475518.6960876 3.0 0.3
1697475518.746229 3.0 0.3
1697475518.7961988 3.0 0.3
1697475518.846397 3.0 0.3
1697475518.8969886 3.0 0.3
1697475518.946917 3.0 0.3
1697475518.997034 3.0 0.3
1697475519.047017 3.0 0.3
1697475519.0971603 3.0 0.3
1697475519.1476364 3.0 0.3
1697475519.1974761 3.0 0.3
1697475519.2478673 3.0 0.3
1697475519.2983184 3.0 0.3
1697475519.348589 3.0 0.3
1697475519.398553 3.0 0.3
1697475519.4487154 3.0 0.3
1697475519.4993098 3.0 0.3
1697475519.5489895 3.0 0.3
1697475519.5990865 3.0 0.3
1697475519.6502318 3.0 0.3
1697475519.700711 3.0 0.3
1697475519.7504604 3.0 0.3
1697475519.8004637 3.0 0.3
1697475519.8505754 3.0 0.3
1697475519.9006703 3.0 0.3
1697475519.9507723 3.0 0.3
1697475520.0006444 3.0 0.3
1697475520.0508268 3.0 0.3
1697475520.1010373 3.0 0.3
1697475520.1512134 3.0 0.3
1697475520.2013688 3.0 0.3
1697475520.2514687 3.0 0.3
1697475520.3016255 3.0 0.3
1697475520.3517385 3.0 0.3
1697475520.401972 3.0 0.3
1697475520.452404 3.0 0.3
1697475520.5021224 3.0 0.3
1697475520.552357 3.0 0.3
1697475520.6025465 3.0 0.3
1697475520.652902 3.0 0.3
1697475520.702777 3.0 0.3
1697475520.752718 3.0 0.3
1697475520.8033326 3.0 0.3
1697475520.8536692 3.0 0.3
1697475520.9034438 3.0 0.3
1697475520.9537098 3.0 0.3
1697475521.0038664 3.0 0.3
1697475521.0538566 3.0 0.3
1697475521.1041214 3.0 0.3
1697475521.1545742 3.0 0.3
1697475521.2047215 3.0 0.3
1697475521.2551174 3.0 0.3
1697475521.3050056 3.0 0.3
1697475521.3548574 3.0 0.3
1697475521.4048994 3.0 0.3
1697475521.4551082 3.0 0.3
1697475521.5053284 3.0 0.3
1697475521.5555952 3.0 0.3
1697475521.6062062 3.0 0.3
1697475521.655758 3.0 0.3
1697475521.7058322 3.0 0.3
1697475521.755881 3.0 0.3
1697475521.8059905 3.0 0.3
1697475521.8561132 3.0 0.3
1697475521.906918 3.0 0.3
1697475521.9574564 3.0 0.3
1697475522.0069253 3.0 0.3
1697475522.0569675 3.0 0.3
1697475522.107217 3.0 0.3
1697475522.1573644 3.0 0.3
1697475522.2076166 3.0 0.3
1697475522.258235 3.0 0.3
1697475522.308177 3.0 0.3
1697475522.3580868 3.0 0.3
1697475522.408091 3.0 0.3
1697475522.4581769 3.0 0.3
1697475522.5084698 3.0 0.3
1697475522.5588 3.0 0.3
1697475522.6088188 3.0 0.3
1697475522.6589863 3.0 0.3
1697475522.7093744 3.0 0.3
1697475522.7594042 3.0 0.3
1697475522.8096647 3.0 0.3
1697475522.8600712 3.0 0.3
1697475522.9100816 3.0 0.3
1697475522.9601467 3.0 0.3
1697475523.0107756 3.0 0.3
1697475523.0607965 3.0 0.3
1697475523.1110327 3.0 0.3
1697475523.1608264 3.0 0.3
1697475523.2108502 3.0 0.3
1697475523.2610877 3.0 0.3
1697475523.3126774 3.0 0.3
1697475523.3611956 3.0 0.3
1697475523.4116242 3.0 0.3
1697475523.4620357 3.0 0.3
1697475523.511666 3.0 0.3
1697475523.5619056 3.0 0.3
1697475523.611765 3.0 0.3
1697475523.6620011 3.0 0.3
1697475523.7135355 3.0 0.3
1697475523.7627234 3.0 0.3
1697475523.8133385 3.0 0.3
1697475523.8627536 3.0 0.3
1697475523.9131207 3.0 0.3
1697475523.9632068 3.0 0.3
1697475524.0131502 3.0 0.3
1697475524.0633042 3.0 0.3
1697475524.116239 3.0 0.3
1697475524.1637347 3.0 0.3
1697475524.213829 3.0 0.3
1697475524.2637875 3.0 0.3
1697475524.3138444 3.0 0.3
1697475524.364079 3.0 0.3
1697475524.4144416 3.0 0.3
1697475524.4645922 3.0 0.3
1697475524.514903 3.0 0.3
1697475524.5665822 3.0 0.3
1697475524.616424 3.0 0.3
1697475524.666755 3.0 0.3
1697475524.7172818 3.0 0.3
1697475524.767009 3.0 0.3
1697475524.8176546 3.0 0.3
1697475524.8673587 3.0 0.3
1697475524.917692 3.0 0.3
1697475524.968558 3.0 0.3
1697475525.0184734 3.0 0.3
1697475525.0684009 3.0 0.3
1697475525.1184645 3.0 0.3
1697475525.1690106 3.0 0.3
1697475525.2196436 3.0 0.3
1697475525.271211 3.0 0.3
1697475525.3216038 3.0 0.3
1697475525.3720732 3.0 0.3
1697475525.4225986 3.0 0.3
1697475525.4742424 3.0 0.3
1697475525.5234954 3.0 0.3
1697475525.573673 3.0 0.3
1697475525.6246743 3.0 0.3
1697475525.6791022 3.0 0.3
1697475525.7304568 3.0 0.3
1697475525.7747123 3.0 0.3
1697475525.8267562 3.0 0.3
1697475525.8785117 3.0 0.3
1697475525.9296427 3.0 0.3
1697475525.977431 3.0 0.3
1697475526.0300994 3.0 0.3
1697475526.0782173 3.0 0.3
1697475526.1295874 3.0 0.3
1697475526.1809525 3.0 0.3
1697475526.2300267 3.0 0.3
1697475526.2795475 3.0 0.3
1697475526.332278 3.0 0.3
1697475526.383042 3.0 0.3
1697475526.4337254 3.0 0.3
1697475526.4827802 3.0 0.3
1697475526.53211 3.0 0.3
1697475526.5835319 3.0 0.3
1697475526.6337864 3.0 0.3
1697475526.684439 3.0 0.3
1697475526.7355943 3.0 0.3
1697475526.7856119 3.0 0.3
1697475526.8352847 3.0 0.3
1697475526.885015 3.0 0.3
1697475526.935129 3.0 0.3
1697475526.9853213 3.0 0.3
1697475527.0353103 3.0 0.3
1697475527.085466 3.0 0.3
1697475527.1386604 3.0 0.3
1697475527.1889496 3.0 0.3
1697475527.2389596 3.0 0.3
1697475527.2905838 3.0 0.3
1697475527.3393428 3.0 0.3
1697475527.3878205 3.0 0.3
1697475527.437724 3.0 0.3
1697475527.4881237 3.0 0.3
1697475527.5384123 3.0 0.3
1697475527.5885286 3.0 0.3
1697475527.638614 3.0 0.3
1697475527.6887069 3.0 0.3
1697475527.73858 3.0 0.3
1697475527.788787 3.0 0.3
1697475527.8390863 3.0 0.3
1697475527.8898284 3.0 0.3
1697475527.9403062 3.0 0.3
1697475527.9904058 3.0 0.3
1697475528.0402877 3.0 0.3
1697475528.090453 3.0 0.3
1697475528.1416583 3.0 0.3
1697475528.1908426 3.0 0.3
1697475528.2406776 3.0 0.3
1697475528.290781 3.0 0.3
1697475528.3426242 3.0 0.3
1697475528.392542 3.0 0.3
1697475528.4458172 3.0 0.3
1697475528.4921575 3.0 0.3
1697475528.5421782 3.0 0.3
1697475528.5920177 3.0 0.3
1697475528.6422765 3.0 0.3
1697475528.6926367 3.0 0.3
1697475528.74235 3.0 0.3
1697475528.7961402 3.0 0.3
1697475528.84839 3.0 0.3
1697475528.9020748 3.0 0.3
1697475528.9471376 3.0 0.3
1697475528.9971538 3.0 0.3
1697475529.0469427 3.0 0.3
1697475529.0970502 3.0 0.3
1697475529.1473434 3.0 0.3
1697475529.1974545 3.0 0.3
1697475529.248602 3.0 0.3
1697475529.298926 3.0 0.3
1697475529.3580759 3.0 0.3
1697475529.4116 3.0 0.3
1697475529.451713 3.0 0.3
1697475529.4992893 3.0 0.3
1697475529.54933 3.0 0.3
1697475529.5992765 3.0 0.3
1697475529.64994 3.0 0.3
1697475529.6995366 3.0 0.3
1697475529.7496698 3.0 0.3
1697475529.7999012 3.0 0.3
1697475529.8501244 3.0 0.3
1697475529.9000354 3.0 0.3
1697475529.952685 3.0 0.3
1697475530.000655 3.0 0.3
1697475530.0509856 3.0 0.3
1697475530.1040843 3.0 0.3
1697475530.1530874 3.0 0.3
1697475530.2023988 3.0 0.3
1697475530.2519855 3.0 0.3
1697475530.301955 3.0 0.3
1697475530.3520818 3.0 0.3
1697475530.4025118 3.0 0.3
1697475530.4527724 3.0 0.3
1697475530.5030696 3.0 0.3
1697475530.5530245 3.0 0.3
1697475530.602982 3.0 0.3
1697475530.6529691 3.0 0.3
1697475530.7030418 3.0 0.3
1697475530.7548246 3.0 0.3
1697475530.80379 3.0 0.3
1697475530.8540418 3.0 0.3
1697475530.9040546 3.0 0.3
1697475530.9541218 3.0 0.3
1697475531.0043838 3.0 0.3
1697475531.0543478 3.0 0.3
1697475531.1044126 3.0 0.3
1697475531.154682 3.0 0.3
1697475531.2050037 3.0 0.3
1697475531.255084 3.0 0.3
1697475531.3050542 3.0 0.3
1697475531.3552246 3.0 0.3
1697475531.4055538 3.0 0.3
1697475531.4555602 3.0 0.3
1697475531.5064614 3.0 0.3
1697475531.5561955 3.0 0.3
1697475531.6064968 3.0 0.3
1697475531.656276 3.0 0.3
1697475531.7061155 3.0 0.3
1697475531.756673 3.0 0.3
1697475531.8070674 3.0 0.3
1697475531.8576791 3.0 0.3
1697475531.9071677 3.0 0.3
1697475531.9575217 3.0 0.3
1697475532.007621 3.0 0.3
1697475532.057743 3.0 0.3
1697475532.1079984 3.0 0.3
1697475532.158108 3.0 0.3
1697475532.2086973 3.0 0.3
1697475532.2584252 3.0 0.3
1697475532.3089626 3.0 0.3
1697475532.35896 3.0 0.3
1697475532.408885 3.0 0.3
1697475532.458748 3.0 0.3
1697475532.509092 3.0 0.3
1697475532.5593116 3.0 0.3
1697475532.609937 3.0 0.3
1697475532.6591783 3.0 0.3
1697475532.7097101 3.0 0.3
1697475532.7596414 3.0 0.3
1697475532.809802 3.0 0.3
1697475532.859988 3.0 0.3
1697475532.9099517 3.0 0.3
1697475532.9598494 3.0 0.3
1697475533.0102375 3.0 0.3
1697475533.0607102 3.0 0.3
1697475533.11059 3.0 0.3
1697475533.1607676 3.0 0.3
1697475533.2109191 3.0 0.3
1697475533.2611887 3.0 0.3
1697475533.3108723 3.0 0.3
1697475533.361405 3.0 0.3
1697475533.4114075 3.0 0.3
1697475533.461772 3.0 0.3
1697475533.511785 3.0 0.3
1697475533.5619204 3.0 0.3
1697475533.612305 3.0 0.3
1697475533.6624682 3.0 0.3
1697475533.7127147 3.0 0.3
1697475533.7627869 3.0 0.3
1697475533.812929 3.0 0.3
1697475533.8632264 3.0 0.3
1697475533.9128573 3.0 0.3
1697475533.9633422 3.0 0.3
1697475534.0132205 3.0 0.3
1697475534.0644872 3.0 0.3
1697475534.113738 3.0 0.3
1697475534.1660082 3.0 0.3
1697475534.2152672 3.0 0.3
1697475534.265507 3.0 0.3
1697475534.314878 3.0 0.3
1697475534.3651054 3.0 0.3
1697475534.4148781 3.0 0.3
1697475534.4655173 3.0 0.3
1697475534.5154765 3.0 0.3
1697475534.5658739 3.0 0.3
1697475534.6159527 3.0 0.3
1697475534.6658807 3.0 0.3
1697475534.71618 3.0 0.3
1697475534.765934 3.0 0.3
1697475534.8159175 3.0 0.3
1697475534.8667128 3.0 0.3
1697475534.9170432 3.0 0.3
1697475534.9667995 3.0 0.3
1697475535.0168538 3.0 0.3
1697475535.066896 3.0 0.3
1697475535.1174204 3.0 0.3
1697475535.1676486 3.0 0.3
1697475535.2187617 3.0 0.3
1697475535.2695203 3.0 0.3
1697475535.3189814 3.0 0.3
1697475535.3687248 3.0 0.3
1697475535.4187307 3.0 0.3
1697475535.468627 3.0 0.3
1697475535.5191853 3.0 0.3
1697475535.569982 3.0 0.3
1697475535.619773 3.0 0.3
1697475535.6707125 3.0 0.3
1697475535.720242 3.0 0.3
1697475535.7699916 3.0 0.3
1697475535.8201323 3.0 0.3
1697475535.8701005 3.0 0.3
1697475535.9202664 3.0 0.3
1697475535.9706273 3.0 0.3
1697475536.0218744 3.0 0.3
1697475536.0714936 3.0 0.3
1697475536.1214354 3.0 0.3
1697475536.1715825 3.0 0.3
1697475536.2221107 3.0 0.3
1697475536.2717218 3.0 0.3
1697475536.321741 3.0 0.3
1697475536.3745418 3.0 0.3
1697475536.422495 3.0 0.3
1697475536.4740272 3.0 0.3
1697475536.5242894 3.0 0.3
1697475536.5746562 3.0 0.3
1697475536.6245587 3.0 0.3
1697475536.675479 3.0 0.3
1697475536.7259123 3.0 0.3
1697475536.777189 3.0 0.3
1697475536.8271132 3.0 0.3
1697475536.8763456 3.0 0.3
1697475536.9270287 3.0 0.3
1697475536.979852 3.0 0.3
1697475537.0280976 3.0 0.3
1697475537.0787067 3.0 0.3
1697475537.1303995 3.0 0.3
1697475537.179488 3.0 0.3
1697475537.2295656 3.0 0.3
1697475537.2799275 3.0 0.3
1697475537.3307087 3.0 0.3
1697475537.379672 3.0 0.3
1697475537.4296455 3.0 0.3
1697475537.480352 3.0 0.3
1697475537.5333436 3.0 0.3
1697475537.589239 3.0 0.3
1697475537.6425436 3.0 0.3
1697475537.6862144 3.0 0.3
1697475537.7318225 3.0 0.3
1697475537.7822955 3.0 0.3
1697475537.833218 3.0 0.3
1697475537.8829556 3.0 0.3
1697475537.9328544 3.0 0.3
1697475537.9840562 3.0 0.3
1697475538.034502 3.0 0.3
1697475538.0884047 3.0 0.3
1697475538.1416168 3.0 0.3
1697475538.1908002 3.0 0.3
1697475538.2401376 3.0 0.3
1697475538.2866554 3.0 0.3
1697475538.3369029 3.0 0.3
1697475538.3879466 3.0 0.3
1697475538.437615 3.0 0.3
1697475538.4889424 3.0 0.3
1697475538.538332 3.0 0.3
1697475538.5880694 3.0 0.3
1697475538.6380842 3.0 0.3
1697475538.688058 3.0 0.3
1697475538.738355 3.0 0.3
1697475538.7881572 3.0 0.3
1697475538.8384025 3.0 0.3
1697475538.8894124 3.0 0.3
1697475538.9394207 3.0 0.3
1697475538.9892075 3.0 0.3
1697475539.0393126 3.0 0.3
1697475539.0892198 3.0 0.3
1697475539.139639 3.0 0.3
1697475539.1916277 3.0 0.3
1697475539.241428 3.0 0.3
1697475539.2921405 3.0 0.3
1697475539.3411067 3.0 0.3
1697475539.3929229 3.0 0.3
1697475539.4422877 3.0 0.3
1697475539.492891 3.0 0.3
1697475539.5428562 3.0 0.3
1697475539.5935783 3.0 0.3
1697475539.6434793 3.0 0.3
1697475539.6936142 3.0 0.3
1697475539.7442284 3.0 0.3
1697475539.7944434 3.0 0.3
1697475539.84569 3.0 0.3
1697475539.8950367 3.0 0.3
1697475539.945243 3.0 0.3
1697475539.9960535 3.0 0.3
1697475540.046444 3.0 0.3
1697475540.0973563 3.0 0.3
1697475540.1487548 3.0 0.3
1697475540.1975286 3.0 0.3
1697475540.2478642 3.0 0.3
1697475540.2975967 3.0 0.3
1697475540.3478656 3.0 0.3
1697475540.411244 3.0 0.3
1697475540.4560637 3.0 0.3
1697475540.5132256 3.0 0.3
1697475540.5598805 3.0 0.3
1697475540.6011713 3.0 0.3
1697475540.6489592 3.0 0.3
1697475540.70187 3.0 0.3
1697475540.7521813 3.0 0.3
1697475540.8012946 3.0 0.3
1697475540.8507454 3.0 0.3
1697475540.901939 3.0 0.3
1697475540.951966 3.0 0.3
1697475541.0025043 3.0 0.3
1697475541.053009 3.0 0.3
1697475541.1039572 3.0 0.3
1697475541.1541932 3.0 0.3
1697475541.203639 3.0 0.3
1697475541.313853 3.0 0.3
1697475541.360611 3.0 0.3
1697475541.4076686 3.0 0.3
1697475541.455059 3.0 0.3
1697475541.5193775 3.0 0.3
1697475541.580595 3.0 0.3
1697475541.635156 3.0 0.3
1697475541.6913676 3.0 0.3
1697475541.736196 3.0 0.3
1697475541.7791896 3.0 0.3
1697475541.8226173 3.0 0.3
1697475541.8746736 3.0 0.3
1697475541.9321609 3.0 0.3
1697475541.9771385 3.0 0.3
1697475542.0425742 3.0 0.3
1697475542.0836928 3.0 0.3
1697475542.123493 3.0 0.3
1697475542.1644068 3.0 0.3
1697475542.200544 3.0 0.3
1697475542.2352297 3.0 0.3
1697475542.2848785 3.0 0.3
1697475542.3274488 3.0 0.3
1697475542.3829527 3.0 0.3
1697475542.4296808 3.0 0.3
1697475542.4735994 3.0 0.3
1697475542.5187466 3.0 0.3
1697475542.5672526 3.0 0.3
1697475542.6180155 3.0 0.3
1697475542.666399 3.0 0.3
1697475542.7162108 3.0 0.3
1697475542.7657583 3.0 0.3
1697475542.817746 3.0 0.3
1697475542.867011 3.0 0.3
1697475542.9213145 3.0 0.3
1697475542.9679997 3.0 0.3
1697475543.0433326 3.0 0.3
1697475543.0851 3.0 0.3
1697475543.1276195 3.0 0.3
1697475543.1702423 3.0 0.3
1697475543.219936 3.0 0.3
1697475543.2697468 3.0 0.3
1697475543.320056 3.0 0.3
1697475543.3712103 3.0 0.3
1697475543.4223206 3.0 0.3
1697475543.471175 3.0 0.3
1697475543.5220835 3.0 0.3
1697475543.572249 3.0 0.3
1697475543.62244 3.0 0.3
1697475543.6715555 3.0 0.3
1697475543.7215302 3.0 0.3
1697475543.771439 3.0 0.3
1697475543.8222206 3.0 0.3
1697475543.8729243 3.0 0.3
1697475543.9231958 3.0 0.3
1697475543.9736674 3.0 0.3
1697475544.0239217 3.0 0.3
1697475544.074146 3.0 0.3
1697475544.1239061 3.0 0.3
1697475544.173936 3.0 0.3
1697475544.2238386 3.0 0.3
1697475544.2744095 3.0 0.3
1697475544.3259811 3.0 0.3
1697475544.375813 3.0 0.3
1697475544.4259765 3.0 0.3
1697475544.476431 3.0 0.3
1697475544.5298474 3.0 0.3
1697475544.5788786 3.0 0.3
1697475544.6283846 3.0 0.3
1697475544.6781225 3.0 0.3
1697475544.730809 3.0 0.3
1697475544.7810884 3.0 0.3
1697475544.8302736 3.0 0.3
1697475544.8797991 3.0 0.3
1697475544.9303508 3.0 0.3
1697475544.9815898 3.0 0.3
1697475545.031171 3.0 0.3
1697475545.0806322 3.0 0.3
1697475545.1316774 3.0 0.3
1697475545.1805737 3.0 0.3
1697475545.2321184 3.0 0.3
1697475545.2805953 3.0 0.3
1697475545.332544 3.0 0.3
1697475545.3833783 3.0 0.3
1697475545.4330611 3.0 0.3
1697475545.4833922 3.0 0.3
1697475545.5455403 3.0 0.3
1697475545.5997033 3.0 0.3
1697475545.6524854 3.0 0.3
1697475545.7066443 3.0 0.3
1697475545.7494686 3.0 0.3
1697475545.7839456 3.0 0.3
1697475545.8338964 3.0 0.3
1697475545.8844125 3.0 0.3
1697475545.9354591 3.0 0.3
1697475545.9860663 3.0 0.3
1697475546.0366433 3.0 0.3
1697475546.0886219 3.0 0.3
1697475546.1379979 3.0 0.3
1697475546.1874228 3.0 0.3
1697475546.2375972 3.0 0.3
1697475546.287358 3.0 0.3
1697475546.3376887 3.0 0.3
1697475546.3876774 3.0 0.3
1697475546.4420977 3.0 0.3
1697475546.4877067 3.0 0.3
1697475546.5379708 3.0 0.3
1697475546.5881956 3.0 0.3
1697475546.638237 3.0 0.3
1697475546.6884449 3.0 0.3
1697475546.738889 3.0 0.3
1697475546.789045 3.0 0.3
1697475546.838954 3.0 0.3
1697475546.889145 3.0 0.3
1697475546.9389887 3.0 0.3
1697475546.989418 3.0 0.3
1697475547.0395842 3.0 0.3
1697475547.0899205 3.0 0.3
1697475547.1398604 3.0 0.3
1697475547.1902585 3.0 0.3
1697475547.240197 3.0 0.3
1697475547.290435 3.0 0.3
1697475547.340408 3.0 0.3
1697475547.3903909 3.0 0.3
1697475547.440382 3.0 0.3
1697475547.4911225 3.0 0.3
1697475547.542441 3.0 0.3
1697475547.593149 3.0 0.3
1697475547.6489584 3.0 0.3
1697475547.692897 3.0 0.3
1697475547.7426534 3.0 0.3
1697475547.7923126 3.0 0.3
1697475547.8423848 3.0 0.3
1697475547.8925989 3.0 0.3
1697475547.9430768 3.0 0.3
1697475547.993137 3.0 0.3
1697475548.0433457 3.0 0.3
1697475548.0933568 3.0 0.3
1697475548.1434567 3.0 0.3
1697475548.1939354 3.0 0.3
1697475548.2438385 3.0 0.3
1697475548.2939248 3.0 0.3
1697475548.344133 3.0 0.3
1697475548.3967733 3.0 0.3
1697475548.4486392 3.0 0.3
1697475548.4957619 3.0 0.3
1697475548.5456212 3.0 0.3
1697475548.5956473 3.0 0.3
1697475548.6474738 3.0 0.3
1697475548.6968782 3.0 0.3
1697475548.746507 3.0 0.3
1697475548.796679 3.0 0.3
1697475548.846602 3.0 0.3
1697475548.8970346 3.0 0.3
1697475548.9468024 3.0 0.3
1697475548.9968994 3.0 0.3
1697475549.0473187 3.0 0.3
1697475549.0974896 3.0 0.3
1697475549.1474082 3.0 0.3
1697475549.1973727 3.0 0.3
1697475549.2489002 3.0 0.3
1697475549.2976992 3.0 0.3
1697475549.3485491 3.0 0.3
1697475549.3983436 3.0 0.3
1697475549.4483902 3.0 0.3
1697475549.498508 3.0 0.3
1697475549.5486605 3.0 0.3
1697475549.5986676 3.0 0.3
1697475549.6496234 3.0 0.3
1697475549.6996117 3.0 0.3
1697475549.7495263 3.0 0.3
1697475549.7999234 3.0 0.3
1697475549.8498924 3.0 0.3
1697475549.8998532 3.0 0.3
1697475549.950002 3.0 0.3
1697475550.000121 3.0 0.3
1697475550.0504897 3.0 0.3
1697475550.1005483 3.0 0.3
1697475550.151208 3.0 0.3
1697475550.200988 3.0 0.3
