1699264194.231747 -0.04 0
1699264195.3506715 -0.04 0
1699264195.927353 -0.04 0
1699264196.0280023 -0.04 0
1699264196.188506 -0.04 0
1699264196.3055618 -0.04 0
1699264196.4490907 -0.04 0
1699264196.5729685 -0.04 0
1699264196.6794326 -0.04 0
1699264196.8671398 -0.04 0
1699264197.0378425 -0.04 0
1699264197.154561 -0.04 0
1699264197.3243344 -0.04 0
1699264197.4450758 -0.04 0
1699264197.611316 -0.04 0
1699264197.7575972 -0.04 0
1699264198.0110269 -0.04 0
1699264198.199718 -0.04 0
1699264198.3400528 -0.04 0
1699264198.5574164 -0.04 0
1699264198.8119652 -0.04 0
1699264199.0285215 -0.04 0
1699264199.1647458 -0.04 0
1699264199.2999268 -0.04 0
1699264199.468683 -0.04 0
1699264199.7175882 -0.04 0
1699264200.0041454 -0.04 0
1699264200.2599273 -0.04 0
1699264200.393537 -0.04 0
1699264200.5270703 -0.04 0
1699264200.7795455 -0.04 0
1699264201.0029263 -0.04 0
1699264201.1294053 -0.04 0
1699264201.2747273 -0.04 0
1699264201.4280558 -0.04 0
1699264201.6046126 -0.04 0
1699264201.695811 -0.04 0
1699264201.7914007 -0.04 0
1699264201.880182 -0.04 0
1699264202.0283203 -0.04 0
1699264202.1573985 -0.04 0
1699264202.3364308 -0.04 0
1699264202.4419408 -0.04 0
1699264202.6009395 -0.04 0
1699264202.73138 -0.04 0
1699264202.911184 -0.04 0
1699264203.0740447 -0.04 0
1699264203.1665907 -0.04 0
1699264203.3190277 -0.04 0
1699264203.4828982 -0.04 0
1699264203.662207 -0.04 0
1699264203.8465505 -0.04 0
1699264204.0160534 -0.04 0
1699264204.18405 -0.04 0
1699264204.3523288 -0.04 0
1699264204.521201 -0.04 0
1699264204.7002184 -0.04 0
1699264204.8728375 -0.04 0
1699264204.9877877 -0.04 0
1699264205.1170142 -0.04 0
1699264205.2589698 -0.04 0
1699264205.3608263 -0.04 0
1699264205.460593 -0.04 0
1699264205.5630846 -0.04 0
1699264205.737585 -0.04 0
1699264205.916096 -0.04 0
1699264206.0717442 -0.04 0
1699264206.1707344 -0.04 0
1699264206.2664392 -0.04 0
1699264206.3619764 -0.04 0
1699264206.5341797 -0.04 0
1699264206.716418 -0.04 0
1699264206.8964486 -0.04 0
1699264206.983912 -0.04 0
1699264207.1188102 -0.04 0
1699264207.2261992 -0.04 0
1699264207.3848693 -0.04 0
1699264207.491208 -0.04 0
1699264207.6432607 -0.04 0
1699264207.774272 -0.04 0
1699264207.8779001 -0.04 0
1699264207.982061 -0.04 0
1699264208.0827186 -0.04 0
1699264208.230885 -0.04 0
1699264208.431956 -0.04 0
1699264208.5931542 -0.04 0
1699264208.7339277 -0.04 0
1699264208.9149091 -0.04 0
1699264209.0276966 -0.04 0
1699264209.2056675 -0.04 0
1699264209.3393917 -0.04 0
1699264209.508113 -0.04 0
1699264209.6269736 -0.04 0
1699264209.719756 -0.04 0
1699264209.8322725 -0.04 0
1699264210.013804 -0.04 0
1699264210.1941705 -0.04 0
1699264210.2887235 -0.04 0
1699264210.4089103 -0.04 0
1699264210.6007957 -0.04 0
1699264210.7765713 -0.04 0
1699264210.8634772 -0.04 0
1699264210.959718 -0.04 0
1699264211.0867474 -0.04 0
1699264211.2829714 -0.04 0
1699264211.4737859 -0.04 0
1699264211.5619953 -0.04 0
1699264211.7152102 -0.04 0
1699264211.8503819 -0.04 0
1699264211.9505072 -0.04 0
1699264212.0426307 -0.04 0
1699264212.1256618 -0.04 0
1699264212.2546062 -0.04 0
1699264212.427397 -0.04 0
1699264212.6130657 -0.04 0
1699264212.8280418 -0.04 0
1699264212.9726481 -0.04 0
1699264213.109452 -0.04 0
1699264213.2192066 -0.04 0
1699264213.3828766 -0.04 0
1699264213.5142996 -0.04 0
