1699013275.5349722 0 0
1699013275.6773057 0 0
1699013275.7341616 0 0
1699013275.7884183 0 0
1699013275.8430457 0 0
1699013275.8996096 0 0
1699013275.9544668 0 0
1699013276.0095623 0 0
1699013276.0662353 0 0
1699013276.1220787 0 0
1699013276.179942 0 0
1699013276.2341623 0 0
1699013276.2908468 0 0
1699013276.3459866 0 0
1699013276.4009452 0 0
1699013276.457227 0 0
1699013276.5127342 0 0
1699013276.5686872 0 0
1699013276.6245284 0 0
1699013276.6823537 0 0
1699013276.7382333 0 0
1699013276.7939878 0 0
1699013276.8484821 0 0
1699013276.904791 0 0
1699013276.9604993 0 0
1699013277.0160284 0 0
1699013277.071283 0 0
1699013277.125427 0 0
1699013277.1821196 0 0
1699013277.2352672 0 0
1699013277.2914138 0 0
1699013277.4166787 0 0
1699013277.4700513 0 0
1699013277.5236204 0 0
1699013277.5792937 0 0
1699013277.6347313 0 0
1699013277.68774 0 0
1699013277.7421474 0 0
1699013277.7974253 0 0
1699013277.8536212 0 0
1699013277.9188569 0 0
1699013277.9759293 0 0
1699013278.034183 0 0
1699013278.0906625 0 0
1699013278.1448934 0 0
1699013278.1992047 0 0
1699013278.2551527 0 0
1699013278.310556 0 0
1699013278.3643968 0 0
1699013278.4206753 0 0
1699013278.4746876 0 0
1699013278.531188 0 0
1699013278.5872946 0 0
1699013278.6428795 0 0
1699013278.697926 0 0
1699013278.752052 0 0
1699013278.8070178 0 0
1699013278.8658648 0 0
1699013278.9245884 0 0
1699013278.9812355 0 0
1699013279.0487626 0 0
1699013279.108675 0 0
1699013279.1691265 0 0
1699013279.2300913 0 0
1699013279.2877362 0 0
1699013279.3428154 0 0
1699013279.4002285 0 0
1699013279.4577332 0 0
1699013279.51476 0 0
1699013279.5740547 0 0
1699013279.632891 0 0
1699013279.6906414 0 0
1699013279.7473633 0 0
1699013279.8044732 0 0
1699013279.8608782 0 0
1699013279.9201856 0 0
1699013279.97845 0 0
1699013280.0369582 0 0
1699013280.0955276 0 0
1699013280.154437 0 0
1699013280.2123249 0 0
1699013280.2706053 0 0
1699013280.334804 0 0
1699013280.3966937 0 0
1699013280.4553864 0 0
1699013280.5134132 0 0
1699013280.5725777 0 0
1699013280.6286116 0 0
1699013280.6849234 0 0
1699013280.7411506 0 0
1699013280.7982101 0 0
1699013280.8533072 0 0
1699013280.9094303 0 0
1699013280.9635055 0 0
1699013281.0189056 0 0
1699013281.075368 0 0
1699013281.130313 0 0
1699013281.1843605 0 0
1699013281.2392423 0 0
1699013281.2963622 0 0
1699013281.3508034 0 0
1699013281.4066987 0 0
1699013281.4611957 0 0
1699013281.517823 0 0
1699013281.5821059 0 0
1699013281.6390724 0 0
1699013281.6967587 0 0
1699013281.7558396 0 0
1699013281.813299 0 0
1699013281.871339 0 0
1699013281.93422 0 0
1699013281.9924846 0 0
1699013282.0488975 0 0
1699013282.1064825 0 0
1699013282.1710548 0 0
1699013282.2287838 0 0
1699013282.2865942 0 0
1699013282.3409662 0 0
1699013282.3976684 0 0
1699013282.4542682 0 0
1699013282.5111635 0 0
1699013282.5678399 0 0
1699013282.624619 0 0
1699013282.6799996 0 0
1699013282.7360644 0 0
1699013282.7917984 0 0
1699013282.8458042 0 0
1699013282.9027617 0 0
1699013282.9600244 0 0
1699013283.0132904 0 0
1699013283.0702202 0 0
1699013283.1253026 0 0
1699013283.1789286 0 0
1699013283.23605 0 0
1699013283.2953217 0 0
1699013283.360178 0 0
1699013283.416783 0 0
1699013283.4737136 0 0
1699013283.5323083 0 0
1699013283.5917425 0 0
1699013283.6480715 0 0
1699013283.7058408 0 0
1699013283.7602038 0 0
1699013283.8143096 0 0
1699013283.871827 0 0
1699013283.9291427 0 0
1699013283.9842641 0 0
1699013284.0391295 0 0
1699013284.0941348 0 0
1699013284.1490748 0 0
1699013284.204187 0 0
1699013284.2598817 0 0
1699013284.3158064 0 0
1699013284.374079 0 0
1699013284.4327052 0 0
1699013284.4878979 0 0
1699013284.5438845 0 0
1699013284.5973418 0 0
1699013284.654958 0 0
1699013284.7185836 0 0
1699013284.7767062 0 0
1699013284.8317964 0 0
1699013284.8883169 0 0
1699013284.9436214 0 0
1699013284.999337 0 0
1699013285.0559838 0 0
1699013285.1119976 0 0
1699013285.1668706 0 0
1699013285.2208748 0 0
1699013285.2754157 0 0
1699013285.3315578 0 0
1699013285.3880208 0 0
1699013285.4438336 0 0
1699013285.4988163 0 0
1699013285.5531785 0 0
1699013285.6089313 0 0
1699013285.6630576 0 0
1699013285.7188714 0 0
1699013285.775846 0 0
1699013285.8305566 0 0
1699013285.8972895 0 0
1699013285.9527247 0 0
1699013286.0082738 0 0
1699013286.0630991 0 0
1699013286.1176894 0 0
1699013286.174849 0 0
1699013286.2295284 0 0
1699013286.2828465 0 0
1699013286.3403244 0 0
1699013286.3994315 0 0
1699013286.4564402 0 0
1699013286.5118985 0 0
1699013286.569893 0 0
1699013286.6242785 0 0
1699013286.6787968 0 0
1699013286.735165 0 0
1699013286.7913902 0 0
1699013286.8479855 0 0
1699013286.9033616 0 0
1699013286.9628973 0 0
1699013287.0216854 0 0
1699013287.0803688 0 0
1699013287.1349525 0 0
1699013287.189432 0 0
1699013287.244044 0 0
1699013287.2985582 0 0
1699013287.3525577 0 0
1699013287.4095066 0 0
1699013287.4635012 0 0
1699013287.5176694 0 0
1699013287.57433 0 0
1699013287.6289158 0 0
1699013287.6839623 0 0
1699013287.7404308 0 0
1699013287.7949202 0 0
1699013287.851105 0 0
1699013287.9086957 0 0
1699013287.9624681 0 0
1699013288.018957 0 0
1699013288.0759065 0 0
1699013288.1312602 0 0
1699013288.1866114 0 0
1699013288.2419028 0 0
1699013288.2970273 0 0
1699013288.3529546 0 0
1699013288.4152493 0 0
1699013288.477193 0 0
1699013288.5326984 0 0
1699013288.589163 0 0
1699013288.6450813 0 0
1699013288.7002418 0 0
1699013288.756599 0 0
1699013288.8119597 0 0
1699013288.8675423 0 0
1699013288.9228399 0 0
1699013288.9773853 0 0
1699013289.0315006 0 0
1699013289.0859513 0 0
1699013289.1419218 0 0
1699013289.196766 0 0
1699013289.2527285 0 0
1699013289.3080475 0 0
1699013289.3629508 0 0
1699013289.4195836 0 0
1699013289.474734 0 0
1699013289.5303736 0 0
1699013289.5857325 0 0
1699013289.6414106 0 0
1699013289.6958845 0 0
1699013289.7511516 0 0
1699013289.8073618 0 0
1699013289.8622286 0 0
1699013289.9276347 0 0
1699013289.981865 0 0
1699013290.037997 0 0
1699013290.095982 0 0
1699013290.1517813 0 0
1699013290.2080588 0 0
1699013290.2651606 0 0
1699013290.3194468 0 0
1699013290.3742623 0 0
1699013290.433619 0 0
1699013290.4873302 0 0
1699013290.5408757 0 0
1699013290.6643844 0 0
1699013290.7193513 0 0
1699013290.776032 0 0
1699013290.8298326 0 0
1699013290.8865287 0 0
1699013290.9426012 0 0
1699013291.0001955 0 0
1699013291.0547926 0 0
1699013291.1106508 0 0
1699013291.166896 0 0
1699013291.231351 0 0
1699013291.2883298 0 0
1699013291.3471432 0 0
1699013291.4044764 0 0
1699013291.4592807 0 0
1699013291.5161579 0 0
1699013291.573903 0 0
1699013291.628247 0 0
1699013291.683958 0 0
1699013291.738386 0 0
1699013291.7945218 0 0
1699013291.8499033 0 0
1699013291.9052603 0 0
1699013291.9715602 0 0
1699013292.02857 0 0
1699013292.0867405 0 0
1699013292.1430495 0 0
1699013292.1994035 0 0
1699013292.2581084 0 0
1699013292.315447 0 0
1699013292.3723083 0 0
1699013292.4287152 0 0
1699013292.484141 0 0
1699013292.538365 0 0
1699013292.5995357 0 0
1699013292.6532955 0 0
1699013292.7095466 0 0
1699013292.7652702 0 0
1699013292.820437 0 0
1699013292.8760018 0 0
1699013292.9326708 0 0
1699013292.9903185 0 0
1699013293.0479832 0 0
1699013293.1049101 0 0
1699013293.1642492 0 0
1699013293.2289267 0 0
1699013293.2882874 0 0
1699013293.3452027 0 0
1699013293.4017553 0 0
1699013293.4575415 0 0
1699013293.5132842 0 0
1699013293.569695 0 0
1699013293.6249754 0 0
1699013293.6788416 0 0
1699013293.7362998 0 0
1699013293.793811 0 0
1699013293.8494911 0 0
1699013293.907874 0 0
1699013293.9646246 0 0
1699013294.0197198 0 0
1699013294.077951 0 0
1699013294.134068 0 0
1699013294.1893642 0 0
1699013294.2463064 0 0
1699013294.3002214 0 0
1699013294.3546374 0 0
1699013294.4127476 0 0
1699013294.4764059 0 0
1699013294.5346107 0 0
1699013294.5936332 0 0
1699013294.6489048 0 0
1699013294.7050762 0 0
1699013294.7616904 0 0
1699013294.81716 0 0
1699013294.872336 0 0
1699013294.9284227 0 0
1699013294.983117 0 0
1699013295.0393853 0 0
1699013295.094831 0 0
1699013295.149598 0 0
1699013295.2053587 0 0
1699013295.2620766 0 0
1699013295.3163369 0 0
1699013295.3713822 0 0
1699013295.4263134 0 0
1699013295.4827414 0 0
1699013295.5373888 0 0
1699013295.5952437 0 0
