1697471193.2812526 -0.0 0
1697471193.8917713 -0.0 0
1697471194.2656913 -0.0 0
1697471194.376382 -0.0 0
1697471194.5109422 -0.0 0
1697471194.6202521 -0.0 0
1697471194.7378278 -0.0 0
1697471194.8540547 -0.0 0
1697471194.9799128 -0.0 0
1697471195.0955465 -0.0 0
1697471195.225965 -0.0 0
1697471195.3399916 -0.0 0
1697471195.452856 -0.0 0
1697471195.5846748 -0.0 0
1697471195.700883 -0.0 0
1697471195.8119435 -0.0 0
1697471195.9450302 -0.0 0
1697471196.0693867 -0.0 0
1697471196.1855083 -0.0 0
1697471196.3080976 -0.0 0
1697471196.4195855 -0.0 0
1697471196.5750742 -0.0 0
1697471196.6941469 -0.0 0
1697471196.8400812 -0.0 0
1697471196.9503148 -0.0 0
1697471197.0740688 -0.0 0
1697471197.1959195 -0.0 0
1697471197.3154593 -0.0 0
1697471197.4349601 -0.0 0
1697471197.5457664 -0.0 0
1697471197.6606221 -0.0 0
1697471197.788858 -0.0 0
1697471197.9083261 -0.0 0
1697471198.045885 -0.0 0
1697471198.174993 -0.0 0
1697471198.3006284 -0.0 0
1697471198.415924 -0.0 0
1697471198.5415232 -0.0 0
1697471198.663947 -0.0 0
1697471198.7820168 -0.0 0
1697471198.9015 -0.0 0
1697471199.0347779 -0.0 0
1697471199.155954 -0.0 0
1697471199.274574 -0.0 0
1697471199.3927815 -0.0 0
1697471199.504964 -0.0 0
1697471199.613181 -0.0 0
1697471199.7370212 -0.0 0
1697471199.8451622 -0.0 0
1697471199.9630878 -0.0 0
1697471200.0874076 -0.0 0
1697471200.2146125 -0.0 0
1697471200.3295166 -0.0 0
1697471200.4660296 -0.0 0
1697471200.5775793 -0.0 0
1697471200.7221634 -0.0 0
1697471200.8632839 -0.0 0
1697471201.013821 -0.0 0
1697471201.1723855 -0.0 0
