1699270917.4748561 0.0 0.0
1699270917.7880008 0.0 0.0
1699270917.9532082 0.0 0.0
1699270918.0057683 0.0 0.0
1699270918.056992 0.0 0.0
1699270918.1091142 0.0 0.0
1699270918.156202 0.0 0.0
1699270918.2048779 0.0 0.0
1699270918.2542496 0.0 0.0
1699270918.3040898 0.0 0.0
1699270918.3540525 0.0 0.0
1699270918.4042404 0.0 0.0
1699270918.4539468 0.0 0.0
1699270918.504427 0.0 0.0
1699270918.553959 0.0 0.0
1699270918.6043866 0.0 0.0
1699270918.6544974 0.0 0.0
1699270918.7045617 0.0 0.0
1699270918.7547271 0.0 0.0
1699270918.805755 0.0 0.0
1699270918.8555763 0.0 0.0
1699270918.9054184 0.0 0.0
1699270918.9553256 0.0 0.0
1699270919.0055223 0.0 0.0
1699270919.0555098 0.0 0.0
1699270919.106024 0.0 0.0
1699270919.1560087 0.0 0.0
1699270919.206472 0.0 0.0
1699270919.2563741 0.0 0.0
1699270919.3061333 0.0 0.0
1699270919.3563433 0.0 0.0
1699270919.407003 0.0 0.0
1699270919.456976 0.0 0.0
1699270919.507117 None None
1699270919.5577738 0.0 0.0
1699270919.6095996 0.0 0.0
1699270919.6589284 0.0 0.0
1699270919.716848 0.0 0.0
1699270919.7599497 None None
1699270919.8105206 0.0 0.0
1699270919.8612287 0.0 0.0
1699270919.9104745 0.0 0.0
1699270919.9642494 None None
1699270920.016074 0.0 0.0
1699270920.072156 0.0 0.0
1699270920.1127052 0.0 0.0
1699270920.1623938 0.0 0.0
1699270920.21226 None None
1699270920.2624154 0.0 0.0
1699270920.3122501 0.0 0.0
1699270920.3628736 0.0 0.0
1699270920.4125218 0.0 0.0
1699270920.462803 None None
1699270920.512789 0.0 0.0
1699270920.5641994 0.0 0.0
1699270920.6134636 0.0 0.0
1699270920.6732125 0.0 0.0
1699270920.7161882 None None
1699270920.7654893 0.0 0.0
1699270920.815368 0.0 0.0
1699270920.8649647 0.0 0.0
1699270920.915126 None None
1699270920.9658964 0.0 0.0
1699270921.0158913 0.0 0.0
1699270921.065289 0.0 0.0
1699270921.1151555 0.0 0.0
1699270921.166 None None
1699270921.215009 0.0 0.0
1699270921.2656307 0.0 0.0
1699270921.315766 0.0 0.0
1699270921.3658812 None None
1699270921.4156213 0.0 0.0
1699270921.4659915 0.0 0.0
1699270921.516121 0.0 0.0
1699270921.5665038 0.0 0.0
1699270921.615891 None None
1699270921.666457 0.0 0.0
1699270921.7167356 0.0 0.0
1699270921.766995 0.0 0.0
1699270921.8168318 0.0 0.0
1699270921.8669698 None None
1699270921.9183745 0.0 0.0
1699270921.96803 0.0 0.0
1699270922.018337 0.0 0.0
1699270922.0686932 None None
1699270922.118895 0.0 0.0
1699270922.1690695 0.0 0.0
1699270922.2193844 0.0 0.0
1699270922.2702343 None None
1699270922.3197725 0.0 0.0
1699270922.370261 0.0 0.0
1699270922.4203837 0.0 0.0
1699270922.4712908 0.0 0.0
1699270922.524326 None None
1699270922.5748575 0.0 0.0
1699270922.6247334 0.0 0.0
1699270922.6797023 0.0 0.0
1699270922.7287126 0.0 0.0
1699270922.77893 None None
1699270922.831217 0.0 0.0
1699270922.8814106 0.0 0.0
1699270922.9314656 0.0 0.0
1699270922.981532 0.0 0.0
1699270923.0316122 0.0 0.0
1699270923.0820012 None None
1699270923.1317415 0.0 0.0
1699270923.182637 0.0 0.0
1699270923.2317662 0.0 0.0
1699270923.28212 None None
1699270923.3330338 0.0 0.0
1699270923.3840694 0.0 0.0
1699270923.4335685 0.0 0.0
1699270923.4834785 None None
1699270923.533005 0.0 0.0
1699270923.5891175 0.0 0.0
1699270923.6373713 0.0 0.0
1699270923.6862388 0.0 0.0
1699270923.735535 None None
1699270923.7853222 0.0 0.0
1699270923.834952 0.0 0.0
1699270923.8849738 0.0 0.0
1699270923.9349859 0.0 0.0
1699270923.984818 None None
1699270924.035194 0.0 0.0
1699270924.085272 0.0 0.0
1699270924.1354375 0.0 0.0
1699270924.185523 None None
1699270924.2362201 0.0 0.0
1699270924.2946382 0.0 0.0
1699270924.3451483 0.0 0.0
1699270924.3886123 0.0 0.0
1699270924.4389114 None None
1699270924.4882889 0.0 0.0
1699270924.5382078 0.0 0.0
1699270924.5886073 0.0 0.0
1699270924.6392858 None None
1699270924.6901546 0.0 0.0
1699270924.7399857 0.0 0.0
1699270924.7895305 0.0 0.0
1699270924.8397145 0.0 0.0
1699270924.889891 None None
1699270924.9397728 0.0 0.0
1699270924.9903615 0.0 0.0
1699270925.0405293 0.0 0.0
1699270925.0901728 0.0 0.0
1699270925.1411688 None None
1699270925.19044 0.0 0.0
1699270925.2403738 0.0 0.0
1699270925.2916183 0.0 0.0
1699270925.340971 None None
1699270925.3916857 0.0 0.0
1699270925.4410326 0.0 0.0
1699270925.491449 0.0 0.0
1699270925.5415416 0.0 0.0
1699270925.5915315 0.0 0.0
1699270925.6423368 None None
1699270925.6919723 0.0 0.0
1699270925.7424395 0.0 0.0
1699270925.7921817 0.0 0.0
1699270925.8424938 0.0 0.0
1699270925.8928983 None None
1699270925.9427476 0.0 0.0
1699270925.992873 0.0 0.0
1699270926.0432103 0.0 0.0
1699270926.0947068 0.0 0.0
1699270926.1443343 None None
1699270926.195055 0.0 0.0
1699270926.383764 0.0 0.0
1699270926.4338074 0.0 0.0
1699270926.4841614 0.0 0.0
1699270926.534809 0.0 0.0
1699270926.5863564 0.0 0.0
1699270926.6361613 0.0 0.0
1699270926.6860495 0.0 0.0
1699270926.7365136 0.0 0.0
1699270926.78662 0.0 0.0
1699270926.8369706 0.0 0.0
1699270926.887063 0.0 0.0
1699270926.937498 None None
1699270926.9872878 0.0 0.0
1699270927.038043 0.0 0.0
1699270927.0879831 0.0 0.0
1699270927.1384625 0.0 0.0
1699270927.1894343 None None
1699270927.240758 0.0 0.0
1699270927.2893941 0.0 0.0
1699270927.3399637 0.0 0.0
1699270927.3904428 0.0 0.0
1699270927.4406848 None None
1699270927.4904232 0.0 0.0
1699270927.5401595 0.0 0.0
1699270927.590366 0.0 0.0
1699270927.6409786 0.0 0.0
1699270927.6914706 None None
1699270927.742073 0.0 0.0
1699270927.7915037 0.0 0.0
1699270927.8421977 0.0 0.0
1699270927.8923013 0.0 0.0
1699270927.9421933 None None
1699270927.992216 0.0 0.0
1699270928.0421946 0.0 0.0
1699270928.0928338 0.0 0.0
1699270928.1433618 0.0 0.0
1699270928.1932425 None None
1699270928.2435536 0.0 0.0
1699270928.2934017 0.0 0.0
1699270928.3438349 0.0 0.0
1699270928.394064 0.0 0.0
1699270928.4581368 0.0 0.0
1699270928.5217273 0.0 0.0
1699270928.5745568 None None
1699270928.6345496 0.0 0.0
1699270928.6899247 0.0 0.0
1699270928.7434375 0.0 0.0
1699270928.7829769 0.0 0.0
1699270928.8268359 None None
1699270928.8698137 0.0 0.0
1699270928.9143171 0.0 0.0
1699270928.957492 None None
1699270929.0020816 0.0 0.0
1699270929.0510533 0.0 0.0
1699270929.103183 None None
1699270929.1532469 0.0 0.0
1699270929.2033105 0.0 0.0
1699270929.2531538 0.0 0.0
1699270929.3030047 0.0 0.0
1699270929.354547 None None
1699270929.403599 0.0 0.0
1699270929.454231 0.0 0.0
1699270929.505863 0.0 0.0
1699270929.5542924 0.0 0.0
1699270929.6049373 None None
1699270929.6554146 0.0 0.0
1699270929.7054317 0.0 0.0
1699270929.7550516 0.0 0.0
1699270929.804941 0.0 0.0
1699270929.8553665 None None
1699270929.9054866 0.0 0.0
1699270929.9559937 0.0 0.0
1699270930.005931 0.0 0.0
1699270930.0558393 0.0 0.0
1699270930.106381 None None
1699270930.1566792 0.0 0.0
1699270930.2075555 0.0 0.0
1699270930.257045 None None
1699270930.3074658 0.0 0.0
1699270930.3581605 0.0 0.0
1699270930.4076865 0.0 0.0
1699270930.457676 0.0 0.0
1699270930.5077481 None None
1699270930.5584166 0.0 0.0
1699270930.6079342 0.0 0.0
1699270930.6582575 0.0 0.0
1699270930.708431 0.0 0.0
1699270930.7587085 0.0 0.0
1699270930.809027 None None
1699270930.8588252 0.0 0.0
1699270930.9093375 0.0 0.0
1699270930.9593637 0.0 0.0
1699270931.0095007 None None
1699270931.0598776 0.0 0.0
1699270931.1098623 None None
1699270931.159806 0.0 0.0
1699270931.210035 0.0 0.0
1699270931.2598379 None None
1699270931.3109381 0.0 0.0
1699270931.3612788 0.0 0.0
1699270931.4133754 0.0 0.0
1699270931.463535 0.0 0.0
1699270931.5141215 None None
1699270931.5645142 0.0 0.0
1699270931.6153874 0.0 0.0
1699270931.788359 0.0 0.0
1699270931.8393695 0.0 0.0
1699270931.9976404 0.0 0.0
1699270932.0475898 0.0 0.0
1699270932.100504 0.0 0.0
1699270932.2760003 0.0 0.0
1699270932.3249648 0.0 0.0
1699270932.3749986 0.17743428253578852 -0.09178621460630032
1699270932.6295922 0.16773723144997266 -0.08579617692968701
1699270932.8729897 0.16773723144997266 -0.08579617692968701
1699270932.9226668 0.09533571048294223 -0.024906977554575768
1699270933.1318793 0.09533571048294223 -0.024906977554575768
1699270933.182027 0.09533571048294223 -0.024906977554575768
1699270933.2319822 0.01703647156691096 -0.01247509815037838
1699270933.4666169 0.01703647156691096 -0.01247509815037838
1699270933.5229857 0.01703647156691096 -0.01247509815037838
1699270933.5720809 -0.0006040645335180983 -0.02677115769197632
1699270933.7846212 -0.0006040645335180983 -0.02677115769197632
1699270933.8339746 -0.0006040645335180983 -0.02677115769197632
1699270933.8845108 -0.003258048361126199 -0.023948488483683382
1699270934.1018717 -0.003258048361126199 -0.023948488483683382
1699270934.1516078 -0.003258048361126199 -0.023948488483683382
1699270934.2017472 -0.0036006294880267533 -0.023296143772674104
1699270934.4054723 -0.0036006294880267533 -0.023296143772674104
1699270934.4548311 -0.0036006294880267533 -0.023296143772674104
1699270934.5054698 -0.0031757731126394366 -0.023172247204761312
1699270934.7090535 -0.0031757731126394366 -0.023172247204761312
1699270934.758014 -0.0031757731126394366 -0.023172247204761312
1699270934.80878 -0.0031757731126394366 -0.023172247204761312
1699270934.858304 -0.0023274945678681985 -0.022389158775750966
1699270935.053456 -0.0023274945678681985 -0.022389158775750966
1699270935.1032438 -0.0023274945678681985 -0.022389158775750966
1699270935.153415 -0.0023274945678681985 -0.022389158775750966
1699270935.2037709 -0.0032827570837422977 -0.021070073646176943
1699270935.403788 -0.0032827570837422977 -0.021070073646176943
1699270935.454321 -0.0032827570837422977 -0.021070073646176943
1699270935.5074797 -0.0032827570837422977 -0.021070073646176943
1699270935.5558977 -0.004949900026735968 -0.019950070561404392
1699270935.7694564 -0.004949900026735968 -0.019950070561404392
1699270935.8190444 -0.004949900026735968 -0.019950070561404392
1699270935.8688295 -0.00581621243068506 -0.019416918734326567
1699270936.0689218 -0.00581621243068506 -0.019416918734326567
1699270936.1190162 -0.00581621243068506 -0.019416918734326567
1699270936.170263 -0.00581621243068506 -0.019416918734326567
1699270936.2189238 -0.006546822156698968 -0.019186295355719894
1699270936.4334161 -0.0069077960544609894 -0.01892787151917446
1699270936.6616585 -0.0069077960544609894 -0.01892787151917446
1699270936.7114632 -0.007126656740567647 -0.01835891323114746
1699270936.9345248 -0.007126656740567647 -0.01835891323114746
1699270936.9845643 -0.007126656740567647 -0.01835891323114746
1699270937.0341513 -0.008557938522858305 -0.017587837725011747
1699270937.2454407 -0.008557938522858305 -0.017587837725011747
1699270937.2957282 -0.008557938522858305 -0.017587837725011747
1699270937.3458734 -0.008557938522858305 -0.017587837725011747
1699270937.396304 -0.009656951489645368 -0.01691315909182788
1699270937.7333262 -0.010377476581940309 -0.01636497365058521
1699270938.007218 -0.010377476581940309 -0.01636497365058521
1699270938.0565338 -0.011047102494701049 -0.015894649823980384
1699270938.2648935 -0.011047102494701049 -0.015894649823980384
1699270938.3146727 -0.011047102494701049 -0.015894649823980384
1699270938.3646014 -0.011608703718881145 -0.01537831808437207
1699270938.55948 -0.011608703718881145 -0.01537831808437207
1699270938.6096275 -0.011608703718881145 -0.01537831808437207
1699270938.6595054 -0.011608703718881145 -0.01537831808437207
1699270938.7098 -0.01199233972241229 -0.014884227138914876
1699270938.907857 -0.012223103357269246 -0.014417841779733378
1699270939.1130838 -0.012223103357269246 -0.014417841779733378
1699270939.1629927 -0.013262384879210982 -0.013903220245255194
1699270939.3712926 -0.013262384879210982 -0.013903220245255194
1699270939.4209542 -0.013262384879210982 -0.013903220245255194
1699270939.4722636 -0.01417609154158504 -0.013265444728122336
1699270939.6744938 -0.01417609154158504 -0.013265444728122336
1699270939.7236478 -0.01417609154158504 -0.013265444728122336
1699270939.774744 -0.014945732217600927 -0.012686655480453536
1699270939.967476 -0.014945732217600927 -0.012686655480453536
1699270940.0170052 -0.014945732217600927 -0.012686655480453536
1699270940.0673714 -0.014945732217600927 -0.012686655480453536
1699270940.1179078 -0.015608276812973053 -0.012154951918605297
1699270940.3420255 -0.016096364654500546 -0.011678018982666122
1699270940.5880804 -0.016096364654500546 -0.011678018982666122
1699270940.6372979 -0.016516854750596617 -0.011159806935209552
1699270940.8474257 -0.016516854750596617 -0.011159806935209552
1699270940.896112 -0.016516854750596617 -0.011159806935209552
1699270940.9468455 -0.016516854750596617 -0.011159806935209552
1699270940.9978085 -0.018263381023690198 -0.010088818842338917
1699270941.2112992 -0.018263381023690198 -0.010088818842338917
1699270941.2640142 -0.018263381023690198 -0.010088818842338917
1699270941.3129902 -0.018263381023690198 -0.010088818842338917
1699270941.36396 -0.018946818022492578 -0.009579136942837829
1699270941.6258385 -0.01952958075987506 -0.009096733111976722
1699270941.8605442 -0.01952958075987506 -0.009096733111976722
1699270941.9106858 -0.020103901940080347 -0.008635337404997858
1699270942.15148 -0.020103901940080347 -0.008635337404997858
1699270942.2015955 -0.020103901940080347 -0.008635337404997858
1699270942.2517283 -0.020103901940080347 -0.008635337404997858
1699270942.3017528 -0.020939206186881987 -0.007674174958820467
1699270942.5119164 -0.020939206186881987 -0.007674174958820467
1699270942.5618052 -0.020939206186881987 -0.007674174958820467
1699270942.6120374 -0.020939206186881987 -0.007674174958820467
1699270942.6620097 -0.02133076928567378 -0.007230756296311789
1699270942.8521798 -0.021623429672827835 -0.006796049842577819
1699270943.0698473 -0.021623429672827835 -0.006796049842577819
1699270943.119125 -0.02234804637813077 -0.00638711115253059
1699270943.3217175 -0.02234804637813077 -0.00638711115253059
1699270943.3711674 -0.02234804637813077 -0.00638711115253059
1699270943.4219675 -0.0230023207372811 -0.006027143301703735
1699270943.6298761 -0.0230023207372811 -0.006027143301703735
1699270943.6798065 -0.0230023207372811 -0.006027143301703735
1699270943.7302768 -0.0230023207372811 -0.006027143301703735
1699270943.7802012 -0.023567710956550244 -0.005664486810551519
1699270943.989419 -0.023567710956550244 -0.005664486810551519
1699270944.0394204 -0.023567710956550244 -0.005664486810551519
1699270944.0896976 -0.023567710956550244 -0.005664486810551519
1699270944.1407838 -0.024469505003409473 -0.004955272800527124
1699270944.376049 -0.024469505003409473 -0.004955272800527124
1699270944.4261415 -0.024469505003409473 -0.004955272800527124
1699270944.4763541 -0.024469505003409473 -0.004955272800527124
1699270944.5270422 -0.02512810186693437 -0.004385006594464689
1699270944.7256196 -0.02512810186693437 -0.004385006594464689
1699270944.7751243 -0.02512810186693437 -0.004385006594464689
1699270944.8251007 -0.02512810186693437 -0.004385006594464689
1699270944.8760862 -0.02570249968433667 -0.004117678930657414
1699270945.1190052 -0.026201452244674232 -0.0038636468639906456
1699270945.3449256 -0.026201452244674232 -0.0038636468639906456
1699270945.395073 -0.026672583159866366 -0.0036722949333166236
1699270945.5828042 -0.026672583159866366 -0.0036722949333166236
1699270945.632843 -0.026672583159866366 -0.0036722949333166236
1699270945.6829548 -0.027105799769930064 -0.003457656363102328
1699270945.8794916 -0.027105799769930064 -0.003457656363102328
1699270945.9290364 -0.027105799769930064 -0.003457656363102328
1699270945.9796607 -0.027105799769930064 -0.003457656363102328
1699270946.030117 -0.02790981846302391 -0.0030779410221585656
1699270946.2297337 -0.02790981846302391 -0.0030779410221585656
1699270946.2792072 -0.02790981846302391 -0.0030779410221585656
1699270946.3294332 -0.028158857868724897 -0.0029650500903153645
1699270946.5379624 -0.028158857868724897 -0.0029650500903153645
1699270946.5885937 -0.028158857868724897 -0.0029650500903153645
1699270946.639341 -0.028373928695883826 -0.0028401124515522094
1699270946.8643873 -0.028373928695883826 -0.0028401124515522094
1699270946.9144495 -0.028373928695883826 -0.0028401124515522094
1699270946.9643645 -0.028373928695883826 -0.0028401124515522094
1699270947.0146458 -0.028770187438111133 -0.0027538479116797766
1699270947.2119303 -0.029145928628846973 -0.0026095773433985016
1699270947.417821 -0.029145928628846973 -0.0026095773433985016
1699270947.4674156 -0.02950160808294279 -0.002501268737930306
1699270947.6604512 -0.02950160808294279 -0.002501268737930306
1699270947.7106774 -0.02950160808294279 -0.002501268737930306
1699270947.7606342 -0.02981500183878319 -0.002399561937974004
1699270947.9578273 -0.02981500183878319 -0.002399561937974004
1699270948.00703 -0.02981500183878319 -0.002399561937974004
1699270948.0576563 -0.030141459760845302 -0.0022563939700826225
1699270948.2688653 -0.030141459760845302 -0.0022563939700826225
1699270948.318399 -0.030141459760845302 -0.0022563939700826225
1699270948.3685062 -0.030457974002967896 -0.0021433998655838813
1699270948.5661933 -0.030457974002967896 -0.0021433998655838813
1699270948.615236 -0.030457974002967896 -0.0021433998655838813
1699270948.6656554 -0.03081223748067067 -0.0020836599802185555
1699270948.879914 -0.03081223748067067 -0.0020836599802185555
1699270948.9290144 -0.03081223748067067 -0.0020836599802185555
1699270948.97925 -0.031138364444074976 -0.002028171317622639
1699270949.1788042 -0.031138364444074976 -0.002028171317622639
1699270949.227673 -0.031138364444074976 -0.002028171317622639
1699270949.2790213 -0.031138364444074976 -0.002028171317622639
1699270949.3284028 -0.03147240493944568 -0.0019685568570962436
1699270949.5490277 -0.03179427214478468 -0.001923755659532158
1699270949.7573981 -0.03179427214478468 -0.001923755659532158
1699270949.8069978 -0.032094716503015 -0.0018748200748005598
1699270950.0023122 -0.032094716503015 -0.0018748200748005598
1699270950.0529752 -0.032094716503015 -0.0018748200748005598
1699270950.1036549 -0.03240410961170557 -0.001861249916266499
1699270950.3056645 -0.03240410961170557 -0.001861249916266499
1699270950.355338 -0.03240410961170557 -0.001861249916266499
1699270950.4052534 -0.03240410961170557 -0.001861249916266499
1699270950.4555533 -0.03278556735252906 -0.0018376416254370454
1699270950.6639092 -0.033118714068626647 -0.0018322215621825086
1699270950.8576486 -0.033118714068626647 -0.0018322215621825086
1699270950.907687 -0.033382526994023276 -0.001838257763945448
1699270951.1116264 -0.033382526994023276 -0.001838257763945448
1699270951.161549 -0.033382526994023276 -0.001838257763945448
1699270951.2115362 -0.033382526994023276 -0.001838257763945448
1699270951.2618434 -0.033928163918597716 -0.001883929461458978
1699270951.4788408 -0.033928163918597716 -0.001883929461458978
1699270951.5286188 -0.033928163918597716 -0.001883929461458978
1699270951.579008 -0.03417239534745314 -0.0019336385253323836
1699270951.799171 -0.03417239534745314 -0.0019336385253323836
1699270951.8497343 -0.03417239534745314 -0.0019336385253323836
1699270951.8989172 -0.034412005508687206 -0.0019570009525727928
1699270952.0981522 -0.034412005508687206 -0.0019570009525727928
1699270952.1486537 -0.034412005508687206 -0.0019570009525727928
1699270952.1989675 -0.03464474225349044 -0.001998761283210725
1699270952.4705338 -0.03464474225349044 -0.001998761283210725
1699270952.5200915 -0.03464474225349044 -0.001998761283210725
1699270952.5729277 -0.03464474225349044 -0.001998761283210725
1699270952.620289 -0.03506161532219801 -0.0020862066049708475
1699270952.8351882 -0.03506161532219801 -0.0020862066049708475
1699270952.8849509 -0.03506161532219801 -0.0020862066049708475
1699270952.9351776 -0.035248284001054585 -0.002123550077955352
1699270953.1605554 -0.035248284001054585 -0.002123550077955352
1699270953.2107418 -0.035248284001054585 -0.002123550077955352
1699270953.260731 -0.035248284001054585 -0.002123550077955352
1699270953.311098 -0.03544804277111307 -0.002173544221613806
1699270953.5077462 -0.03544804277111307 -0.002173544221613806
1699270953.5573316 -0.03544804277111307 -0.002173544221613806
1699270953.6075766 -0.03563950186940444 -0.0022307879986111227
1699270953.832239 -0.03563950186940444 -0.0022307879986111227
1699270953.88209 -0.03563950186940444 -0.0022307879986111227
1699270953.9326148 -0.03563950186940444 -0.0022307879986111227
1699270953.9828405 -0.035831084429631566 -0.0022968083593061465
1699270954.2104383 -0.036036421572554364 -0.0023739408708918024
1699270954.417896 -0.036036421572554364 -0.0023739408708918024
1699270954.467147 -0.036176752127886895 -0.0024130957796230403
1699270954.65577 -0.036176752127886895 -0.0024130957796230403
1699270954.7053707 -0.036176752127886895 -0.0024130957796230403
1699270954.7565064 -0.036176752127886895 -0.0024130957796230403
1699270954.8051393 -0.03648582698637438 -0.002524797462725169
1699270954.9922545 -0.03648582698637438 -0.002524797462725169
1699270955.0416322 -0.03648582698637438 -0.002524797462725169
1699270955.0926702 -0.03662835523396667 -0.002582227674637976
1699270955.2907767 -0.03662835523396667 -0.002582227674637976
1699270955.3397949 -0.03662835523396667 -0.002582227674637976
1699270955.3900115 -0.03662835523396667 -0.002582227674637976
1699270955.4401138 -0.03691318378988702 -0.0027065411790082915
1699270955.6538439 -0.03691318378988702 -0.0027065411790082915
1699270955.703708 -0.03691318378988702 -0.0027065411790082915
1699270955.7560678 -0.03691318378988702 -0.0027065411790082915
1699270955.806424 -0.03706655055654227 -0.0027770042812201813
1699270956.0128345 -0.037145242771584354 -0.0028383119954682
1699270956.2112963 -0.037145242771584354 -0.0028383119954682
1699270956.260799 -0.03721452812774589 -0.002884690374798609
1699270956.4692662 -0.03721452812774589 -0.002884690374798609
1699270956.5189068 -0.03721452812774589 -0.002884690374798609
1699270956.5695577 -0.03721452812774589 -0.002884690374798609
1699270956.619851 -0.03740889494080812 -0.0029858092759120617
1699270956.8259153 -0.03740889494080812 -0.0029858092759120617
1699270956.8754363 -0.03740889494080812 -0.0029858092759120617
1699270956.9257965 -0.03740889494080812 -0.0029858092759120617
1699270956.9758475 -0.03760055429753569 -0.00306599966335884
1699270957.1792393 -0.03760055429753569 -0.00306599966335884
1699270957.2286084 -0.03760055429753569 -0.00306599966335884
1699270957.2786849 -0.03768606798918914 -0.003113391296999839
1699270957.471571 -0.03768606798918914 -0.003113391296999839
1699270957.521302 -0.03768606798918914 -0.003113391296999839
1699270957.5717852 -0.0377255598994345 -0.003160489574497892
1699270957.7710943 -0.0377255598994345 -0.003160489574497892
1699270957.8211746 -0.0377255598994345 -0.003160489574497892
1699270957.8710632 -0.03777919514778959 -0.003214730662320605
1699270958.0689836 -0.03777919514778959 -0.003214730662320605
1699270958.1188638 -0.03777919514778959 -0.003214730662320605
1699270958.1688097 -0.03783563605248207 -0.003268958812326261
1699270958.385049 -0.03783563605248207 -0.003268958812326261
1699270958.4346938 -0.03783563605248207 -0.003268958812326261
1699270958.4848847 -0.037886592135839385 -0.0032908207826449687
1699270958.678869 -0.037886592135839385 -0.0032908207826449687
1699270958.7287595 -0.037886592135839385 -0.0032908207826449687
1699270958.7790322 -0.037886592135839385 -0.0032908207826449687
1699270958.828942 -0.037948879463150766 -0.003312889889186245
1699270959.028746 -0.03802952456482182 -0.0033414465451217915
1699270959.2424707 -0.03802952456482182 -0.0033414465451217915
1699270959.291354 -0.0381018028973789 -0.003377055203420239
1699270959.4774323 -0.0381018028973789 -0.003377055203420239
1699270959.5267806 -0.0381018028973789 -0.003377055203420239
1699270959.5774994 -0.03819244593397743 -0.003407038438688887
1699270959.7824616 -0.03819244593397743 -0.003407038438688887
1699270959.831772 -0.03819244593397743 -0.003407038438688887
1699270959.8824024 -0.038250581430411004 -0.003394221551120602
1699270960.1079159 -0.038250581430411004 -0.003394221551120602
1699270960.1570327 -0.038250581430411004 -0.003394221551120602
1699270960.2068973 -0.03830682331223048 -0.0033882520169596945
1699270960.4165888 -0.03830682331223048 -0.0033882520169596945
1699270960.4656658 -0.03830682331223048 -0.0033882520169596945
1699270960.5160208 -0.038366816727566345 -0.00338792082686331
1699270960.7228353 -0.038366816727566345 -0.00338792082686331
1699270960.7726293 -0.038366816727566345 -0.00338792082686331
1699270960.8226001 -0.038366816727566345 -0.00338792082686331
1699270960.8729177 -0.0384360688199312 -0.0033941041969065486
1699270961.091807 -0.03850656612918442 -0.003406408727489082
1699270961.3093781 -0.03850656612918442 -0.003406408727489082
1699270961.358934 -0.03858324650226396 -0.0034098271109196006
1699270961.5526123 -0.03858324650226396 -0.0034098271109196006
1699270961.6030133 -0.03858324650226396 -0.0034098271109196006
1699270961.6533308 -0.0386810453082933 -0.003428146781887836
1699270961.8562858 -0.0386810453082933 -0.003428146781887836
1699270961.9057677 -0.0386810453082933 -0.003428146781887836
1699270961.9559605 -0.038783347052171 -0.0034545013979253468
1699270962.155336 -0.038783347052171 -0.0034545013979253468
1699270962.2049026 -0.038783347052171 -0.0034545013979253468
1699270962.2551887 -0.03882949498445687 -0.0034435948462761884
1699270962.456836 -0.03882949498445687 -0.0034435948462761884
1699270962.507182 -0.03882949498445687 -0.0034435948462761884
1699270962.5572264 -0.03882949498445687 -0.0034435948462761884
1699270962.6075056 -0.03889089334874059 -0.0034390056982310634
1699270962.8172975 -0.038953694873848296 -0.0034364490717691473
1699270963.0005054 -0.038953694873848296 -0.0034364490717691473
1699270963.0499496 -0.03900779126760033 -0.0034242574658352887
1699270963.2557738 -0.03900779126760033 -0.0034242574658352887
1699270963.3072128 -0.03900779126760033 -0.0034242574658352887
1699270963.3574703 -0.03900779126760033 -0.0034242574658352887
1699270963.407561 -0.039154931692618265 -0.0034174878768736348
1699270963.6155722 -0.039154931692618265 -0.0034174878768736348
1699270963.6655421 -0.039154931692618265 -0.0034174878768736348
1699270963.7156365 -0.039223743153940754 -0.0034075387230282496
1699270963.9104798 -0.039223743153940754 -0.0034075387230282496
1699270963.9601505 -0.039223743153940754 -0.0034075387230282496
1699270964.0105662 -0.039223743153940754 -0.0034075387230282496
1699270964.0608401 -0.03923766457611143 -0.0033636753138088864
1699270964.2547112 -0.03926391780501923 -0.0033224110937712095
1699270964.4611745 -0.03926391780501923 -0.0033224110937712095
1699270964.510844 -0.039293275934449354 -0.0032823097669174637
1699270964.714454 -0.039293275934449354 -0.0032823097669174637
1699270964.764821 -0.039293275934449354 -0.0032823097669174637
1699270964.8153496 -0.039293275934449354 -0.0032823097669174637
1699270964.8652947 -0.03937923732120185 -0.0032087085902829386
1699270965.056584 -0.03937923732120185 -0.0032087085902829386
1699270965.1058137 -0.03937923732120185 -0.0032087085902829386
1699270965.156029 -0.03937923732120185 -0.0032087085902829386
1699270965.206151 -0.039389734717430964 -0.0031549615472490087
1699270965.4066098 -0.039389734717430964 -0.0031549615472490087
1699270965.4562132 -0.039389734717430964 -0.0031549615472490087
1699270965.5064893 -0.03938911791809216 -0.003109769109388268
1699270965.7007117 -0.03938911791809216 -0.003109769109388268
1699270965.7500613 -0.03938911791809216 -0.003109769109388268
1699270965.800145 -0.039406967431131 -0.003059044056386809
1699270966.006083 -0.039406967431131 -0.003059044056386809
1699270966.0568871 -0.039406967431131 -0.003059044056386809
1699270966.1067336 -0.039406967431131 -0.003059044056386809
1699270966.1568608 -0.03943702569475967 -0.003010695099919918
1699270966.3745034 -0.039472085266343666 -0.0029645285756233365
1699270966.5910418 -0.039472085266343666 -0.0029645285756233365
1699270966.6420364 -0.039504214759331226 -0.0029252063165230435
1699270966.866401 -0.039504214759331226 -0.0029252063165230435
1699270966.9161777 -0.039504214759331226 -0.0029252063165230435
1699270966.9668562 -0.03954580471019708 -0.00289605083558185
1699270967.173668 -0.03954580471019708 -0.00289605083558185
1699270967.2227397 -0.03954580471019708 -0.00289605083558185
1699270967.2737625 -0.03954580471019708 -0.00289605083558185
1699270967.3232715 -0.03959739431274142 -0.0028578153768156435
1699270967.5657938 -0.03961347782630211 -0.0028140027280384706
1699270967.7931278 -0.03961347782630211 -0.0028140027280384706
1699270967.8430538 -0.0396249673723304 -0.0027841604157906787
1699270968.0332866 -0.0396249673723304 -0.0027841604157906787
1699270968.0837662 -0.0396249673723304 -0.0027841604157906787
1699270968.13538 -0.03964778697490121 -0.002748615257374345
1699270968.3582847 -0.03964778697490121 -0.002748615257374345
1699270968.4086273 -0.03964778697490121 -0.002748615257374345
1699270968.458913 -0.03968218273897302 -0.002704588310960945
1699270968.64706 -0.03968218273897302 -0.002704588310960945
1699270968.6975746 -0.03968218273897302 -0.002704588310960945
1699270968.7468016 -0.03968218273897302 -0.002704588310960945
1699270968.796754 -0.03971632725039217 -0.002666035583133282
1699270968.9817336 -0.03975083654506634 -0.0026270797462044394
1699270969.1852772 -0.03975083654506634 -0.0026270797462044394
1699270969.2353723 -0.039791470586772286 -0.0025891015506652585
1699270969.4492812 -0.039791470586772286 -0.0025891015506652585
1699270969.4990873 -0.039791470586772286 -0.0025891015506652585
1699270969.5521164 -0.03980054275726203 -0.0025382043748942208
1699270969.7502925 -0.03980054275726203 -0.0025382043748942208
1699270969.8000848 -0.03980054275726203 -0.0025382043748942208
1699270969.8514032 -0.03981374759413568 -0.002494679076316235
1699270970.109521 -0.03981374759413568 -0.002494679076316235
1699270970.158751 -0.03981374759413568 -0.002494679076316235
1699270970.2089581 -0.03981374759413568 -0.002494679076316235
1699270970.2588706 -0.03983185871006249 -0.0024446829096623638
1699270970.5175138 -0.03985434617847177 -0.002391319173017702
1699270970.7178874 -0.03985434617847177 -0.002391319173017702
1699270970.76744 -0.039881460139071206 -0.002346665009105317
1699270970.954398 -0.039881460139071206 -0.002346665009105317
1699270971.0037103 -0.039881460139071206 -0.002346665009105317
1699270971.053928 -0.039881460139071206 -0.002346665009105317
1699270971.104254 -0.039959058564948614 -0.0022593289270745275
1699270971.3009634 -0.039959058564948614 -0.0022593289270745275
1699270971.3513515 -0.039959058564948614 -0.0022593289270745275
1699270971.4013498 -0.039959058564948614 -0.0022593289270745275
1699270971.4513898 -0.03996117499238081 -0.0021750790535066352
1699270971.6447186 -0.03996117499238081 -0.0021750790535066352
1699270971.6949496 -0.03996117499238081 -0.0021750790535066352
1699270971.745561 -0.03996117499238081 -0.0021750790535066352
1699270971.79548 -0.03996308684654104 -0.002134866772541548
1699270972.002778 -0.03997009304274271 -0.0020951473049390934
1699270972.210175 -0.03997009304274271 -0.0020951473049390934
1699270972.2597346 -0.03998015968544909 -0.002053371717513985
1699270972.5146005 -0.03998015968544909 -0.002053371717513985
1699270972.564039 -0.03998015968544909 -0.002053371717513985
1699270972.6137643 -0.03998015968544909 -0.002053371717513985
1699270972.663784 -0.03999797672457888 -0.0020133627346931742
1699270972.8909764 -0.040004066055122904 -0.0019754788758255684
1699270973.1056929 -0.040004066055122904 -0.0019754788758255684
1699270973.1550272 -0.03999550051053 -0.0019332903633294354
1699270973.3544116 -0.03999550051053 -0.0019332903633294354
1699270973.4047177 -0.03999550051053 -0.0019332903633294354
1699270973.4551468 -0.039994214933922856 -0.001893514387633782
1699270973.6440184 -0.039994214933922856 -0.001893514387633782
1699270973.6941235 -0.039994214933922856 -0.001893514387633782
1699270973.7438886 -0.039994214933922856 -0.001893514387633782
1699270973.793975 -0.039999487639155513 -0.0018521959237179882
1699270973.9716027 -0.04001033750426919 -0.001815584177225142
1699270974.1636987 -0.04001033750426919 -0.001815584177225142
1699270974.2128832 -0.040020207208292115 -0.0017741302267263546
1699270974.419476 -0.040020207208292115 -0.0017741302267263546
1699270974.468797 -0.040020207208292115 -0.0017741302267263546
1699270974.6044421 -0.040040208721765266 -0.0017363767880794374
1699270974.819215 -0.040040208721765266 -0.0017363767880794374
1699270974.8688128 -0.040040208721765266 -0.0017363767880794374
1699270974.9190247 -0.040040208721765266 -0.0017363767880794374
1699270974.9693155 -0.04006381985303315 -0.0016672519331411327
1699270975.1577542 -0.04006381985303315 -0.0016672519331411327
1699270975.2077026 -0.04006381985303315 -0.0016672519331411327
1699270975.2580838 -0.04006381985303315 -0.0016672519331411327
1699270975.30808 -0.04006802787394989 -0.0015993006995893926
1699270975.5069332 -0.04006802787394989 -0.0015993006995893926
1699270975.5562046 -0.04006802787394989 -0.0015993006995893926
1699270975.6064708 -0.04006802787394989 -0.0015993006995893926
1699270975.6580324 -0.040069928305890484 -0.0015650118853898043
1699270975.8391354 -0.04007267804548038 -0.0015303283781670654
1699270976.068573 -0.04007267804548038 -0.0015303283781670654
1699270976.117479 -0.04007893465293567 -0.001493706749089103
1699270976.315083 -0.04007893465293567 -0.001493706749089103
1699270976.3651326 -0.04007893465293567 -0.001493706749089103
1699270976.4153638 -0.04007893465293567 -0.001493706749089103
1699270976.4653053 -0.04009382826145873 -0.0014584801511094685
1699270976.66927 -0.04008174017170665 -0.0014255699313515508
1699270976.8794398 -0.04008174017170665 -0.0014255699313515508
1699270976.928881 -0.04007738337281439 -0.0013985118252777939
1699270977.124554 -0.04007738337281439 -0.0013985118252777939
1699270977.1739628 -0.04007738337281439 -0.0013985118252777939
1699270977.2254117 -0.04007738337281439 -0.0013985118252777939
1699270977.2753677 -0.0400847740456786 -0.0013527772137494197
1699270977.4794912 -0.0400847740456786 -0.0013527772137494197
1699270977.5297883 -0.0400847740456786 -0.0013527772137494197
1699270977.5791173 -0.0400847740456786 -0.0013527772137494197
1699270977.6299293 -0.04009171038770826 -0.0013318749170037692
1699270977.8152885 -0.04009983157129853 -0.001311617218377769
1699270978.011487 -0.04009983157129853 -0.001311617218377769
1699270978.0615935 -0.04011053098356275 -0.0012901879406328049
1699270978.2648664 -0.04011053098356275 -0.0012901879406328049
1699270978.305267 -0.04011053098356275 -0.0012901879406328049
1699270978.354902 -0.04011053098356275 -0.0012901879406328049
1699270978.40547 -0.04013002651375362 -0.0012677733302574393
1699270978.5879004 -0.040132963371504494 -0.001247004272045931
1699270978.7680674 -0.040132963371504494 -0.001247004272045931
1699270978.817935 -0.04013517934793206 -0.0012295973487348843
1699270979.0295422 -0.04013517934793206 -0.0012295973487348843
1699270979.0787044 -0.04013517934793206 -0.0012295973487348843
1699270979.1288078 -0.04014203057705733 -0.0012125914109691815
1699270979.3188982 -0.04014203057705733 -0.0012125914109691815
1699270979.3686743 -0.04014203057705733 -0.0012125914109691815
1699270979.4187481 -0.04014203057705733 -0.0012125914109691815
1699270979.4699688 -0.040151640705337076 -0.0011974699401054595
1699270979.6984882 -0.04016529384860618 -0.0011849884789341643
1699270979.894898 -0.04016529384860618 -0.0011849884789341643
1699270979.9446287 -0.04017832955467834 -0.0011679363548294881
1699270980.128635 -0.04017832955467834 -0.0011679363548294881
1699270980.1791956 -0.04017832955467834 -0.0011679363548294881
1699270980.229459 -0.040188259629553365 -0.0011520298828099006
1699270980.4331055 -0.040188259629553365 -0.0011520298828099006
1699270980.483099 -0.040188259629553365 -0.0011520298828099006
1699270980.5332782 -0.040188259629553365 -0.0011520298828099006
1699270980.5837348 -0.04019147254645523 -0.001138366844593971
1699270980.7851944 -0.04019731376686149 -0.0011212319043426094
1699270980.9651897 -0.04019731376686149 -0.0011212319043426094
1699270981.0144005 -0.0401998777204227 -0.001108747745346013
1699270981.2049427 -0.0401998777204227 -0.001108747745346013
1699270981.2538488 -0.0401998777204227 -0.001108747745346013
1699270981.3042846 -0.040214651480931264 -0.001097443587376935
1699270981.5218854 -0.040214651480931264 -0.001097443587376935
1699270981.5718231 -0.040214651480931264 -0.001097443587376935
1699270981.622098 -0.04023217275863575 -0.001083078824022821
1699270981.8110874 -0.04023217275863575 -0.001083078824022821
1699270981.8615365 -0.04023217275863575 -0.001083078824022821
1699270981.9111197 -0.040250769928791785 -0.0010742413662228186
1699270982.1131659 -0.040250769928791785 -0.0010742413662228186
1699270982.163029 -0.040250769928791785 -0.0010742413662228186
1699270982.2135575 -0.040250769928791785 -0.0010742413662228186
1699270982.263469 -0.04025206684287212 -0.0010677821072676626
1699270982.4543514 -0.04025203850555322 -0.001064069847122468
1699270982.6623724 -0.04025203850555322 -0.001064069847122468
1699270982.7118962 -0.04025203850555322 -0.001064069847122468
1699270982.762362 -0.04025203850555322 -0.001064069847122468
1699270982.8132114 -0.04025814932933771 -0.0010572147152695735
1699270982.997999 -0.040268449114364904 -0.0010500578987422383
1699270983.1902978 -0.040268449114364904 -0.0010500578987422383
1699270983.2394161 -0.0402789349048062 -0.0010455264798516911
1699270983.4219751 -0.0402789349048062 -0.0010455264798516911
1699270983.4708977 -0.0402789349048062 -0.0010455264798516911
1699270983.5209703 -0.04029391463704561 -0.0010411083488210805
1699270983.7121809 -0.04029391463704561 -0.0010411083488210805
1699270983.7621303 -0.04029391463704561 -0.0010411083488210805
1699270983.8124027 -0.04029391463704561 -0.0010411083488210805
1699270983.8627448 -0.04031517504848623 -0.001024399285679299
1699270984.0756936 -0.04031517504848623 -0.001024399285679299
1699270984.125441 -0.04031517504848623 -0.001024399285679299
1699270984.1763535 -0.04031517504848623 -0.001024399285679299
1699270984.2265382 -0.04031719709439493 -0.0010052034727143487
1699270984.4186113 -0.04031719709439493 -0.0010052034727143487
1699270984.4682384 -0.04031719709439493 -0.0010052034727143487
1699270984.5184803 -0.040315992204289844 -0.0009946819191581566
