1697471219.975528 -0.0 0
1697471220.7407188 -0.0 0
1697471221.0930402 -0.0 0
1697471221.198661 -0.0 0
1697471221.3133435 -0.0 0
1697471221.4461873 -0.0 0
1697471221.565283 -0.0 0
1697471221.6802664 -0.0 0
1697471221.7947268 -0.0 0
1697471221.8948495 -0.0 0
1697471222.0057952 -0.0 0
1697471222.1268396 -0.0 0
1697471222.2501469 -0.0 0
1697471222.3777635 -0.0 0
1697471222.5037248 -0.0 0
1697471222.6299193 -0.0 0
1697471222.7549374 -0.0 0
1697471222.8575552 -0.0 0
1697471222.9606278 -0.0 0
1697471223.0857735 -0.0 0
1697471223.2131128 -0.0 0
1697471223.3237026 -0.0 0
