1697469575.8315856 -0.0 0
1697469576.3216212 -0.0 0
1697469576.5932882 -0.0 0
1697469576.6634421 -0.0 0
1697469576.7322338 -0.0 0
1697469576.8100133 -0.0 0
1697469576.8839095 -0.0 0
1697469576.9556444 -0.0 0
1697469577.0260704 -0.0 0
1697469577.0930285 -0.0 0
1697469577.1604075 -0.0 0
1697469577.22987 -0.0 0
1697469577.2966468 -0.0 0
1697469577.3701 -0.0 0
1697469577.4395308 -0.0 0
1697469577.5130281 -0.0 0
1697469577.579242 -0.0 0
1697469577.649194 -0.0 0
1697469577.7175326 -0.0 0
1697469577.786046 -0.0 0
1697469577.868661 -0.0 0
1697469577.93903 -0.0 0
1697469578.0110672 -0.0 0
1697469578.0785646 -0.0 0
1697469578.1488514 -0.0 0
1697469578.2182283 -0.0 0
1697469578.2934773 -0.0 0
1697469578.3634443 -0.0 0
1697469578.4344797 -0.0 0
1697469578.5045538 -0.0 0
1697469578.5763783 -0.0 0
1697469578.6431046 -0.0 0
1697469578.7187603 -0.0 0
1697469578.7901392 -0.0 0
1697469578.9109492 -0.0 0
1697469579.0269554 -0.0 0
1697469579.0978491 -0.0 0
1697469579.1657634 -0.0 0
1697469579.235913 -0.0 0
1697469579.305538 -0.0 0
1697469579.371971 -0.0 0
1697469579.4440372 -0.0 0
1697469579.5149755 -0.0 0
1697469579.5873551 -0.0 0
1697469579.6545131 -0.0 0
1697469579.7211163 -0.0 0
1697469579.7937977 -0.0 0
1697469579.8659391 -0.0 0
1697469579.9370162 -0.0 0
1697469580.0052538 -0.0 0
1697469580.071003 -0.0 0
1697469580.143902 -0.0 0
1697469580.2167888 -0.0 0
1697469580.286901 -0.0 0
1697469580.3556752 -0.0 0
1697469580.4240315 -0.0 0
1697469580.4944034 -0.0 0
1697469580.5622382 -0.0 0
1697469580.6346433 -0.0 0
1697469580.7089458 -0.0 0
1697469580.789237 -0.0 0
1697469580.8603992 -0.0 0
1697469580.939189 -0.0 0
1697469581.0129912 -0.0 0
1697469581.0813768 -0.0 0
1697469581.1584778 -0.0 0
1697469581.225308 -0.0 0
1697469581.291946 -0.0 0
1697469581.368525 -0.0 0
1697469581.446991 -0.0 0
1697469581.5170605 -0.0 0
1697469581.6012478 -0.0 0
1697469581.6667695 -0.0 0
1697469581.7381258 -0.0 0
1697469581.8389053 -0.0 0
1697469581.9644804 -0.0 0
1697469582.0371137 -0.0 0
1697469582.107005 -0.0 0
1697469582.1714065 -0.0 0
1697469582.2420034 -0.0 0
1697469582.3093433 -0.0 0
