1698905174.2530215 -2 0
1698905174.4725819 -2.0 0
1698905174.604553 -2.0 0
1698905174.6389987 -2.0 0
1698905174.6736763 -2.0 0
1698905174.706239 -2.0 0
1698905174.7250042 -2.0 0
1698905174.7734895 -2.0 0
1698905174.82289 -2.0 0
1698905174.873007 -2.0 0
1698905174.923563 -2.0 0
1698905174.9735467 -2.0 0
1698905175.0237317 -2.0 0
1698905175.0739386 -2.0 0
1698905175.1244593 -2.0 0
1698905175.174414 -2.0 0
1698905175.22465 -2.0 0
1698905175.2747774 -2.0 0
1698905175.3249283 -2.0 0
1698905175.374856 -2.0 0
1698905175.4248157 -2.0 0
1698905175.4752584 -2.0 0
1698905175.5255141 -2.0 0
1698905175.5756366 -2.0 0
1698905175.628333 -2.0 0
1698905175.6783683 -2.0 0
1698905175.7284005 -2.0 0
1698905175.7789745 -2.0 0
1698905175.8289597 -2.0 0
1698905175.8790967 -2.0 0
1698905175.9292414 -2.0 0
1698905175.9794252 -2.0 0
1698905176.031349 -2.0 0
1698905176.0818114 -2.0 0
1698905176.131924 -2.0 0
1698905176.182399 -2.0 0
1698905176.2322803 -2.0 0
1698905176.28251 -2.0 0
1698905176.3325293 -2.0 0
1698905176.382667 -2.0 0
1698905176.4327722 -2.0 0
1698905176.4828498 -2.0 0
1698905176.532935 -2.0 0
1698905176.58303 -2.0 0
1698905176.6335979 -2.0 0
1698905176.683765 -2.0 0
1698905176.7339137 -2.0 0
1698905176.784932 -2.0 0
1698905176.8342133 -2.0 0
1698905176.8842485 -2.0 0
1698905176.9344356 -2.0 0
1698905176.984822 -2.0 0
1698905177.0351105 -2.0 0
1698905177.0850606 -2.0 0
1698905177.135159 -2.0 0
1698905177.185491 -2.0 0
1698905177.2357168 -2.0 0
1698905177.2860808 -2.0 0
1698905177.3360045 -2.0 0
1698905177.3865428 -2.0 0
1698905177.436058 -2.0 0
1698905177.4864295 -2.0 0
1698905177.5366411 -2.0 0
1698905177.5867858 -2.0 0
1698905177.6369617 -2.0 0
1698905177.6868575 -2.0 0
1698905177.7369263 -2.0 0
1698905177.7871764 -2.0 0
1698905177.8371856 -2.0 0
1698905177.8873057 -2.0 0
1698905177.9375615 -2.0 0
1698905177.9877014 -2.0 0
1698905178.0384583 -2.0 0
1698905178.0880146 -2.0 0
1698905178.137902 -2.0 0
1698905178.188091 -2.0 0
1698905178.2379925 -2.0 0
1698905178.2883387 -2.0 0
1698905178.338634 -2.0 0
1698905178.3888605 -2.0 0
1698905178.438833 -2.0 0
1698905178.4889297 -2.0 0
1698905178.5392659 -2.0 0
1698905178.5889971 -2.0 0
1698905178.6406777 -2.0 0
1698905178.689822 -2.0 0
1698905178.739553 -2.0 0
1698905178.789837 -2.0 0
1698905178.840006 -2.0 0
1698905178.8899806 -2.0 0
1698905178.9404383 -2.0 0
1698905178.990482 -2.0 0
1698905179.040544 -2.0 0
1698905179.0907469 -2.0 0
1698905179.1408355 -2.0 0
1698905179.1911182 -2.0 0
1698905179.2408485 -2.0 0
1698905179.2909927 -2.0 0
1698905179.3410163 -2.0 0
1698905179.3912072 -2.0 0
1698905179.441758 -2.0 0
1698905179.4913814 -2.0 0
1698905179.5417225 -2.0 0
1698905179.5917673 -2.0 0
1698905179.6419654 -2.0 0
1698905179.6921263 -2.0 0
1698905179.7422655 -2.0 0
1698905179.7924314 -2.0 0
1698905179.8428826 -2.0 0
1698905179.8930838 -2.0 0
1698905179.9428933 -2.0 0
1698905179.9932816 -2.0 0
1698905180.0431254 -2.0 0
1698905180.0931764 -2.0 0
1698905180.143248 -2.0 0
1698905180.1937673 -2.0 0
1698905180.243774 -2.0 0
1698905180.2942038 -2.0 0
1698905180.3448098 -2.0 0
1698905180.3994231 -2.0 0
1698905180.4488347 -2.0 0
1698905180.4985723 -2.0 0
1698905180.5486486 -2.0 0
1698905180.5987213 -2.0 0
1698905180.6489463 -2.0 0
1698905180.6990583 -2.0 0
1698905180.7488523 -2.0 0
1698905180.7987807 -2.0 0
1698905180.849396 -2.0 0
1698905180.899258 -2.0 0
1698905180.9496875 -2.0 0
1698905180.9997435 -2.0 0
1698905181.0498757 -2.0 0
1698905181.1009192 -2.0 0
1698905181.150497 -2.0 0
1698905181.201271 -2.0 0
1698905181.2509868 -2.0 0
1698905181.3009896 -2.0 0
1698905181.350886 -2.0 0
1698905181.401284 -2.0 0
1698905181.4515905 -2.0 0
1698905181.501606 -2.0 0
1698905181.5516908 -2.0 0
1698905181.6019828 -2.0 0
1698905181.6518831 -2.0 0
1698905181.7026277 -2.0 0
1698905181.7522798 -2.0 0
1698905181.8025253 -2.0 0
1698905181.8526533 -2.0 0
1698905181.9027674 -2.0 0
1698905181.952788 -2.0 0
1698905182.0029252 -2.0 0
1698905182.05283 -2.0 0
1698905182.1034071 -2.0 0
1698905182.1537986 -2.0 0
1698905182.204024 -2.0 0
1698905182.2540874 -2.0 0
1698905182.3042412 -2.0 0
1698905182.3550482 -2.0 0
1698905182.405595 -2.0 0
1698905182.4552615 -2.0 0
1698905182.5050993 -2.0 0
1698905182.5552151 -2.0 0
1698905182.605148 -2.0 0
1698905182.6551726 -2.0 0
1698905182.7060068 -2.0 0
1698905182.755972 -2.0 0
1698905182.805974 -2.0 0
1698905182.8559175 -2.0 0
1698905182.9060392 -2.0 0
1698905182.9563262 -2.0 0
1698905183.0064478 -2.0 0
1698905183.05679 -2.0 0
1698905183.106826 -2.0 0
1698905183.1574812 -2.0 0
1698905183.206998 -2.0 0
1698905183.2573457 -2.0 0
1698905183.3075416 -2.0 0
1698905183.35757 -2.0 0
1698905183.408589 -2.0 0
1698905183.4583592 -2.0 0
1698905183.5086267 -2.0 0
1698905183.5585926 -2.0 0
1698905183.6086528 -2.0 0
1698905183.6587865 -2.0 0
1698905183.7091558 -2.0 0
1698905183.7590773 -2.0 0
1698905183.8088834 -2.0 0
1698905183.8591292 -2.0 0
1698905183.9095306 -2.0 0
1698905183.960247 -2.0 0
1698905184.009701 -2.0 0
1698905184.0605893 -2.0 0
1698905184.1104102 -2.0 0
1698905184.1608648 -2.0 0
1698905184.210408 -2.0 0
1698905184.2606518 -2.0 0
1698905184.3104248 -2.0 0
1698905184.3606224 -2.0 0
1698905184.4117079 -2.0 0
1698905184.4619162 -2.0 0
1698905184.5139592 -2.0 0
1698905184.5637124 -2.0 0
1698905184.613847 -2.0 0
