1699250206.6555572 0.005376241423988083 -0.001641037410976428 0
1699250206.9162247 0.007008889431387299 -0.0006173309572442892 0
1699250207.0329726 0.009126352069656557 0.0006225128408331258 0
1699250207.0728843 0.012539553933035661 0.002490429848178959 0
1699250207.1180375 0.023782426202726883 0.007941883301412617 0
1699250207.153639 0.023782426202726883 0.007941883301412617 0
1699250207.1871226 0.04013456702780291 0.0151364035116795 0
1699250207.2210648 0.04693053163148239 0.018065445362419226 0
1699250207.2686377 0.052495261136252254 0.020428614298819252 0
1699250207.3183498 0.05698638993799898 0.022298240049628375 0
1699250207.3680494 0.0667212819287195 0.026215886456342367 0
1699250207.417917 0.07885565178392259 0.030861742143363756 0
1699250207.4678628 0.08600147290648791 0.03351115092058627 0
1699250207.517911 0.09245002746161032 0.03583185398264316 0
1699250207.5682926 0.0981286814264479 0.03780734894959785 0
1699250207.62034 0.11371680511345997 0.04293033759589772 0
1699250207.6690354 0.11901124158329136 0.04457103648961991 0
1699250207.7198014 0.1247226859479669 0.046306828199082745 0
1699250207.7710633 0.13744670882721158 0.050028583803091525 0
1699250207.8210647 0.14969431277612444 0.053449749516588416 0
1699250207.872089 0.16008026825438218 0.05619387515801641 0
1699250207.9216578 0.16510573260425002 0.057456701830966087 0
1699250207.9732504 0.17051545218037759 0.058772006152478594 0
1699250208.0233328 0.18220611483685142 0.06147312900583582 0
1699250208.0725036 0.18828720373489946 0.06280658006432926 0
1699250208.1227155 0.19926529265948872 0.06508286037718056 0
1699250208.1728601 0.2045176422259976 0.06610744554596726 0
1699250208.2225702 0.21503297283609504 0.06804187793478751 0
1699250208.2728207 0.22637807478666444 0.0699621024951955 0
1699250208.323347 0.23201203867659434 0.07085216860636283 0
1699250208.373381 0.23764224936098008 0.07169925004354528 0
1699250208.4236946 0.2428213641584915 0.07243631213359632 0
1699250208.473494 0.25302880715959275 0.07380658941992706 0
1699250208.5236309 0.26340650374041624 0.07505732659713646 0
1699250208.5738697 0.26890066220616937 0.07566621133265664 0
1699250208.6245124 0.2742564891513856 0.07622804513736928 0
1699250208.6748734 0.27931391573490794 0.07673029392878562 0
1699250208.7267132 0.28949713268630084 0.07765072571291601 0
1699250208.775548 0.29947306785063327 0.07843887407339076 0
1699250208.825242 0.3046113222778863 0.07880339154654241 0
1699250208.8753989 0.3097714263647054 0.07914112543224472 0
1699250208.9256942 0.3249847439957259 0.0799827713345499 0
1699250208.9753947 0.32998454190923754 0.08019944272112939 0
1699250209.0258896 0.3397717111066453 0.08053481750012301 0
1699250209.0762484 0.34494277973184845 0.08066578752614503 0
1699250209.1266592 0.3547686865036796 0.08082950107460307 0
1699250209.1765027 0.36445885632103864 0.08087894503635558 0
1699250209.2270052 0.36920422526747726 0.08086260097476049 0
1699250209.2767131 0.37421218734100514 0.08081945850230866 0
1699250209.3270807 0.37907782275627666 0.08074909416692305 0
1699250209.3768742 0.38890305081203236 0.08053061744426653 0
1699250209.4274557 0.39826790494459147 0.08022582334481719 0
1699250209.477889 0.40300522885321366 0.08003383768172072 0
1699250209.5276303 0.407603088131484 0.07982572933674362 0
1699250209.5788674 0.41711660456798283 0.07933536103186066 0
1699250209.6287549 0.4264639200266723 0.07877683573573134 0
1699250209.6805224 0.4312413822595194 0.0784626068647765 0
1699250209.7314992 0.4357761365324288 0.07814638403788343 0
1699250209.7887137 0.4402770910111309 0.07781566643857492 0
1699250209.8313603 0.44940885006314285 0.07709353125494231 0
1699250209.881549 0.4585964540316112 0.0762991728929797 0
1699250209.9315836 0.4631312851071739 0.07588314954475564 0
1699250209.9814537 0.46766419236443507 0.07545400159391608 0
1699250210.0319977 0.4767145581139743 0.07454845063434459 0
1699250210.081988 0.48561418708039156 0.07358590684595734 0
1699250210.132177 0.4900101585932823 0.07308626890962312 0
1699250210.1822774 0.4944310705033978 0.07256432885739252 0
1699250210.2328181 0.5033856530530086 0.07145270951127189 0
1699250210.2823749 0.5122594148841063 0.07028338382873955 0
1699250210.3330803 0.5165687851086568 0.06969171073384088 0
1699250210.3831942 0.5252429624642054 0.0684551868888381 0
1699250210.4332645 0.5338508894405732 0.06717220887895838 0
1699250210.4835715 0.5382864101517403 0.06649303154863352 0
1699250210.5341434 0.5467441885306544 0.0651560011377055 0
1699250210.5849202 0.5510547429156708 0.06445523539687409 0
1699250210.635167 0.5594745423241769 0.06305636344693406 0
1699250210.6854558 0.5638167224519044 0.06232004241697317 0
1699250210.7356193 0.5721633037722369 0.06087829377209789 0
1699250210.7862291 0.5764354634374617 0.06012701452209656 0
1699250210.835841 0.5847062795793686 0.0586482840052575 0
1699250210.8860233 0.5931133082682882 0.05711309638078248 0
1699250210.9364634 0.5972441646251022 0.05634730219505153 0
1699250210.9863815 0.6014863236784781 0.05555347755240412 0
1699250211.0366595 0.6055862280929786 0.05477969373318452 0
1699250211.086676 0.6138658643359753 0.053198821985191574 0
1699250211.136776 0.6220039193813638 0.05162186816146002 0
1699250211.187519 0.6261890505140324 0.05080183605737298 0
1699250211.2377918 0.6302446563227623 0.05000051935493112 0
1699250211.288752 0.6342985826522994 0.049192677720266885 0
1699250211.3388793 0.6424823302992884 0.04754321939094816 0
1699250211.3891602 0.650553992382654 0.04588594182609825 0
1699250211.4391227 0.6545487406092408 0.045051078818269634 0
1699250211.490186 0.6626712455787688 0.04333910133196768 0
1699250211.5405343 0.6705673266441998 0.04164945164647634 0
1699250211.5903842 0.6785655164911105 0.03991696257782419 0
1699250211.6408577 0.6824872140213387 0.03906121794297214 0
1699250211.6908748 0.6865418883651463 0.03817606204610342 0
1699250211.7407787 0.6904717812115002 0.03731384005278783 0
1699250211.7907925 0.6984117436261683 0.03556139792346466 0
1699250211.842199 0.706175218025636 0.03384084150624565 0
1699250211.892694 0.7101719343968831 0.03295290510721465 0
1699250211.9438062 0.7140492816300138 0.03209055198656345 0
1699250211.9941328 0.7179283502438037 0.031226827614579282 0
1699250212.0439394 0.7258153991451894 0.0294690744666703 0
1699250212.0940251 0.7336834107226716 0.02771397998722417 0
1699250212.1442442 0.7375430756381768 0.026853054451555933 0
1699250212.1947632 0.745355119204119 0.025111226389439856 0
1699250212.2452424 0.753065493514814 0.023393484330890998 0
1699250212.2950027 0.7570387134875948 0.02250912358103876 0
1699250212.3450232 0.7647149028096795 0.0208030778378911 0
1699250212.3951988 0.7686618274157031 0.019927363734374315 0
1699250212.4456282 0.7763235479162831 0.01823082447838162 0
1699250212.495344 0.7802738860770497 0.017357952676910055 0
1699250212.5464816 0.7879117738014728 0.015673899707182436 0
1699250212.5968316 0.7918393139078004 0.014809981425479323 0
1699250212.6478438 0.7956439962199598 0.01397452439644679 0
1699250212.6967227 0.8032870015491496 0.01229648606253627 0
1699250212.746884 0.8108528907244047 0.010631816895144421 0
1699250212.7970738 0.8147508652570102 0.00977640944295338 0
1699250212.8473933 0.8185720884972225 0.008938919364342617 0
1699250212.8972232 0.8262898867451773 0.007249942715427038 0
1699250212.9473493 0.8337893119837864 0.005617108995818089 0
1699250212.9972925 0.8376179537337428 0.004793970987066651 0
1699250213.0475852 0.8413475855650625 0.003991690930071212 0
1699250213.098807 0.8451145897916595 0.0031825867447271717 0
1699250213.1476712 0.8527696164569408 0.0015539743735571757 0
1699250213.1978483 0.8603081125503311 -3.138408708656536e-05 0
1699250213.248062 0.8640282036275454 -0.0008067533070204104 0
1699250213.2991078 0.8716609859493091 -0.0023827587630697537 0
1699250213.3488119 0.8791377701928706 -0.003906624987456813 0
1699250213.399689 0.8866899072915132 -0.005425725971744587 0
1699250213.4495015 0.8904087192299136 -0.00616618680244581 0
1699250213.499074 0.89426911745977 -0.006929486613845045 0
1699250213.5496914 0.8980201517877959 -0.007665917947112546 0
1699250213.5996554 0.9056296626708379 -0.009143498909772275 0
1699250213.6507323 0.9130800781350686 -0.010568537662691899 0
1699250213.700465 0.9169141943524401 -0.011293441329718481 0
1699250213.7518983 0.9206335623443356 -0.011991039926053456 0
1699250213.8016973 0.9243551204083601 -0.012683554996927512 0
1699250213.8516045 0.9319413875650511 -0.01407827332610902 0
1699250213.9019482 0.9395240830873174 -0.015450834867479444 0
1699250213.9517593 0.9432446092381671 -0.016117944042750614 0
1699250214.0025275 0.9507266550655575 -0.017445582814009018 0
1699250214.052314 0.9581230476496557 -0.018748099145181607 0
1699250214.1024277 0.9619611169120197 -0.019417744649203348 0
1699250214.1527808 0.9694964107786561 -0.02071780042267954 0
1699250214.2025294 0.9733303189503335 -0.021371973270525837 0
1699250214.2530818 0.9806658567448056 -0.022608757734851874 0
1699250214.3028257 0.9844340243107466 -0.023236148072242273 0
1699250214.3534412 0.9918367829523917 -0.024441323685812335 0
1699250214.403687 0.9956754136763336 -0.025053083765458728 0
1699250214.4538372 0.9993675140070942 -0.025640219650259387 0
1699250214.504211 1.006822177175755 -0.026808069211139297 0
1699250214.5540285 1.0141655889243277 -0.02792860885024814 0
1699250214.6041486 1.0179696423051285 -0.028497091088748896 0
1699250214.6545587 1.0216744551547543 -0.02904312609217674 0
1699250214.7046208 1.0253835312302308 -0.02958221793764818 0
1699250214.7552805 1.0365451376952128 -0.031159116799548546 0
1699250214.8078368 1.0403336629925253 -0.03167883815922209 0
1699250214.8553667 1.0440274829841851 -0.03217817515024572 0
1699250214.9060032 1.0477308713587876 -0.03267148027208989 0
1699250214.9558268 1.0589300855300912 -0.03411878387172898 0
1699250215.0061114 1.0627298048318057 -0.03459462167472066 0
1699250215.0564473 1.0664267400449114 -0.035050276705210034 0
1699250215.1071208 1.0701268729455595 -0.03549915081622338 0
1699250215.1580236 1.0776464996175734 -0.036389280311663115 0
1699250215.2074747 1.0851438896666996 -0.03724789038566829 0
1699250215.2576847 1.0888326176712353 -0.03766009360341053 0
1699250215.3078957 1.0925204131227726 -0.03806569521516972 0
1699250215.3578587 1.0999255983770821 -0.03886757141791141 0
1699250215.4080431 1.1074013031502368 -0.039661701210611605 0
1699250215.4579566 1.111133296021333 -0.04004946662503662 0
1699250215.5082188 1.1148037584367767 -0.04042685178906663 0
1699250215.558541 1.1259536542490747 -0.041538311140690495 0
1699250215.6087978 1.129769039535921 -0.04190740249012307 0
1699250215.6595485 1.1334609955485064 -0.042258902615548086 0
1699250215.7095227 1.140954614348047 -0.04295528684262322 0
1699250215.759732 1.1483202946795645 -0.04361125430997571 0
1699250215.8097026 1.1521066457701934 -0.04392631467027213 0
1699250215.859954 1.1594542714725242 -0.04453737685026182 0
1699250215.9102826 1.1632246728104907 -0.044842468252526635 0
1699250215.960334 1.1668842669149173 -0.04513037806238189 0
1699250216.0105464 1.1743325958112847 -0.045693302555514556 0
1699250216.061023 1.1816812970098378 -0.0462172025363773 0
1699250216.111369 1.1854726036156238 -0.04647551817764184 0
1699250216.1622832 1.1891408910926202 -0.04671779943760568 0
1699250216.212099 1.1928102509678375 -0.0469527072645285 0
1699250216.2627587 1.2002653498872673 -0.047407430850836756 0
1699250216.3127568 1.2077326049683637 -0.047832848851778055 0
1699250216.3646858 1.211416103988734 -0.048031935071356606 0
1699250216.4156108 1.218897509648393 -0.04841473324224384 0
1699250216.464813 1.2262521983432826 -0.04876344868038332 0
1699250216.5140557 1.2337121923379923 -0.04909005326294489 0
1699250216.5639777 1.2373842601524865 -0.04924111186692767 0
1699250216.6140172 1.2411660708070815 -0.049390420664876346 0
1699250216.664357 1.2448200960424094 -0.04952971894553648 0
1699250216.7140822 1.25220400872792 -0.0498049695088614 0
1699250216.7643914 1.2595732340646308 -0.050060962814631856 0
1699250216.8141387 1.2633835631906627 -0.05018686173842514 0
1699250216.865667 1.2670355621903837 -0.05030295453178107 0
1699250216.9157646 1.2706855648860282 -0.05041407414346261 0
1699250216.9656758 1.2780975328683515 -0.05062621185439111 0
1699250217.0153484 1.2855503966930066 -0.05082060712796022 0
1699250217.0653794 1.2892429309438704 -0.05090998113298416 0
1699250217.1153312 1.292935044456624 -0.050994669971459905 0
1699250217.1653445 1.2967404186753355 -0.05107733648659741 0
1699250217.215683 1.3114801299492327 -0.05133236965613338 0
1699250217.266841 1.3151320096671757 -0.05137798072267518 0
1699250217.3157094 1.3189030249255351 -0.0514233484941026 0
1699250217.365872 1.326214578204973 -0.05149730641655636 0
1699250217.416244 1.3299771563453135 -0.05152574563894653 0
1699250217.4661582 1.3372889148941487 -0.0515612490910281 0
1699250217.5164456 1.3410586372587983 -0.051569712977350246 0
1699250217.5667796 1.3447158748013202 -0.05157174289843777 0
1699250217.6194232 1.352141559689068 -0.051557455562303026 0
1699250217.6692274 1.3594596436902044 -0.05151957412089897 0
1699250217.7188573 1.3632328097539592 -0.051490955865681 0
1699250217.7685072 1.3668949925688225 -0.05145746513099176 0
1699250217.81826 1.3705584247726785 -0.051418367957382714 0
1699250217.8681026 1.3779924458783714 -0.05132253002955479 0
1699250217.9182036 1.3854210568688996 -0.05120560110215799 0
1699250217.9699254 1.3927202519630588 -0.05107253820946173 0
1699250218.0197775 1.3964491609808884 -0.05099920246391222 0
1699250218.0692384 1.4037320396361497 -0.050849826159652306 0
1699250218.1195686 1.4111918821870884 -0.05068564629735982 0
1699250218.1696594 1.414880907314435 -0.050599869005934654 0
1699250218.2195807 1.4186485642510411 -0.0505091270090618 0
1699250218.2707388 1.4222783551073457 -0.05041866575275725 0
1699250218.3206546 1.4296449291168827 -0.05022782100702943 0
1699250218.3716877 1.4369542470962746 -0.050027301743955616 0
1699250218.421293 1.4407426191989057 -0.049918150606738536 0
1699250218.4715707 1.4444228806597577 -0.04980907579680106 0
1699250218.5216002 1.4481051195957806 -0.04969688027525699 0
1699250218.5720327 1.4555240026335705 -0.04946121483926292 0
1699250218.6216755 1.4629129737064204 -0.0492133013162099 0
1699250218.6718333 1.4665768992747332 -0.04908461627856534 0
1699250218.722596 1.477613511799518 -0.04865316214770296 0
1699250218.7723927 1.4812558329344356 -0.048509586208768496 0
1699250218.8229167 1.4886367366799815 -0.048201132902976035 0
1699250218.8766317 1.4922775747375792 -0.048041138601557516 0
1699250218.9274929 1.4960238841425997 -0.0478719596433465 0
1699250218.9789972 1.503301708929883 -0.04752957186949914 0
1699250219.033951 1.5106969758683524 -0.04716357277925879 0
1699250219.086741 1.5143446362631283 -0.046976538507439464 0
1699250219.1377976 1.5217480289174146 -0.04658471754359517 0
1699250219.1969893 1.5291515701345981 -0.04617768111207747 0
1699250219.2469392 1.5364398436265325 -0.04576407373098164 0
1699250219.3000693 1.5401927358904373 -0.045545933347747834 0
1699250219.3485334 1.5438333894245924 -0.04533123723730685 0
1699250219.3955262 1.5474768223409439 -0.04510634322834992 0
1699250219.4466658 1.554848902670191 -0.04465857057953404 0
1699250219.4988222 1.5622264535886892 -0.044203697674045056 0
1699250219.546523 1.565857983917714 -0.04397800630615114 0
1699250219.6043415 1.5694951295763833 -0.043750664665369574 0
1699250219.6552272 1.5805330716328052 -0.04305431756551753 0
1699250219.7148392 1.5842900565886515 -0.04281560856603415 0
1699250219.761574 1.5915715414760212 -0.042350094915963206 0
1699250219.8192186 1.5953213939349682 -0.042108984345032484 0
1699250219.8728418 1.5989611992482966 -0.041874095139427275 0
1699250219.9195826 1.6063614357006923 -0.0413939569644435 0
1699250219.9863372 1.6136577180395004 -0.040917202826717465 0
1699250220.0425346 1.6210615021518562 -0.040429356985680946 0
1699250220.0922914 1.6246962114675434 -0.04018796878956797 0
1699250220.149413 1.6320332014795138 -0.03968805284979643 0
1699250220.2030034 1.6393427252871076 -0.03918293980407507 0
1699250220.257259 1.6429613178577755 -0.03893132043479278 0
1699250220.3084378 1.6466235929830972 -0.03867265019074521 0
1699250220.3625731 1.6576747287940756 -0.03787976494859303 0
1699250220.4209213 1.661419570482037 -0.03760634697214967 0
1699250220.4755268 1.668633021461912 -0.03707324119890041 0
1699250220.528907 1.6723710979956452 -0.03679398184375678 0
1699250220.5776684 1.6796322838635263 -0.036246673566044135 0
1699250220.6318755 1.687034108776015 -0.03568372196094778 0
1699250220.6859596 1.6906701722346928 -0.03540540857308395 0
1699250220.7345557 1.6944135034180567 -0.0351176985005117 0
1699250220.7905633 1.701673380478626 -0.034552232555857404 0
1699250220.8465164 1.7090198618299994 -0.03398442847112021 0
1699250220.9027243 1.7126417025895884 -0.033705151350592565 0
1699250220.9526927 1.7200009274306423 -0.0331396664380106 0
1699250221.0024428 1.7273789731181282 -0.0325758175927541 0
1699250221.0577817 1.7346515544622343 -0.03202354436610043 0
1699250221.1077049 1.738398902206757 -0.031740509403366826 0
1699250221.1638584 1.742032215174833 -0.03146717747933871 0
1699250221.219867 1.745666355693689 -0.03119482483549472 0
1699250221.2713425 1.7530483128350645 -0.03064488484432079 0
1699250221.3272183 1.764077912336625 -0.029831564257129812 0
1699250221.3925195 1.7677190712633162 -0.029565203288640034 0
1699250221.4504108 1.7714684077339269 -0.029291753382625206 0
1699250221.500492 1.7787357830709885 -0.028763091596316452 0
1699250221.549735 1.7860759395745398 -0.02823117966155516 0
1699250221.6127434 1.7933581519737787 -0.027696076009651828 0
1699250221.6641695 1.7969754094561534 -0.02742904378776669 0
1699250221.7126262 1.8043811229721898 -0.0268834747009387 0
1699250221.7670295 1.8116271526821912 -0.026347178832753077 0
1699250221.8176517 1.815370745647266 -0.026069124036815633 0
1699250221.8715818 1.8189811387293653 -0.025800543566904786 0
1699250221.9228153 1.8299591643928192 -0.024982043334936557 0
1699250221.9841418 1.833583591074392 -0.024711624429828705 0
1699250222.0405865 1.8409738114297154 -0.02416097735956383 0
1699250222.0960536 1.844608818784047 -0.023890680361147793 0
1699250222.1487966 1.8483518112242048 -0.023612811971733018 0
1699250222.1936069 1.8556141967652264 -0.02307301554834338 0
1699250222.2450001 1.862958511787759 -0.022531053732409833 0
1699250222.301104 1.8703023503015548 -0.021999469469958184 0
1699250222.362471 1.8739213935568682 -0.02174073111752509 0
1699250222.4137385 1.8813009263638847 -0.021218981894785202 0
1699250222.4617863 1.8849379745541865 -0.02096507857921689 0
1699250222.5100162 1.8923242368984936 -0.020456350326024803 0
1699250222.560257 1.8959535906691178 -0.020209932638712656 0
1699250222.6075501 1.8995827967976597 -0.019965838596250497 0
1699250222.6563103 1.9069525447508355 -0.019477255917526404 0
1699250222.7099166 1.9143444927707436 -0.018996674825235295 0
1699250222.764722 1.9179865654502422 -0.018763364812563684 0
1699250222.8181665 1.9216276990101548 -0.01853232988988352 0
1699250222.8654072 1.9326346931952008 -0.017844302662093997 0
1699250222.9187028 1.9363650261087908 -0.017614210885369457 0
1699250222.9760957 1.9435393804659418 -0.017169934259585254 0
1699250223.025049 1.9472623020204645 -0.016943301279570024 0
1699250223.0775096 1.9508898922972926 -0.016718437632809002 0
1699250223.1285942 1.9583317079801483 -0.016263061429879856 0
1699250223.1806574 1.965543332668042 -0.015823527945149705 0
1699250223.2413478 1.9692801829406044 -0.015596428395346067 0
1699250223.2904446 1.9728779300886463 -0.015378269534443892 0
1699250223.3416445 1.9838598172361024 -0.014715881494917895 0
1699250223.393203 1.9874921289178655 -0.014498154683706016 0
1699250223.4448435 1.9912602779339816 -0.014273152586784481 0
1699250223.4937055 1.9948954003413095 -0.014056867090989881 0
1699250223.5471022 2.005880994865031 -0.013411051811111048 0
1699250223.610476 2.0132222672544198 -0.01298322852136335 0
1699250223.6607234 2.0168378238422036 -0.01277568779784852 0
1699250223.7125127 2.0242125892170684 -0.012364403511549858 0
1699250223.764284 2.0278406794871056 -0.012165978110946102 0
1699250223.8151066 2.035221062661248 -0.011769913140553314 0
1699250223.8695111 2.038852630075134 -0.011579034475115805 0
1699250223.9172428 2.042485093786574 -0.01139093015639098 0
1699250223.9681563 2.04986550663538 -0.011017378834246045 0
1699250224.0154204 2.057249677220716 -0.010655632470779101 0
1699250224.0648975 2.060888780545088 -0.010481664677288723 0
1699250224.1253765 2.068275624510537 -0.010137135900149846 0
1699250224.1848998 2.0755514297132973 -0.009808722902507082 0
1699250224.2599847 2.0829322901733276 -0.00948524523902519 0
1699250224.3091965 2.086562430911922 -0.00932860974758866 0
1699250224.3669307 2.093908780903299 -0.009018835232276612 0
1699250224.4201598 2.1012015310168124 -0.008708835946084504 0
1699250224.4746358 2.108466335782524 -0.008403303052791654 0
1699250224.5327306 2.1122234487629643 -0.008247890870540817 0
1699250224.5842578 2.1158328361702807 -0.008099080878558164 0
1699250224.6393046 2.123163674249259 -0.0077992821774277785 0
1699250224.6952317 2.1303901949585606 -0.00750659144786088 0
1699250224.7461383 2.1341453709137106 -0.007355619574475645 0
1699250224.8011785 2.1377917177941437 -0.007209853123488274 0
1699250224.852657 2.1414399620348172 -0.007064845368819705 0
1699250224.9005246 2.1524478972002528 -0.00663326742716398 0
1699250224.9497411 2.156181466389136 -0.006489345779590807 0
1699250224.9972875 2.1634617762666224 -0.0062124955460405 0
1699250225.0521233 2.1708575440831903 -0.005934662600114139 0
1699250225.103261 2.174491228704988 -0.005800418140916183 0
1699250225.150099 2.178215806215728 -0.005668367637392429 0
1699250225.2043748 2.185445154090433 -0.0054191795162131335 0
1699250225.2588625 2.1928255895782187 -0.005175533777142701 0
1699250225.3075948 2.1964672892460047 -0.005059481980845713 0
1699250225.3569307 2.203852807788439 -0.004832834870610339 0
1699250225.40676 2.2074832290237683 -0.004725765015085805 0
1699250225.4577603 2.2112235323969567 -0.004618488445578854 0
1699250225.5073938 2.2185072607781273 -0.004417934257193103 0
1699250225.553581 2.225904437672078 -0.004225412784808479 0
1699250225.6164153 2.229548323189601 -0.004134549341423512 0
1699250225.6651459 2.2332922961363724 -0.00404380515719415 0
1699250225.7138836 2.240549063483535 -0.003872586685508418 0
1699250225.7690394 2.247881344821161 -0.0037075197666772814 0
1699250225.8208947 2.251445179211049 -0.003622754111033742 0
1699250225.8709927 2.2551745743173233 -0.0035403542742360222 0
1699250225.924447 2.2662260855280585 -0.003293628960454629 0
1699250225.977427 2.269898174302251 -0.003213408884858479 0
1699250226.0342686 2.2772308834734063 -0.003054807272157856 0
1699250226.081839 2.2844234800786687 -0.0029014088571223855 0
1699250226.132835 2.288129561062119 -0.0028232301363255567 0
1699250226.1886823 2.2954307206301787 -0.002670842433247265 0
1699250226.2376351 2.2992046762296767 -0.0025930792958646334 0
1699250226.287959 2.302868797564385 -0.002518326702442692 0
1699250226.3428388 2.3102127737866947 -0.0023711429480568393 0
1699250226.4080124 2.3174380123108023 -0.0022304061750226664 0
1699250226.4621382 2.321157508300673 -0.002159805257263843 0
1699250226.512908 2.3247920420466333 -0.002092573317284279 0
1699250226.5651422 2.3321801393039325 -0.0019560974670348045 0
1699250226.6155894 2.339464808726102 -0.0018364624656151327 0
1699250226.6647065 2.343193347243496 -0.0017787786221984932 0
1699250226.7162554 2.3504527352370848 -0.0016735773557330072 0
1699250226.777514 2.357813139537573 -0.0015769108125664611 0
1699250226.829376 2.365206473316348 -0.0014903416700692814 0
1699250226.8795207 2.368845256172306 -0.0014515076893263765 0
1699250226.9272156 2.372489014381921 -0.0014150076432997373 0
1699250226.978613 2.376236511133277 -0.001379948228995274 0
1699250227.0276048 2.383509637004609 -0.001318621846660484 0
1699250227.0772774 2.3908789600701197 -0.0012641822732136336 0
1699250227.1303463 2.3945089167713616 -0.0012391658921434938 0
1699250227.1813226 2.398244337422441 -0.0012151376531800665 0
1699250227.2311165 2.4091584290084826 -0.0011449794380217306 0
1699250227.2813048 2.4127764911908756 -0.0011213252536691487 0
1699250227.3297522 2.420122397129026 -0.0010759925689775417 0
1699250227.381761 2.4237394438277287 -0.0010536359796976579 0
1699250227.43158 2.4273696939250144 -0.0010311941007465032 0
1699250227.4822624 2.4347459124034425 -0.0009855494689805615 0
1699250227.5365942 2.442119257531042 -0.0009402822964537504 0
1699250227.592569 2.445748023429102 -0.0009181660556021261 0
1699250227.6320002 2.449376628310495 -0.0008961837263246915 0
1699250227.681961 2.4567575412478457 -0.0008519463026652347 0
1699250227.732464 2.464143432042959 -0.0008092346635746737 0
1699250227.7826796 2.467782746488153 -0.0007889692818057449 0
1699250227.8327377 2.467782746488153 -0.0007889692818057449 0
1699250227.8826907 2.4787879682079463 -0.0007314768552470276 0
1699250227.9326952 2.48241899590272 -0.0007138968059953464 0
1699250227.983399 2.4897860051757066 -0.0006762437761454413 0
1699250228.0337832 2.4934129909885074 -0.0006633048880477542 0
1699250228.0835435 2.497148564800645 -0.0006520602335188624 0
1699250228.134145 2.504418355633518 -0.0006358021394426024 0
1699250228.1840973 2.511800837667151 -0.0006269369951385373 0
1699250228.2340949 2.5154396354061292 -0.0006256581061787277 0
1699250228.2837741 2.5191819729400016 -0.0006265905174102693 0
1699250228.3345218 2.5228141061355025 -0.0006294394463821377 0
1699250228.384526 2.530190821426886 -0.0006411090516073401 0
1699250228.4348674 2.537463508642326 -0.000659950688542397 0
1699250228.485849 2.541212212694421 -0.0006723010424784133 0
1699250228.5370224 2.544847849343495 -0.0006852410940490776 0
1699250228.5863054 2.5558350179856153 -0.0007300567189796844 0
1699250228.6370153 2.559443233565125 -0.0007380575784435449 0
1699250228.6863976 2.563162852199862 -0.0007549541357847307 0
1699250228.7363157 2.570411661554643 -0.0007868812262153525 0
1699250228.7866762 2.5777660423368807 -0.0008186673280914133 0
1699250228.836545 2.5813872147497086 -0.0008341477652107201 0
1699250228.8868575 2.5887488383404484 -0.0008652459010442663 0
1699250228.9366076 2.592379471388585 -0.0008804316580464232 0
1699250228.9871924 2.5961195230816525 -0.0008959903457679309 0
1699250229.0367029 2.603377690222578 -0.0009259925609005223 0
1699250229.086902 2.610750313278082 -0.0009563438499239391 0
1699250229.1368492 2.614384157544449 -0.000971326526444709 0
1699250229.1874292 2.6181292634273654 -0.0009868425779866043 0
1699250229.2377806 2.6217631911837027 -0.0010020290337426588 0
1699250229.2883193 2.6291400024691436 -0.001033652869477267 0
1699250229.338383 2.6364023957415736 -0.0010688864259818661 0
1699250229.389662 2.640142548141943 -0.0010879472325380642 0
1699250229.4385355 2.6437642153092655 -0.001103947819787381 0
1699250229.4911265 2.6547562812460863 -0.0011702885075625521 0
1699250229.5394342 2.658396642732124 -0.0011947562906106494 0
1699250229.5891488 2.6621384675029978 -0.001221060357998472 0
1699250229.6410525 2.6693903353217925 -0.0012761120448541157 0
1699250229.6897814 2.6767720786482077 -0.0013380124323823812 0
1699250229.739895 2.680412995208948 -0.0013705759167560502 0
1699250229.7898045 2.6841643601425016 -0.001405480422592617 0
1699250229.8399882 2.6914296088662235 -0.0014765275286462672 0
1699250229.8916147 2.698806074561201 -0.0015516019407409822 0
1699250229.9404383 2.7024402796156686 -0.0015911130871555617 0
1699250229.9902663 2.7061823655971957 -0.0016322285207080321 0
1699250230.0405414 2.7134511082010615 -0.0017098946913798624 0
1699250230.0908148 2.7171793539251463 -0.0017512754262122788 0
1699250230.140896 2.7243969771618946 -0.0018322667653761712 0
1699250230.1907685 2.731743492360576 -0.0019119593638320938 0
1699250230.2408674 2.7353810359122526 -0.001949896956204161 0
1699250230.291383 2.7391245417836276 -0.001988244086156616 0
1699250230.3414881 2.742740225970973 -0.0020245695634183813 0
1699250230.3916726 2.7500820328488147 -0.002096169704095067 0
1699250230.441798 2.7573224882754355 -0.00216438353546312 0
1699250230.4919922 2.7610705790085075 -0.002198856675307601 0
1699250230.541877 2.764709468391787 -0.002231773281879427 0
1699250230.5922132 2.775726150162397 -0.0023286934211578098 0
1699250230.6429772 2.779353711732919 -0.0023599932015807654 0
1699250230.6934462 2.783091437051967 -0.0023920462745700708 0
1699250230.7430506 2.790357331035425 -0.0024543334775658614 0
1699250230.7930384 2.7976967817235896 -0.0025201123268593782 0
1699250230.8428802 2.801301401833996 -0.0025555020923195273 0
1699250230.8929825 2.8086849588888674 -0.0026290691674379823 0
1699250230.943063 2.8123340682325035 -0.002667662203220771 0
1699250230.9933176 2.819692956812883 -0.002748896559892622 0
1699250231.0437238 2.8233092715952 -0.0027905446226830825 0
1699250231.0946362 2.83067712440895 -0.0028788848265372683 0
1699250231.144028 2.8343228388331285 -0.0029242828541385904 0
1699250231.1942394 2.8417085759557574 -0.0030193876942383137 0
1699250231.2452111 2.8453360831401127 -0.003067353109903533 0
1699250231.29465 2.8490720251848947 -0.003117628962087009 0
1699250231.3466954 2.856348945910998 -0.003217043183761853 0
1699250231.3968577 2.8600958958040823 -0.0032684738233003095 0
1699250231.4471517 2.8673554816702915 -0.003364898210562364 0
1699250231.498014 2.874694857202159 -0.003464351110110762 0
1699250231.546898 2.8783030625755734 -0.003512348411349335 0
1699250231.5969892 2.8820171552766793 -0.003560783466470599 0
1699250231.6472354 2.8856417836019665 -0.0036067875992786365 0
1699250231.6978517 2.8930134535668546 -0.00369592250623947 0
1699250231.7476487 2.9002888612156834 -0.00377901958497953 0
1699250231.7982664 2.9040183056049944 -0.003819705155435793 0
1699250231.8482354 2.9076361877973103 -0.0038581177958851858 0
1699250231.8982518 2.9186384668725327 -0.003968391253561998 0
1699250231.9481652 2.9222781444576635 -0.0040028296891597495 0
1699250231.9983447 2.926028476813239 -0.004037325691471087 0
1699250232.048589 2.9332840972925376 -0.004101781326015223 0
1699250232.099059 2.9370205727139336 -0.004133935836004889 0
1699250232.1610858 2.9480250787775395 -0.004226243204470378 0
1699250232.2207153 2.95523499073774 -0.004290226699270109 0
1699250232.2696905 2.95523499073774 -0.004290226699270109 0
1699250232.310778 2.9589699940366576 -0.0043245257253625435 0
1699250232.353004 2.9626024917906673 -0.004358730102950692 0
1699250232.403531 2.9772531614382887 -0.004504638837600375 0
1699250232.4651382 2.9772531614382887 -0.004504638837600375 0
1699250232.5033216 2.9809940836233317 -0.004543829956813498 0
1699250232.5535731 2.984625370718105 -0.004582624515023857 0
1699250232.6035035 2.992009030975593 -0.004663438621248173 0
1699250232.6534538 2.999285368391822 -0.004745353805213806 0
1699250232.703625 3.0030299487277174 -0.004788320254408059 0
1699250232.754392 3.006664007301612 -0.004830363514243323 0
1699250232.8049943 3.014036638084007 -0.004915643695094369 0
1699250232.854767 3.0212996838155273 -0.004999316156059975 0
1699250232.9046457 3.0250523568342818 -0.0050365747056328935 0
1699250232.954867 3.0286688504954986 -0.0050761605938767435 0
1699250233.0045745 3.039625679816561 -0.005190713083733106 0
1699250233.0545883 3.043261125624843 -0.0052253244352977865 0
1699250233.1048858 3.0506158141271515 -0.005290588728010615 0
1699250233.1555805 3.0542324364250697 -0.00532052488064065 0
1699250233.2062578 3.061599269122687 -0.005377250449277455 0
1699250233.2558124 3.065236840745401 -0.005403221792983842 0
1699250233.3058245 3.068985629458359 -0.0054285865901690855 0
1699250233.3559434 3.076240047419187 -0.005473775305978829 0
1699250233.405904 3.083612746943984 -0.005514867155243874 0
1699250233.4561915 3.0872506332492433 -0.005533575857344145 0
1699250233.5070343 3.090998189981151 -0.005551988898482495 0
1699250233.5564935 3.0946284769461325 -0.005569038801724947 0
1699250233.6066418 3.1056032675569636 -0.0056209287795433065 0
1699250233.6567216 3.1092075724258956 -0.00563572443959217 0
1699250233.7067451 3.1129366378157637 -0.005654339156263271 0
1699250233.7568476 3.1202199412449154 -0.00569312658031014 0
1699250233.8067145 3.1275785322805683 -0.005734382527164305 0
1699250233.856948 3.131200032991028 -0.005755611653662327 0
1699250233.9079528 3.1349320340700317 -0.005778138833618634 0
1699250233.958215 3.142212537511473 -0.005823945337791572 0
1699250234.008349 3.1459649984388403 -0.005848487265212268 0
1699250234.0584807 3.153226560846759 -0.005897603388389456 0
1699250234.1087027 3.160597582741785 -0.00594914203334423 0
1699250234.158849 3.1642276326862935 -0.005974830442817352 0
1699250234.2089894 3.1679741982634675 -0.0060011191530480075 0
1699250234.2593677 3.1716091583433936 -0.006026301591730294 0
1699250234.3093717 3.1789910908905394 -0.006072599378106956 0
1699250234.3593454 3.1862273069433957 -0.006118018224516871 0
1699250234.4099603 3.189940743736388 -0.006139700674558616 0
1699250234.459561 3.19356549115144 -0.0061599376887017014 0
1699250234.5096512 3.2045625920370133 -0.006209733704619828 0
1699250234.5598292 3.21191703464752 -0.006235044645021263 0
1699250234.6106493 3.21191703464752 -0.006235044645021263 0
1699250234.6602232 3.2191741946989274 -0.006254095222778032 0
1699250234.7107985 3.2265521453536956 -0.006267800240513078 0
1699250234.7866974 3.233933947692151 -0.006276062394632931 0
1699250234.8331888 3.2375659498847793 -0.006278227005648241 0
1699250234.870457 3.244936761718805 -0.006279442311896919 0
1699250234.944402 3.2485665377139177 -0.006278754102629128 0
1699250234.9971693 3.255933924787399 -0.006274991304574868 0
1699250235.0424495 3.263174897176981 -0.006271398101491969 0
1699250235.0916715 3.266897289659421 -0.006272181666842529 0
1699250235.131788 3.2705274088390413 -0.006271027135045043 0
1699250235.1849694 3.2741677998482994 -0.006270654691485998 0
1699250235.232329 3.2815525854629652 -0.006270215238080028 0
1699250235.2760282 3.2889305712093226 -0.006270768353653396 0
1699250235.320264 3.292556990824275 -0.006271657537282916 0
1699250235.3698132 3.2961909431072587 -0.006272828525835575 0
1699250235.4188015 3.299934153202242 -0.006274397125291989 0
1699250235.470591 3.3072110922101383 -0.006278278235076643 0
1699250235.5205941 3.314596902705815 -0.00628328403895676 0
1699250235.5719285 3.318235931107862 -0.0062854762271884876 0
1699250235.6268091 3.3219765798497893 -0.00628738158818273 0
1699250235.6768596 3.325604492390942 -0.006288914394788483 0
1699250235.7272627 3.3402298318622807 -0.006291970074155373 0
1699250235.7885756 3.3402298318622807 -0.006291970074155373 0
1699250235.8278468 3.3439541778824657 -0.006292165667710695 0
1699250235.878245 3.3511999066638243 -0.006288100132557425 0
1699250235.9281218 3.3585719088296964 -0.006277494061812221 0
1699250235.9811559 3.3659353689507743 -0.006261023198236184 0
1699250236.0342865 3.369559128520784 -0.006250874848327183 0
1699250236.0800278 3.3731855104226556 -0.006239426410618989 0
1699250236.1305704 3.38056506376583 -0.006212263907683864 0
1699250236.1806173 3.3879477034325833 -0.006180242056954911 0
1699250236.2351513 3.391584821237831 -0.006162810364008188 0
1699250236.2836018 3.395216306027103 -0.00614440722526844 0
1699250236.3358476 3.3989577383863505 -0.006124617858475016 0
1699250236.3868933 3.4062207516722802 -0.006084555918466487 0
1699250236.433752 3.4136009629109068 -0.00604429857557115 0
1699250236.4851367 3.4172356065490406 -0.006019937731722979 0
1699250236.5400414 3.420966350378812 -0.00599634696345539 0
1699250236.5878513 3.4245912589475753 -0.005975774403526953 0
1699250236.6365182 3.4355749502536814 -0.005913031208450151 0
1699250236.6905735 3.4429604342711366 -0.005873298652321272 0
1699250236.7400916 3.4465967780051265 -0.0058545272232822885 0
1699250236.8047311 3.450234823441316 -0.005836429221764685 0
1699250236.864216 3.461257467565336 -0.005784949217385047 0
1699250236.9329107 3.4686394612407474 -0.005753093061565485 0
1699250236.9957175 3.472275012158182 -0.005738000704846542 0
1699250237.0608509 3.4832876779748734 -0.0056923271156343195 0
1699250237.1186097 3.4870259079975336 -0.005676154270973319 0
1699250237.1768909 3.494260538228493 -0.005635700395162215 0
1699250237.235933 3.497983478501992 -0.005617626171654454 0
1699250237.292346 3.5052202345353027 -0.005578744710834003 0
1699250237.3327918 3.5125901428851884 -0.005533597756177712 0
1699250237.380948 3.5162195010514807 -0.005509515518344442 0
1699250237.4212058 3.5199605070733453 -0.005483469236250137 0
1699250237.467876 3.5235863857481156 -0.005457049659792867 0
1699250237.5171068 3.530951281176508 -0.005400230817101258 0
1699250237.5518231 3.534579612717621 -0.005370691434613887 0
1699250237.5937545 3.5382135398682086 -0.005340372439468333 0
1699250237.6324055 3.541957762713684 -0.00530842978102177 0
1699250237.665568 3.5455926601041092 -0.0052765200837754924 0
1699250237.710486 3.5492245128659876 -0.005244053880473035 0
1699250237.749189 3.5566019216252465 -0.005175935284136945 0
1699250237.8004305 3.5639798239533174 -0.005104458513563465 0
1699250237.850211 3.5676140023898135 -0.005068100476130897 0
1699250237.8999343 3.571250641329143 -0.005026864569566802 0
1699250237.9501147 3.574992398418756 -0.0049854371514939004 0
1699250238.0004442 3.582232290257423 -0.004913076312385779 0
1699250238.051283 3.5895814993908135 -0.00484183814277355 0
1699250238.1013756 3.5932172242764637 -0.004807577065479902 0
1699250238.151481 3.596965470345416 -0.004773047295715069 0
1699250238.2035112 3.600605478690064 -0.004740306868485035 0
1699250238.257543 3.6116218970770375 -0.004646742747098106 0
1699250238.303849 3.6190048123388547 -0.004588265801847826 0
1699250238.367837 3.622645580322944 -0.004560604725031116 0
1699250238.4087973 3.622645580322944 -0.004560604725031116 0
1699250238.458574 3.6336626291388727 -0.0044801568622370785 0
1699250238.5086873 3.637292466027506 -0.004454133545683854 0
1699250238.5590332 3.6446569918068965 -0.004403090000177064 0
1699250238.6088846 3.6446569918068965 -0.004403090000177064 0
1699250238.659494 3.6556070345071947 -0.004310445170997442 0
1699250238.709424 3.6592336033897377 -0.004280003945057642 0
1699250238.7611754 3.6666048265431677 -0.004215338451749004 0
1699250238.811909 3.670226556032855 -0.0041818784901292705 0
1699250238.8642943 3.6739498947600095 -0.004146341007174033 0
1699250238.9135017 3.6812081828366217 -0.004073694822221129 0
1699250238.963809 3.688583053306718 -0.003995107587506161 0
1699250239.0145683 3.6922240520445007 -0.003954594848290317 0
1699250239.0637486 3.6959657156163273 -0.003911663560448838 0
1699250239.1138039 3.699596543704626 -0.003869026018082703 0
1699250239.163584 3.7069671678026768 -0.0037800603794528693 0
1699250239.2141478 3.714239588877175 -0.003690140418920569 0
1699250239.2643557 3.7179854970195056 -0.0036429497439910683 0
1699250239.314381 3.7216206326660197 -0.0035968646309622516 0
1699250239.3664253 3.7326199047995137 -0.00344996587376015 0
1699250239.415688 3.7362426570372005 -0.0034051740242187906 0
1699250239.4657178 3.7399776788123122 -0.003359797162909405 0
1699250239.515486 3.747255762316428 -0.003274424727699897 0
1699250239.5652738 3.754628530034138 -0.003192120969647239 0
1699250239.6154015 3.7582562840441165 -0.0031533830906634508 0
1699250239.6666043 3.7619939829468256 -0.0031147531284429226 0
1699250239.716834 3.7692754109039908 -0.0030429045284412733 0
1699250239.766636 3.7730281556841643 -0.003007620703759822 0
1699250239.8169346 3.7803066087399526 -0.0029424676730815348 0
1699250239.8669655 3.7876802194132346 -0.0028799052842169034 0
1699250239.9174335 3.791309238105141 -0.002849669829685202 0
1699250239.9680507 3.7950514095757124 -0.0028189747175822546 0
1699250240.0187964 3.7986771699642157 -0.0027898567807795563 0
1699250240.0696619 3.8059921409396025 -0.0027219817107565856 0
1699250240.1195822 3.8132241574850654 -0.0026595807899927205 0
1699250240.1695302 3.8169632557191853 -0.0026241105210533153 0
1699250240.2195666 3.820588949803856 -0.002589065397628734 0
1699250240.2696078 3.824215433590146 -0.002552699878042245 0
1699250240.3196137 3.835195298017544 -0.002435305630138565 0
1699250240.3698297 3.8425636202245252 -0.002351540327811741 0
1699250240.4207878 3.846196533103336 -0.002308954548736415 0
1699250240.4710112 3.8499391606223927 -0.0022642687593527554 0
1699250240.5224545 3.8572033020104293 -0.0021757423382566757 0
1699250240.573461 3.864581953281249 -0.002084025303881971 0
1699250240.621927 3.8682171413465336 -0.002038399342669241 0
1699250240.6717758 3.8719614933347737 -0.0019910824587723373 0
1699250240.7239408 3.879226018154959 -0.0018996717060031044 0
1699250240.7718146 3.8865987578446837 -0.0018000937134383108 0
1699250240.8218133 3.8902177789893635 -0.001757016832140535 0
1699250240.8723211 3.893951006911502 -0.0017121599069004814 0
1699250240.922159 3.897586976997389 -0.001670248557622691 0
1699250240.9728665 3.904970374681415 -0.001589060403220058 0
1699250241.0232742 3.912247288452514 -0.0015142510975227079 0
1699250241.0732944 3.915991074513148 -0.001478052308593582 0
1699250241.1235316 3.919622276054658 -0.0014443230858941713 0
1699250241.1735775 3.9232547773276503 -0.0014119315744414447 0
1699250241.2238548 3.9342831165609664 -0.0013215430969983042 0
1699250241.274205 3.938033509934662 -0.001293394849824467 0
1699250241.323926 3.9452991745010335 -0.0012412226985637328 0
1699250241.3740048 3.9526685083986206 -0.001190497850790903 0
1699250241.4245656 3.9562870851208163 -0.0011681564112861018 0
1699250241.4750712 3.9636009951863325 -0.0011113761053647168 0
1699250241.5249643 3.9672184929223393 -0.001083868190901944 0
1699250241.57538 3.9709685426390986 -0.0010549206760547551 0
1699250241.6255383 3.978222159756129 -0.0009967401926337172 0
1699250241.6754754 3.9855762307762257 -0.00093335558944037 0
1699250241.725315 3.9891909496431843 -0.0009007668317901688 0
1699250241.7754033 3.9929268935953686 -0.0008661991162444216 0
1699250241.826247 4.00020772096039 -0.0007966433489532411 0
1699250241.8766432 4.007596941552544 -0.0007234151677657949 0
1699250241.925957 4.011233599705488 -0.0006866999674871573 0
1699250241.976018 4.014971756754154 -0.0006484827909072106 0
1699250242.026203 4.022239541727299 -0.0005737037352312366 0
1699250242.076082 4.029621293154531 -0.0004972548013074585 0
1699250242.126363 4.033259829181655 -0.0004597717613123424 0
1699250242.1762576 4.037008303313389 -0.00041967982754984826 0
1699250242.227198 4.04064470293463 -0.0003774500083261168 0
1699250242.278006 4.047990195412067 -0.0003056022715489217 0
1699250242.3269732 4.055226742653563 -0.00024037530003280015 0
1699250242.3777516 4.058973516628313 -0.0002085976866509184 0
1699250242.4283688 4.062614819463979 -0.0001790665869578632 0
1699250242.4787035 4.066258226624245 -0.0001509824449633204 0
1699250242.5286288 4.077272098668114 -7.553097739133685e-05 0
1699250242.5794468 4.081011601281444 -5.302225489045176e-05 0
1699250242.6291933 4.0882956252735 -1.3377742097210767e-05 0
1699250242.6790137 4.0956823536140385 2.139822116332928e-05 0
1699250242.7292645 4.099313569193883 3.731217294001717e-05 0
1699250242.7796495 4.103051345379046 5.30785035038475e-05 0
1699250242.8297606 4.110307273632584 8.000107324645367e-05 0
1699250242.8813488 4.114022951734336 0.00010286960781255775 0
1699250242.9311094 4.121244351695124 0.00013232304736936673 0
1699250242.980916 4.128618171403759 0.00016648924843405382 0
1699250243.0323832 4.132258752993241 0.0001842779111408211 0
1699250243.0821815 4.136000944606202 0.00020319721504675995 0
1699250243.1323113 4.143232060942755 0.0002417405709144603 0
1699250243.1827593 4.150581210117231 0.0002835177925768797 0
1699250243.23261 4.154207171444304 0.0003051460396004769 0
1699250243.2828107 4.157955956518659 0.00032814784155824067 0
1699250243.3334177 4.165228216649725 0.0003745432068317291 0
1699250243.3842154 4.172606492210074 0.0004237014304335064 0
1699250243.4341996 4.1762369111879165 0.00044813939234643525 0
1699250243.4844048 4.179978968228445 0.0004734950991880572 0
1699250243.5347965 4.1872533185127585 0.0005228728584259136 0
1699250243.585286 4.194640922699614 0.000577047466844224 0
1699250243.6353657 4.198270687451161 0.0006027399487929465 0
1699250243.685705 4.201998553990604 0.0006248523063439587 0
1699250243.7357135 4.205617856726419 0.000646375147994869 0
1699250243.7868354 4.212983265660678 0.0006846867591417113 0
1699250243.8361716 4.2202566999686635 0.000717283118485785 0
1699250243.8861902 4.2239955201934425 0.0007317569867849116 0
1699250243.936112 4.23125959836915 0.0007552260249363944 0
1699250243.9872856 4.238648821850806 0.0007732230179983108 0
1699250244.0372796 4.242288929535856 0.0007799960655605859 0
1699250244.0903714 4.246038700674778 0.000785576934173175 0
1699250244.1399448 4.253307291461037 0.0007930410912939183 0
