1699263243.3123324 0.0499875951718413 -0.005952316837222092 0
1699263244.669736 -0.004495077380317588 0.014141332154957303 0
1699263245.1910758 -0.013589534511330206 0.02378833139987863 0
1699263245.2737064 -0.009882126173602138 0.017202584442102743 0
1699263245.3654673 0.0008714327784249383 -0.0029349598088289526 0
1699263245.45381 0.016833159944296697 -0.037995355104551425 0
1699263245.5980802 0.025678322651339226 -0.05701250183183481 0
1699263245.769786 0.033394599636604426 -0.07122122469039772 0
1699263245.94499 0.04652235204456069 -0.09105258160888455 0
1699263246.094538 0.0631470092860262 -0.11388396070626805 0
1699263246.2481377 0.09545217332103066 -0.15328393078213534 0
1699263246.4098885 0.10277460267747501 -0.1620511804065994 0
1699263246.5505452 0.11916893082423255 -0.17801713813628098 0
1699263246.7496774 0.13803203582153167 -0.1937429210724675 0
1699263246.887583 0.16895189517408316 -0.21715337687271566 0
1699263247.0359466 0.18762828680835283 -0.22928941385112653 0
1699263247.2289116 0.197410574623939 -0.2343546598770717 0
1699263247.3662252 0.23424737607367285 -0.2492106556196657 0
1699263247.534833 0.27223148555354443 -0.26194261089446885 0
1699263247.7063272 0.30344079320025463 -0.2699622628154472 0
1699263247.8658438 0.3132628111306077 -0.2714219386814092 0
1699263248.057445 0.32937980955604196 -0.27261320838583997 0
1699263248.2048721 0.3757947744032265 -0.27325833408927924 0
1699263248.3232408 0.405833742368772 -0.2720270336633159 0
1699263248.5041134 0.42879622031597675 -0.26993163739298803 0
1699263248.6837952 0.43447932467560535 -0.2693845336083125 0
1699263248.7678797 0.4577256263316586 -0.26524001761519406 0
1699263248.927709 0.4931408190804242 -0.25446026123433513 0
1699263249.089255 0.5316281418984149 -0.24075229406037 0
1699263249.2336323 0.5415672766933322 -0.23676884570878634 0
1699263249.389742 0.5511256559267356 -0.23258069662160688 0
1699263249.4983504 0.5700217179085786 -0.22362571085850466 0
1699263249.5949721 0.6107440061516062 -0.20242219938619635 0
1699263249.7564206 0.6238970683889752 -0.19527482692706977 0
1699263249.8651097 0.6415546471533426 -0.18499767228512978 0
1699263250.0062585 0.6535122007294316 -0.1778379610034541 0
1699263250.1574128 0.6838707488391077 -0.15921112149180827 0
1699263250.3234646 0.7113986199954851 -0.14195187076842583 0
1699263250.4479072 0.7370651211933302 -0.12576152274885724 0
1699263250.6409771 0.7581102196950068 -0.11365884076651558 0
1699263250.8297505 0.7953446798477842 -0.09284135456615544 0
1699263251.025828 0.8154268537312149 -0.08158088906767098 0
1699263251.165976 0.8342344810867537 -0.07099727382725535 0
1699263251.2520187 0.8426902717553709 -0.0662399931103531 0
1699263251.3374283 0.8504137357830704 -0.06190088928851706 0
1699263251.421155 0.8728258342285091 -0.04921906191511206 0
1699263251.521597 0.886128610270075 -0.041496276960107346 0
1699263251.6047978 0.9059200919380122 -0.03010577287588861 0
1699263251.6974142 0.9171035269428655 -0.02371881283380735 0
1699263251.784929 0.9350104462751645 -0.01369819241324433 0
1699263251.9344215 0.9703044447464283 0.00555201729853287 0
1699263252.1122801 1.0020518727028902 0.022227058204888944 0
1699263252.2757912 1.015602577018644 0.02919317363288359 0
1699263252.4298954 1.034073407584997 0.038887139946060176 0
1699263252.5885913 1.058802022417263 0.05082845275568251 0
1699263252.6954088 1.0855748998898032 0.06322088613646201 0
1699263252.877197 1.1071218039636146 0.0726820384608595 0
1699263253.0024636 1.1188151545955791 0.077512509329917 0
1699263253.1431508 1.1585669879674234 0.09428074439216295 0
1699263253.3174925 1.1950008333682387 0.11037700888516727 0
1699263253.5019283 1.2105662152814252 0.1168646984763296 0
1699263253.698812 1.2273577480790856 0.12310365053259577 0
1699263253.8851533 1.273210938111771 0.13848538756550519 0
1699263254.076089 1.313777250183484 0.1513737963430529 0
1699263254.2651315 1.3352716459068372 0.15769061276781168 0
1699263254.4381773 1.3525879039562243 0.1619811283961434 0
1699263254.6031163 1.3915279643408078 0.16998397048629396 0
1699263254.775505 1.4271182106244316 0.1761206304177086 0
1699263254.9534342 1.4642370355507561 0.1815020236376737 0
1699263255.1376958 1.4775618500128163 0.1830285591047366 0
1699263255.3111396 1.4949759770341378 0.184241520509304 0
1699263255.4585564 1.5384795827344673 0.18184690496058287 0
1699263255.6061106 1.5569281982152643 0.1801224933396962 0
1699263255.7086766 1.5794495937416988 0.17763717438557872 0
1699263255.855646 1.592889127336748 0.17584627433171648 0
1699263256.0343995 1.6160939652734687 0.17223809962450876 0
1699263256.2049465 1.643747312236562 0.167519422526396 0
1699263256.3733773 1.6951444714965016 0.1575182251914079 0
1699263256.5281246 1.709617317831854 0.15359655867570784 0
1699263256.6764085 1.7240747290593739 0.14957906922945197 0
1699263256.8418396 1.7624929096489625 0.1386806796939274 0
1699263257.003259 1.8068386580603712 0.12619373153626912 0
1699263257.168973 1.8317155757028416 0.1190664607264024 0
1699263257.346342 1.8478572569466878 0.11284824863223321 0
1699263257.499767 1.8810587664053682 0.10048726616312917 0
1699263257.6816926 1.9057127821336706 0.0917487295506431 0
1699263257.844573 1.9450144303198087 0.07844872964564517 0
1699263258.0266695 1.9581709775466696 0.07443587682974348 0
1699263258.1769261 1.9703926875086846 0.07097581158332385 0
1699263258.3287034 2.0186211053466656 0.05529628479333917 0
1699263258.4935722 2.0363616187048637 0.049695115037167524 0
1699263258.6113825 2.0665117974331664 0.040494183754404674 0
1699263258.7661235 2.079485554011157 0.036848161546076896 0
1699263258.9304528 2.0907228869527543 0.0336393789625226 0
1699263259.0636537 2.1364595144945304 0.016401718536897855 0
1699263259.222622 2.170568156188737 0.003529251091250565 0
1699263259.4071124 2.1852999152210377 -0.0016934087261344796 0
1699263259.5809844 2.2071387378195184 -0.00867905973983967 0
1699263259.7584233 2.227294037059554 -0.014956403581293458 0
1699263259.920826 2.2744412980557103 -0.03167837699599642 0
1699263260.0854003 2.2933307865026142 -0.0382810465656946 0
1699263260.2450597 2.309778430563685 -0.043604597635209866 0
1699263260.4136934 2.3515765681888805 -0.055246440580183874 0
1699263260.5939724 2.3858870652527795 -0.063423611426706 0
1699263260.7649574 2.4021458366901056 -0.06676334330596219 0
1699263260.9126337 2.429066477986991 -0.07124123464070009 0
1699263261.094215 2.4506551993918015 -0.07416878823855834 0
1699263261.2551792 2.493556237353669 -0.07739326400024867 0
1699263261.3866246 2.5054704905528724 -0.07753541474114242 0
1699263261.489937 2.525744943916787 -0.07728443915923966 0
1699263261.6483777 2.5564809755154054 -0.07628162414019957 0
1699263261.8016732 2.5808912300731457 -0.07515080970624087 0
1699263261.946349 2.622830634016246 -0.07324797635573807 0
1699263262.1197088 2.6427140265083318 -0.073144462484787 0
1699263262.300363 2.6619208495241553 -0.07301379492607929 0
1699263262.480651 2.701901259701863 -0.07268888056071104 0
1699263262.634174 2.7387269798979914 -0.07180047440653259 0
1699263262.789518 2.7536217257008335 -0.07120699935403542 0
1699263262.945741 2.7625194883366193 -0.0707144538200611 0
1699263263.0369897 2.786112276585738 -0.06888287495742262 0
1699263263.184015 2.8284502215048857 -0.06445785076039673 0
1699263263.3552222 2.8695223907330223 -0.05937788699611503 0
1699263263.609122 2.8924702098112003 -0.0560370634276365 0
1699263263.843675 2.913390981501562 -0.05263997740369979 0
1699263264.025128 2.9640767473352265 -0.04354576045256622 0
1699263264.183123 2.997110320890571 -0.03706890429950001 0
1699263264.3858862 3.0119795789487953 -0.034018149452559134 0
1699263264.5913546 3.0431939122491194 -0.027379859144472225 0
1699263264.8099267 3.1042926987656516 -0.014493123532641268 0
1699263265.0211163 3.1448187532021175 -0.006050282669151521 0
1699263265.2095091 3.1554406198941067 -0.003822976203990718 0
1699263265.3461783 3.1776278768367754 0.0008055146720659506 0
1699263265.579781 3.2209785061968677 0.009693084970308177 0
1699263265.7458634 3.2613384759082087 0.017319887590979324 0
1699263265.9419692 3.285790189344265 0.021830358679114682 0
1699263266.2039096 3.287591582499254 0.022158425036365614 0
1699263266.334208 3.316877550691166 0.027230814896184345 0
1699263266.4897451 3.4529709277828675 0.05349024307999667 0
1699263266.9381087 3.494478169628575 0.061107728099431824 0
1699263267.0222402 3.5148801601777473 0.06483497320788835 0
1699263267.1354108 3.5275054826090533 0.067329425779723 0
1699263267.2302613 3.5433917114286344 0.07121157087176454 0
1699263267.3718193 3.5621387176603 0.0763373059822914 0
1699263267.4963145 3.6065369954613806 0.08842559891294981 0
1699263267.72235 3.629902752502324 0.09420767619704283 0
1699263267.8397238 3.64215285742504 0.09700605672093585 0
1699263267.9535534 3.6841872945495564 0.10567514805898583 0
1699263268.1533232 3.7151816189851528 0.11136936724994675 0
1699263268.264982 3.7276312393892246 0.11344983168212021 0
1699263268.3497622 3.7395845082853447 0.11525131563049458 0
1699263268.4297152 3.7509461275242026 0.11682096228776545 0
1699263268.5137846 3.773692795368228 0.11966342420203063 0
1699263268.6453047 3.8020001664830807 0.12266671062326948 0
1699263268.7338872 3.811623484787567 0.12349390659993367 0
1699263268.8168206 3.816057655769493 0.12380500250792031 0
1699263268.8918126 3.8490050502123436 0.12649150671735382 0
1699263269.0149693 3.8655754199290207 0.12776235501063674 0
1699263269.102268 3.889036754909478 0.12930611101291728 0
1699263269.202408 3.902010389359358 0.1299749950346016 0
1699263269.2899408 3.9107378254059 0.13031335408493627 0
1699263269.3750613 3.9210744612877577 0.13058772640253863 0
1699263269.4523525 3.9510488185333292 0.13093383553327084 0
1699263269.5621738 3.9734650396050593 0.1309225726060267 0
1699263269.6555026 3.9935165249611373 0.13083478287085432 0
1699263269.7696693 4.002596253421257 0.13075122599576341 0
1699263269.8580325 4.015787616054471 0.13053315697762055 0
1699263269.9456637 4.028075085561031 0.12989513517086182 0
1699263270.0259497 4.057340347394368 0.12738402830009607 0
1699263270.1320722 4.068609090931229 0.12627144339844257 0
1699263270.2168794 4.0791954495123965 0.12514931007663202 0
1699263270.3028886 4.098424165378325 0.12296138037750694 0
1699263270.382389 4.120328351095503 0.12028559284564858 0
1699263270.4771385 4.12728703586075 0.11939599568410153 0
1699263270.5594425 4.146545280139607 0.11687292790415856 0
1699263270.6609075 4.156210709098989 0.11554308814916056 0
1699263270.7452593 4.171743901560148 0.11326121567733374 0
1699263270.8340595 4.192298260869454 0.10953328387105875 0
1699263270.923672 4.206298419769515 0.10686168023616108 0
1699263271.0352821 4.228602520894974 0.10246456094468327 0
1699263271.147053 4.2431124151014785 0.09951106145893347 0
1699263271.2620223 4.261301929055212 0.09575729773666232 0
1699263271.353175 4.274934453244514 0.09311822248824878 0
1699263271.436905 4.301894993839161 0.08784831189504905 0
1699263271.5900264 4.319282503769782 0.08434551770551642 0
1699263271.7130923 4.331907809569519 0.08175510439581887 0
1699263271.7927477 4.35801351775398 0.07618712554483292 0
1699263271.8859165 4.369302643431923 0.07375562581438963 0
1699263271.9663181 4.394469528216524 0.06829072623795651 0
1699263272.1028097 4.413668709983524 0.06412436650234805 0
1699263272.2252612 4.4323310286560575 0.06009467465835579 0
1699263272.3087618 4.448900336034377 0.05654599612836893 0
1699263272.3992932 4.454560199399489 0.05534316473864181 0
1699263272.4748392 4.479761787754415 0.04996513214893242 0
1699263272.5945945 4.492896011086643 0.04714684725730404 0
1699263272.6792169 4.522088936130211 0.04091726606447472 0
1699263272.8201072 4.532917432997024 0.03862905488604108 0
1699263272.9048893 4.549929297462002 0.03508000072571262 0
1699263272.9963987 4.570146409365833 0.0309868502876011 0
1699263273.09278 4.587482811792384 0.02754453793305885 0
1699263273.1814058 4.597625499134472 0.02557571736521856 0
1699263273.268538 4.607808536484274 0.023635711014658164 0
1699263273.3545344 4.62744190876149 0.019792085781347807 0
1699263273.4340386 4.648590212150542 0.015620798234205674 0
1699263273.5171897 4.666277373941079 0.012178246184819259 0
1699263273.6408606 4.680821177979729 0.009403228914512807 0
1699263273.729658 4.691843373388714 0.007341065895009486 0
1699263273.814722 4.713699216155106 0.0033570223838859546 0
1699263273.8973703 4.727306818860342 0.0009587927944305617 0
1699263273.9882767 4.746317585099458 -0.002265597157381396 0
1699263274.082437 4.762180660325892 -0.004882933583401818 0
1699263274.1870077 4.776717970207615 -0.007320707533192774 0
1699263274.281413 4.8051014960318135 -0.012207447111345504 0
1699263274.4015286 4.81449811725902 -0.013766952821856557 0
1699263274.493522 4.834220591721176 -0.01688956711863922 0
1699263274.6212907 4.848591441776049 -0.01911473939643414 0
1699263274.7031727 4.883097464087699 -0.02424118469896794 0
1699263274.8475327 4.892692486697462 -0.02560546293473525 0
1699263274.933727 4.90712794848036 -0.027582534762323866 0
1699263275.0810566 4.942562836790139 -0.03309314073167664 0
1699263275.2010047 4.966964430474717 -0.03680228962910793 0
1699263275.3260596 4.9763550389009845 -0.03814845167314336 0
1699263275.4152613 5.060785671170275 -0.04812256720295917 0
1699263275.841387 5.092567042368149 -0.051179842948541526 0
1699263275.9798994 5.163281080814473 -0.056488941890536104 1
1699263276.4100518 5.176809586299894 -0.05719177687613205 0
1699263276.5323412 5.184609971912976 -0.05754751581223638 0
1699263276.6460822 5.31242060585449 -0.05660901636838756 1
1699263277.1061118 5.33902239874306 -0.05593203362306795 0
1699263277.2125282 5.3538389994496995 -0.055603645023514565 0
1699263277.3190699 5.434824795832955 -0.048655516534411726 0
1699263277.8481033 5.569580066259463 -0.03208234794138845 0
1699263278.5177085 5.591567795359979 -0.0288982051892272 0
1699263278.635107 5.715435116114613 -0.01103513800312729 1
1699263279.2237813 5.733981214522169 -0.008450712964050335 0
1699263279.329792 5.747299731870014 -0.006599157024133277 0
1699263279.4386802 5.895877767355316 0.01286680579493485 1
1699263279.9917219 5.919754139858514 0.01572081385097945 0
1699263280.1134071 5.947252059859443 0.018877226382895046 0
1699263280.224938 6.074156633633524 0.03340800069412554 0
1699263280.8136861 6.100139115489482 0.03600574707223006 0
1699263280.9334667 6.127108849089769 0.03852775083373964 1
1699263281.0390286 6.2492834113087925 0.048444918228096004 0
1699263281.7643678 6.261887384706645 0.04914283652808266 0
1699263281.878015 6.314590593046038 0.05209482272577902 1
1699263282.0650127 6.512176661710279 0.056684527029958506 1
1699263282.8429263 6.5355204850111095 0.05655610288005535 0
1699263282.967661 6.557923457504639 0.056259645782023054 0
1699263283.095453 6.756418013944521 0.05283340425566651 0
1699263283.7647793 6.787617285661809 0.051805360730906885 0
1699263283.8787236 6.813449151949538 0.050828793027026996 0
1699263283.9893293 6.840048124076147 0.04963298201988185 0
1699263284.1158657 6.983407736318447 0.041202201124708175 0
1699263284.6480892 7.003037946199385 0.03982897118279829 0
1699263284.7060726 7.021201268310421 0.03847973662261022 0
1699263284.7815325 7.037150079127419 0.03701542455822801 0
1699263284.8411345 7.1194893169974085 0.028764321607382574 0
1699263285.182961 7.146179636043826 0.02600814034819167 0
1699263285.27386 7.164554011548365 0.024071463408190844 0
1699263285.376322 7.196638014256584 0.020567010868460224 0
1699263285.4565415 7.297581011606461 0.009531708183090943 0
1699263285.9032354 7.3148610133171745 0.0076731543748318675 0
1699263285.968073 7.335052329115546 0.0055060709779674874 0
1699263286.0323942 7.428776705650204 -0.005377629163055331 1
1699263286.3872414 7.4373359307004 -0.00633810181971773 0
1699263286.4372032 7.4523624173726 -0.008013338718820234 0
1699263286.5151572 7.471009845231497 -0.010088179626766076 0
1699263286.5643113 7.57672171892203 -0.020815286695185054 1
1699263286.9057734 7.697143261703301 -0.031175105797555225 0
1699263287.3119724 7.7156846963855985 -0.03255822735484279 0
1699263287.4004312 7.85938640335153 -0.04145746879643629 0
1699263287.9207175 7.879023889091541 -0.042386798361771595 0
1699263287.9949627 7.901141234511412 -0.043406961662098516 0
1699263288.0499039 7.980723738042486 -0.04645858330217651 1
1699263288.3676095 8.005524517984187 -0.04712313664376755 0
1699263288.431298 8.021734204892791 -0.04747549575106287 0
1699263288.5052204 8.03186013382234 -0.04775164675686512 1
1699263288.5591242 8.16972360700204 -0.05071011963136777 1
1699263288.9207659 8.26391178720184 -0.05108793992435097 0
1699263289.2692027 8.294623878953846 -0.05089834556392984 0
1699263289.337799 8.403080941173299 -0.049742226964803335 0
1699263289.7194614 8.447562136173765 -0.048814576788744866 0
1699263289.8249786 8.471102210411948 -0.04805092912047444 0
1699263289.908727 8.577514508940245 -0.043717900023689714 0
1699263290.2501204 8.587176139727797 -0.04325720119438139 0
1699263290.3056781 8.605859818393911 -0.042325483756960054 0
1699263290.3665004 8.626549565014452 -0.04135372367248298 0
1699263290.424729 8.747350570743038 -0.03647695915775833 1
1699263290.764742 8.8590160902792 -0.030878827599435308 0
1699263291.0901403 8.879674415437476 -0.029733119827471777 0
1699263291.1617332 9.002361572443363 -0.021843605021992684 0
1699263291.5277178 9.026244375171528 -0.020195154271304916 0
1699263291.5859041 9.039092655875653 -0.019298210592375794 1
1699263291.6470096 9.131911264695113 -0.013315106578837797 0
1699263291.981485 9.160902499355029 -0.011422755519951968 0
1699263292.0363398 9.169846400959747 -0.010836622492270161 0
1699263292.0859652 9.283306165572924 -0.0032638731239526177 0
1699263292.3966722 9.323175837617312 -0.000605142673169166 0
1699263292.4671414 9.349983936074393 0.0011577840348351992 0
1699263292.5422614 9.361269857593365 0.0018798584795404944 0
1699263292.5947726 9.490082704264976 0.007462032498164716 0
1699263293.0047739 9.627402527296631 0.012521357306968848 0
1699263293.4261014 9.651178556751866 0.013337829344811605 0
1699263293.516648 9.765415265594049 0.016801769323485507 0
1699263293.8475251 9.786667807843783 0.01739521543564748 0
1699263293.913561 9.806419969099258 0.017932498608918598 0
1699263293.9709418 9.817365874102185 0.01822647554147465 0
1699263294.030837 9.944261272811081 0.02188644417219474 1
1699263294.3360274 9.968862383296605 0.022557064318474315 0
1699263294.4230378 9.980839991418968 0.022871138959452846 0
1699263294.4957817 10.012223249043725 0.023407709602586174 0
1699263294.5539963 10.1246489221853 0.023416639675047486 0
1699263294.906457 10.268561374060186 0.02395851901780469 0
1699263295.2625897 10.282250616404717 0.024011678283520625 0
1699263295.3117833 10.365202565106534 0.0244476287873296 0
1699263295.6009421 10.39185864276984 0.024770790262786863 0
1699263295.660339 10.410799373523288 0.024983189110567634 0
1699263295.714637 10.422930474170343 0.025119707927163875 1
1699263295.772202 10.576313623729298 0.02609067329555961 1
1699263296.122214 10.590484446267915 0.0261204545064302 0
1699263296.1852913 10.628218116411402 0.026081699325140657 0
1699263296.2710667 10.649803541673396 0.02598107840152312 0
1699263296.3278491 10.775693349389277 0.02492807892949222 0
1699263296.7010334 10.94849675803951 0.021066484994277726 0
1699263297.084153 10.963018066798098 0.020674233731521066 0
1699263297.1356926 11.04532869873926 0.018477787482191255 0
1699263297.4432905 11.073119003806712 0.017709204368101042 0
1699263297.5151293 11.092106150660694 0.017157279118319258 0
1699263297.583204 11.235271786153806 0.008730955115588909 0
1699263297.9334283 11.26667282530687 0.006619700864116474 0
1699263298.004229 11.32562539008965 0.0026333139619996422 0
1699263298.1313345 11.355269750618973 0.0005222387923802758 0
1699263298.2213774 11.488603798856648 -0.008658893558773067 0
1699263298.6529484 11.525248266964253 -0.011079429717137153 0
1699263298.7339942 11.567612887560017 -0.013829873341687449 0
1699263298.86078 11.605132554508305 -0.016082530892934665 0
1699263298.946545 11.72914115062464 -0.022452173318045617 0
1699263299.3281767 11.76416480235131 -0.023928926581491948 0
1699263299.4035158 11.80458904458715 -0.025565680421403628 1
1699263299.504422 11.81851705833208 -0.026094405541740417 0
1699263299.5762606 11.981310824554429 -0.031075068179289036 0
1699263300.0615692 12.027926157895735 -0.031963184766343515 0
1699263300.1637955 12.065673190550037 -0.03256372598847721 0
1699263300.2743368 12.107999191874201 -0.03316765834398355 1
1699263300.3668337 12.227670710638954 -0.033957750214584005 0
1699263300.69294 12.319857225610022 -0.03350232421645374 0
1699263300.984129 12.342572425062189 -0.03323743250965434 0
1699263301.039073 12.471026469767313 -0.030844610911130776 0
1699263301.3432968 12.486005743950901 -0.030484619906816664 0
1699263301.4041624 12.528636751409957 -0.02932901696944039 0
1699263301.4675653 12.615834409967102 -0.026515414026746457 0
1699263301.7488918 12.626948096743808 -0.02611917455257584 0
1699263301.7986763 12.638371213104865 -0.025722680966809592 0
1699263301.8524988 12.677726974442795 -0.024277647990577963 0
1699263301.9033298 12.72184168264864 -0.022465225175575077 1
