1699012672.9639306 0 0 0
1699012673.1428182 0 0 0
1699012673.201901 0 0 0
1699012673.2615652 0 0 0
1699012673.320902 0 0 0
1699012673.3787627 0 0 0
1699012673.4385555 0 0 0
1699012673.4969945 0 0 0
1699012673.5543454 0 0 0
1699012673.6142578 0 0 0
1699012673.6738179 0 0 0
1699012673.7332973 0 0 0
1699012673.7927656 0 0 0
1699012673.8486981 0 0 0
1699012673.9073668 0 0 0
1699012673.9653206 0 0 0
1699012674.022455 0 0 0
1699012674.0795336 0 0 0
1699012674.135527 0 0 0
1699012674.1919732 0 0 0
1699012674.2500029 0 0 0
1699012674.3066924 0 0 0
1699012674.3643615 0 0 0
1699012674.4195294 0 0 0
1699012674.4777644 0 0 0
1699012674.5350354 0 0 0
1699012674.5952659 0 0 0
1699012674.6521783 0 0 0
1699012674.7081301 0 0 0
1699012674.7636828 0 0 0
1699012674.8911445 0 0 0
1699012674.948698 0 0 0
1699012675.006188 0 0 0
1699012675.0643337 0 0 0
1699012675.1228385 0 0 0
1699012675.1779988 0 0 0
1699012675.2342222 0 0 0
1699012675.2924888 0 0 0
1699012675.3496988 0 0 0
1699012675.4137363 0 0 0
1699012675.4709501 0 0 0
1699012675.528224 0 0 0
1699012675.5864708 0 0 0
1699012675.6421573 0 0 0
1699012675.6971326 0 0 0
1699012675.755453 0 0 0
1699012675.8137603 0 0 0
1699012675.8699648 0 0 0
1699012675.927358 0 0 0
1699012675.9848828 0 0 0
1699012676.0402973 0 0 0
1699012676.097215 0 0 0
1699012676.154788 0 0 0
1699012676.2097857 0 0 0
1699012676.2683163 0 0 0
1699012676.3232262 0 0 0
1699012676.3807342 0 0 0
1699012676.4381936 0 0 0
1699012676.4970112 0 0 0
1699012676.5532608 0 0 0
1699012676.6092124 0 0 0
1699012676.6652348 0 0 0
1699012676.7225277 0 0 0
1699012676.780346 0 0 0
1699012676.835877 0 0 0
1699012676.8997738 0 0 0
1699012676.9615307 0 0 0
1699012677.0200295 0 0 0
1699012677.076743 0 0 0
1699012677.1343112 0 0 0
1699012677.1887114 0 0 0
1699012677.2434607 0 0 0
1699012677.297764 0 0 0
1699012677.3561194 0 0 0
1699012677.413657 0 0 0
1699012677.471837 0 0 0
1699012677.5296974 0 0 0
1699012677.58466 0 0 0
1699012677.6406262 0 0 0
1699012677.6945815 0 0 0
1699012677.7505417 0 0 0
1699012677.8061848 0 0 0
1699012677.8647883 0 0 0
1699012677.9221616 0 0 0
1699012677.9796512 0 0 0
1699012678.0357153 0 0 0
1699012678.0944996 0 0 0
1699012678.1503026 0 0 0
1699012678.2059622 0 0 0
1699012678.270727 0 0 0
1699012678.3287067 0 0 0
1699012678.3909845 0 0 0
1699012678.4488027 0 0 0
1699012678.5045228 0 0 0
1699012678.561889 0 0 0
1699012678.6191647 0 0 0
1699012678.6767628 0 0 0
1699012678.7352104 0 0 0
1699012678.7926924 0 0 0
1699012678.8483918 0 0 0
1699012678.905303 0 0 0
1699012678.9634986 0 0 0
1699012679.0220575 0 0 0
1699012679.0798683 0 0 0
1699012679.1366055 0 0 0
1699012679.1929193 0 0 0
1699012679.2518263 0 0 0
1699012679.3076327 0 0 0
1699012679.3664613 0 0 0
1699012679.4224343 0 0 0
1699012679.4800737 0 0 0
1699012679.5453086 0 0 0
1699012679.6031985 0 0 0
1699012679.6618695 0 0 0
1699012679.7188692 0 0 0
1699012679.7778118 0 0 0
1699012679.8336782 0 0 0
1699012679.8902643 0 0 0
1699012679.9502864 0 0 0
1699012680.006186 0 0 0
1699012680.0629041 0 0 0
1699012680.1218822 0 0 0
1699012680.1794727 0 0 0
1699012680.2375393 0 0 0
1699012680.2965517 0 0 0
1699012680.351657 0 0 0
1699012680.4073973 0 0 0
1699012680.4652238 0 0 0
1699012680.5212202 0 0 0
1699012680.5784006 0 0 0
1699012680.6341634 0 0 0
1699012680.689822 0 0 0
1699012680.7457662 0 0 0
1699012680.8033764 0 0 0
1699012680.8620834 0 0 0
1699012680.9271605 0 0 0
1699012680.983966 0 0 0
1699012681.0420237 0 0 0
1699012681.1003103 0 0 0
1699012681.1570823 0 0 0
1699012681.2141242 0 0 0
1699012681.2722003 0 0 0
1699012681.3297515 0 0 0
1699012681.3858187 0 0 0
1699012681.443788 0 0 0
1699012681.5001938 0 0 0
1699012681.5559957 0 0 0
1699012681.6172018 0 0 0
1699012681.6763182 0 0 0
1699012681.7357566 0 0 0
1699012681.7948565 0 0 0
1699012681.8506336 0 0 0
1699012681.9082463 0 0 0
1699012681.97087 0 0 0
1699012682.0296268 0 0 0
1699012682.0882492 0 0 0
1699012682.1457736 0 0 0
1699012682.2059715 0 0 0
1699012682.2729037 0 0 0
1699012682.329827 0 0 0
1699012682.3861785 0 0 0
1699012682.4434795 0 0 0
1699012682.5002127 0 0 0
1699012682.5569627 0 0 0
1699012682.6136417 0 0 0
1699012682.6705987 0 0 0
1699012682.7274165 0 0 0
1699012682.7838044 0 0 0
1699012682.840206 0 0 0
1699012682.896197 0 0 0
1699012682.9539394 0 0 0
1699012683.0107985 0 0 0
1699012683.067273 0 0 0
1699012683.123988 0 0 0
1699012683.180026 0 0 0
1699012683.2350085 0 0 0
1699012683.29254 0 0 0
1699012683.34875 0 0 0
1699012683.405623 0 0 0
1699012683.4622319 0 0 0
1699012683.5283525 0 0 0
1699012683.5838962 0 0 0
1699012683.641341 0 0 0
1699012683.6977222 0 0 0
1699012683.7518997 0 0 0
1699012683.8089232 0 0 0
1699012683.8637347 0 0 0
1699012683.9208355 0 0 0
1699012683.9855165 0 0 0
1699012684.0410583 0 0 0
1699012684.0968802 0 0 0
1699012684.1530132 0 0 0
1699012684.2150786 0 0 0
1699012684.2748246 0 0 0
1699012684.335308 0 0 0
1699012684.39258 0 0 0
1699012684.45002 0 0 0
1699012684.508003 0 0 0
1699012684.5638204 0 0 0
1699012684.620617 0 0 0
1699012684.6761115 0 0 0
1699012684.7333832 0 0 0
1699012684.7930691 0 0 0
1699012684.8523762 0 0 0
1699012684.9078326 0 0 0
1699012684.973454 0 0 0
1699012685.0296607 0 0 0
1699012685.087085 0 0 0
1699012685.14551 0 0 0
1699012685.2012389 0 0 0
1699012685.256876 0 0 0
1699012685.3167562 0 0 0
1699012685.3754463 0 0 0
1699012685.4321704 0 0 0
1699012685.4913933 0 0 0
1699012685.54996 0 0 0
1699012685.6087782 0 0 0
1699012685.6663992 0 0 0
1699012685.7234635 0 0 0
1699012685.783069 0 0 0
1699012685.839981 0 0 0
1699012685.8969688 0 0 0
1699012685.9529588 0 0 0
1699012686.0149727 0 0 0
1699012686.0727532 0 0 0
1699012686.1287043 0 0 0
1699012686.1981592 0 0 0
1699012686.255282 0 0 0
1699012686.3126075 0 0 0
1699012686.36838 0 0 0
1699012686.4248567 0 0 0
1699012686.4824557 0 0 0
1699012686.5411172 0 0 0
1699012686.5985394 0 0 0
1699012686.6567054 0 0 0
1699012686.7159514 0 0 0
1699012686.7732916 0 0 0
1699012686.8329182 0 0 0
1699012686.8899622 0 0 0
1699012686.95313 0 0 0
1699012687.0126824 0 0 0
1699012687.0771954 0 0 0
1699012687.135076 0 0 0
1699012687.1926882 0 0 0
1699012687.2514694 0 0 0
1699012687.3126254 0 0 0
1699012687.3722775 0 0 0
1699012687.4321334 0 0 0
1699012687.501051 0 0 0
1699012687.5604715 0 0 0
1699012687.619633 0 0 0
1699012687.6780286 0 0 0
1699012687.7342868 0 0 0
1699012687.790654 0 0 0
1699012687.8472369 0 0 0
1699012687.9045756 0 0 0
1699012687.961076 0 0 0
1699012688.0168877 0 0 0
1699012688.071531 0 0 0
1699012688.133689 0 0 0
1699012688.1894155 0 0 0
1699012688.245963 0 0 0
1699012688.3773248 0 0 0
1699012688.4332044 0 0 0
1699012688.489983 0 0 0
1699012688.5439627 0 0 0
1699012688.5996192 0 0 0
1699012688.6551638 0 0 0
1699012688.7120247 0 0 0
1699012688.7697332 0 0 0
1699012688.8254502 0 0 0
1699012688.890638 0 0 0
1699012688.947604 0 0 0
1699012689.0020711 0 0 0
1699012689.0588155 0 0 0
1699012689.1155944 0 0 0
1699012689.1726155 0 0 0
1699012689.226695 0 0 0
1699012689.2833316 0 0 0
1699012689.338836 0 0 0
1699012689.394743 0 0 0
1699012689.4491842 0 0 0
1699012689.505073 0 0 0
