1698905347.7260008 14.418744478727476 -4.037246461151932 0
1698905347.9541996 14.43281403620653 -4.050255730672307 0
1698905348.1075282 14.446197472025887 -4.061847606008399 1
1698905348.1570404 14.45252301095417 -4.067137361715982 1
1698905348.2071476 14.46485240189257 -4.076955096184176 0
1698905348.257571 14.469228158826532 -4.080296613102101 0
1698905348.307585 14.474667883391227 -4.084221742740709 0
1698905348.3576162 14.485903866890775 -4.091971625162343 1
1698905348.407645 14.499065927446733 -4.100075506052428 0
1698905348.457837 14.50574063029176 -4.103759840902821 1
1698905348.5081446 14.514421135465271 -4.108240058966399 0
1698905348.5582786 14.530340906967798 -4.11577154052927 1
1698905348.608351 14.545465749049896 -4.121773108669925 0
1698905348.65846 14.552579942833434 -4.124257628173126 0
1698905348.7087817 14.560849044447185 -4.12683714575894 0
1698905348.7588305 14.56945958103127 -4.129239249977826 1
1698905348.8089283 14.586894826889552 -4.133243530314156 0
1698905348.8593264 14.60400398670897 -4.136104749454201 0
1698905348.910409 14.612471325553361 -4.137100599894904 0
1698905348.9611537 14.620553125039214 -4.1377849828265845 0
1698905349.010824 14.64565007688467 -4.138317471509639 0
1698905349.0614007 14.65402676442841 -4.13797832966109 0
1698905349.11127 14.662489356615673 -4.13737029671625 0
1698905349.1613595 14.678108084369153 -4.1355257733198645 0
1698905349.2114837 14.693804445069665 -4.132718811374567 0
1698905349.2616754 0.0007919569821467388 -0.0011327645465795246 0
1698905349.3117545 0.001599651029888051 -0.0020413092470465562 1
1698905349.362208 0.005949163471808211 -0.004083502819753778 0
1698905349.4120154 0.02307259727852657 -0.00769147693689468 0
1698905349.4620733 0.033912927739485975 -0.009813718507585795 0
1698905349.5122364 0.0435968232509432 -0.011577945360507885 1
1698905349.5624323 0.05237491372974691 -0.013134641405266467 1
1698905349.6126423 0.07347587874740359 -0.01714201910888893 0
1698905349.6631374 0.07789954325309661 -0.017958085039576074 1
1698905349.7136447 0.08402452008992127 -0.01879748041496461 1
1698905349.7638211 0.08657856338766291 -0.019027701154862443 0
1698905349.8139913 0.08866784991091828 -0.019157426034422553 0
1698905349.8638783 0.09368792444971731 -0.019416131311687727 1
1698905349.9138722 0.09921459015226158 -0.019565338640412773 0
1698905349.9639025 0.10167062826183303 -0.01959698936441016 0
1698905350.0139744 0.10449905660276658 -0.01960206775340384 1
1698905350.063968 0.10715306997651489 -0.019584434057523345 0
1698905350.1147285 0.11242268281477799 -0.019472780004629656 0
1698905350.164739 0.11750568636713028 -0.019264211432802145 1
1698905350.2146018 0.12018567845778357 -0.01911763378932526 0
1698905350.264812 0.12300380570628396 -0.018939761394202826 0
1698905350.314836 0.12592015882076513 -0.018729034698183763 0
1698905350.3648386 0.1341988321703848 -0.017983767930968675 0
1698905350.414947 0.13688017784044912 -0.017695739378699338 0
1698905350.4657328 0.14264782646031882 -0.017007546584817915 0
1698905350.5153992 0.14550628909242175 -0.016632060442568708 0
1698905350.5657523 0.15112407964189792 -0.015826834551614734 0
1698905350.615636 0.1567123022719794 -0.014939892926143446 0
1698905350.6657495 0.15959980110278124 -0.014448746013741055 0
1698905350.7159982 0.16249273068894032 -0.013935881877141848 0
1698905350.7658029 0.16836990853725928 -0.012831765364719729 0
1698905350.8160555 0.17415918151072105 -0.011663802836278651 0
1698905350.8665414 0.17711051098868452 -0.011037771575669304 0
1698905350.9166396 0.1799983938961908 -0.010406197968634881 0
1698905350.9667878 0.1829246817243686 -0.009748110394921345 0
1698905351.016921 0.18888756683378902 -0.008352338579360647 0
1698905351.0669963 0.1948739985740929 -0.00687597129157853 0
1698905351.1170175 0.19780948595263115 -0.006125675895335911 0
1698905351.1670702 0.20074361157284637 -0.005359158796920111 0
1698905351.2175403 0.2066919967666358 -0.0037490782172045333 0
1698905351.2678733 0.2126751266966018 -0.0020749726917072683 0
1698905351.3181217 0.21564128825578066 -0.0012243555019363756 0
1698905351.3679383 0.21862844799932415 -0.0003529132113535135 0
1698905351.4178848 0.22170596239037857 0.0005585082921737577 0
1698905351.4683886 0.2307118757323161 0.003299777491958305 0
1698905351.5181139 0.2336950580727523 0.004227682868367557 0
1698905351.568551 0.23980815108919928 0.006162119647298944 0
1698905351.618684 0.2428173966446477 0.007131516015818696 0
1698905351.6691487 0.24890333460984737 0.009124789864633536 0
1698905351.7190216 0.25489155459288126 0.011151889110443007 0
1698905351.7688675 0.2579320805376867 0.012194390155227372 0
1698905351.8189843 0.2609085249481903 0.013217974439283407 0
1698905351.86915 0.2670642284505387 0.015378046400940587 0
1698905351.9192884 0.27314650879555247 0.017549797595102633 0
1698905351.9694402 0.2762459606173449 0.018670475772207755 0
1698905352.019519 0.2792667717116656 0.01977188284796005 0
1698905352.0698924 0.2823098821566733 0.0208897050596605 0
1698905352.1198213 0.2885049549555162 0.023190527743662467 0
1698905352.1700273 0.29472020480096095 0.025529667654422064 0
1698905352.2199326 0.29777635801714675 0.026690576759792004 0
1698905352.2702312 0.3008286065777656 0.027856022061437283 0
1698905352.3204496 0.3039727841854597 0.029062924541598034 0
1698905352.3706195 0.3132882561112528 0.03267153785066755 0
1698905352.42063 0.31638001530139026 0.03387883227347807 0
1698905352.471029 0.3226370021321911 0.036334101563100143 0
1698905352.5210023 0.32571883227983833 0.03754859763425784 0
1698905352.5712636 0.3320148253768048 0.040037215250708746 0
1698905352.6214688 0.3382429287955545 0.04250777607391521 0
1698905352.6713486 0.34145125137406757 0.04378521867242043 0
1698905352.7217453 0.3445489301920602 0.0450211238283687 0
1698905352.771788 0.3476397351058026 0.04624737855780665 0
1698905352.8218143 0.35395830107085857 0.04875646540652709 0
1698905352.872062 0.3603575369978047 0.05129149257588044 0
1698905352.9231436 0.36350997933027357 0.05253794637502738 0
1698905352.972336 0.36664165880783406 0.05377370500541501 0
1698905353.0223808 0.37300772307969665 0.05627828897642545 0
1698905353.0724308 0.37941293552997507 0.05878594124828271 0
1698905353.1227372 0.382589845318924 0.06002495049899222 0
1698905353.1727061 0.3857697752057481 0.061261007199547565 1
1698905353.223472 0.39541619904427805 0.06498894243673195 0
1698905353.2735074 0.39868841203041394 0.06624674488914656 0
1698905353.3235683 0.40186238034981153 0.06745942561622953 0
1698905353.37352 0.405007836244663 0.06866895014475795 0
1698905353.4253073 0.41471887745882874 0.07235996813632557 1
1698905353.4743125 0.41806440500493636 0.07362217416832807 1
1698905353.5237918 0.421306369179199 0.07484098457626708 1
1698905353.574284 0.42454422493243665 0.07605364715209513 1
1698905353.6241543 0.4344302202905366 0.07972799713103434 1
1698905353.674572 0.43782086881305277 0.08097821830624403 1
1698905353.7248044 0.4411330124501637 0.08219426319778664 1
1698905353.7748861 0.4444606062009057 0.0834106748741999 1
1698905353.8250747 0.45465408735536594 0.08710397372765633 1
1698905353.8751724 0.4581627511621284 0.08836365909425989 1
1698905353.9254055 0.4616106242863398 0.0895957351185891 1
1698905353.9755626 0.4650789899331873 0.09082945933581783 1
1698905354.0257168 0.47570563047035075 0.09457382914926604 1
1698905354.0759256 0.4793653147418304 0.09585066443172592 1
1698905354.1257412 0.48659254291521836 0.098351788196188 1
1698905354.1760232 0.48659254291521836 0.098351788196188 1
1698905354.226863 0.49767117575220166 0.10212129282826299 1
1698905354.27633 0.5015050849616619 0.10341222304109149 1
1698905354.3263485 0.5052965132835573 0.1046764750698154 1
1698905354.376621 0.5130254550385792 0.10723149949174396 1
1698905354.4268472 0.5168831014225366 0.10849498994088891 1
1698905354.4807725 0.5248873936312087 0.11109427247559404 1
1698905354.5298195 0.5329775190671238 0.1136948791868584 1
1698905354.5786202 0.5371705179648386 0.11503244630846658 1
1698905354.6285014 0.5412446967393907 0.1163287845490765 1
1698905354.6782331 0.5452952274860067 0.11760988909278958 1
1698905354.727897 0.5534915248788411 0.12020001432135868 1
1698905354.7777128 0.5618013198142916 0.12281398541591049 1
1698905354.8276885 0.565932144350449 0.12410797115488839 1
1698905354.8777363 0.570044967279527 0.12539368215748814 1
1698905354.9277623 0.5784027759083067 0.1279976129614057 1
1698905354.9784453 0.5867260646800939 0.1305790532565267 1
1698905355.0285423 0.5908473855242752 0.13185283564398842 1
1698905355.0784514 0.594996140619553 0.13313205230511638 1
1698905355.1288238 0.5992760970741304 0.13444862277802913 1
1698905355.1789694 0.611858044656431 0.13830063358816558 1
1698905355.2289133 0.6160127534476533 0.13956658268062738 1
1698905355.2789288 0.6244918231129938 0.14214032589450326 1
1698905355.3290803 0.6328594417111082 0.14466499882615244 1
1698905355.3791978 0.6371685756137883 0.14595878763316017 1
1698905355.4296198 0.6413562710305261 0.14721133086597143 1
1698905355.479756 0.6498589215630706 0.14974082839570513 1
1698905355.5299318 0.6583302723566093 0.15224024672599087 1
1698905355.5799768 0.6627205120415326 0.15352820739170558 1
1698905355.6302445 0.6669822651452881 0.15477433471121377 1
1698905355.680253 0.6755946360814561 0.15728178151930425 1
1698905355.7303896 0.6798411863185309 0.1585135587659929 1
1698905355.7808216 0.6884896976042062 0.16101698220308094 1
1698905355.830871 0.6969450173899633 0.1634636048315456 1
1698905355.8808692 0.7013156789198591 0.16472725947076153 1
1698905355.9308763 0.7055402240831826 0.16594906368335557 1
1698905355.9809859 0.7141393847255256 0.1684341918126557 1
1698905356.0309632 0.7225330174036988 0.17085733507231907 1
1698905356.0812953 0.7268582952288444 0.17210448915637164 1
1698905356.1319737 0.7310403949820057 0.17330928259718184 1
1698905356.1819515 0.7352437107806356 0.17451895461049985 1
1698905356.232006 0.743777525221472 0.17697115665836338 1
1698905356.281968 0.7523133440666568 0.1794183580728624 1
1698905356.3319893 0.7564959571301374 0.18061542774815534 1
1698905356.3818343 0.7606769998336687 0.18181062492657746 1
1698905356.4320517 0.7733511655633808 0.1854243747881556 1
1698905356.4825027 0.777670353941977 0.18665168893319906 1
1698905356.5329082 0.7818544621626483 0.18783840927255843 1
1698905356.582912 0.7903268279918808 0.19023460830196795 1
1698905356.6329145 0.798651372213869 0.19258083683495983 1
1698905356.6832983 0.8029493653414568 0.19378547078704125 1
1698905356.733167 0.8071156863131169 0.1949496054529542 1
1698905356.7835047 0.8112966160119354 0.19611518679936682 1
1698905356.8336987 0.823936992138835 0.19962404511747783 1
1698905356.8839626 0.8282147502172046 0.2008078606496385 1
1698905356.9341223 0.8365022077890694 0.20309933878269523 1
1698905356.9845345 0.8407631487082389 0.20427554463079772 1
1698905357.0345929 0.8448610173674138 0.20541522269670667 1
1698905357.0845923 0.8531949360131692 0.2077249333164441 0
1698905357.134305 0.8614036001427526 0.21000324727281 1
1698905357.184497 0.8656356172881854 0.21117849756651175 1
1698905357.2349908 0.8697216327044456 0.21231305785730242 1
1698905357.2852616 0.8738082667002212 0.213447614604242 1
1698905357.3348606 0.8820653653257325 0.21573881196755534 1
1698905357.3849323 0.8903198465884902 0.21802687749718655 1
1698905357.4348545 0.8943749096465106 0.21914992245817233 1
1698905357.4850118 0.8984386346601764 0.22027465437889204 1
1698905357.535112 0.9026286395281597 0.2214335948309227 1
1698905357.5854502 0.9149114286096205 0.22482658570727487 1
1698905357.6357002 0.9189540914860518 0.225941712993105 1
1698905357.6861212 0.9271712872156547 0.2282049166091842 1
1698905357.7362194 0.9312179318498204 0.22931740574257356 1
1698905357.7858899 0.9394047946538366 0.23156405283390427 1
1698905357.8359282 0.947430773213682 0.23376474271056577 1
1698905357.886015 0.9515463532962846 0.2348861481932624 1
1698905357.9362276 0.9555534455372563 0.2359772104873702 1
1698905357.9866912 0.9595592426254621 0.23706471910465773 1
1698905358.036835 0.9677232803758723 0.239274758417771 1
1698905358.0869815 0.9758502303910529 0.24146916105363422 1
1698905358.1369307 0.9798358928043117 0.24254385808679924 1
1698905358.1872752 0.9838067482346923 0.24361480048905967 1
1698905358.2373848 0.9918287904281186 0.2457810436408082 1
1698905358.2884953 0.9997929873198735 0.24793894973702282 1
1698905358.337933 1.0037548946374077 0.2490127733658541 1
1698905358.3879287 1.0077087236431412 0.2500857679974611 1
1698905358.4382706 1.0157145627259438 0.2522608748492851 1
1698905358.4881132 1.023622751072306 0.25441165624404416 1
1698905358.538073 1.0275344456650837 0.25547589818668165 1
1698905358.5883048 1.0314658815142344 0.2565455278979405 1
1698905358.6383796 1.039447435637822 0.2587169662951999 1
1698905358.6891074 1.047347516837027 0.26086564537271956 1
1698905358.738673 1.0512362365490924 0.2619230069995868 1
1698905358.7888958 1.0551436371662757 0.26298521047961115 1
1698905358.8390503 1.0630767935706606 0.2651408915436251 1
1698905358.8889883 1.0709921481894782 0.2672899203537348 1
1698905358.9391115 1.0748761783246006 0.2683435852269537 1
1698905358.9892383 1.0787551709057939 0.2693951903830302 1
1698905359.0394478 1.0866203493060511 0.2715244536143762 1
1698905359.090256 1.0944859930109636 0.2736504305675062 1
1698905359.1396453 1.0983458510166284 0.27469438757354475 1
1698905359.1898057 1.102195368184048 0.27572916228340283 1
1698905359.2399838 1.113861448244636 0.2788569210473734 1
1698905359.2907648 1.1178299507645337 0.2799178978926775 1
1698905359.3405478 1.1216747913832328 0.28094474171198663 1
1698905359.3908708 1.125507068656648 0.2819675564491221 1
1698905359.4412823 1.137083912944752 0.28505803072626645 1
1698905359.4910777 1.1409915000758004 0.28610312325680876 1
1698905359.541333 1.1447434723138799 0.2871116682706972 1
1698905359.5913916 1.152437868858825 0.2891793081211155 1
1698905359.6419654 1.1600275807739044 0.29122382112583767 1
1698905359.691756 1.1639140916964597 0.2922724532133886 1
1698905359.741779 1.167690787789601 0.29329239639124194 1
1698905359.7918167 1.1714742858131417 0.2943147663528437 1
1698905359.8422005 1.1753752267294812 0.2953694266928638 1
1698905359.8920286 1.1868034200814672 0.29846065493053175 1
1698905359.9424288 1.1905660616652203 0.2994785406694082 1
1698905359.9927473 1.1982283283622288 0.3015511534731922 1
1698905360.042838 1.2020044118995663 0.30257240898019805 1
1698905360.0928133 1.209648975372321 0.3046394150766967 1
1698905360.1429248 1.2171671925293401 0.30667112573139466 1
1698905360.1931484 1.2210395616754188 0.30771702307904386 1
1698905360.2433374 1.2248024079798872 0.3087328737844085 1
1698905360.2937021 1.2324520556422427 0.3107957129120554 1
1698905360.3435898 1.239967469886621 0.3128186395988895 1
1698905360.3935485 1.2438307356024272 0.31385623640241445 1
1698905360.44369 1.2475658706539017 0.3148638530248977 1
1698905360.493972 1.2551583038532006 0.3168943467898056 1
1698905360.5442803 1.2626538231819222 0.31889255253724114 1
1698905360.594567 1.2665252118773602 0.3199224607788486 1
1698905360.6449187 1.2702633044469644 0.3209157977661503 1
1698905360.694789 1.2739791434866146 0.3219025559949458 1
1698905360.745746 1.281503413758027 0.32390000924157747 1
1698905360.7958684 1.28900696844087 0.3258919913756835 1
1698905360.845718 1.292672528457589 0.3268757053074665 1
1698905360.8962402 1.296337568574358 0.32785220068147414 1
1698905360.9468894 1.3075563953517084 0.33086251683323714 1
1698905360.9969215 1.311384572463876 0.33189204429349556 1
1698905361.0468664 1.3150647577410033 0.33288320651016656 1
1698905361.0968676 1.3187238358783069 0.33386957882149865 1
1698905361.1468952 1.3224938071468963 0.33488677168025127 1
1698905361.1967459 1.3298415363428122 0.33687085122903976 1
1698905361.2470345 1.3410219966786845 0.3398916108686035 1
1698905361.297461 1.3448037369448902 0.34091336970082625 1
1698905361.3476176 1.348474205517175 0.3419049723779346 1
1698905361.3977747 1.3559511500973604 0.34392461345211717 1
1698905361.4477012 1.3633407549206082 0.3459197498739838 1
1698905361.4981468 1.3671501806725475 0.3469476670888235 1
1698905361.5482905 1.3708317804826942 0.3479406436150632 1
1698905361.5984845 1.3745116511136721 0.3489327301046722 1
1698905361.6484625 1.3819842012458854 0.3509450284102269 1
1698905361.6986713 1.3894767693444892 0.35295920670028347 1
1698905361.7490566 1.3931664917898907 0.3539487719035944 1
1698905361.799137 1.3968444863398704 0.35493923223309015 1
1698905361.850097 1.4006150286116925 0.35594758048695213 1
1698905361.9007084 1.4117683066031264 0.3589209476843645 1
1698905361.9500554 1.415456675001981 0.3599012567797465 1
1698905362.0003169 1.42290399119879 0.36187822105278095 1
1698905362.0508294 1.426560879881917 0.3628479682245097 1
1698905362.1008303 1.433993807157128 0.3648202251185809 1
1698905362.151434 1.4412665821272324 0.3667539536630714 1
1698905362.2027738 1.4449676316194353 0.367742976943695 1
1698905362.252174 1.4486022289304474 0.3687156648105367 1
1698905362.301728 1.456024749337538 0.37070315923350267 1
1698905362.3516102 1.463317092334056 0.3726600244507908 1
1698905362.4018407 1.467063239688181 0.37366636408561266 1
1698905362.452158 1.4706802101381027 0.37463841564616635 1
1698905362.5020633 1.474312068544369 0.3756145570961896 1
1698905362.5519898 1.4816936939600933 0.37759875145012023 1
1698905362.6019742 1.489110771791195 0.3795918248445772 1
1698905362.651907 1.492754583755739 0.3805706526039047 1
1698905362.7020717 1.496386026785354 0.3815459273943858 1
1698905362.7522066 1.500128423279063 0.3825507542385027 1
1698905362.8024533 1.51117730606008 0.38551570399532264 1
1698905362.8530147 1.5148327670490649 0.3864960183632406 1
1698905362.9028032 1.5222297245488399 0.3884782272143522 1
1698905362.952808 1.5258724396491006 0.3894536697203506 1
1698905363.0028663 1.5332908587576406 0.3914378307834006 1
1698905363.0529575 1.540594867200222 0.39338803773925435 1
1698905363.1028829 1.5443554330685503 0.39438955430403577 1
1698905363.153398 1.547989879666195 0.39536236402214414 1
1698905363.2031782 1.5516117514426695 0.3963234145109958 1
1698905363.2537324 1.5589934681282729 0.3982796562402168 1
1698905363.303691 1.566407793602158 0.4002383129068568 1
1698905363.3537734 1.5700497558868776 0.40119880229534843 1
1698905363.4038124 1.5736837414122256 0.40215672031533145 1
1698905363.4540968 1.5810341873609268 0.40409330840033847 1
1698905363.5039794 1.5883420090451204 0.40602042514904235 1
1698905363.554297 1.5919187412282632 0.4069710274660712 0
1698905363.6044457 1.5954748310454085 0.4079138946547046 1
1698905363.6546788 1.6063962964102516 0.41082286942576307 1
1698905363.7060757 1.6101082569199325 0.41181286583588916 1
1698905363.7558854 1.6137033718550389 0.41277241960498057 1
1698905363.805826 1.620994030921281 0.41471953276490525 1
1698905363.855777 1.6245919703470328 0.4156807833866209 1
1698905363.9069262 1.6319108637042439 0.41763617396081903 1
1698905363.956575 1.6391216870710408 0.41956223322022607 1
1698905364.0063975 1.6428365966113976 0.42055423250919843 1
1698905364.0564525 1.6464393789231009 0.42151606003059416 1
1698905364.1068237 1.6537646295246862 0.4234709350793169 1
1698905364.1569266 1.6609891448431737 0.4253978883451077 1
1698905364.206715 1.664715613681553 0.4263913571832274 1
1698905364.2567565 1.6683306512056086 0.42735464258018035 1
1698905364.3068578 1.6719435488257894 0.4283169201115733 1
1698905364.3575718 1.6792816454698047 0.4302697874435798 1
1698905364.4071083 1.6866244685622964 0.43222068135098646 1
1698905364.457505 1.6902412376243157 0.4331804242145622 1
1698905364.5074787 1.6938548408293508 0.43413763953282375 1
1698905364.557563 1.7011607643222793 0.4360739799034841 1
1698905364.6075897 1.7084778757465995 0.4380026144482494 1
1698905364.657852 1.7120882054089503 0.43895236620407824 1
1698905364.7090707 1.715688150236032 0.43989837101145934 1
1698905364.7592423 1.7229820202535235 0.4418140419834483 1
1698905364.8090878 1.7302325843976272 0.443719683139258 1
1698905364.8595753 1.7337966823950182 0.4446575934981301 1
1698905364.9095294 1.7373534189578606 0.4455949963339944 1
1698905364.9596336 1.7409983219748526 0.4465587379577542 0
1698905365.0102842 1.7516687728866258 0.449397389116654 1
1698905365.060014 1.755224620485157 0.4503459820154887 0
1698905365.1102943 1.7623912711734087 0.4522609918139054 0
1698905365.1602638 1.765922966557147 0.4532059064415388 0
1698905365.2103462 1.7731420655876984 0.4551363498066877 0
1698905365.2605333 1.7802615699819324 0.45703593665712305 0
1698905365.3106873 1.7839318117718646 0.4580128127933783 0
1698905365.361279 1.7874778955858974 0.4589544292716316 0
1698905365.4111142 1.794679492862639 0.4608584628045633 0
1698905365.4612925 1.8017919619603333 0.46272637780519105 0
1698905365.5111783 1.8054677463352669 0.463686173491889 0
1698905365.5614154 1.8090360731283668 0.4646137721964041 0
1698905365.6118646 1.8125962214896174 0.4655347164473875 0
1698905365.6617606 1.8198298176219485 0.46739041747482624 0
1698905365.711702 1.8270752447470378 0.4692242350490155 0
1698905365.7623863 1.8306552791122634 0.47011999570229906 0
1698905365.8124616 1.8342349871438324 0.47100781936635394 0
1698905365.8625576 1.8379246900819755 0.4719148955716161 0
1698905365.912502 1.8487650087591803 0.4745296224897712 0
1698905365.9628272 1.8523286730286221 0.4753708119504633 0
1698905366.0127954 1.8558968824441664 0.4761989944667375 0
1698905366.062753 1.866779517343244 0.4786597181875993 0
1698905366.1141946 1.870481027678569 0.47947303238554334 0
1698905366.1640215 1.8740746951802727 0.4802507928940576 0
1698905366.2140872 1.8813530310821451 0.48178991307934455 0
1698905366.2640586 1.8849270492470034 0.4825300561716428 0
1698905366.3143938 1.8921130907562165 0.48398667532723155 0
1698905366.364522 1.8992928158680582 0.48539687366029066 0
1698905366.4147394 1.9029935400519933 0.48610328833028477 0
1698905366.4645555 1.9065938964542497 0.4867783717418354 0
1698905366.514816 1.91387831757772 0.4881084568290354 0
1698905366.5651176 1.9210535555534887 0.48936998849218216 0
1698905366.614907 1.9247517674879573 0.49000144250023403 0
1698905366.6649826 1.928357055478312 0.4906044165400394 0
1698905366.7151632 1.931971656870969 0.4911962974146439 0
1698905366.765271 1.9393220560710467 0.4923606472083443 0
1698905366.8153772 1.946661958530074 0.49346878935722754 0
1698905366.865887 1.9502813035011577 0.4939949416932858 0
1698905366.9157524 1.9539085278693593 0.494508975225358 0
1698905366.966071 1.9612900695844195 0.4955139229253708 0
1698905367.0159786 1.9686863904911465 0.49646492931710223 0
1698905367.0660458 1.972324481362168 0.4969151982754303 0
1698905367.1165292 1.9759677772415805 0.4973492973757753 0
1698905367.166774 1.9797258522105958 0.4977810533965609 0
1698905367.216848 1.990808302293108 0.49896195675983346 0
1698905367.2669444 1.9981335497457153 0.49966447385150264 0
1698905367.3173327 2.001907573360092 0.500001363086779 0
1698905367.3671193 2.0055692357855897 0.5003117405331642 0
1698905367.4171288 2.0130104327395113 0.5008908457738497 0
1698905367.467482 2.0203397883481315 0.501396419634963 0
1698905367.5174234 2.024077600744668 0.5016243051530388 0
1698905367.567636 2.0277017073129424 0.5018273332586942 0
1698905367.618026 2.0313102497992634 0.5020131905504511 0
1698905367.6680975 2.03864562139817 0.5023537742674833 0
1698905367.7180521 2.04602059767325 0.5026193426805629 0
1698905367.7681613 2.0496795691794416 0.5027263108291505 0
1698905367.8179505 2.0533086609003735 0.5028153573680902 0
1698905367.8687994 2.0570471770229473 0.5028898026198098 0
1698905367.9189742 2.068068911791338 0.5030137833437481 0
1698905367.9695895 2.0717102793056803 0.5030237432020405 0
1698905368.0194778 2.0753468930094634 0.5030181959521924 0
1698905368.0700717 2.086375937336187 0.5029067101345633 0
1698905368.1198967 2.090131087033385 0.5028360121821001 0
1698905368.1697822 2.093775916625794 0.5027512491207716 0
1698905368.2290466 2.1011766470670152 0.5025307294725609 0
1698905368.2791362 2.1084725751944053 0.5022509317749994 0
1698905368.3267112 2.112235835228272 0.5020842215788631 0
1698905368.3750637 2.1158909841193703 0.5019056806067641 0
1698905368.4242165 2.1233116534981296 0.5014915326999222 0
1698905368.4737103 2.1269638631497028 0.501263353043969 0
1698905368.5239408 2.1343851915625804 0.5007499930271844 0
1698905368.5735357 2.141697263742818 0.5001780768056857 0
1698905368.6234832 2.145467693930003 0.499857207594259 0
1698905368.673697 2.1491219065019362 0.4995293469734237 0
1698905368.7237911 2.1527721553125274 0.4991854880734382 0
1698905368.7739482 2.1601745660813325 0.4984377560271356 0
1698905368.8240054 2.167557692706008 0.49762502861107116 0
1698905368.873996 2.1711720539342125 0.4972023467578121 0
1698905368.924334 2.174747481539988 0.4967746922599826 0
1698905368.9742262 2.178430983306427 0.49631366763587936 0
1698905369.024462 2.1894189080607913 0.49484770396563815 0
1698905369.074736 2.19300208113063 0.4943441311381671 0
1698905369.1247633 2.200162183719618 0.49327467393893454 0
1698905369.174878 2.2037492267436907 0.49271602155561484 0
1698905369.2259398 2.2110983559551363 0.4915244464090961 0
1698905369.2760117 2.218305932856507 0.49030549354619807 0
1698905369.326372 2.221997170733591 0.48965775643526854 0
1698905369.3766468 2.2255493308586938 0.48901860257769825 0
1698905369.426745 2.2328106422664495 0.4876661274759677 0
1698905369.4769533 2.239981765225433 0.48626956956162426 0
1698905369.526787 2.2436889877012187 0.4855238467664312 0
1698905369.5769374 2.2472626193315515 0.4847897768295408 0
1698905369.6272147 2.2544694250789004 0.48326443168182426 0
1698905369.6773214 2.261572712468756 0.4817018864386046 0
1698905369.7274318 2.2652402888756535 0.48087209906688655 0
1698905369.778059 2.268809842714231 0.48004973238018855 0
1698905369.8278484 2.2723659013474307 0.4792161475414721 0
1698905369.8780658 2.279577060761641 0.4774817608232965 0
1698905369.9283977 2.2867567652185827 0.475696039682627 0
1698905369.978229 2.2902978178056532 0.47479368820431844 0
1698905370.0283723 2.2938416531763393 0.4738768517483244 0
1698905370.0783558 2.301025841853843 0.47197624157847856 0
1698905370.128389 2.3081628469102893 0.4700341958671235 0
1698905370.1786613 2.3116687479392173 0.46906115156295325 0
1698905370.229411 2.315174987802328 0.46808183934942194 0
1698905370.2787848 2.322249875620682 0.46606006393889343 0
1698905370.3288627 2.329308174772079 0.46399424540421547 0
1698905370.378892 2.332793670396936 0.4629579329879285 0
1698905370.4293582 2.3362776320925893 0.46191315017075385 0
1698905370.4791958 2.3398649562100644 0.46082687736162803 0
1698905370.529716 2.3468108212514736 0.45869241067469896 0
1698905370.5798938 2.3538299238119484 0.4564906563663465 0
1698905370.6299648 2.360767258214347 0.4542785136216007 0
1698905370.6801038 2.3677143220446006 0.452017568791305 0
1698905370.729965 2.3713062115513197 0.4508298346615627 0
1698905370.7800963 2.3747540724914766 0.4496793436445224 0
1698905370.830193 2.3816810748230304 0.4473349195564924 0
1698905370.8804002 2.3851130850340083 0.44615734570851395 0
1698905370.9307141 2.3921263955188805 0.4437187634900265 0
1698905370.9812253 2.3990104892277206 0.44128317157655883 0
1698905371.030962 2.402542444011036 0.44001746946420256 0
1698905371.0812042 2.4059494000398347 0.438786416796495 0
1698905371.131447 2.4093645170444185 0.4375428437728817 0
1698905371.181872 2.416294692083556 0.4349896281001014 0
1698905371.2315643 2.423245950602991 0.4323893743214665 0
1698905371.2820535 2.426657858816578 0.43109868602828927 0
1698905371.3318594 2.4300528352908635 0.4298055146816829 0
1698905371.3819785 2.4369332900128367 0.4271579682910042 0
1698905371.431813 2.4438098217709063 0.424477299642444 0
1698905371.4819589 2.447199652455411 0.42314478152212415 0
1698905371.5320282 2.450581702783719 0.42180800177226474 0
1698905371.582516 2.454058334245568 0.42042981624883385 0
1698905371.6325634 2.4642275167620045 0.41635283786772176 0
1698905371.682897 2.4709408816972274 0.41363124202466367 0
1698905371.7329412 2.474403235677009 0.41221995357683144 0
1698905371.7829168 2.477763235848837 0.4108455833114878 0
1698905371.832997 2.484572790473918 0.40804707544823515 0
1698905371.8830183 2.4912754975358857 0.40527590268846075 0
1698905371.9338105 2.4947267148572037 0.40384237345087104 0
1698905371.9833004 2.4980768565980296 0.40244660920465425 0
1698905372.0339677 2.504869600741372 0.3996043173437538 0
1698905372.0838504 2.511485713028496 0.39681409141440915 0
1698905372.1340327 2.514903082110571 0.39536291641839727 0
1698905372.1840951 2.51823024590562 0.3939464731597667 0
1698905372.23417 2.525067385882775 0.3910194404378377 0
1698905372.2842917 2.5317227081592386 0.3881503384075528 0
1698905372.3344736 2.535159212943281 0.3866615053997829 0
1698905372.3843684 2.5384596094155523 0.3852270397115235 0
1698905372.434772 2.541776060313282 0.3837814505654318 0
1698905372.4856699 2.548512744291952 0.38083206467128966 0
1698905372.534844 2.5553045260775025 0.37784201096574715 0
1698905372.585195 2.558634122122298 0.376370404658073 0
1698905372.6355627 2.561940388954736 0.3749056624661991 0
1698905372.6857305 2.5686467126345573 0.37192432066592396 0
1698905372.7355695 2.5753738475089594 0.36892076347238867 0
1698905372.7857404 2.578701737685449 0.3674309242694613 0
1698905372.8357124 2.582019842663842 0.3659429518811873 0
1698905372.8859766 2.592047068942519 0.36143567181470676 0
1698905372.9359753 2.5954445370854526 0.3599124725670807 0
1698905372.9859061 2.5987279434449886 0.3584343425748868 0
1698905373.0358682 2.6054221759844185 0.3554208782875789 0
1698905373.0859234 2.612031703737073 0.35244767868924376 0
1698905373.1361868 2.6154345458186667 0.35091816636598755 0
1698905373.186703 2.6187400549801434 0.3494332607223933 0
1698905373.2368338 2.6254507119472934 0.34642166712723005 0
1698905373.2883687 2.6287556235335785 0.3449400502551794 0
1698905373.3369868 2.6354715262113895 0.3419326119688956 0
1698905373.3872268 2.642088047598933 0.33897377015662433 0
1698905373.437454 2.6454960845436033 0.33745095606786196 0
1698905373.4874365 2.6487970731855404 0.3359768491573979 0
1698905373.5381377 2.6554233409742927 0.3330153253880913 0
1698905373.5877373 2.662024499666632 0.3300597283167912 0
1698905373.6379576 2.665433245436061 0.3285348413162134 0
1698905373.6878057 2.6687790594290632 0.32703854440685415 0
1698905373.7379866 2.675489654436567 0.32403824526995234 0
1698905373.7880635 2.6820753881740096 0.3210968847637013 0
1698905373.8382263 2.685453387125182 0.3195894636951527 0
1698905373.8883388 2.6887639535470433 0.31811304459529555 0
1698905373.9386163 2.692099565674916 0.3166265677689008 0
1698905373.9890137 2.6988819010136162 0.31360787612356056 0
1698905374.0390384 2.70562330590584 0.3106130402783296 0
1698905374.089263 2.70892862871039 0.30914696733654495 0
1698905374.139557 2.71224864830859 0.30767614989076864 0
1698905374.1893327 2.7156726690286974 0.30616125518536363 0
1698905374.239406 2.725747090423561 0.3017181198720622 0
1698905374.2897062 2.72907051677142 0.3002579502257216 0
1698905374.340057 2.7323924798099446 0.2988019604957909 0
1698905374.3905072 2.7424335262428925 0.29443886672742436 0
1698905374.4399824 2.7458492822887792 0.29296074751215756 0
1698905374.4900231 2.7524920723307087 0.2900991451402827 0
1698905374.5403214 2.7559223193635365 0.28862982838285006 0
1698905374.5903358 2.7592535875973994 0.28720831381830453 0
1698905374.6408632 2.7660226905337555 0.2843360681067412 0
1698905374.690984 2.772696752975565 0.2815256397334911 0
1698905374.7414966 2.7761390026148307 0.2800843803434445 0
1698905374.7913644 2.7794832203801407 0.2786894611622808 0
1698905374.8414495 2.782828207876924 0.27729916315448505 0
1698905374.8914986 2.7896130015024685 0.27449412947953755 0
1698905374.9414876 2.7963163112765566 0.2717349346910654 0
1698905374.9915836 2.7996706368524316 0.27036059193748 0
1698905375.0423656 2.8030507388204917 0.26897677835377565 0
1698905375.091882 2.8065419746474425 0.26755389339581226 0
1698905375.1418188 2.816684556564377 0.263443390376492 0
1698905375.1919715 2.820017618916841 0.26210041032502723 0
1698905375.2420597 2.8233990890254725 0.26074220843069995 0
1698905375.2923791 2.8336375814746266 0.25665421271023364 0
1698905375.3427472 2.8370963556428883 0.25528213304452024 0
1698905375.3931165 2.843843432249637 0.25261886672636147 0
1698905375.4429896 2.843843432249637 0.25261886672636147 0
1698905375.493656 2.85411704164895 0.24859820050854392 0
1698905375.5435398 2.857601176275136 0.24724474447872005 0
1698905375.5934963 2.860984967533857 0.2459352044078238 0
1698905375.6438098 2.867896176271276 0.24327665120227576 0
1698905375.6937273 2.874694760596421 0.2406832931068528 0
1698905375.7439013 2.8781892510147387 0.23935970281763302 0
1698905375.7940626 2.881579522283106 0.23809343297576746 0
1698905375.8444076 2.888450027007337 0.23553953879624728 0
1698905375.894272 2.8952443592464814 0.2330330560117007 0
1698905375.9444613 2.898748692006946 0.23175204729159285 0
1698905375.9944594 2.9021608521719715 0.23051260724912775 0
1698905376.0445416 2.9090760901613604 0.22802492219054046 0
1698905376.0946312 2.915893882028121 0.22560314459506378 0
1698905376.1447444 2.919415112675097 0.2243641251660096 0
1698905376.1952431 2.922834060780185 0.2231685702660747 0
1698905376.2452364 2.9297661392093777 0.22076571940585968 0
1698905376.2954865 2.933156516903396 0.2196007267502929 0
1698905376.3455791 2.9400556794001886 0.21723848222147837 0
1698905376.3956676 2.9469519299353952 0.21490117347803536 0
1698905376.4460936 2.950527775106146 0.21369871411594038 0
1698905376.4958622 2.9539643761250214 0.212549200996465 0
1698905376.545855 2.960891265075533 0.21025074958195444 0
1698905376.5959933 2.967748546298978 0.20799940819650192 0
1698905376.6460795 2.9713040410606824 0.2068413558617652 0
1698905376.696291 2.9747758890224043 0.20571643790371605 0
1698905376.7465773 2.9782315408344635 0.2046013775161707 0
1698905376.796695 2.985253022968127 0.20235301196295555 0
1698905376.84679 2.992254914925457 0.20013468062317347 0
1698905376.8967018 2.995723124599475 0.19904466175316549 0
1698905376.9471107 2.999194882287857 0.19795939642226326 0
1698905376.9979608 3.006266763233658 0.19576734959227188 0
1698905377.0471199 3.01334223282028 0.1935993591324913 0
1698905377.0974376 3.0168188689634907 0.19254300971987506 0
1698905377.147724 3.020304283760916 0.19149008061690895 0
1698905377.1977708 3.027383399991955 0.18937145541154338 0
1698905377.2478101 3.0344758393107885 0.18728882605115754 0
1698905377.2982497 3.037963174705123 0.18628138369865835 0
1698905377.3482654 3.041433398277566 0.18528162417328176 0
1698905377.3984692 3.048469689823949 0.18327362536299108 0
1698905377.4483702 3.0555772622318664 0.1812794172199499 0
1698905377.4984944 3.059075376031025 0.18031060318426737 0
1698905377.5486474 3.0625560565267516 0.17935461331006264 0
1698905377.5987728 3.0661402273646012 0.17837857337605187 0
1698905377.648794 3.0801113321514046 0.1746383865007852 0
1698905377.6998641 3.083628506109308 0.17371317946422135 0
1698905377.750035 3.08724182787887 0.17276586438474126 0
1698905377.800012 3.090738357603362 0.171855927329346 0
1698905377.8498578 3.0978583334390364 0.17002273446201924 0
1698905377.8998704 3.104879061483672 0.16824015868543202 0
1698905377.9500473 3.10850730991716 0.16732865955910434 0
1698905378.000371 3.112025241776818 0.16645113964986885 0
1698905378.0507686 3.115542150409963 0.1655799890315482 0
1698905378.101065 3.122691027261081 0.16382784868217073 0
1698905378.15107 3.12986009821364 0.16209473818421785 0
1698905378.2008493 3.1333981512501174 0.16124724760992978 0
1698905378.2511969 3.1369334165154457 0.16040617319655023 0
1698905378.301293 3.1441182595403614 0.15871439827329226 0
1698905378.3512845 3.1513162592544686 0.15704307298486608 0
1698905378.4017906 3.154865504152917 0.15622764102933395 0
1698905378.4516754 3.158417120740478 0.1554177210008432 0
1698905378.5019093 3.165637891878672 0.15378810355856445 0
1698905378.552364 3.1728665572731583 0.15217929187537754 0
1698905378.6020947 3.1764269615602894 0.15139591117705606 0
1698905378.6522937 3.1799873674166848 0.15061962344590324 0
1698905378.7026002 3.1907728550816254 0.14831231643573978 0
1698905378.7530484 3.1979830583236026 0.14681729306201746 0
1698905378.8031409 3.2015111541198524 0.14609061202494086 0
1698905378.853164 3.205156311138327 0.14534914686535183 0
1698905378.903964 3.2087160708637725 0.14463191361753397 0
1698905378.9542682 3.215930011903026 0.14320037992693374 0
1698905379.0043929 3.2229562031405323 0.14183135959837664 0
1698905379.0544305 3.226575033005199 0.14112854551406448 0
1698905379.1047034 3.2301278133502302 0.14044962476201928 0
1698905379.1548946 3.237462180249367 0.13906285106465174 0
1698905379.204972 3.2445828368704 0.13773929989084338 0
1698905379.255311 3.2482601626382688 0.13706441351993434 0
1698905379.3055375 3.251783743108495 0.13642347358637638 0
1698905379.355645 3.2553415274335857 0.13578160903705414 0
1698905379.4058833 3.262580937926812 0.13449194651462376 0
1698905379.4560912 3.2699096754763803 0.13320848257420925 0
1698905379.506442 3.2734955082936756 0.1325884076950495 0
1698905379.5563934 3.2770507275251166 0.13197866145826437 0
1698905379.6065664 3.2842688663840884 0.13075511285595195 0
1698905379.6567752 3.291588374975816 0.12953372563598284 0
1698905379.7072542 3.295199727137508 0.1289381693731455 0
1698905379.7571366 3.298778470215865 0.12835276706385887 0
1698905379.8070219 3.306045447961499 0.1271785239603258 0
1698905379.857592 3.3133737512590082 0.12601380029666057 0
1698905379.907236 3.3169880217274264 0.12544661408688573 0
1698905379.9573863 3.320584472373758 0.12488657449332494 0
1698905380.0081062 3.3242914296682287 0.1243141927240223 0
1698905380.0579884 3.331500857572546 0.12321550910774892 0
1698905380.1078906 3.3388372629767087 0.12211764528889388 0
1698905380.1586845 3.342438983925443 0.12158648478537376 0
1698905380.2088373 3.35334201811198 0.12002663871887805 0
1698905380.2586536 3.357028082924814 0.11950932694473887 0
1698905380.3097842 3.360601627680947 0.1190118157929643 0
1698905380.359238 3.3678377390115366 0.1180206029985206 0
1698905380.4096947 3.3713541331466397 0.1175459929346542 0
1698905380.4600792 3.3786206213626198 0.11657001557861724 0
1698905380.5096107 3.385857600282455 0.11561803863487415 0
1698905380.5597084 3.3896136004278814 0.11513098813277783 0
1698905380.6100261 3.3932102871064815 0.11466915074550452 0
1698905380.660168 3.396781538620686 0.11421492152246923 0
1698905380.7101357 3.404015411949329 0.11330757860163378 0
1698905380.7599955 3.4113186746496558 0.11240853668168023 0
1698905380.8101296 3.4149520691145834 0.11196742485977157 0
1698905380.8606527 3.418560201122488 0.11153342189009964 0
1698905380.910541 3.4258861329491697 0.11066419317414662 0
1698905380.96099 3.4332142551109857 0.10981016223027244 0
1698905381.0109026 3.4368256989523536 0.10939460776241713 0
1698905381.0610807 3.4404398114284196 0.10898220654469357 0
1698905381.1113136 3.447782931021424 0.10815490223461542 0
1698905381.161099 3.455133108394128 0.1073409485662383 0
1698905381.2121513 3.458755252167379 0.10694505208160673 0
1698905381.2618399 3.462377026149489 0.10655258457074762 0
1698905381.3116739 3.4733647489750363 0.10538256562608936 0
1698905381.3624525 3.477105739460684 0.10499092776177704 0
1698905381.41338 3.484367752878821 0.10424048353476127 0
1698905381.4628432 3.4881099806127027 0.10385909296036176 0
1698905381.5129335 3.495371918709751 0.10312967501873824 0
1698905381.5631475 3.4991113111094103 0.10275982943661185 0
1698905381.612742 3.5027356194721366 0.10240547718736705 0
1698905381.6628647 3.5100869278245357 0.10170744020128973 0
1698905381.712913 3.517269835121394 0.10103315576520738 0
1698905381.7635593 3.520913076178804 0.10069795860654546 0
1698905381.813375 3.5244463223309253 0.10036506280475978 0
1698905381.8638165 3.5318131990251875 0.09969266580738531 0
1698905381.913773 3.5354246349819114 0.09936711602631644 0
1698905381.963892 3.542711701964726 0.09871998075160565 0
1698905382.0150137 3.549900526181237 0.0980932948473021 0
1698905382.0661173 3.5536135894983043 0.09777416122887465 0
1698905382.1155663 3.557235455986432 0.09746573695435269 0
1698905382.165929 3.564592538065782 0.09684783046788643 0
1698905382.2172053 3.5718378779747844 0.09625019791374582 0
1698905382.2665744 3.5755596281889703 0.09594744703898012 0
1698905382.3162184 3.5791751941707397 0.0956559076219054 0
1698905382.3664875 3.5865188244058634 0.09507108775204999 0
1698905382.4173033 3.5937767600768002 0.09450227918901806 0
1698905382.4669652 3.597517392217662 0.09421261147963866 0
1698905382.5168898 3.601148807499909 0.09393361958958642 0
1698905382.5669413 3.6047747708576576 0.09365718654757901 0
1698905382.617309 3.6121401516911655 0.0931021742071511 0
