1699267114.7057838 -0.017660463729540724 -0.0013034451825521367 0
1699267114.979817 -0.008850197259887171 -0.0028925874362084845 0
1699267115.1297326 -0.008850197259887171 -0.0028925874362084845 0
1699267115.161308 0.0052081697234880675 -0.005471667569151252 0
1699267115.1779673 0.01279660154204313 -0.006857004909501698 0
1699267115.2109742 0.02001945389635186 -0.008152223156459285 0
1699267115.2415214 0.025942386166291884 -0.009201975541009572 0
1699267115.2806194 0.025942386166291884 -0.009201975541009572 0
1699267115.3304052 0.0307504473405794 -0.010040984446761131 0
1699267115.380578 0.0486160842556341 -0.013030046288663314 0
1699267115.4307804 0.05642287200660579 -0.014296584517162918 0
1699267115.4808955 0.06371465216193968 -0.015478013734044477 0
1699267115.5307927 0.07669594076278333 -0.0177419055974144 0
1699267115.5813923 0.0867557354287017 -0.01945789009523985 0
1699267115.6310868 0.09727442697518082 -0.021206103172037288 0
1699267115.6816468 0.10367516142718858 -0.02230404139907519 0
1699267115.7314749 0.11050355996461846 -0.023465076360997133 0
1699267115.7816768 0.11685895095914339 -0.024517102457968207 0
1699267115.8317294 0.12768777902446254 -0.026248418191537573 0
1699267115.881742 0.13855513699609215 -0.027912117406603 0
1699267115.9331446 0.14422893288166064 -0.02875202890960057 0
1699267115.9820993 0.15096706765837792 -0.029732266467622833 0
1699267116.0322342 0.1642935312261985 -0.03159988181839908 0
1699267116.0820055 0.17591437849103161 -0.03314401044309207 0
1699267116.1322255 0.18065378553411582 -0.033745963109423904 0
1699267116.1826923 0.18666870195374466 -0.03449224041084728 0
1699267116.2325394 0.2003908591393829 -0.0361237281283518 0
1699267116.2830055 0.2150079772238802 -0.0377723777168251 0
1699267116.3335407 0.2207869651946135 -0.03842038036181256 0
1699267116.383096 0.22592304191000387 -0.03903332575700421 0
1699267116.4330225 0.23616004129832532 -0.04034358141733065 0
1699267116.4834018 0.24728293251425038 -0.04190927829334433 0
1699267116.5334837 0.2538334614379933 -0.042891103059693195 0
1699267116.5835948 0.2610261888607202 -0.04394227315117037 0
1699267116.6336946 0.2685060793096476 -0.04500358979227042 0
1699267116.6838365 0.2792686110987663 -0.04646858205940611 0
1699267116.7341332 0.28886520624258955 -0.047692817367351405 0
1699267116.784603 0.2950216169175381 -0.048439684667138 0
1699267116.8348722 0.30235268356613404 -0.04932316143905266 0
1699267116.8848214 0.32139164001130516 -0.05146982034157428 0
1699267116.9349477 0.32603437255594014 -0.05195084104261363 0
1699267116.9848082 0.33169328288520317 -0.05251475424590992 0
1699267117.0351133 0.33883261642524826 -0.053193104248002394 0
1699267117.0848446 0.35306791841082386 -0.054506327496030314 0
1699267117.13542 0.36396926094269155 -0.055409940182797324 0
1699267117.1855793 0.3696600956779154 -0.055849130108216474 0
1699267117.236818 0.3813540076531685 -0.056730879111106115 0
1699267117.2871983 0.3941956332982672 -0.05784506167071398 0
1699267117.3365057 0.40084746573634145 -0.05838855567570297 0
1699267117.3864653 0.41273551107592044 -0.0592856399780212 0
1699267117.4362755 0.4181987624018647 -0.05966289804045511 0
1699267117.4865391 0.42408323939758863 -0.060045921040522546 0
1699267117.536924 0.4372457308894143 -0.06082245256300298 0
1699267117.5879025 0.45089557869060076 -0.06151568553563774 0
1699267117.637807 0.45680780670286786 -0.061779325115447106 0
1699267117.6876976 0.46208912552821696 -0.061992765986901475 0
1699267117.7377298 0.47269306072834333 -0.062358078695160524 0
1699267117.7878354 0.4860775491435514 -0.06272113882207701 0
1699267117.838141 0.4931671636746733 -0.06287558983434131 0
1699267117.8890905 0.49922673622071184 -0.06298244616716649 0
1699267117.9387326 0.5102219562158873 -0.06310782115837328 0
1699267117.9885519 0.5199894110775545 -0.06313290232271047 0
1699267118.0387886 0.525496849130386 -0.06316012337635127 0
1699267118.088277 0.5317893406578786 -0.06326153502926107 0
1699267118.1384795 0.5461489908886425 -0.0636700294284595 0
1699267118.1883953 0.5600908190213697 -0.06402798099370455 0
1699267118.242072 0.5659603968461676 -0.0641485980450833 0
1699267118.2920003 0.5710522763050135 -0.06423140807181311 0
1699267118.3421335 0.576172013385296 -0.06429448848557359 0
1699267118.3925266 0.5948357532673193 -0.06437628812586205 0
1699267118.4427207 0.6024078274479971 -0.06435437992027383 0
1699267118.4933395 0.6087923365281842 -0.06431235107089892 0
1699267118.5430775 0.6181727655070924 -0.06419592870006134 0
1699267118.5929492 0.6298354086071329 -0.0639688954256658 0
1699267118.6434498 0.6448458193253749 -0.06361347231167763 0
1699267118.6934192 0.6532537341103947 -0.06337711508169967 0
1699267118.7435992 0.6605165911582068 -0.06312026731273299 0
1699267118.7938051 0.6667041499917231 -0.06281580997916848 0
1699267118.843888 0.6773503853999573 -0.06190671130647104 0
1699267118.8941026 0.6873156775037584 -0.06078439464799998 0
1699267118.9445007 0.6928966544157039 -0.06014864368977922 0
1699267118.9948018 0.6998229049635087 -0.0593880388683342 0
1699267119.0450156 0.7075889835281146 -0.05852572822863566 0
1699267119.0949655 0.7216966928827924 -0.05695580366233648 0
1699267119.1454387 0.7309373972214639 -0.05591998044147949 0
1699267119.1955059 0.736357922700916 -0.05528742423117598 0
1699267119.2461364 0.7488374954191106 -0.05375573213953096 0
1699267119.2961884 0.7616931313950255 -0.05209697919281017 0
1699267119.3460321 0.7684495594283665 -0.05121776861028006 0
1699267119.3959556 0.7799679595464493 -0.04967775328513572 0
1699267119.445963 0.7857082541068608 -0.04890810225991376 0
1699267119.4958985 0.7995166698510464 -0.047009734117247105 0
1699267119.546285 0.8059324837243053 -0.046119585138517036 0
1699267119.5972168 0.8181124653861017 -0.04437943299432941 0
1699267119.646928 0.8235540907921238 -0.043540350455489124 0
1699267119.697218 0.8291654201493837 -0.042657889645984624 0
1699267119.7475564 0.8411822206529493 -0.040790128837196474 0
1699267119.79768 0.8549084895503156 -0.038665408897364834 0
1699267119.8481472 0.8614883476212997 -0.037645296933712664 0
1699267119.897901 0.8674511314869878 -0.0367467569074773 0
1699267119.9491098 0.8734467872298777 -0.035916782455278046 0
1699267120.0001023 0.8839404861553471 -0.03445867111230878 0
1699267120.0505066 0.8965367768584657 -0.032652542643211324 0
1699267120.1002305 0.9032785229510054 -0.03168060072789515 0
1699267120.150225 0.910257889940284 -0.030669676702339783 0
1699267120.2002242 0.9259040919459747 -0.028371964347460123 0
1699267120.2504084 0.9308706206301322 -0.027643775810266565 0
1699267120.302605 0.937108178805784 -0.026705907151432343 0
1699267120.3509958 0.9446869123903077 -0.025572923651961947 0
1699267120.4011896 0.9635096953408956 -0.02269114685426888 0
1699267120.450989 0.9679080698955003 -0.021993030607774838 0
1699267120.501027 0.9775255184741012 -0.020489927345459093 0
1699267120.551251 0.9834280601301221 -0.019689334551276833 0
1699267120.6014557 0.9899774167098819 -0.018918539966202092 0
1699267120.6515734 1.00449583748403 -0.017508724377738576 0
1699267120.7021763 1.0165787956946533 -0.016397128619256563 0
1699267120.752198 1.0219826913144394 -0.015938966641895064 0
1699267120.8021634 1.0276506549380602 -0.015435879793823241 0
1699267120.8524406 1.0402740453522525 -0.014277110703207946 0
1699267120.9030619 1.053738634390633 -0.012998004464923245 0
1699267120.952861 1.0600885440093255 -0.012388052433721666 0
1699267121.0028675 1.0656171509794643 -0.011851998130759779 0
1699267121.053372 1.071406404245256 -0.011290862932141543 0
1699267121.1034749 1.0827551143808138 -0.010164932112904883 0
1699267121.1538842 1.0948011628791336 -0.00895648035756378 0
1699267121.203688 1.1012887311451482 -0.008300158257172502 0
1699267121.2539485 1.107175734414245 -0.007697360727046536 0
1699267121.3039486 1.1249110831189832 -0.0058850836794131995 0
1699267121.3540578 1.1314597686102776 -0.0052251462954301464 0
1699267121.4042368 1.138105959756104 -0.004572525091475605 0
1699267121.4546678 1.1494845730883736 -0.0034485649266006563 0
1699267121.5046492 1.1600490338758165 -0.0024103340141879274 0
1699267121.5546737 1.1663694016263548 -0.0017997519286094916 0
1699267121.6047614 1.1801392391952383 -0.00043947772597089296 0
1699267121.655047 1.187047396774021 0.00025439969178359784 0
1699267121.7048328 1.1927364540211718 0.0008257926866124924 0
1699267121.7551277 1.2032177849825012 0.0018799050210626502 0
1699267121.8055494 1.2129006678033187 0.0028543579159254536 0
1699267121.8555577 1.219109215600397 0.003499003408520703 0
1699267121.9058769 1.2262734403385323 0.004254302094648727 0
1699267121.955757 1.2411446069741046 0.005811716434831139 0
1699267122.0059502 1.2520210632730686 0.006986834924670355 0
1699267122.0558953 1.2567666671073354 0.007498178586818508 0
1699267122.1057932 1.2627668832638268 0.00814207511455341 0
1699267122.1561155 1.2764116159025831 0.00957865297385641 0
1699267122.2063875 1.291634047594275 0.011122385741079183 0
1699267122.2569332 1.2980885471251027 0.011768691291620606 0
1699267122.3068752 1.3029690100798141 0.012243349844516794 0
1699267122.357761 1.307342712163678 0.01266794388851724 0
1699267122.4070325 1.316964635891588 0.013580407586439788 0
1699267122.4576023 1.3288160858701603 0.014700639472827964 0
1699267122.507237 1.3348162227935034 0.015350056699325928 0
1699267122.5576801 1.3405680920223726 0.01595722370171203 0
1699267122.6078572 1.3520126226823725 0.017160435159791813 0
1699267122.658209 1.364388724636552 0.018449627217874638 0
1699267122.7082608 1.370537649436831 0.019083549518175216 0
1699267122.7585077 1.3768659383940107 0.019733082520846025 0
1699267122.808718 1.3886017070319088 0.020925997858869075 0
1699267122.8587787 1.4006582625373722 0.02213450041697816 0
1699267122.9093807 1.4068259759318114 0.022746768667737408 0
1699267122.9588106 1.4132069437323498 0.023374143320465453 0
1699267123.0091157 1.431406036453463 0.025130099632878877 0
1699267123.0593917 1.4373010304380023 0.025691283816434252 0
1699267123.1090765 1.4434300248698857 0.026254055091113233 0
1699267123.1595302 1.4561350491695282 0.027403185766244554 0
1699267123.209672 1.4680022124173495 0.028439856689708814 0
1699267123.259849 1.47963785314675 0.029427628182235346 0
1699267123.3099248 1.4855888520794194 0.029928417425445865 0
1699267123.3601468 1.4918158377249155 0.030469646851459527 0
1699267123.4101248 1.5241087206814437 0.033225422841102255 1
1699267123.5710738 1.5305199334274338 0.03375563097284714 1
1699267123.6209 1.5369354945521523 0.03428099097553643 1
1699267123.6709437 1.5545063568573656 0.035699573305963364 1
1699267123.720837 1.5603541707997937 0.0361683267210686 0
1699267123.7707937 1.5670563466009677 0.03670148563569096 0
1699267123.8211443 1.5736553013946597 0.0372203937601402 0
1699267123.8712606 1.5804328929590963 0.0377507965722948 0
1699267123.9215624 1.599158795362653 0.0392696539635064 0
1699267123.9720283 1.6046110752762692 0.03972254554587571 0
1699267124.0218756 1.6105100889429735 0.04020673583443186 0
1699267124.0717354 1.6294360743371659 0.041707454896312945 0
1699267124.1218219 1.6357396282786654 0.042199282434598126 0
1699267124.172227 1.6418479065441773 0.04267361201312591 0
1699267124.2225113 1.654028880615634 0.04361191399648707 0
1699267124.2727082 1.6599821479831964 0.04406277597367731 0
1699267124.3229363 1.6725186040374616 0.04500149085327738 0
1699267124.3730903 1.684927431731439 0.0459154522512516 0
1699267124.4230604 1.6913477318075347 0.04638234616080979 0
1699267124.473236 1.6973186341967983 0.046812625763209055 0
1699267124.5234363 1.7032304042595692 0.04723500082764255 0
1699267124.5738301 1.7152316881784826 0.04808028884265514 0
1699267124.6236584 1.7278926015425016 0.048953656874952484 0
1699267124.674095 1.7341956798417364 0.04937993852759083 0
1699267124.7240107 1.740156501024264 0.049774960469795904 0
1699267124.7742357 1.758591488223871 0.05095289818589865 0
1699267124.8242762 1.765190326372015 0.05132010267547599 0
1699267124.8743026 1.771494404057425 0.05166577697615314 0
1699267124.925205 1.7771674954295134 0.0519585866921731 0
1699267124.9745631 1.7940517655375436 0.05287848553417815 0
1699267125.0249045 1.8006253349110923 0.053287948455145104 0
1699267125.0751297 1.8075840151838376 0.053725851120289485 0
1699267125.1249094 1.8196824537763823 0.05446710485762116 0
1699267125.1753185 1.8308143686350495 0.055131879719907816 0
1699267125.225527 1.8376454134235944 0.05553968481539644 0
1699267125.2760866 1.843723294249952 0.05589282034774434 0
1699267125.326098 1.854866141870101 0.056515312495229154 0
1699267125.376158 1.8609727764806427 0.05684767865351249 0
1699267125.426645 1.874996972250525 0.05758435649496558 0
1699267125.4766855 1.888069102750271 0.0582419436106699 0
1699267125.5267348 1.8942371454777025 0.058539881362280693 0
1699267125.5767074 1.899756460478691 0.058820336019802744 0
1699267125.6285334 1.91162246852673 0.05936822563703577 0
1699267125.6780589 1.9244450418535957 0.05988994825255688 0
1699267125.7281783 1.9315619076237551 0.06016227125876633 0
1699267125.7782807 1.938076140651234 0.06037833716788414 0
1699267125.829259 1.9498985353764253 0.06062288589268061 0
1699267125.8788552 1.9606942624115349 0.060813790940692614 0
1699267125.9294193 1.9666345141077792 0.060920148722622885 0
1699267125.979305 1.9734619890497143 0.0610413657679294 0
1699267126.029871 1.9798564681856647 0.061157282723344954 0
1699267126.0798862 1.9926691256906688 0.061358929750874355 0
1699267126.1301286 2.002341523764245 0.061508733327224216 0
1699267126.180109 2.0078088337552105 0.061583594252662334 0
1699267126.2302809 2.014623627221336 0.06165391033106945 0
1699267126.2804928 2.0305847358786013 0.061835657871306175 0
1699267126.3307118 2.0421826181024816 0.061982663960737844 0
1699267126.3812892 2.04628612913167 0.062035087164156906 0
1699267126.4314537 2.051555918443584 0.062093425525901656 0
1699267126.481635 2.0646490546545233 0.06216473101427379 0
1699267126.5316427 2.0784800207708813 0.06213240137129693 0
1699267126.581834 2.0845669488602794 0.062076145103000524 0
1699267126.6319585 2.090188301523971 0.06197899890557082 0
1699267126.6818209 2.108179505295407 0.06162430545348584 0
1699267126.7318978 2.115133752415284 0.061502037588570146 0
1699267126.7821023 2.1273763038440467 0.06126565927895501 0
1699267126.8323147 2.132875573671413 0.06114961857653749 0
1699267126.8822916 2.1379998446796327 0.061039969625685676 0
1699267126.9325686 2.1516680177506924 0.060728530587707115 0
1699267126.9824898 2.165999429521678 0.060387067128091866 0
1699267127.0326543 2.173538930439276 0.0602005857883938 0
1699267127.0826848 2.179212812461388 0.060061506359736415 0
1699267127.1331153 2.1888508978443846 0.05981701559672928 0
1699267127.183039 2.1996604351742466 0.059519806357795746 0
1699267127.2332594 2.2066241500491444 0.05929753422840974 0
1699267127.283146 2.2139410025337782 0.059050827372907684 0
1699267127.333337 2.2207372947583486 0.05883357660572208 0
1699267127.383438 2.23289493842631 0.05850621133579322 0
1699267127.4336858 2.2422888969340247 0.05822538180739026 0
1699267127.4837985 2.247196118695256 0.05808075076144577 0
1699267127.534756 2.2529081906050874 0.05799771268846571 0
1699267127.584977 2.2668233362849897 0.058008170713598504 0
1699267127.634642 2.279425255688057 0.05805958010890878 0
1699267127.684743 2.284130766215805 0.058074925010311626 0
1699267127.7346134 2.288353906316471 0.05808464481623545 0
1699267127.7849722 2.3095512715846476 0.05813371992129778 0
1699267127.8355262 2.3182197677786225 0.05813647233824956 0
1699267127.8860238 2.3307959421906 0.058131304532511745 0
1699267127.9364967 2.334849536005582 0.058126578436648424 0
1699267127.986133 2.339836441318743 0.058116521842197934 0
1699267128.0357654 2.353349023905392 0.05805733966271561 0
1699267128.0857987 2.368479353063864 0.057882442470130226 0
1699267128.136043 2.3762014783684338 0.05781429095872635 0
1699267128.1860886 2.38295152139099 0.05775432915606068 0
1699267128.2362032 2.3930673051235853 0.05760122021604192 0
1699267128.2862213 2.4028106855451847 0.057394628137373734 0
1699267128.3367004 2.4083494061465873 0.05730630764649021 0
1699267128.3868253 2.414785875656829 0.05723335477328233 0
1699267128.4367952 2.4288725397770703 0.057080958061525536 0
1699267128.4869828 2.4410785811037234 0.05692926819374789 0
1699267128.5368114 2.44633428613808 0.056854323714177125 0
1699267128.5869758 2.4513617289911527 0.05677232780738772 0
1699267128.6375318 2.464632404424004 0.05655670479498916 0
1699267128.6877043 2.4792643200909334 0.05628378620878913 0
1699267128.7378364 2.486822334620371 0.056129546849289697 0
1699267128.7880528 2.4928886022809937 0.05600130657214122 0
1699267128.8380177 2.5209092543784806 0.055311336562811314 1
1699267128.9976397 2.5209092543784806 0.055311336562811314 1
1699267129.047488 2.542270836670211 0.05488287237248217 1
1699267129.1897857 2.542270836670211 0.05488287237248217 1
1699267129.2245874 2.544686759870343 0.05486091370046638 1
1699267129.2413008 2.5534924144490057 0.05470340565991418 1
1699267129.380235 2.5534924144490057 0.05470340565991418 1
1699267129.4297678 2.554941517780545 0.05467170104767913 1
1699267129.4799376 2.561815612065983 0.05452670104401435 1
1699267129.6882992 2.569036192041965 0.0543641687387918 0
1699267129.8820653 2.5703796652465183 0.05433348630974879 0
1699267129.931793 2.576994002306327 0.0541802079000411 0
1699267130.1231573 2.5779274567006287 0.05415793611365457 0
1699267130.1731558 2.579823857393399 0.05411227763292085 0
1699267130.2230482 2.5889441611069968 0.05389444105274488 1
1699267130.4113271 2.5903767873495154 0.05385918038645132 0
1699267130.461607 2.591815256068052 0.053823629867053545 1
1699267130.5119872 2.5973900383202313 0.05368427148477391 1
1699267130.6980612 2.5973900383202313 0.05368427148477391 0
1699267130.7314696 2.598155013423605 0.05366468280193388 0
1699267130.781525 2.6040562499373823 0.05351687502348679 0
1699267130.972289 2.6050831674453567 0.053491207339740325 0
1699267131.021829 2.6060804351950364 0.05346629536660577 0
1699267131.0721927 2.6113161260177296 0.05333738458611682 1
1699267131.2677653 2.6127808585588053 0.05330114644792647 0
1699267131.317988 2.613564927865602 0.05328190006325008 0
1699267131.3678548 2.619166877528468 0.05314478494635303 0
1699267131.5586362 2.619166877528468 0.05314478494635303 0
1699267131.6085274 2.6206755761696567 0.05310817452432136 0
1699267131.6595085 2.6214061896310334 0.053090502888755144 1
1699267131.7100365 2.6258878941554955 0.052981539170885744 0
1699267131.910485 2.6274008875449866 0.05294472405725466 0
1699267131.9611542 2.6288900381213103 0.05290845982740965 0
1699267132.0112484 2.629593108167843 0.05289135313725829 1
1699267132.06172 2.6340643014955396 0.05278155519250479 0
1699267132.2508256 2.6348336956048954 0.05276255678226971 0
1699267132.3014214 2.635580420634124 0.0527440806121414 0
1699267132.351312 2.636997018793969 0.05270896003917374 1
1699267132.4018598 2.641214408699189 0.052602940420855934 1
1699267132.600148 2.6426087750900327 0.05256735504882528 1
1699267132.649844 2.643328272304364 0.05254892082432666 1
1699267132.6999831 2.6474522814423986 0.052441959476562765 1
1699267132.8914325 2.648133069912212 0.05242406611007517 1
1699267132.941208 2.648814255256854 0.052406092996257696 1
1699267132.9912734 2.649451691271147 0.05238923822215555 1
1699267133.0413983 2.653669273375903 0.052276917244219324 1
1699267133.2360008 2.6566676679006154 0.05219555615830381 1
1699267133.4176402 2.657258868044077 0.05217935131840571 1
1699267133.4671667 2.6611869389193745 0.05207000654857985 1
1699267133.658122 2.6611869389193745 0.05207000654857985 1
1699267133.7082863 2.662292353604361 0.05203859244235123 1
1699267133.7586987 2.6658706535943546 0.05193528152725946 1
1699267133.9669619 2.666896270384935 0.051905043891486854 1
1699267134.016071 2.6684176054855167 0.051859072511200886 1
1699267134.1371999 2.6687686896794007 0.05184864349425654 1
1699267134.1836295 2.670673524496444 0.05179197431024795 1
1699267134.3963928 2.672180848735454 0.05174599336488838 1
1699267134.600136 2.672426822610957 0.051738364919372275 1
1699267134.6497922 2.672978641931216 0.05172119847731868 1
1699267134.8543513 2.6730551372967493 0.05171902330095517 1
1699267134.904362 2.6731197980680728 0.05171720615562218 1
1699267134.9548144 2.6732594403789243 0.05171444246984919 1
1699267135.1489403 2.673283679592124 0.051714348069889546 1
1699267135.1990013 2.6732666585442963 0.051714927881413075 1
1699267135.2491994 2.6732418068567574 0.05171582041954918 1
1699267135.2989 2.672977546137527 0.05172542552473982 1
1699267135.5134137 2.672708622328284 0.05173530603434013 1
1699267135.7208993 2.672662934856215 0.05173700636798896 1
1699267135.7798393 2.6719162411711133 0.051763521970889466 1
1699267135.9924178 2.6718001569817234 0.051767727661103685 1
1699267136.042094 2.671555818113733 0.051776593997560426 1
1699267136.0947587 2.670718218655487 0.051807284698074364 1
1699267136.2968652 2.670434501431925 0.05181783995355674 1
1699267136.346246 2.670434501431925 0.05181783995355674 1
1699267136.398156 2.6692453474666666 0.05186219689736414 1
1699267136.6038892 2.6690722483833933 0.05186874850542509 1
1699267136.660881 2.6687144833728778 0.051882327189322355 1
1699267136.7105565 2.6683080202519394 0.05189770908103253 1
1699267136.7693102 2.666777198842461 0.05195660832389793 1
1699267137.012131 2.665665018849573 0.052000189601083366 1
1699267137.2081497 2.6652104606597575 0.05201817970482052 1
1699267137.2602768 2.66325041815615 0.05209551815580525 1
1699267137.476249 2.6626629610246533 0.052118951820605004 1
1699267137.5267146 2.662370606974719 0.05213066775743587 1
1699267137.5768204 2.661733728226056 0.052156129762435104 1
1699267137.6269624 2.6601085407929244 0.05222172059665341 1
1699267137.8595831 2.659130067854747 0.05226158452440897 1
1699267137.910697 2.6584499190958124 0.05228928974962059 1
1699267137.9592016 2.6580845336665164 0.05230426868176982 1
1699267138.009139 2.6558824031090364 0.052394925877179345 1
1699267138.2237616 2.6536471218378486 0.05248804528033613 1
1699267138.4233866 2.653275631858712 0.05250362285459258 1
1699267138.472939 2.6507544691539597 0.05260933427221615 1
1699267138.6758823 2.650322050484414 0.05262756977396016 1
1699267138.725759 2.6490008435972685 0.05268347809116429 1
1699267138.7776487 2.6480710762930997 0.052722907988196906 1
1699267138.8341744 2.6452543193801725 0.05284329035695572 1
1699267139.0490127 2.644787968200081 0.052863348701397216 1
1699267139.0986664 2.644300638469245 0.05288432149626397 1
1699267139.149822 2.642803157189145 0.0529488726373204 1
1699267139.1991818 2.6402154468358314 0.05306108231260063 1
1699267139.4150136 2.6360035510791873 0.053245781215768784 1
1699267139.6273088 2.6354805569342887 0.05326888038065913 1
1699267139.6772318 2.632050783991615 0.053420621053183466 1
1699267139.8833022 2.630887608875749 0.05347241878595047 1
1699267139.9386942 2.6303128960050106 0.05349807673017543 1
1699267139.9866295 2.6267625521158666 0.053657380853507054 1
1699267140.1930137 2.6261568002124096 0.05368471829622798 1
1699267140.2428753 2.625568512382942 0.053711310509107185 1
1699267140.2928612 2.624354972438004 0.05376623062541982 1
1699267140.3428304 2.6200390557706075 0.0539629037337435 1
1699267140.564325 2.618791777123539 0.05402016079644856 1
1699267140.6137884 2.6181739113043734 0.05404858535502892 1
1699267140.664428 2.617541437812887 0.054077684507106566 1
1699267140.7143214 2.612999991359001 0.05428802095040983 1
1699267140.9503853 2.6123564969108677 0.05431801063699709 1
1699267140.9998522 2.6110442674829195 0.054379294994505584 1
1699267141.0498493 2.609700340283718 0.054442039684232536 1
1699267141.0999026 2.604874953549913 0.05466827946571088 1
1699267141.3180969 2.604192308249157 0.054700456401928485 1
1699267141.3677337 2.603505591468346 0.05473286228269236 1
1699267141.4178789 2.601383444787298 0.05483319500175365 1
1699267141.4683046 2.597769868207986 0.055004938411427916 1
1699267141.687218 2.5934148974242173 0.05521372105083123 1
1699267141.8827953 2.5919509625053943 0.05528433233910614 1
1699267141.9320037 2.586637166210743 0.05554202456792158 1
1699267142.137439 2.5858777479140254 0.055579079658547054 1
1699267142.1888416 2.5850923939964097 0.05561745896609403 1
1699267142.2369108 2.5796144161559535 0.05588687031614007 1
1699267142.4421773 2.57883568111252 0.055925415161534354 1
1699267142.491787 2.578030301150832 0.0559653413924791 1
1699267142.5425718 2.5764443421520213 0.05604415112601717 1
1699267142.5920906 2.571596044624444 0.056286664141690645 1
1699267142.8076313 2.5699672991264273 0.05636872119550603 1
1699267142.857579 2.569161379459401 0.05640945048614841 1
1699267142.9100547 2.5633129203569296 0.056707090745524526 1
1699267143.1241064 2.5624863312062183 0.05674940801110992 1
1699267143.1734836 2.5616575534421093 0.056791973854858076 1
1699267143.2238295 2.555720618688761 0.057100616351296415 1
1699267143.4323287 2.5540456266014053 0.05718876838557829 1
1699267143.4816291 2.5523342160911326 0.05727948907196766 1
1699267143.5316947 2.551481907308593 0.057324568167670634 1
1699267143.5820444 2.5462400372309775 0.05761488387107213 1
1699267143.8058 2.5404253187922246 0.057936252419893954 0
1699267144.0249403 2.539612290639921 0.05798220790192282 1
1699267144.0742614 2.5345507626882906 0.05826758151307198 0
1699267144.282328 2.533671670124504 0.05831483157678954 1
1699267144.3322062 2.5309637190324734 0.058462543060958966 1
1699267144.3820941 2.5264025914587562 0.05871407069481879 1
1699267144.5836213 2.524575302267496 0.05881675978594998 1
1699267144.633087 2.5227668270476586 0.05891951525344843 1
1699267144.6829007 2.5172577759933867 0.05923897680550208 1
1699267144.902365 2.516320644998278 0.0592942415518868 1
1699267144.9525635 2.514498834855665 0.05940214751699144 1
1699267145.0040858 2.508897893516779 0.05973927174500663 1
1699267145.222215 2.5070164637124326 0.05985405682733192 1
1699267145.2714775 2.505129976056762 0.05996985410408672 1
1699267145.3228943 2.499443864328844 0.06032276801959573 1
1699267145.5244453 2.4985032633856132 0.060381654916254246 1
1699267145.5865092 2.4975615849463786 0.06044074705642137 1
1699267145.6286168 2.4908505096625126 0.06086555535175964 1
1699267145.8347101 2.488950560857867 0.06098689830083074 1
1699267145.8853962 2.4879705293357905 0.06104966590970736 1
1699267145.9385774 2.486060600003325 0.06117232115616871 1
1699267145.987906 2.480254924013299 0.0615476609076958 1
1699267146.20461 2.4744246242544574 0.06192807123112144 1
1699267146.4047103 2.4734312716036557 0.061993204318974184 1
1699267146.4541478 2.4665486105433794 0.06244676365972217 1
1699267146.6634624 2.465570069134069 0.06251155952443505 1
1699267146.712603 2.4635799911438596 0.0626435586138038 1
1699267146.7627501 2.4585878106215056 0.06297588677617241 1
1699267146.971602 2.4566102471500812 0.06310799351683628 1
1699267147.0215333 2.4545992269916392 0.06324251101931215 1
1699267147.0715156 2.453605515723696 0.06330901645250327 1
1699267147.1227443 2.446536074390455 0.0637834455811038 1
1699267147.358033 2.4404690452772724 0.06419266305379533 1
1699267147.5615697 2.4384619481958585 0.064328456649801 1
1699267147.6110973 2.4323090038030766 0.06474588437896658 1
1699267147.833513 2.431259826626315 0.06481726859988626 1
1699267147.882941 2.429220594823115 0.06495618373196865 1
1699267147.9334133 2.427144379025478 0.06509784185664592 1
1699267147.983353 2.4198856524473475 0.06559495852561872 1
1699267148.217508 2.4188236453086227 0.0656679481821656 1
1699267148.2671068 2.417792261324377 0.06573889750872393 1
1699267148.318024 2.410461761484114 0.06624507228027683 1
1699267148.529823 2.408348039928157 0.06639162499125854 1
1699267148.579353 2.4062295182042925 0.06653867312655805 1
1699267148.629991 2.39885961917587 0.06705326854268069 1
1699267148.8577979 2.3978181083942043 0.06712643538343079 1
1699267148.907423 2.39674461840384 0.0672019922332137 1
1699267148.9579694 2.3903290342449597 0.0676626274963917 0
1699267149.1613345 2.388306436915253 0.06780862466538058 1
1699267149.2108033 2.386250438437364 0.06795680593121878 0
1699267149.2612948 2.3852576603850437 0.06802679063634924 1
1699267149.311359 2.3779433531455303 0.06854307750448962 0
1699267149.5459433 2.376880920904326 0.0686176055007357 1
1699267149.595982 2.3746829611329052 0.06877048265291584 0
1699267149.6463032 2.3691624242739255 0.0691606302057242 1
1699267149.8464344 2.3669336332782973 0.06932043032813044 1
1699267149.8961196 2.3647087186877047 0.06948120902531157 0
1699267149.9462066 2.3636165414393386 0.06956055472740216 0
1699267150.001914 2.355879800258866 0.07012986609097252 0
1699267150.222721 2.354747772729393 0.07021419261931229 1
1699267150.2720177 2.3536484024939734 0.0702963214943471 0
1699267150.3224542 2.3458647143215847 0.07088397445270891 0
1699267150.5265498 2.3436218173121457 0.07105512998092449 1
1699267150.575996 2.341382331437507 0.0712268089421699 1
1699267150.649966 2.3402809911209146 0.07131149514538743 0
1699267150.696938 2.3324685502039784 0.07191695082512717 0
1699267150.9069839 2.3257303686652286 0.07244523251377528 1
1699267151.1097822 2.3245826110462415 0.07253573895629878 0
1699267151.159595 2.3178785214098587 0.07306726654109248 1
1699267151.3687365 2.3167708806989364 0.07315552437434013 0
1699267151.4178472 2.3145207026108143 0.07333518676734758 1
1699267151.4680047 2.3122864015996583 0.07351403394744589 0
1699267151.5184157 2.304351129526254 0.07415280007099054 1
1699267151.751487 2.3032295516928145 0.07424350575871894 0
1699267151.8011994 2.3021088141978576 0.07433424054753988 0
1699267151.8513727 2.2941726450636923 0.07497862588480034 0
1699267152.0560648 2.291929321098813 0.07516149172713173 0
1699267152.1059735 2.2896480132744825 0.07534777115763498 1
1699267152.166135 2.288523324169992 0.07543972641992927 1
1699267152.2151525 2.2817100995729045 0.07599857750182 0
1699267152.4310763 2.2805497918229216 0.07609406250251351 0
1699267152.4813943 2.2794229220777646 0.07618688234399501 0
1699267152.5313215 2.2760092228103943 0.07646855634817068 0
1699267152.5813713 2.268038770921689 0.0771293392731821 0
1699267152.8194206 2.2611683683330184 0.07770254881920191 0
1699267153.0233426 2.259997994213461 0.07780054111396775 0
1699267153.0727687 2.2520307175601237 0.07846995265853596 0
1699267153.277635 2.2509032317505793 0.07856503820838895 0
1699267153.3273113 2.2497363954761886 0.07866358343991563 0
1699267153.377669 2.247463690001853 0.07885602444232592 0
1699267153.4278474 2.2406255709082723 0.07943805167608423 1
1699267153.6351345 2.2383426645379747 0.07963267457779614 0
1699267153.6855648 2.237213886050514 0.0797278038212516 0
1699267153.7355695 2.236039425707581 0.07983588638639882 0
1699267153.7859435 2.2295519448371035 0.08040778649337882 0
1699267153.976085 2.2285225489315588 0.08049018255601388 0
1699267154.0257618 2.2274507729789312 0.08057687097681136 1
1699267154.0755763 2.2189838972616966 0.08128673069750923 1
1699267154.266413 2.2189838972616966 0.08128673069750923 0
1699267154.3169293 2.2165575269306785 0.08149263752754789 0
1699267154.3665483 2.2077674247252563 0.08224999921827188 1
1699267154.5535738 2.2077674247252563 0.08224999921827188 0
1699267154.605362 2.20530052112386 0.08246532156227741 0
1699267154.6552866 2.1965244533670942 0.08323985789262382 0
1699267154.855941 2.195278539716635 0.08335087665678796 0
1699267154.904871 2.194029655571487 0.08346240190942093 0
1699267154.9552057 2.1866082598683927 0.08413019150709308 0
1699267155.1454322 2.185344612289567 0.084244703401596 0
1699267155.1951778 2.182892889800269 0.0844675377571479 0
1699267155.245602 2.175296388284155 0.08516303365716038 0
1699267155.4527981 2.1727449657009017 0.08539829316213798 0
1699267155.502521 2.1714846627882514 0.08551479250458748 0
1699267155.5528696 2.1702208749606577 0.08563189228407748 0
1699267155.60302 2.1628192461683824 0.08632113952165348 0
1699267155.7877712 2.155223490483191 0.08703476949229924 0
1699267155.9749606 2.1539522916928187 0.08715477174170004 0
1699267156.024864 2.1464551426597973 0.08786562898920192 0
1699267156.2137284 2.145235807193091 0.08798168263603376 0
1699267156.263647 2.142758815069597 0.08821782605291838 0
1699267156.313878 2.1349792955728417 0.08896250961142496 0
1699267156.53525 2.1323660420184942 0.08921371828720903 0
1699267156.5839758 2.1310784649915013 0.0893376859804171 0
1699267156.6339846 2.122533315423274 0.0901640220452621 0
1699267156.8238409 2.122533315423274 0.0901640220452621 0
1699267156.8738658 2.1212846092630224 0.09028531215637427 0
1699267156.9237344 2.112065847952791 0.09118465942707825 1
1699267157.1120589 2.112065847952791 0.09118465942707825 0
1699267157.1612587 2.108117663043394 0.09157199444260407 0
1699267157.212141 2.099046100416716 0.09246670436650248 0
1699267157.4120145 2.099046100416716 0.09246670436650248 0
1699267157.4620006 2.0977210914131152 0.0925978570357757 0
1699267157.5113108 2.096406754761023 0.0927282214134995 1
1699267157.5613873 2.087223081067366 0.0936432951611893 0
1699267157.7654014 2.079427533112025 0.0944253091299636 0
1699267157.9630313 2.0769668893272035 0.09468642577146076 0
1699267158.0131357 2.0693580534018583 0.09542127831853729 0
1699267158.1996229 2.068077320265377 0.09554558666754646 1
1699267158.2494452 2.066567292730722 0.09569199544833601 1
1699267158.2997622 2.0554142725918627 0.09679237701381192 0
1699267158.5420349 2.0554142725918627 0.09679237701381192 0
1699267158.5919704 2.051070887405756 0.0972271694975271 0
1699267158.6420298 2.0420107603252977 0.0981459210544115 1
1699267158.8388731 2.0404676168556124 0.09830382484974755 0
1699267158.8886611 2.038998310601055 0.09845463168610176 0
1699267158.938811 2.0284764852787474 0.09954373626831574 0
1699267159.1282828 2.0284764852787474 0.09954373626831574 0
1699267159.1783614 2.0269262714589265 0.09970557643298718 0
1699267159.2292519 2.0224446827734264 0.10017541237595678 0
1699267159.2790124 2.0133139136509026 0.10114114055899259 0
1699267159.4788833 2.004093819890467 0.10212734235729114 0
1699267159.6827533 2.0025694285464843 0.10229140682669065 0
1699267159.7323434 1.9922951557395163 0.10340469521245474 0
1699267159.9241784 1.9922951557395163 0.10340469521245474 0
1699267159.9737573 1.990795536201155 0.10356814107942024 0
1699267160.0239673 1.9861398681559812 0.10407703261430329 1
1699267160.0750523 1.9785181049266283 0.10491485550225046 0
1699267160.2665827 1.9754506680229147 0.10525369123522185 0
1699267160.3177075 1.9723518922074958 0.10559692904535836 0
1699267160.3670096 1.964572933942834 0.10646271947234869 1
1699267160.5646963 1.9614271309157274 0.10681461443340604 0
1699267160.6141987 1.9599065528877067 0.10698507411775322 0
1699267160.664515 1.9583448149267932 0.1071603858463269 0
1699267160.715224 1.949000721353171 0.10821467715919733 0
1699267160.9082837 1.9395473385977755 0.10929076192560815 0
1699267161.099388 1.9379877067517368 0.10946949311334378 0
1699267161.1495256 1.9273502666032183 0.11069566336251738 0
1699267161.3343163 1.9273502666032183 0.11069566336251738 0
1699267161.3840492 1.9258408322486624 0.11086298175055999 0
1699267161.434422 1.9230131008890587 0.1111969271263598 0
1699267161.4844623 1.911681414687915 0.11247572923361532 1
1699267161.6722107 1.911681414687915 0.11247572923361532 1
1699267161.7213023 1.9084695244596774 0.11284119521608453 0
1699267161.7714367 1.906969096489159 0.11301300686528552 0
1699267161.821942 1.897363881773375 0.11412423695231362 0
1699267162.0087218 1.895705953411294 0.11431827175225985 1
1699267162.0584197 1.894047265164541 0.11451305383274676 0
1699267162.1091316 1.883141585862637 0.11581018819289511 0
1699267162.2977545 1.883141585862637 0.11581018819289511 0
1699267162.3469312 1.8801048397483486 0.11617624363755735 0
1699267162.397508 1.8681291813056884 0.11763800619448596 1
1699267162.5909054 1.8664356222937373 0.11784695709376106 0
1699267162.6410613 1.8630817595710605 0.1182624109656722 0
1699267162.691353 1.8614321396614322 0.1184674767114226 0
1699267162.741575 1.8511046212053872 0.11976183636632277 0
1699267162.9329636 1.840740149435019 0.12107840671037369 0
1699267163.1206641 1.8390270835380271 0.12129764029876315 0
1699267163.170222 1.829072945040733 0.12257968060785378 0
1699267163.3517318 1.8273793846496718 0.12279916482813304 0
1699267163.4017022 1.8257358643731194 0.12301254972996425 0
1699267163.4529552 1.8135258262151943 0.12460954202432649 0
1699267163.6640098 1.8135258262151943 0.12460954202432649 0
1699267163.7138796 1.8100035591700625 0.12507399006482994 0
1699267163.7638938 1.8066872745951852 0.12551274174368204 0
1699267163.8139932 1.7961649818473788 0.12691565843297115 0
1699267164.0065367 1.785481360871642 0.12835603048161262 0
1699267164.1912754 1.78372023045337 0.12859532415052807 0
1699267164.2416089 1.774096769819305 0.12990653748217273 0
1699267164.4397368 1.7725930039573106 0.13011966649636422 0
1699267164.4898663 1.7695609945620376 0.13052269628781377 0
1699267164.539861 1.7603808293617196 0.13177497915252653 1
1699267164.7259789 1.756598243624964 0.13229676322951672 1
1699267164.7754164 1.7530754422973625 0.13278503988786314 0
1699267164.8256938 1.7448663623856981 0.1339331522483555 0
1699267165.0092626 1.7432405455251598 0.13416234699703058 0
1699267165.0584605 1.7396326379143883 0.13467286128312958 0
1699267165.108881 1.737689966858448 0.1349494836675228 1
1699267165.1586404 1.7242626481851597 0.13688219921072545 0
1699267165.370907 1.7128143820572845 0.13855736833039306 0
1699267165.5667195 1.7128143820572845 0.13855736833039306 0
1699267165.6159773 1.7010264119089686 0.14030694453705045 1
1699267165.803237 1.6970485622334948 0.14090272782850932 0
1699267165.852939 1.6931837510202674 0.141484152512931 0
1699267165.9029875 1.6812855195309597 0.14328962008110113 0
1699267166.0992565 1.6793062467256494 0.14359211032132058 0
1699267166.148699 1.6773292417018584 0.14389464952209846 0
1699267166.198944 1.6639287177316313 0.1459604770037267 0
1699267166.4044893 1.6620359209205948 0.14625446060432923 0
1699267166.4543378 1.6581840508260899 0.14685440197199695 0
1699267166.503957 1.6561907586251756 0.14716599579061923 0
1699267166.5541954 1.6420808223643757 0.1493863381406361 1
1699267166.7419395 1.6322166311183097 0.1509571647470907 0
1699267166.9388473 1.6302845982437613 0.15126689118005585 0
1699267166.988374 1.6165491357811432 0.1534697664386305 0
1699267167.1943882 1.6145516395552943 0.15378172129921633 0
1699267167.243819 1.6125376255949475 0.15410309643456177 0
1699267167.2939157 1.6086691808270825 0.15471758349601358 0
1699267167.3444083 1.597391892418 0.1565032055554744 0
1699267167.538249 1.5955373862343885 0.15680013203330595 0
1699267167.5879154 1.591372140288447 0.15747001851854425 1
1699267167.6380324 1.5893236689257062 0.15780117608440036 0
1699267167.688225 1.5772019224887945 0.15978532208192786 0
1699267167.8791974 1.5751344673390015 0.16012765093431858 0
1699267167.928742 1.5711186960802408 0.16079579588593748 0
1699267167.9789457 1.5669431428747427 0.1614949297156475 0
1699267168.0292592 1.5544559545439625 0.16361179526552816 0
1699267168.2210276 1.5422388126525906 0.16571992268148955 0
1699267168.4145715 1.5422388126525906 0.16571992268148955 0
1699267168.4633548 1.5277527810946578 0.16826604631972003 0
1699267168.649143 1.5277527810946578 0.16826604631972003 0
1699267168.6991403 1.5256155525733024 0.16864576769464124 0
1699267168.7503572 1.5194829615136043 0.1697408094575236 0
1699267168.8005517 1.5094258389830864 0.1715522443919698 0
1699267169.0002818 1.4968947230774858 0.17383941773584222 0
1699267169.209673 1.4926198054712851 0.17462646422265865 0
1699267169.2594101 1.4824982943092928 0.17650620823801857 0
1699267169.4455285 1.4785564390616055 0.1772450930491213 0
1699267169.4950702 1.4744754488301077 0.1780155928807276 0
1699267169.5451329 1.4554775950948444 0.1815686718838759 1
1699267169.8474352 1.4554775950948444 0.1815686718838759 0
1699267169.8968842 1.449343541510261 0.18271247977142374 0
1699267169.9482238 1.4473667583266843 0.18308246973145076 0
1699267169.9983828 1.4345704864236255 0.1855052165961534 0
1699267170.1839583 1.4219212907673753 0.18795155808709682 0
1699267170.3778536 1.4197786996277368 0.18837101692947394 0
1699267170.427521 1.4076420853399458 0.1907756567325328 0
1699267170.6178288 1.4056269453844195 0.19117953974216295 0
1699267170.6679542 1.4013060679892786 0.19204985678789496 1
1699267170.7184231 1.3889978600118613 0.1945604410838883 0
1699267170.916808 1.3869778700494209 0.1949768961605538 0
1699267170.965991 1.3848697171759554 0.19541284291856933 0
1699267171.0158718 1.3826073193468416 0.19588216360174718 1
1699267171.0659697 1.36956422905888 0.1986153763955925 1
1699267171.2604358 1.3653079472279177 0.19951752206820533 0
1699267171.3099213 1.3610515833379573 0.2004244483305141 0
1699267171.3602684 1.358913662556532 0.20088157005438054 0
1699267171.410704 1.3432368419773255 0.20426538523155396 1
1699267171.6044154 1.3432368419773255 0.20426538523155396 0
1699267171.6542323 1.3388312941315312 0.2052269403590538 0
1699267171.7042487 1.334680558898315 0.20613673343019176 0
1699267171.7541683 1.3240078562293598 0.20849729171627923 0
1699267171.9546728 1.310767147285357 0.21143557389879228 0
1699267172.1493409 1.3085116267243604 0.21193483744874084 0
1699267172.1986058 1.2917876665040438 0.21563941729526975 0
1699267172.3942196 1.2917876665040438 0.21563941729526975 0
1699267172.444367 1.2878251810298889 0.21652127584371578 0
1699267172.4950404 1.2854674421245387 0.21704870529139464 0
1699267172.5449286 1.2716148556802054 0.22018964830912344 1
1699267172.741245 1.258163004890503 0.2233082981586675 0
1699267172.9348316 1.2559699928118306 0.22382308669262815 0
1699267172.9848614 1.242102094053507 0.2271184199675038 0
1699267173.175476 1.2397711257236974 0.2276787249029632 0
1699267173.2264056 1.2350372525200481 0.22882216588402657 0
1699267173.276807 1.2306272720088642 0.22989409334322164 0
1699267173.3264153 1.2165068531661796 0.23337023457917025 0
1699267173.5137477 1.214138472188786 0.23395947575850218 0
1699267173.563512 1.2117702549505385 0.23455043652479393 0
1699267173.614014 1.2095614517263216 0.23510325357152362 0
1699267173.6642678 1.193089695131611 0.2392706322416114 0
1699267173.8680737 1.1760263128648911 0.24366237913889244 0
1699267174.097267 1.1760263128648911 0.24366237913889244 0
1699267174.1459908 1.1606719009399553 0.24765439985803112 0
1699267174.3435445 1.1564889424901066 0.24874482276157864 0
1699267174.3937387 1.1542653183633205 0.24932624565135691 0
1699267174.4430172 1.1494479669438833 0.2505906747957363 1
1699267174.4935927 1.1353102197152736 0.254328999391342 0
1699267174.680923 1.123839484671529 0.25740810401127784 0
1699267174.873365 1.119254399599154 0.25865391644693364 0
1699267174.922721 1.1066717779057906 0.2621148392658565 0
1699267175.108039 1.101559608914281 0.263537732561824 0
1699267175.157637 1.099043021147307 0.2642416755051236 0
1699267175.210415 1.0833908272691206 0.26867586218074835 0
1699267175.412235 1.0833908272691206 0.26867586218074835 0
1699267175.4615414 1.0811853463161274 0.2693086953851709 0
1699267175.5117173 1.0737728169592735 0.27144969998589485 0
1699267175.5618613 1.0581556045128149 0.2760232492339796 1
1699267175.7528415 1.050559671230494 0.2782774008336305 0
