1697194700.1487103 0.009375051023445866 -0.0010891563890671674 1
1697194700.3246775 0.009366496592444162 -0.001084387497900502 1
1697194700.43295 0.009366496592444162 -0.001084387497900502 1
1697194700.4596484 0.009364385472388322 -0.0010832140264376063 1
1697194700.4754312 0.009364385472388322 -0.0010832140264376063 1
1697194700.525282 0.008578499925566975 -0.001265695458903086 1
1697194700.575306 0.010909133953809585 -0.0007336242108914566 0
1697194700.6255105 0.0198853397484334 0.001323028041610685 0
1697194700.676683 0.024871108309184452 0.00244642859178531 1
1697194700.726054 0.028749755736574796 0.003307464967004656 1
1697194700.7760148 0.035208388667588034 0.004704164311507445 1
1697194700.8260565 0.038681250870624496 0.005421520417374695 1
1697194700.8762038 0.0399198472297488 0.005674536042285669 1
1697194700.9261765 0.04080479412411954 0.005844346182705157 1
1697194700.976571 0.04239198179649857 0.0061397892494326495 1
1697194701.026897 0.04349502631383967 0.0063315790037765055 1
1697194701.0769494 0.04394006391335758 0.0064053705446129195 1
1697194701.1273515 0.04430781235101786 0.006463551737265941 1
1697194701.1771805 0.044679626708650125 0.006521059764521405 1
1697194701.22703 0.045511733013997795 0.00663890616686983 1
1697194701.277201 0.04572673386869382 0.006666217252845268 1
1697194701.3278635 0.0459094151824202 0.006687856148787473 1
1697194701.3775885 0.04639581915717445 0.006739851087695774 1
1697194701.4279778 0.04654172645217147 0.0067536898753306545 1
1697194701.4781733 0.04677712886933208 0.006772482580131543 1
1697194701.5279915 0.0468892098694563 0.006780517157478804 1
1697194701.578228 0.046986718952909116 0.006786582966594841 1
1697194701.6281214 0.04716221937497064 0.00679538363805859 1
1697194701.678186 0.04730715211550658 0.006799718082567803 1
1697194701.7281992 0.04737649711146701 0.0068010635772827585 1
1697194701.7788491 0.04743666134125826 0.0068014714258586625 1
1697194701.8289497 0.04754573615550642 0.006800753337045499 1
1697194701.8793058 0.0476377116482713 0.006797982969274398 1
1697194701.9291933 0.04768222674406269 0.006796120238692969 1
1697194701.9793162 0.04772126960839203 0.006793918229204124 1
1697194702.0294898 0.04779255707743202 0.006788770004367034 1
1697194702.0796711 0.047853646911119097 0.00678269044815563 1
1697194702.1299453 0.047883405356923585 0.006779335463355692 1
1697194702.1805713 0.04790953404840304 0.00677600168375013 1
1697194702.2301903 0.04793349716265744 0.006772529170441608 1
1697194702.2804306 0.04798003304921738 0.006765182735440326 1
1697194702.3301485 0.04802043399814536 0.006757551365004905 1
1697194702.3803446 0.0480386016733879 0.006753742612771509 1
1697194702.4305344 0.0480553466300835 0.006749878953815609 1
1697194702.4809062 0.048072514184735765 0.006745854333836944 1
1697194702.5312314 0.048116309160573724 0.006733953628774892 1
1697194702.5811243 0.0481410876276634 0.00672601723617716 1
1697194702.6312747 0.048153111948622096 0.006721942159972042 1
1697194702.6811607 0.04816373152249377 0.006718034456077802 1
1697194702.731222 0.04818352878429731 0.006710113431768635 1
1697194702.7814255 0.048200845116590695 0.006702311070972841 1
1697194702.8316195 0.04820934837473603 0.006698287439878852 1
1697194702.8819141 0.04821675200042707 0.006694457496457228 1
1697194702.9321473 0.048229916742226236 0.006686889875691788 1
1697194702.982231 0.04824128311856013 0.0066795153385137435 1
1697194703.0321934 0.04824685757212904 0.006675730987556681 1
1697194703.0822945 0.04825140003707218 0.006672209645967033 1
1697194703.132675 0.04825955998793167 0.006665187452807286 1
1697194703.182651 0.04826642450576816 0.006658385702815499 1
1697194703.2327328 0.048269737262632305 0.006654907366267995 1
1697194703.2831006 0.04827222248293326 0.006651685785292948 1
1697194703.3333993 0.048274307453820546 0.006648542132357957 1
1697194703.3833516 0.04827821086527875 0.006642194334209936 1
1697194703.433475 0.048280786532775344 0.006636134901981544 1
1697194703.4833643 0.04828160033775848 0.0066332552918519205 1
1697194703.5336816 0.048282131637016765 0.0066304461173309825 1
1697194703.5843244 0.04828265920669183 0.006622211117804601 1
1697194703.634061 0.04828250990949772 0.006619498767039648 1
1697194703.6843538 0.048282169693180985 0.0066169165520776315 1
1697194703.734403 0.04828066356497822 0.006611918996077675 1
1697194703.7845242 0.04827955549123538 0.0066095637560366054 1
1697194703.8342693 0.048276879768445864 0.006604934985514349 1
1697194703.8845396 0.0482737859711148 0.0066005469945987 1
1697194703.9348805 0.048272104970541393 0.006598327171395624 1
1697194703.9847856 0.04827020805119505 0.006596270384446821 1
1697194704.0350485 0.0482680230724615 0.006594331757259078 1
1697194704.0852163 0.04826341961458937 0.006590475418415904 1
1697194704.1357522 0.048258533492519316 0.006586806888797638 1
1697194704.1857536 0.04825580411653803 0.0065851392785559884 1
1697194704.235712 0.048252979073672986 0.006583550060192032 1
1697194704.2857022 0.04824708893704774 0.0065804202665266645 1
1697194704.3358614 0.048240979123414136 0.006577524726900998 1
1697194704.3859456 0.04823785397165018 0.006576187233174883 1
1697194704.4361124 0.048234710920651284 0.006574914872141615 1
1697194704.486234 0.04822822752816904 0.006572426554973583 1
1697194704.536222 0.048221634673005144 0.0065701584017148484 1
1697194704.58656 0.048218308094702504 0.006569123889121302 1
1697194704.6367688 0.04821498838901745 0.006568151057129694 1
1697194704.6867085 0.0482081795513466 0.006566264610076247 1
1697194704.7369394 0.048201335852623206 0.006564584844167684 1
1697194704.786944 0.04819791350149963 0.006563833964821818 1
1697194704.837127 0.048194514934969374 0.006563141283500447 1
1697194704.887486 0.04818416209030619 0.006561255507167341 1
1697194704.9372718 0.04818064734331416 0.006560684622936162 1
1697194704.9875169 0.048177285121411305 0.006560170011079643 1
1697194705.0377228 0.04817389123213081 0.006559731074377495 1
