1699268448.998184 -0.0017578209031695793 -0.0013652871902757114 0
1699268449.2861166 0.0026569510503819892 -0.0013789481207190926 0
1699268449.444366 0.013683475418860395 -0.0014258208171420744 0
1699268449.4929433 0.03121145503965132 -0.0015098762011855054 0
1699268449.5427144 0.040609260274674694 -0.0015555989559717337 0
1699268449.5929081 0.04907644157500961 -0.0015997128374892475 0
1699268449.6434982 0.06118502881483657 -0.0016551224682813644 0
1699268449.6929092 0.06820578871507899 -0.0016814187274107727 0
1699268449.7430863 0.07184218887984785 -0.001689159986655954 0
1699268449.7927217 0.07677327432932543 -0.0017098528699149998 0
1699268449.842861 0.08830191664586284 -0.0017410119139242874 0
1699268449.893249 0.10171294382425891 -0.0017997785172599672 0
1699268449.9443042 0.10868349457725444 -0.0018213079707857808 0
1699268449.9937463 0.11498587875779495 -0.0018457219391904366 0
1699268450.0435097 0.1198805100857656 -0.001863408879363293 0
1699268450.094211 0.1296586454689956 -0.0018967785844569796 0
1699268450.1438682 0.1413630219404539 -0.0019387497506015165 0
1699268450.1937099 0.14862157629563547 -0.001966014485611153 0
1699268450.2437809 0.15508720721964897 -0.0019905361303076143 0
1699268450.2940283 0.16662426656459664 -0.0020311295635839313 0
1699268450.3452566 0.17787058093219124 -0.0020654470700765793 0
1699268450.3976758 0.18516350386062955 -0.002090458905720876 0
1699268450.448409 0.1984882829121398 -0.002137330873811371 0
1699268450.4982476 0.20961803287833497 -0.002173944795176549 0
1699268450.5488899 0.21498116699822903 -0.0021951244311594563 0
1699268450.598691 0.2205750318752671 -0.0022100288301888627 0
1699268450.6489072 0.23325912780874394 -0.0022539361805922497 0
1699268450.6991627 0.24575503991183328 -0.0022944556385224033 0
1699268450.7488124 0.25126886037623564 -0.0023162409907797636 0
1699268450.7988713 0.26297454207733867 -0.002366950499331602 0
1699268450.84916 0.2700775023080546 -0.0023914256362305045 0
1699268450.8992584 0.2771703660052035 -0.002419282112951196 0
1699268450.9500253 0.2878621648456351 -0.0024570008740265573 0
1699268450.999678 0.29757425131863696 -0.0024867458214187558 0
1699268451.0498989 0.3025768120499421 -0.002499310899838621 0
1699268451.0998359 0.3092305144242523 -0.002521631784644451 0
1699268451.150016 0.31684609515035883 -0.0025445603191613627 0
1699268451.2018409 0.3320586546930352 -0.002590163194258244 0
1699268451.2508779 0.3432274466661053 -0.0026200667925023223 0
1699268451.300461 0.3484079473157657 -0.0026331487483865173 0
1699268451.3505893 0.3547102686044133 -0.0026511577854082314 0
1699268451.400915 0.3757194369297475 -0.002700157331283948 0
1699268451.4508004 0.381817576089813 -0.002705017976201659 0
1699268451.5008335 0.387758460780212 -0.002696675114051647 0
1699268451.5508537 0.3991415459877743 -0.0026629554759704218 0
1699268451.6013393 0.41195866996827196 -0.0026234439619585337 0
1699268451.6514735 0.4184710865125445 -0.002601949435998381 0
1699268451.7019784 0.4308182796266602 -0.002556369388438274 0
1699268451.7518346 0.43633958247664384 -0.0025349628074407137 0
1699268451.8018026 0.44197923779239856 -0.002512673330884956 0
1699268451.8517911 0.4552273490764476 -0.002459398471084774 0
1699268451.9020817 0.46896141251312273 -0.0024009562591789696 0
1699268451.952191 0.4757181044950514 -0.0023713619882522585 0
1699268452.0023513 0.48140311426023236 -0.0023463226860239183 0
1699268452.0531535 0.4919299181751116 -0.002299617829740456 0
1699268452.102632 0.503943352160389 -0.0022453444709388507 0
1699268452.15386 0.5109470735536248 -0.002217363420299924 0
1699268452.2043538 0.5183130337015364 -0.002185761933238007 0
1699268452.2545407 0.5297503060027301 -0.0021295883942696364 0
1699268452.304557 0.5397314412751065 -0.0020858689584609706 0
1699268452.3550346 0.5443154325369766 -0.0020528184106573004 0
1699268452.4060044 0.5490337661849323 -0.001992489970190804 0
1699268452.455605 0.5602364757563131 -0.0019000436765080192 0
1699268452.5055509 0.5756318580856008 -0.0017724988623783293 0
1699268452.5559905 0.5832721677438459 -0.0017062149220783856 0
1699268452.6065483 0.5897355460221159 -0.0016510130515195334 0
1699268452.6571248 0.5944142381405065 -0.0016106728711830344 0
1699268452.7067368 0.6031038607498149 -0.0015355641122923524 0
1699268452.7569358 0.6144050297932604 -0.001444552134125052 0
1699268452.8066978 0.6217292280446699 -0.001381692531221142 0
1699268452.8567939 0.628331433662898 -0.0013324525124456834 0
1699268452.9068348 0.6417365079106124 -0.00123789734294748 0
1699268452.9569738 0.6529445940329058 -0.00114772019450682 0
1699268453.007828 0.6578086186705889 -0.0011114596494390225 0
1699268453.0584216 0.6636532249609295 -0.0010802715885539255 0
1699268453.1095765 0.6706878660389283 -0.0010216946284780852 0
1699268453.159046 0.6933958800469371 -0.0008426235244600979 0
1699268453.2087185 0.7061399864241867 -0.0007708431954741248 0
1699268453.2591374 0.7108444594147012 -0.0007473367932599728 0
1699268453.3088264 0.7164155683989946 -0.0007311257675414222 0
1699268453.358787 0.7301271595820967 -0.0006586500188411782 0
1699268453.408547 0.7447051650332291 -0.0005904585638414385 0
1699268453.4588306 0.7514036284523153 -0.0005582060657535768 0
1699268453.5087316 0.7566550084807822 -0.00053295710707969 0
1699268453.5589857 0.7620931324292065 -0.0005064226105994164 0
1699268453.6098914 0.773116743191931 -0.0004534948174522756 0
1699268453.6590044 0.7874433126657121 -0.00038449225971311435 0
1699268453.7098691 0.7944004127885298 -0.00035233500798783176 0
1699268453.7596369 0.8012899158591315 -0.00032372070112219226 0
1699268453.810153 0.8123823413148262 -0.00026838220608325783 0
1699268453.860106 0.8223698073661629 -0.00022853217156164533 0
1699268453.9107563 0.8288140847799264 -0.0001973630211133529 0
1699268453.9600263 0.843517276527289 -0.000141154711593286 0
1699268454.0113177 0.8579425879701481 -8.727511976693836e-05 0
1699268454.0607052 0.8640845612557063 -8.996869869108625e-05 0
1699268454.1106608 0.8740055301860139 -0.00011807235145868167 0
1699268454.1608818 0.8791243008832055 -0.0001347473568264516 0
1699268454.2115746 0.8854093851935106 -0.00014557411999433338 0
1699268454.2621112 0.8996193271578183 -0.00018261190378685886 0
1699268454.3122222 0.9124412508075944 -0.00021696858585705308 0
1699268454.3617218 0.9176093723064277 -0.00023023908668327506 0
1699268454.413345 0.9226124861514591 -0.00024240194299805117 0
1699268454.465324 0.9289375816283556 -0.0002673101036467282 0
1699268454.517688 0.9432660263513062 -0.00030431850319252967 0
1699268454.5677264 0.9562460111636879 -0.00034370673046940794 0
1699268454.6168075 0.9612333278419577 -0.00035984331106895753 0
1699268454.6671646 0.9659842448470412 -0.0003742463629246937 0
1699268454.7166357 0.9840883354367953 -0.0004472654431259724 0
1699268454.7675445 0.9918338578994852 -0.0004937815747889058 0
1699268454.8173776 0.9998789487201807 -0.0005419156121427887 0
1699268454.8673093 1.0076792787937756 -0.0005891017298974857 0
1699268454.917364 1.0272516020295783 -0.000817749650099709 0
1699268454.967122 1.0313538801470061 -0.0008810903680601396 0
1699268455.017696 1.0358252791757432 -0.0009519120636137165 0
1699268455.0680742 1.0453889907959406 -0.0011126585279050256 0
1699268455.1193075 1.0598666159941972 -0.00135635309047986 0
1699268455.1687322 1.068107479074886 -0.0014977220883074479 0
1699268455.21973 1.0753198184973758 -0.0016271548415055226 0
1699268455.2697124 1.080754347077937 -0.0017307079261965148 0
1699268455.319642 1.096292691983752 -0.002022462728371604 0
1699268455.370018 1.1111739733507136 -0.002305663509683526 0
1699268455.42018 1.1200152735639457 -0.0024838320350643564 0
1699268455.4699504 1.1274370834827743 -0.002630185764743298 0
1699268455.5205798 1.133341488475423 -0.0027431483876673934 0
1699268455.5704799 1.140639173816936 -0.002878553831300711 0
1699268455.6206167 1.1506834890274211 -0.0030613372304004573 0
1699268455.6705918 1.15725099919303 -0.0031787500338747035 0
1699268455.721001 1.164808898206867 -0.0033166150661753132 0
1699268455.7710216 1.1715959186670926 -0.003447115205268193 0
1699268455.821534 1.1843719321926607 -0.003665732320165819 0
1699268455.8715947 1.194847671835394 -0.0038431146626840148 0
1699268455.9222162 1.2010303456985825 -0.003945943348078595 0
1699268455.9725118 1.207299398350201 -0.004043912898681122 0
1699268456.0255382 1.226273376602472 -0.004337336123374539 0
1699268456.0759382 1.232054456435169 -0.004420506577059651 0
1699268456.1255732 1.2369742479122032 -0.004489299921566414 0
1699268456.1754704 1.249379767408298 -0.0046587977355954996 0
1699268456.2255344 1.2571280189774878 -0.004763922040798233 0
1699268456.2754745 1.2693468467899731 -0.004923623715029555 0
1699268456.3254895 1.2798658894583101 -0.005051062391320852 0
1699268456.3754413 1.2839808681250344 -0.0050998485591085005 0
1699268456.4261734 1.2896816712302646 -0.0051683909379231716 0
1699268456.476542 1.3035876081092301 -0.005315622612909155 0
1699268456.526155 1.3207287443046936 -0.0055076936766273905 0
1699268456.5760462 1.3290100554652702 -0.005625086744307716 0
1699268456.6272612 1.3362320069935163 -0.005780938029126786 0
1699268456.6776974 1.3410303998158428 -0.005943231311386893 0
1699268456.728029 1.348591888451313 -0.00619002868451303 0
1699268456.778022 1.360475108557146 -0.006557967805182675 0
1699268456.8280993 1.3680428277368055 -0.006788612818520408 0
1699268456.8786173 1.3749895158461793 -0.0069976658754900035 0
1699268456.9289348 1.3923441123457447 -0.007515389586867869 0
1699268456.9786835 1.3975108259256837 -0.0076608348334512594 0
1699268457.0291233 1.4029091690612516 -0.007808385892304765 0
1699268457.0794258 1.4162127526451338 -0.008178073150854424 0
1699268457.130456 1.4295606342735256 -0.008531887113063526 0
1699268457.1794512 1.434899161222727 -0.008666193581682961 0
1699268457.230194 1.4399505844771554 -0.008790409863300482 0
1699268457.2799141 1.453143836427633 -0.009095757463150179 0
1699268457.329882 1.4678077689719355 -0.009417209002809962 0
1699268457.3811228 1.4738128829913524 -0.00951678916889447 0
1699268457.430608 1.4796560261803553 -0.00957009482617302 0
1699268457.4812086 1.4909152216946187 -0.009578108728972667 0
1699268457.5307753 1.5035302949695641 -0.009531766468741182 0
1699268457.5811493 1.5100844583008841 -0.009496733920910118 0
1699268457.6307218 1.5168944717920894 -0.009457068638113379 0
1699268457.681714 1.5280914351037078 -0.009385355344868894 0
1699268457.7316418 1.5601929879227732 -0.009132543494458054 1
1699268457.9056702 1.5668190947471587 -0.009071825291456496 1
1699268457.9549232 1.5800086584247572 -0.008940073562478765 1
1699268458.0092926 1.5902034105509553 -0.008829351970082477 1
1699268458.0547667 1.594510858543011 -0.008776789928879425 0
1699268458.1056046 1.5988591964198493 -0.0087175454460026 0
1699268458.1553836 1.6086795847287159 -0.008555456646307358 0
1699268458.2061672 1.6200848341463931 -0.008340684159486078 0
1699268458.2567773 1.6256102534946377 -0.008220885462717958 0
1699268458.3067107 1.6307207695986277 -0.008077596502834199 0
1699268458.3566887 1.6354492205905788 -0.007929204812440839 0
1699268458.406625 1.6438251266710102 -0.007559813477956977 0
1699268458.457429 1.6528059675825348 -0.007061154316582043 0
1699268458.5080764 1.6579533938228275 -0.006741818696130958 0
1699268458.5578887 1.663877611048049 -0.006360472871240931 0
1699268458.6076477 1.6728484150440377 -0.00576933372453055 0
1699268458.6574953 1.6807916872019129 -0.005234422632836443 0
1699268458.7080092 1.6858052054616934 -0.004871066691579242 0
1699268458.7578092 1.69820491394639 -0.0039577660405805005 0
1699268458.8078265 1.7075512644495157 -0.0032557308158812494 0
1699268458.8580182 1.71397988072835 -0.0027605352741608656 0
1699268458.9083323 1.7166103916962387 -0.0025538779995444155 0
1699268458.959744 1.720136580454563 -0.002274241855755049 0
1699268459.0091789 1.7310231280988553 -0.0014139182146754507 0
1699268459.0592246 1.7452141798925067 -0.0002465726929971044 0
1699268459.1089718 1.751805022205539 0.0002990083115340257 0
1699268459.1592207 1.7569656011080257 0.0007324414112311496 0
1699268459.2093277 1.7605873034233763 0.0010467253878883843 0
1699268459.2599394 1.7668226781932832 0.0015980151457726608 0
1699268459.3098598 1.7763854758829778 0.0023916275602391943 0
1699268459.3609893 1.7827003418378449 0.0028814987624444055 0
1699268459.4099543 1.7887376896804938 0.0033307276445833016 0
1699268459.4601314 1.7993019308460827 0.0040272374708958955 0
1699268459.5098653 1.8077942379941443 0.0043259089398270546 0
1699268459.5600617 1.8115558504243798 0.004449472839026727 0
1699268459.61044 1.8160831251263299 0.00462229960499833 0
1699268459.661205 1.8279313518313518 0.005091142325442201 0
1699268459.710588 1.838952718706816 0.005561982354308735 0
1699268459.7608316 1.8423207907664678 0.005713048684633681 0
1699268459.8110385 1.845893366467497 0.005875525660381959 0
1699268459.8615701 1.85402825574119 0.006247804322620359 0
1699268459.9113157 1.867293103645957 0.006908366859802682 0
1699268459.9616194 1.8737536039709348 0.007235250934679143 0
1699268460.0116706 1.8790772192425795 0.007509846978932749 0
1699268460.0626867 1.8830183701825511 0.007717205814354619 0
1699268460.1129184 1.8887160416950515 0.008025508056503108 0
1699268460.1634078 1.8961145512786164 0.008433138665939099 0
1699268460.2129755 1.9015210677154097 0.008716558249153194 0
1699268460.2632215 1.9087333234665655 0.009112317002427503 0
1699268460.313177 1.9233815555287677 0.009964887085879066 0
1699268460.3634112 1.9259426912620692 0.010127248468001709 0
1699268460.4135063 1.9329611301291147 0.010580487571090385 0
1699268460.4637213 1.9373602437854611 0.010839330202143166 0
1699268460.513693 1.9418996193277112 0.011042469666806092 0
1699268460.5640402 1.9529905232461269 0.011360331132526533 0
1699268460.6140077 1.9639681476704773 0.011543813598770944 0
1699268460.663991 1.9685686698444123 0.011621338195951854 0
1699268460.7138774 1.9722560450625624 0.011687866485610465 0
1699268460.7649179 1.9758926431979338 0.011756336987321118 0
1699268460.8148725 1.9853929224810547 0.011957747109066873 0
1699268460.8657382 1.9981286342862314 0.012252063807070123 0
1699268460.915524 2.003149889011868 0.012378192658158567 0
1699268460.9657817 2.0113067444441275 0.012593935118468114 0
1699268461.0156596 2.0207842353035868 0.012854001021758873 0
1699268461.0657353 2.032150312957245 0.013202716468678856 0
1699268461.1160662 2.038887974950454 0.013413528480202861 0
1699268461.165911 2.043854107303514 0.013577804896579126 0
1699268461.2161787 2.047519681488451 0.013704286776631555 0
1699268461.266736 2.0534793128396682 0.01391247419480204 0
1699268461.3169777 2.0627308344785438 0.014248802244805538 0
1699268461.3667703 2.0683951770872318 0.014420359462181878 0
1699268461.4166265 2.0742101930918864 0.014629900912843812 0
1699268461.467682 2.0799441235537457 0.014837565489413156 0
1699268461.5176609 2.0895334461332857 0.015250988376089231 0
1699268461.567955 2.09822780004505 0.015720985225603758 0
1699268461.618495 2.1031067258464593 0.015971616718127624 0
1699268461.6683948 2.11448522341364 0.016530939352360285 0
1699268461.7189877 2.1237218178154076 0.016959237287577953 0
1699268461.7692175 2.131478648781663 0.017329657234449614 0
1699268461.8194916 2.135531099102376 0.017525409101836174 0
1699268461.8692927 2.140526589887771 0.01778281535790571 0
1699268461.919343 2.1464824381873466 0.018093640605008062 0
1699268461.970285 2.158593391638082 0.018729717032299798 0
1699268462.019036 2.1670918343843226 0.0191897123285662 0
1699268462.069158 2.170677403469902 0.019385024215495133 0
1699268462.1193416 2.174176596758242 0.019576147437947385 0
1699268462.1693916 2.1777072936628 0.019769473278481768 0
1699268462.2197738 2.1886579388795995 0.02036633946119593 0
1699268462.269769 2.2021259397430732 0.021104717085470962 0
1699268462.319963 2.2074003103460407 0.02139972552965136 0
1699268462.3699923 2.2140942353700965 0.021785452744273112 0
1699268462.4200845 2.223396170053337 0.02231203740138672 0
1699268462.4702368 2.2291085033733204 0.022610736043859915 0
1699268462.5204175 2.2437530422091254 0.023386630877488185 0
1699268462.5704596 2.2504817565201614 0.023756309713767954 0
1699268462.6209042 2.2595769863347073 0.02423115908676201 0
1699268462.6712403 2.2661260702742503 0.024411769022354535 0
1699268462.7208962 2.269970396216948 0.02447727174707764 0
1699268462.7715054 2.274342875559084 0.02456711688598846 0
1699268462.821722 2.2845994777629777 0.024876178641902322 0
1699268462.8718064 2.295740728324119 0.02523731904823713 0
1699268462.921782 2.300809986945105 0.02540070460331208 0
1699268462.9723413 2.3045288074037105 0.02552110858845995 0
1699268463.0224702 2.309075555322495 0.02565830863719763 0
1699268463.0732632 2.3189402063974716 0.025987533877630867 0
1699268463.1228285 2.3407434894148516 0.026713383414631087 1
1699268463.2654908 2.3511156198674272 0.027057811527144746 1
1699268463.2927115 2.363375143773318 0.027469085011535416 1
1699268463.4149475 2.366750317800859 0.02758371623803456 1
1699268463.4645443 2.3735014042202893 0.02781797526673129 1
1699268463.5148597 2.384780125191137 0.028246485506284832 1
1699268463.6411881 2.384780125191137 0.028246485506284832 1
1699268463.6711836 2.390322957721104 0.028475153489310165 1
1699268463.688856 2.4045477736877854 0.029143423833916698 0
1699268463.8865209 2.413967170926833 0.02964590610334035 0
1699268464.0721264 2.4163717461626253 0.02978306454410855 0
1699268464.122143 2.432725555888878 0.030819236202327058 0
1699268464.3018577 2.438281189410484 0.031199300731020296 0
1699268464.351768 2.4434253764466707 0.0315611069998374 0
1699268464.4016862 2.4547975684528183 0.032414575659985234 1
1699268464.578112 2.4570505083809393 0.03259269307526706 0
1699268464.627424 2.4617701806580787 0.032975070738031714 1
1699268464.6785507 2.4763612599928564 0.034231910425992836 0
1699268464.8565223 2.4763612599928564 0.034231910425992836 0
1699268464.9061098 2.4810136780024354 0.03465625098453481 0
1699268464.9564316 2.4922856002407414 0.035721920159445766 1
1699268465.1282246 2.4945158420476674 0.035938922682085254 1
1699268465.177831 2.4968147669022875 0.03616472334327982 1
1699268465.227966 2.5128221366628396 0.03778801480394165 0
1699268465.4137151 2.5128221366628396 0.03778801480394165 1
1699268465.4635153 2.519582270850709 0.0384969075971312 1
1699268465.5137136 2.5324962637352533 0.039876860273435455 1
1699268465.6981065 2.5324962637352533 0.039876860273435455 1
1699268465.74831 2.536828497619113 0.04034561869393531 1
1699268465.7981436 2.538890783934295 0.04056852192484223 1
1699268465.8485315 2.5511110538883144 0.04190911118585911 1
1699268466.0251987 2.553117490851973 0.042128204947693385 1
1699268466.0755398 2.5551831290996083 0.042353641889434405 1
1699268466.1268566 2.559022168840965 0.0427714060995841 1
1699268466.1761913 2.5682023160429637 0.043769950536733805 1
1699268466.3433554 2.5718950160324017 0.04417129619521801 1
1699268466.392715 2.575229340964274 0.04453052141570362 1
1699268466.4424858 2.57681777175996 0.04470611153024331 1
1699268466.492967 2.585769795362716 0.04570513144147517 0
1699268466.6701372 2.587279592511565 0.04587664811595758 1
1699268466.7195733 2.588740078101809 0.046046512291472094 0
1699268466.7693279 2.5967232252854315 0.04696458727134534 1
1699268466.9381943 2.5967232252854315 0.04696458727134534 1
1699268466.9880912 2.59935587001711 0.04727140820922279 1
1699268467.0379581 2.6017722008198816 0.047555135298390325 1
1699268467.0877743 2.608606236309092 0.04836688682650912 1
1699268467.2635226 2.613095029601648 0.048907099059727815 1
1699268467.4410567 2.615351902587515 0.049180805031787206 1
1699268467.4908118 2.6211363746301224 0.049885986139897094 1
1699268467.6671908 2.622075061122103 0.05000076738669352 1
1699268467.7166166 2.6229915257465257 0.05011286441867824 1
1699268467.766716 2.627278926656691 0.05063707944127722 1
1699268467.9363623 2.6289907600029467 0.05084634880671598 1
1699268467.9864945 2.6297807262332853 0.05094299666427256 1
1699268468.036673 2.6303676868642007 0.05101501269884065 1
1699268468.0866551 2.6332901886211157 0.051371926534710656 1
1699268468.2768795 2.6364181157687385 0.05175288833124306 1
1699268468.5191247 2.6372928800474487 0.05185923680301492 1
1699268468.5690227 2.6385383906020965 0.05200924813336377 1
1699268468.746512 2.6389781776259125 0.05206159202903493 1
1699268468.7960076 2.6393391341521233 0.05210419555038571 1
1699268468.84604 2.640213003368378 0.0522055238678007 1
1699268469.0298488 2.640213003368378 0.0522055238678007 1
1699268469.0800502 2.6404916197617134 0.0522374202270288 1
1699268469.1301038 2.6405760104099105 0.05224681013880082 1
1699268469.180703 2.6409170068844574 0.05228245047386189 1
1699268469.355274 2.641152359842645 0.052305758919732874 1
1699268469.540994 2.6411976106718043 0.05231015686477172 1
1699268469.5911107 2.641225475092366 0.05230851482596136 1
1699268469.7857769 2.641203903767434 0.05230452209944659 1
1699268469.8351865 2.6411405425957026 0.05229610349351649 1
1699268469.8863802 2.640392724984762 0.05221416348240856 1
1699268470.0766702 2.6402649418412687 0.05220044706655359 1
1699268470.1255891 2.640122509343169 0.05218535764175121 1
1699268470.175996 2.6388469515550357 0.05205598197566155 1
1699268470.3766158 2.638623233536972 0.052033827711544904 1
1699268470.4308927 2.638176508527643 0.0519900909004743 1
1699268470.4814363 2.637664170004762 0.05194093110133016 1
1699268470.531285 2.6355512013077163 0.051746294699540875 1
1699268470.74095 2.633983900105808 0.0516091411549318 1
1699268470.9403298 2.633349961047144 0.051555343143839645 1
1699268470.9905024 2.6314241397812665 0.05139858302218765 1
1699268471.1727448 2.6310199065686035 0.05136666040067328 1
1699268471.2231429 2.6302281508670684 0.051305094278060064 1
1699268471.272192 2.6293773467257853 0.051240494812539665 1
1699268471.3223622 2.6267742817038395 0.05105202480817449 1
1699268471.5309818 2.6263423783795794 0.051022064709423894 1
1699268471.582164 2.6254575230989734 0.050961890573465965 1
1699268471.6303294 2.6244922597723117 0.05089823446395999 1
1699268471.6805584 2.6220389001779396 0.05074383386509551 1
1699268471.898712 2.6190504498575935 0.05057033852207629 1
1699268472.0820532 2.6185391921355166 0.05054221880763375 1
1699268472.1316185 2.6152557431629417 0.05037327360607333 1
1699268472.3282201 2.6141407676346566 0.0503198891313846 1
1699268472.37863 2.6129975391241533 0.05026720051591108 1
1699268472.4279752 2.6124199836604385 0.05024148395162249 1
1699268472.4782338 2.6082755604735803 0.05007197496788243 1
1699268472.6949158 2.607096978846938 0.05002839258994692 1
1699268472.744793 2.606486340945846 0.050006601891382105 1
1699268472.7949731 2.605259232580407 0.049964808312037035 1
1699268472.8451056 2.601503306911474 0.04985002983631712 1
1699268473.0534742 2.597719811503846 0.0497551322832501 1
1699268473.2539 2.5970749582341153 0.04974086012968368 1
1699268473.3033051 2.5931194536403437 0.04966653144199493 1
1699268473.496232 2.592460730972995 0.04965613350325226 1
1699268473.545929 2.591798407169118 0.049646232573871976 1
1699268473.5961814 2.5877196811022345 0.0495977927965493 1
1699268473.7816446 2.587022811796318 0.049591538733710396 1
1699268473.8314843 2.5856657640963334 0.04958100171136579 1
1699268473.8813148 2.5842628032992887 0.049572771208903355 1
1699268473.9317043 2.5793548603411596 0.04956255755926221 1
1699268474.1487603 2.578639902342034 0.04956348088442268 1
1699268474.200369 2.577234911456294 0.04956772143377103 1
1699268474.2485113 2.576506430028699 0.04957113903452697 1
1699268474.302044 2.5721650960665183 0.049605476019648286 0
1699268474.5146446 2.570671416399589 0.04962463730170983 1
1699268474.5642898 2.5698964739561987 0.049636639946120296 1
1699268474.614584 2.5691713586918175 0.049647276928579544 0
1699268474.666807 2.564225439099472 0.049728190798157726 0
1699268474.8855011 2.562796688505526 0.049756709307919686 1
1699268474.9362159 2.5612539634293654 0.04979190830131932 1
1699268474.9907043 2.5604770782192507 0.04981101326384785 1
1699268475.0378554 2.5560428312188863 0.04993226277607225 0
1699268475.2395613 2.5513953456381353 0.05005013639723692 0
1699268475.4350183 2.550618438196223 0.05007191124878145 1
1699268475.4847794 2.545363438702664 0.050232889575863034 0
1699268475.6730502 2.5435928031938055 0.05029232186740843 1
1699268475.7272425 2.5418341203047343 0.050353972117563164 0
1699268475.7786825 2.5375101471632884 0.05051519663311513 0
1699268475.9702377 2.5366239639246135 0.050549741387324904 0
1699268476.0202844 2.5348725650967285 0.050619614103761874 1
1699268476.0704207 2.5339692432773875 0.05065650222422293 0
1699268476.122265 2.5277906164004085 0.0509217468373075 1
1699268476.3420062 2.5260097949628384 0.05100211431383603 0
1699268476.3921406 2.525131748318037 0.051042373045478255 1
1699268476.4423378 2.5197992585611866 0.05129545975603468 1
1699268476.6423926 2.5180090172822354 0.05138340383683879 1
1699268476.692345 2.5171266544198496 0.05142728636809326 1
1699268476.743219 2.5117734992698217 0.05170076675170297 1
1699268476.9466522 2.510888423685682 0.0517470888195394 1
1699268476.9960973 2.5099759641895507 0.05179516652736048 1
1699268477.0469255 2.508203136746465 0.05188955429349517 1
1699268477.0970244 2.501901625220922 0.052234335311891145 1
1699268477.310248 2.4964954105493344 0.05254087803692326 1
1699268477.5065136 2.4947040925089516 0.05264456476272772 1
1699268477.557138 2.4901406699837363 0.05291309706138625 1
1699268477.7535372 2.4883047311221875 0.053022667745953586 1
1699268477.8036726 2.4873991110749976 0.053077040216089916 1
1699268477.8536458 2.481878411880239 0.05341272919170244 1
1699268478.057339 2.480965400026238 0.05346887884301137 1
1699268478.107177 2.4781907375585215 0.05364060459993331 1
1699268478.1585708 2.47445230068142 0.0538740759583903 1
1699268478.3541188 2.4716561525782446 0.05404985946768622 1
1699268478.4056094 2.47073185110374 0.0541082533173396 1
1699268478.4538393 2.465096554776816 0.05446712458368738 1
1699268478.6463397 2.463202798268967 0.05458870894971526 1
1699268478.6962557 2.4622687106283854 0.05464886099332005 1
1699268478.7466903 2.4565695024157215 0.05501847997107198 1
1699268478.9385266 2.4565695024157215 0.05501847997107198 1
1699268478.9882212 2.453709644110143 0.055205433664391054 1
1699268479.0388198 2.4479487919927068 0.0555850713591077 1
1699268479.2278326 2.446995945177219 0.05564820027734688 1
1699268479.2768176 2.4450541379753266 0.0557771913648011 1
1699268479.3308406 2.4440948747413134 0.05584106920056149 1
1699268479.3793232 2.438261082936299 0.056231482883591435 1
1699268479.6096191 2.4314058096873157 0.05669422030069768 1
1699268479.8155284 2.430436884646041 0.05675983299005253 1
1699268479.865008 2.4245013242989963 0.057164452622771464 1
1699268480.0547278 2.42251054448123 0.05730093644236142 1
1699268480.1043658 2.4215298024021448 0.05736829491209643 0
1699268480.1548922 2.414586033789691 0.05784727880696229 1
1699268480.3571773 2.413570638504739 0.0579159922781875 1
1699268480.4069064 2.4125777950489065 0.05798725763426354 1
1699268480.4568408 2.4105409840361647 0.05813432652742598 1
1699268480.5137136 2.404079174877353 0.05858680151843204 1
1699268480.7317052 2.4002586272565467 0.05884082718566385 0
1699268480.9195669 2.398337316441394 0.0589683680958876 1
1699268480.9689023 2.3919818959181884 0.05939633375047601 0
1699268481.166253 2.3898379467557307 0.05954305526634397 1
1699268481.2160735 2.3887815382388844 0.05961577136050213 0
1699268481.265935 2.3877302611705526 0.05968847000091147 0
1699268481.3158064 2.3792195380288557 0.0602845075434527 0
1699268481.532837 2.3781656814398144 0.06035924494704367 1
1699268481.5824752 2.3770729298185413 0.06043693143899978 1
1699268481.633441 2.369556611023153 0.060976551631304415 1
1699268481.829156 2.3684893997166525 0.061053810760872594 1
1699268481.8785417 2.3673895505631317 0.06113359736419075 1
1699268481.9288144 2.3609166307847715 0.06160614186489208 1
1699268482.1299984 2.3598463319744267 0.061684718216041316 1
1699268482.1794589 2.357671353978229 0.06184476169327388 1
1699268482.2308712 2.3522745867434756 0.06224387079177431 1
1699268482.4223459 2.3500918745675743 0.0624060096017884 1
1699268482.4722648 2.3479065124193292 0.0625687359356876 1
1699268482.5223892 2.3468292471466734 0.0626490918314197 1
1699268482.5727487 2.3392068649900843 0.06321991708343312 1
1699268482.7871048 2.3380920073909284 0.06330370790348556 1
1699268482.8387816 2.3359257427613724 0.06346672141949436 1
1699268482.8881166 2.330430693672386 0.06388129979322346 1
1699268483.0803058 2.3282215011627847 0.06404835411017941 1
1699268483.130135 2.3260423242863904 0.06421331660556913 1
1699268483.1805074 2.3249186064289544 0.06429844444614091 1
1699268483.230722 2.3172008182036916 0.06488389727483833 1
1699268483.4551244 2.3161052880376483 0.06496711905856076 1
1699268483.5049717 2.3138794648097734 0.06513628495856297 1
1699268483.555251 2.308324219307485 0.06555892225164442 1
1699268483.7502027 2.3061245343518926 0.06572645912377863 1
1699268483.8016243 2.3038887700610076 0.06589684046832953 1
1699268483.849461 2.3027865126945235 0.06598087179837386 1
1699268483.8999426 2.294951805738719 0.06657892200786267 1
1699268484.1182506 2.288228866396114 0.06709313502022271 1
1699268484.3183043 2.287117199211407 0.0671782434842005 1
1699268484.368626 2.280365140009176 0.06769561568636684 1
1699268484.5686862 2.2792490433972463 0.06778124159539914 1
1699268484.62091 2.276981430964247 0.06795533328617881 1
1699268484.6683757 2.274711539076259 0.06812972815875547 1
1699268484.7184045 2.266817549357323 0.06873634214232291 1
1699268484.9573095 2.265701825872811 0.0688221316210636 1
1699268485.0076585 2.2645529225398473 0.06891051096147388 0
1699268485.0575595 2.257795385430637 0.06942987402342041 0
1699268485.2545466 2.2566732899555593 0.06951997329776359 1
1699268485.3042195 2.2533446593535067 0.06978333503886609 1
1699268485.3543754 2.2523639129139563 0.06987029232181906 0
1699268485.4051795 2.2454218345512786 0.07037499940578457 0
1699268485.618317 2.242995064117805 0.07055192539584638 1
1699268485.667626 2.241741653158066 0.0706434315816222 0
1699268485.7173402 2.240463976555614 0.07073747371449053 1
1699268485.7689614 2.231776948108536 0.07138446649198588 0
1699268485.988377 2.22551096869924 0.07185995900210845 0
1699268486.1597853 2.224263384660596 0.0719554539324414 0
1699268486.2096455 2.2167121474233844 0.07253916899459502 0
1699268486.3843212 2.215469694673029 0.07263608524550771 0
1699268486.4349914 2.2129461509275385 0.07283366411413829 0
1699268486.4849296 2.210407226202805 0.07303339479836228 0
1699268486.5350158 2.2041046256851122 0.07353311136615218 0
1699268486.720939 2.202811389899481 0.07363630435029639 0
1699268486.7703688 2.2003077386933447 0.07383671585273431 0
1699268486.8204203 2.19902665456666 0.07393956911810597 0
1699268486.8702838 2.1914452593460165 0.07455230548123931 0
1699268487.0576074 2.1901879902377357 0.07465456323997285 0
1699268487.1076844 2.1876288602508356 0.0748632393723511 0
1699268487.1577446 2.1800598506516633 0.0754845843232064 0
1699268487.3386679 2.178808837378619 0.07558783919960917 0
1699268487.387939 2.1762662330597027 0.07579815306259029 0
1699268487.4385524 2.1685761510603845 0.07643773410889347 1
1699268487.6193905 2.1685761510603845 0.07643773410889347 0
1699268487.6687932 2.1673034534879814 0.0765440060827753 0
1699268487.7191923 2.1597445162123474 0.07717777317450945 0
1699268487.8979697 2.1584979264664015 0.0772826936211506 0
1699268487.9480658 2.1559475636377616 0.07749769299255262 0
1699268487.9979732 2.1481799842046256 0.07815519158225795 1
1699268488.167346 2.146895691291582 0.07826431694022355 0
1699268488.216604 2.1455882903874484 0.07837554777671661 0
1699268488.2674801 2.1378343732723795 0.07903760413581919 0
1699268488.44975 2.1365456552616844 0.07914805075440987 0
1699268488.4996169 2.13525611498704 0.07925868678815673 0
1699268488.5500226 2.133949897873806 0.07937087349452784 0
1699268488.5998504 2.1261569545787076 0.0800427631653704 0
1699268488.775796 2.118287636554653 0.08072524917107567 0
1699268488.9612186 2.1156896812900974 0.08095164364489266 0
1699268489.0108361 2.1105733269758407 0.08139901465043553 0
1699268489.1827226 2.108063094786131 0.08161923059779182 0
1699268489.23227 2.1054770540074 0.08184766786576851 0
1699268489.282901 2.098983718040443 0.08241210566668888 1
1699268489.469467 2.096597701338673 0.08262331773880657 0
1699268489.5181916 2.0952984351820225 0.08273499726526828 1
1699268489.5683618 2.0868844630374777 0.08345304634979578 1
1699268489.7483575 2.0855000679238573 0.08357236360208246 1
1699268489.79861 2.084137093408606 0.08369024852966317 0
1699268489.8485396 2.0763676755543163 0.08436962906215044 0
1699268490.0264707 2.0750479024787927 0.08448625951822748 0
1699268490.0763648 2.07246006906567 0.08471575032496001 0
1699268490.1261694 2.065346759078658 0.08535346468647495 1
1699268490.3142412 2.0624843875527756 0.08561272556190691 1
1699268490.363542 2.059786516130073 0.08585862547786415 0
1699268490.4137652 2.058445138452083 0.08598118896656178 0
1699268490.4641848 2.0499006850440664 0.08676889510039819 0
1699268490.6485598 2.042669856396018 0.08744398013913406 1
1699268490.8237562 2.0411863610273544 0.08758338575756668 0
1699268490.872852 2.0329385489197707 0.0883641663025445 0
1699268491.048875 2.031592826968631 0.08849240805783604 0
1699268491.098395 2.0302472897115056 0.08862086521217448 0
1699268491.148728 2.0213939971675288 0.08947102827522253 0
1699268491.3381104 2.0198846012080294 0.08961684482614417 1
1699268491.387792 2.0184187502091326 0.08975868658205331 0
1699268491.4376612 2.008669444681808 0.09070758766634512 0
1699268491.6315281 2.008669444681808 0.09070758766634512 0
1699268491.6802409 2.00589213166025 0.0909795168140457 0
1699268491.7302215 1.9953935051494065 0.09201317255698134 1
1699268491.9139109 1.9938577938858375 0.09216514053218874 0
1699268491.9646387 1.9923938211043348 0.092310246508631 0
1699268492.0153875 1.9909341971060341 0.09245506767547937 0
1699268492.065598 1.9819274271434415 0.0933525501608684 0
1699268492.2462356 1.9728138702821854 0.09426738171840769 0
1699268492.429333 1.971261871351344 0.09442387606197473 0
1699268492.4794126 1.9609809472859683 0.09546456161002595 0
1699268492.67526 1.9609809472859683 0.09546456161002595 0
1699268492.725178 1.9565203497871047 0.09591965267968001 0
1699268492.7910764 1.955009752562714 0.0960742003783079 1
1699268492.8296156 1.947580264283757 0.09683272192766322 0
1699268493.014234 1.944770528493586 0.09712834714561296 0
1699268493.0639575 1.9433853922745796 0.09726284726886886 0
1699268493.1139362 1.933891297888728 0.0982140876402964 1
1699268493.3054712 1.9322930267257672 0.09837491018600457 1
1699268493.3542871 1.9306480181956411 0.09854094211542257 0
1699268493.405049 1.9276466669631835 0.09884565164951961 0
1699268493.4545949 1.9165127557840582 0.09999041619110421 0
1699268493.6583009 1.909928418261353 0.10067898144370459 1
1699268493.8341615 1.908292214070161 0.10085136873096612 0
1699268493.8840587 1.899125927750326 0.10182675411467003 0
1699268494.065447 1.8961082425820348 0.10215128250793058 0
1699268494.114726 1.8930893150541033 0.10247762111008059 0
1699268494.16598 1.8914340762110198 0.10265704581934691 0
1699268494.2158394 1.8813131592741728 0.10376449267802662 1
1699268494.3913736 1.8796402576671467 0.10394902827723075 0
1699268494.44174 1.8779544114415818 0.104135475049694 0
1699268494.4921992 1.876324017087594 0.10431612611031015 0
1699268494.542048 1.8662424703582454 0.10544123814930956 0
1699268494.715978 1.8645592605356092 0.10563038189991551 0
1699268494.7659779 1.8611358086497087 0.10601617677921914 0
1699268494.8159904 1.8528950735745178 0.10695046947082715 0
1699268494.9976683 1.8496341135020486 0.1073222497672079 0
1699268495.0474489 1.846267445897397 0.10770740651980484 0
1699268495.0976222 1.8376736365351576 0.10869589316955955 1
1699268495.274747 1.8359728925530556 0.10889247583448969 0
1699268495.3249655 1.8343100107044688 0.10908501097609481 0
1699268495.3760102 1.8325991552778331 0.10928340113987904 0
1699268495.4255674 1.8222981469575912 0.11048483617555578 0
1699268495.5998557 1.8119007414459354 0.11170886017182023 0
1699268495.7935417 1.8101828427510909 0.11191231370298743 0
1699268495.8436506 1.8001337033167866 0.11311046597194835 0
1699268496.0290143 1.7984977672026108 0.11330686092927665 0
1699268496.0792134 1.7952081657802526 0.11369851970409277 0
1699268496.1291912 1.7850986434931115 0.1149017673755691 0
1699268496.3178916 1.7834128657667092 0.11509515997614228 0
1699268496.3682663 1.780029017003725 0.11548985287405714 0
1699268496.4182336 1.7784000189546345 0.11567964058784339 0
1699268496.4678175 1.7682612393896608 0.11687744984353873 0
1699268496.6590188 1.7579659649616752 0.11811871973109869 0
1699268496.8576064 1.756216271735255 0.11833232820877945 0
1699268496.906844 1.746344591039514 0.11955181251048226 0
1699268497.0902312 1.7447271462571012 0.11975387283040576 0
1699268497.1395738 1.7431088082932649 0.11995667126137154 0
1699268497.1896276 1.7310390189240952 0.1214877522599508 1
1699268497.3829687 1.7310390189240952 0.1214877522599508 0
1699268497.4326248 1.727635283849705 0.12192522432078487 0
1699268497.483157 1.7154946452782582 0.12350461798197554 0
1699268497.657772 1.7154946452782582 0.12350461798197554 0
1699268497.7077098 1.7120290467961148 0.12396067809073977 0
1699268497.757726 1.710301301877736 0.12418893313678817 0
1699268497.8080888 1.7035733501027537 0.12508298682555608 0
