1697610780.9475095 -0.0019921208323993127 -0.00036124134005738296 1
1697610781.200686 0.002356967475685528 -0.0003378681260691428 0
1697610781.318111 0.01355932095838476 -0.00028462248399380266 1
1697610781.353283 0.01355932095838476 -0.00028462248399380266 1
1697610781.387208 0.02160775080453871 -0.0002468523146397114 0
1697610781.4070683 0.029710393797587276 -0.00020673380106489374 1
1697610781.450096 0.03710449397333032 -0.00016123730219648447 0
1697610781.5005236 0.044249093338484334 -0.00011060824788533477 0
1697610781.550328 0.05899169680007753 1.992677304509661e-05 0
1697610781.6003866 0.07476176169016809 0.00019636053694519525 0
1697610781.650578 0.08246788161983468 0.00029073841046127334 0
1697610781.700702 0.08963933110938306 0.0003734765707518856 0
1697610781.7512758 0.11125726174809782 0.0006861248879238273 0
1697610781.8008456 0.11910286051474636 0.0008053344278088671 1
1697610781.8510072 0.12632651134817988 0.0009213213824207132 0
1697610781.9013407 0.13983183765452528 0.0011419386568064086 0
1697610781.9514976 0.14736211885890815 0.0012715262608730352 0
1697610782.001397 0.16292083708441127 0.0015557083488047644 1
1697610782.0513222 0.1778566295192335 0.0018554120806327284 0
1697610782.1014664 0.18521104196835367 0.0020076023967030643 0
1697610782.1516588 0.1922818344515888 0.00216015577348758 0
1697610782.2018197 0.19957892516190426 0.002327226340986581 0
1697610782.2524145 0.21433099327156083 0.0026819818492211387 0
1697610782.3026643 0.22880292292284826 0.003058836116384353 0
1697610782.3524094 0.23582536007218088 0.0032551753594998647 0
1697610782.402752 0.24262057607353069 0.0034416994168859805 0
1697610782.4525833 0.24950795201358586 0.0036443656856416096 0
1697610782.5029714 0.2698975561626356 0.004275054295683374 0
1697610782.5529616 0.27660991034232196 0.004494678041112276 0
1697610782.603577 0.28989054887675003 0.00494662903619806 0
1697610782.6534693 0.30288680953765096 0.005409930332733424 0
1697610782.7034144 0.30959664297816214 0.005656801600547282 0
1697610782.7543733 0.31601047998563797 0.005897477320428803 0
1697610782.8040986 0.3288539714864416 0.006392078430208351 0
1697610782.85453 0.3351580847203858 0.006640724273828651 0
1697610782.9059844 0.347890056108797 0.0071543098245799705 0
1697610782.9550948 0.3601680293212182 0.007663104779329647 0
1697610783.0049658 0.3664452381637531 0.007928163069243972 0
1697610783.0551672 0.372467798650563 0.008186159024052208 0
1697610783.1051495 0.3785229348922284 0.008448162232145227 0
1697610783.1547313 0.3907506687724353 0.00898953827820988 0
1697610783.2048604 0.4026809410887062 0.009528947529931497 0
1697610783.2561483 0.4084410757718719 0.009794123483251004 0
1697610783.3050997 0.4142360299005559 0.010063531718674423 0
1697610783.3562303 0.4317450495590308 0.010891142042967638 0
1697610783.4058392 0.43762918933711514 0.011174344560731886 0
1697610783.4559586 0.4432652533151585 0.011447748163106822 0
1697610783.505714 0.448892047891745 0.01172246568801342 0
1697610783.556089 0.4658628707476182 0.012560855635319092 0
1697610783.6061597 0.47158064255680177 0.012846192081736237 0
1697610783.6568244 0.4770624807479854 0.01312087122573138 0
1697610783.707846 0.48816811893228224 0.013680472538971148 0
1697610783.7587004 0.49362806295009876 0.013956925885031755 0
1697610783.8078008 0.5045968289684225 0.014514243401951659 0
1697610783.857339 0.5152193118285298 0.015055467791819706 0
1697610783.9079058 0.5206585748018687 0.015332869396726291 0
1697610783.957632 0.5259172948953756 0.015600835711428163 0
1697610784.0074065 0.5312012767470372 0.015869302927444182 0
1697610784.0574958 0.5418923202681883 0.016410735656151275 0
1697610784.1073387 0.5523423990364147 0.01694866619614039 0
1697610784.157773 0.5574205805050727 0.017208298970468383 0
1697610784.208731 0.562524921411555 0.01746978761631865 0
1697610784.2590902 0.5677862317201329 0.017738856413011827 0
1697610784.3083665 0.5830384910871319 0.0185186243121801 0
1697610784.358245 0.58800417442327 0.018772074207110512 0
1697610784.4083698 0.598125230147258 0.01928729121425139 0
1697610784.4585989 0.6031030183914309 0.01953990780224025 0
1697610784.5087066 0.6130832000359216 0.02004456738463935 0
1697610784.55835 0.6227783102356902 0.02053206420356699 0
1697610784.60859 0.6277508488647848 0.02078089171913566 0
1697610784.6588044 0.632578385781919 0.021021602115816804 0
1697610784.709042 0.6374298050227929 0.021262551170907838 0
1697610784.7593935 0.6472502281129262 0.021746564509576283 0
1697610784.8091497 0.6569421011640967 0.022218875725441074 0
1697610784.859991 0.661659059564801 0.022446429298299795 0
1697610784.9107091 0.666390438350284 0.022673341050230347 0
1697610784.9608536 0.6712699605637603 0.02290547946283162 0
1697610785.0110905 0.6855268543788785 0.02356978908811641 0
1697610785.0611832 0.6947932256798215 0.02398881738214426 0
1697610785.111208 0.6995549117691675 0.024207419441486185 0
1697610785.161184 0.7086757065341923 0.024612932224715348 0
1697610785.2118852 0.713359901377405 0.024816463204441766 0
1697610785.2615836 0.7178888493854239 0.025015467844588683 0
1697610785.3120458 0.7271410574574433 0.02541516960427189 0
1697610785.3619668 0.7316674284282205 0.02560798579987588 0
1697610785.4121776 0.7407479332195115 0.02598969972467121 0
1697610785.4621284 0.7496218167319385 0.02635599521964916 0
1697610785.5129838 0.7541922013812661 0.026542009978150906 0
1697610785.5631292 0.7586377677391558 0.026721194458694027 0
1697610785.6132402 0.7676705121689279 0.027079891369077028 0
1697610785.6639042 0.7764807954273554 0.02742269334225751 0
1697610785.7137837 0.7810007290377933 0.02759572909677654 0
1697610785.764142 0.7853583786401502 0.027760688998002464 0
1697610785.8146443 0.7897354905677251 0.027924520674280067 0
1697610785.8646138 0.7986062047057368 0.028250086721009506 0
1697610785.9146163 0.8074485516518083 0.028565351799748694 0
1697610785.9644704 0.8117841436843249 0.02871648095454357 0
1697610786.0143087 0.8160956416859437 0.028864407447833133 0
1697610786.0645561 0.8248257676386613 0.029156476234362433 0
1697610786.1144485 0.8335146003866162 0.02943630509646452 0
1697610786.1647372 0.8378051741979125 0.029570097422995156 0
1697610786.2145014 0.8420764560752759 0.029699800318046445 0
1697610786.2646017 0.8464713838739291 0.029830835602983097 0
1697610786.3146644 0.859253888236575 0.030204351951867256 0
1697610786.364681 0.8633819861084757 0.030322941146921613 0
1697610786.4151514 0.8675484438408837 0.030438667185218413 0
1697610786.465103 0.8802025322045315 0.03078029625928854 0
1697610786.5150478 0.8844924263743958 0.03089095143313238 0
1697610786.5652726 0.8886463908938352 0.030995925615152974 0
1697610786.6152592 0.8970426782607804 0.031201310384394963 0
1697610786.665402 0.9052923658649422 0.03139438414758392 0
1697610786.7163148 0.9095432464626317 0.03149053949518022 0
1697610786.765826 0.9177533656551286 0.03166988346810915 0
1697610786.816185 0.921980595277916 0.0317589473475891 0
1697610786.8661928 0.9260806003182499 0.031843218980521254 0
1697610786.916425 0.9343866679902632 0.03200750232541107 0
1697610786.9663084 0.9425250695921535 0.032160002691959386 0
1697610787.0162828 0.9467118655505167 0.03223513419128995 0
1697610787.066471 0.9507676297268396 0.03230523858167754 0
1697610787.1167152 0.9590205312626799 0.03244054953868878 0
1697610787.166833 0.967118855399462 0.03256350199724453 0
1697610787.2171512 0.9712889007124733 0.0326229349797413 0
1697610787.2673223 0.9753159860095493 0.03267766484248495 0
1697610787.317255 0.9793437336170594 0.032729940166033464 0
1697610787.3676076 0.9875115224137492 0.032827641167130585 0
1697610787.417578 0.995665134718701 0.03291315823292229 0
1697610787.4681125 0.9996711512117648 0.03295083722655556 0
1697610787.5181308 1.0036564857360715 0.03298583377935576 0
1697610787.568256 1.0117172127462786 0.033044991559415475 0
1697610787.6183205 1.0196384287985387 0.033111673097176504 0
1697610787.668342 1.0235862565957874 0.03314193325678383 0
1697610787.7184834 1.0275751465667193 0.03316749479377267 0
1697610787.768881 1.0356255597769153 0.03321252883325588 0
1697610787.8185575 1.0435805518315926 0.03324794512885343 0
1697610787.8689744 1.0474989349162578 0.03326223956827938 0
1697610787.9194062 1.0514201204860507 0.03327449302701732 0
1697610787.9694164 1.063281025626636 0.033299342588811814 0
1697610788.0193655 1.0673046601598224 0.03330372387151791 0
1697610788.069368 1.071200321423356 0.0333060298582392 0
1697610788.1192288 1.0751021958407019 0.03330645821826757 0
1697610788.1692648 1.0869184260626854 0.03329642121606682 0
1697610788.2198036 1.0909275171424069 0.033289167532776394 0
1697610788.2697823 1.0948096198794717 0.033280290353229325 0
1697610788.3201394 1.1026995414157579 0.03325660989683215 0
1697610788.370206 1.1065858516346132 0.033241656922910146 0
1697610788.4202976 1.1144586445477034 0.03320513281029882 0
1697610788.4703124 1.1221931787000685 0.03316100928593812 0
1697610788.520269 1.1261761898719624 0.03313502955320575 0
1697610788.5703158 1.1300409757980918 0.03310765717584544 0
1697610788.6205904 1.1378982844520806 0.033045501949725574 0
1697610788.6711125 1.1456168966878122 0.03297536740216361 0
1697610788.7211268 1.1495879282942336 0.03293562991827274 0
1697610788.7710483 1.1534261200225675 0.0328946236689119 0
1697610788.821492 1.1572624332230124 0.03285223551022552 0
1697610788.8715441 1.1650184935122643 0.03275752084070443 0
1697610788.9215932 1.1726598260864047 0.03266259321735595 0
1697610788.9722276 1.1764719188242037 0.032616272481258334 0
1697610789.021918 1.1803075820051316 0.03256531510550828 0
1697610789.072339 1.1842619240448424 0.032512345613909935 0
1697610789.1223774 1.191810364762139 0.032403221520131614 0
1697610789.1723845 1.1994327066327632 0.032286082928816594 0
