1697471242.5871341 -0.0013276270629240736 -0.0015552050450767358 1
1697471243.3679743 0.051319211630953 -0.006060714892474402 0
1697471243.747851 0.08884500737916841 -0.00925998787207303 1
1697471243.8798292 0.10983305350190134 -0.010936601892086768 1
1697471244.0144444 0.11865067980145222 -0.0116059582621001 0
1697471244.1597292 0.13370877895531222 -0.01275306831782597 0
1697471244.2933989 0.15218857508636494 -0.01416218580247032 1
1697471244.4161606 0.1806585379156298 -0.016278851217728946 1
1697471244.5407016 0.19024613269958615 -0.01699471242154286 0
1697471244.6673727 0.21488069028287574 -0.01884523670582747 0
1697471244.7901754 0.23158738996421466 -0.020105352088499437 0
1697471244.908436 0.2525198645655457 -0.02160413979506658 0
1697471245.0262878 0.26191895222538736 -0.022240091520003353 0
1697471245.1422648 0.28037116585140415 -0.023486416003675445 0
1697471245.2598424 0.2953759788686691 -0.024491704812545163 0
1697471245.3833961 0.3155468894095929 -0.025828638408236643 0
1697471245.4953802 0.32906711779716774 -0.02671298439586877 0
1697471245.6073005 0.3470339787069588 -0.027869528883425736 0
1697471245.7216241 0.3566140002827173 -0.028477244667210962 0
1697471245.838506 0.38016447734512937 -0.029943221521754063 0
1697471245.9703786 0.40204351476322786 -0.03128938035744828 0
1697471246.1234686 0.423897576409153 -0.03259745479726843 0
1697471246.330363 0.4417651817156587 -0.03362382514789268 0
1697471246.474228 0.4596705717921754 -0.034606607930661615 0
1697471246.5817416 0.4766850965431337 -0.03549474235275915 0
1697471246.718714 0.48935826895329554 -0.03612662529742364 0
1697471246.8175766 0.5023542993607262 -0.03674852327461907 0
1697471246.9149907 0.5153010467600683 -0.03734120085583742 0
1697471247.0142565 0.5278824007687236 -0.03789065874809181 0
1697471247.1173878 0.5403512839640192 -0.03840494493383897 0
1697471247.219713 0.5485696809399392 -0.03873558749190375 0
1697471247.3156517 0.5651977086428757 -0.03936486980853925 0
1697471247.4165957 0.5733476505375212 -0.039655212345402376 0
1697471247.5105302 0.5856506354835581 -0.04006680828848211 0
1697471247.6089602 0.5979219319879704 -0.04044527950084679 0
1697471247.7108848 0.6061390200716701 -0.04068105328811034 0
1697471247.8033366 0.6223707861049823 -0.04110503174687037 0
1697471247.9159677 0.6345024758279586 -0.04138724709866809 0
1697471248.0335379 0.6586736568717287 -0.04186456036300445 0
1697471248.2216775 0.6828923465785819 -0.0422299372976985 0
1697471248.4356825 0.7067233688681681 -0.04247886483642153 1
1697471248.6308002 0.7340652194294466 -0.04264314760753208 1
1697471248.8400195 0.749815757278052 -0.04266974084098162 1
1697471249.0121794 0.7618456221807481 -0.04265975727989623 1
1697471249.1174874 0.7781332444586181 -0.04261743736266231 1
1697471249.218062 0.7862568111362437 -0.04258921343609842 0
1697471249.3151793 0.8021587202686423 -0.042523201237574644 0
1697471249.4178913 0.81018902838834 -0.042484802095953865 0
1697471249.5113387 0.8182719968967617 -0.04244275099139861 0
1697471249.6144297 0.8381816322752612 -0.04232534155875075 0
1697471249.7143066 0.8461271730352168 -0.04227552818505195 0
1697471249.8114204 0.861798706883278 -0.04216677476765214 0
1697471249.9165814 0.8696276788686903 -0.04210060107853423 0
1697471250.01372 0.88519789542024 -0.04196230686736671 0
1697471250.1164427 0.8930410897780413 -0.04188444379406668 0
1697471250.2209716 0.904717602228678 -0.04175824719840943 1
1697471250.3226678 0.9163641895053295 -0.041619369069752506 1
1697471250.427665 0.9319104426835885 -0.04141414477157721 1
1697471250.531939 0.9436379890871609 -0.041249199256475626 1
1697471250.6335502 0.9553232929711434 -0.04107977458602695 0
1697471250.730488 0.966956323613744 -0.04090746817646315 0
1697471250.8284066 0.9747484258401016 -0.04079025216620105 0
1697471250.9257507 0.9941976554547531 -0.04049335460702938 0
1697471251.0898108 1.0173358951245808 -0.04013827646135552 0
1697471251.3069665 1.0361422847968447 -0.039829804958922396 1
1697471251.4762826 1.0475451124700974 -0.03963433461358132 1
1697471251.5815566 1.0553286911051607 -0.03949881846126177 0
1697471251.6755223 1.07454286428271 -0.03916327308517174 0
1697471251.7997377 1.0972235191176345 -0.03876859201385157 0
1697471251.9889958 1.1162952541998148 -0.038438518708590795 0
1697471252.1546178 1.127817287320565 -0.038240704202156015 0
1697471252.2590451 1.1392125906528217 -0.03804708493049 0
1697471252.3612356 1.1505324156849217 -0.0378580540602518 0
1697471252.4605687 1.1581435881301023 -0.037734217294949184 0
1697471252.5552769 1.1657844985542951 -0.0376129549516414 0
