1697469094.848759 -7.250834308353129 -6.933563132073252 0
1697469095.1310256 -7.252980426539991 -6.948915572522471 0
1697469095.2986064 -7.252776002925327 -6.947187148258561 0
1697469095.3489163 -7.252005150666982 -6.940674114523296 0
1697469095.3984244 -7.252005150666982 -6.940674114523296 0
1697469095.4485812 -7.251507265121228 -6.9364842554571835 0
1697469095.4983718 -7.2512329310005015 -6.934175484492608 0
1697469095.5484612 -7.250822918477311 -6.930719330303898 0
1697469095.5986278 -7.25052028460628 -6.928182459518945 0
1697469095.6486278 -7.25018738933291 -6.925393544633811 0
1697469095.698424 -7.2497825431734135 -6.922003569404146 0
1697469095.7487593 -7.249384892560181 -6.918666538280145 0
1697469095.7991576 -7.249191929554192 -6.917050890045712 0
1697469095.8490808 -7.248916145379822 -6.914753892358459 0
1697469095.8991668 -7.248296591534293 -6.90959246472339 0
1697469095.9493887 -7.247695264271393 -6.904596218329851 0
1697469095.9996834 -7.2474303395284405 -6.902388277679532 0
1697469096.050153 -7.247177251022496 -6.900286190340972 0
1697469096.1003368 -7.246890744271668 -6.8979058559734865 0
1697469096.1501727 -7.246298071687096 -6.892992973237378 0
1697469096.2011504 -7.2456661590587705 -6.887763399774579 0
1697469096.2505755 -7.245367173432224 -6.8852952473765505 0
1697469096.3017383 -7.245091506992905 -6.883022101741509 0
1697469096.351508 -7.244817009527781 -6.880759125186235 0
1697469096.4014688 -7.243916555458856 -6.873353061409644 0
1697469096.45188 -7.243582887206572 -6.8706167342690945 0
1697469096.5015993 -7.242966986304177 -6.865586351118161 0
1697469096.5519717 -7.242657392721308 -6.86306485312707 0
1697469096.6019192 -7.242018197514543 -6.857878825457464 0
1697469096.6524127 -7.24134628762766 -6.85248614372712 0
1697469096.702155 -7.241013671319755 -6.849822119163728 0
1697469096.752322 -7.240674151115293 -6.847163770387527 0
1697469096.805069 -7.240338991960373 -6.84454496035346 0
1697469096.8549397 -7.239649380528386 -6.839185093341226 0
1697469096.9052727 -7.2389351144765675 -6.833696136295274 0
1697469096.9544933 -7.238563686950322 -6.830854169884005 0
1697469097.004773 -7.238208778311316 -6.828153891560642 0
1697469097.0549786 -7.237485547986659 -6.8226594589779594 0
1697469097.1047025 -7.236766952954521 -6.817174983020318 0
1697469097.1553385 -7.236386945820255 -6.814307732975435 0
1697469097.2058291 -7.236016665930736 -6.811491304409644 0
1697469097.2559576 -7.234889632257446 -6.80295662099458 0
1697469097.3086746 -7.234518907324742 -6.800145899713361 0
1697469097.3556945 -7.23413091615816 -6.797205029545354 0
1697469097.4059284 -7.232974044722705 -6.788422646583642 0
1697469097.4577675 -7.232974044722705 -6.788422646583642 0
1697469097.5063171 -7.232208421740047 -6.7826055140876775 0
1697469097.5565538 -7.2318159088227505 -6.77962216614841 0
1697469097.606479 -7.231432044084812 -6.7767042232045736 0
1697469097.6567497 -7.230254895808235 -6.767754288168782 0
1697469097.7068572 -7.229861479791461 -6.7647628372639295 0
1697469097.7569728 -7.229455279873393 -6.761674027539713 0
1697469097.8071902 -7.229064255801903 -6.758700400334033 0
1697469097.8571796 -7.228268267940752 -6.752647151255704 0
1697469097.9077783 -7.227469966416687 -6.74657763135936 0
1697469097.9576738 -7.226651256454175 -6.740354307719683 0
1697469098.0079246 -7.226246855890409 -6.737280869427624 0
1697469098.0577137 -7.225831628367469 -6.734125644883894 0
1697469098.1077588 -7.22502653809531 -6.728010093797221 0
1697469098.1604548 -7.223789322662267 -6.7186225796887715 0
1697469098.246929 -7.223366132689936 -6.715416379105956 0
1697469098.2984807 -7.222952226340672 -6.712283461782509 0
1697469098.3378243 -7.2221104358882595 -6.70592638415501 0
1697469098.3790796 -7.221693557332205 -6.702786731686418 0
1697469098.4204683 -7.221276303533974 -6.699653699467027 0
1697469098.4625733 -7.220430765037593 -6.693366873332171 0
1697469098.5270927 -7.220430765037593 -6.693366873332171 0
1697469098.5665834 -7.219556706672162 -6.686971114949573 0
1697469098.6133707 -7.218675839989014 -6.680562781922948 0
1697469098.6626709 -7.218212395047309 -6.677212736168161 0
1697469098.7134838 -7.217769556308304 -6.67402213363612 0
1697469098.7634263 -7.2168727392316026 -6.667579133195623 0
1697469098.8135147 -7.215991739332825 -6.661223224501848 0
1697469098.864693 -7.215531062007919 -6.657923215994959 0
1697469098.9134943 -7.215084581946078 -6.6547240882345795 0
1697469098.963772 -7.214634950531437 -6.651501354996981 0
1697469099.0142713 -7.21327519145143 -6.641726295688654 0
1697469099.0645132 -7.212813214504846 -6.638399205208974 0
1697469099.1151276 -7.211914310815992 -6.631918679683622 0
1697469099.1654105 -7.211449225887047 -6.628562443988639 0
1697469099.215438 -7.210544845373734 -6.622029851940586 0
1697469099.2653646 -7.209623514428903 -6.615367716456119 0
1697469099.315774 -7.20916966733877 -6.612083456774736 0
1697469099.3660965 -7.208701240101283 -6.608692216975061 0
1697469099.4166992 -7.207321423124083 -6.59869515794754 0
1697469099.5099032 -7.205937140515415 -6.588655318408688 0
1697469099.5830505 -7.205479565723367 -6.585334602552155 0
1697469099.6409404 -7.205021054939373 -6.582006289013375 0
1697469099.6958842 -7.204087716136856 -6.575229509245465 0
1697469099.7439497 -7.203150510620714 -6.568423992029585 0
1697469099.7893631 -7.202687822318782 -6.565064811850823 0
1697469099.8387277 -7.202224539264497 -6.5617025793357495 0
1697469099.875641 -7.201747112849406 -6.558239847400859 0
1697469099.931113 -7.200818604986937 -6.551515452532351 0
1697469099.974562 -7.199871423429574 -6.544682964779294 0
1697469100.0153885 -7.199871423429574 -6.544682964779294 0
1697469100.0486841 -7.199406500464388 -6.541340520053691 0
1697469100.0760324 -7.198925553064494 -6.537936650640334 0
1697469100.125747 -7.198446698349828 -6.5345495201659585 0
1697469100.176047 -7.197467260301438 -6.527645319543855 0
1697469100.2263424 -7.196491097995422 -6.520813893914289 0
1697469100.2767055 -7.195993494924013 -6.517344494895612 0
1697469100.3333087 -7.195034554043727 -6.510632628205043 0
1697469100.3806632 -7.194059680696096 -6.503828338201083 0
1697469100.4309502 -7.193572395671425 -6.500431190169944 0
1697469100.478357 -7.19258043712056 -6.493502453610913 0
1697469100.5283895 -7.1920913452158635 -6.49007921648331 0
1697469100.5799274 -7.191591913630241 -6.486579648659973 0
1697469100.6349351 -7.190626065299717 -6.479801045413792 0
1697469100.6974547 -7.189157969327572 -6.469476214304259 0
1697469100.7634602 -7.188655981657328 -6.465940258429132 0
1697469100.8232517 -7.187678103670144 -6.459045580540287 0
1697469100.882862 -7.186690797516651 -6.452075806064892 0
1697469100.9345243 -7.186204208268533 -6.448638026505921 0
1697469100.9935853 -7.185703707706598 -6.445100201749815 0
1697469101.0477586 -7.184226608406153 -6.434649848864727 0
1697469101.1316152 -7.182743578993703 -6.424145420741915 0
1697469101.2185051 -7.182252999842099 -6.420668503416851 0
1697469101.273553 -7.180770322359564 -6.410158244860646 0
1697469101.3373747 -7.179775906957427 -6.403112922174692 0
1697469101.399893 -7.17928530847784 -6.399640875554607 0
1697469101.4651275 -7.178284400123825 -6.3925723174392735 0
1697469101.5316906 -7.177302486496917 -6.385683318135437 0
1697469101.597984 -7.175780888295856 -6.375170128593911 0
1697469101.7204173 -7.1752596992703666 -6.371589093281967 0
1697469101.7733257 -7.174227779266987 -6.364519128509616 0
1697469101.8332074 -7.173190903356932 -6.3574243663240075 0
1697469101.9025614 -7.172155714253857 -6.350361845544053 0
1697469101.9698186 -7.171150214428333 -6.343502079560416 0
1697469102.0374384 -7.1701223451262805 -6.336471982282976 0
1697469102.1009996 -7.169089163866652 -6.329386893515206 0
1697469102.1675148 -7.168063862306188 -6.3223413103306605 0
1697469102.232188 -0.0004494097905311011 -0.00017235235196297522 0
1697469102.2974348 0.0013608050303135317 -0.0001439435135735762 1
1697469102.3634367 0.004132199032056017 -0.0007961339247363951 1
1697469102.430065 0.004830543354005026 -0.0007729697684108455 1
1697469102.4984255 -0.0022353549785597837 -0.000980889858072441 0
1697469102.5655177 -0.013269334653556213 -0.001372132670500462 0
1697469102.6314638 -0.017961955534417498 -0.0015465512050217417 0
1697469102.6925256 -0.024045359420210997 -0.0017757062065052293 0
1697469102.7584248 -0.029834095240270458 -0.0020006944200425237 0
1697469102.831382 -0.030871494447975375 -0.0020477720564212485 0
1697469102.897739 -0.03906000718655559 -0.002335420655667276 0
1697469102.9657414 -0.04543115418610177 -0.002556011249053632 0
1697469103.0341957 -0.04848818434093255 -0.002656897878077261 0
1697469103.0975904 -0.052814811121524724 -0.002784461661033482 0
1697469103.1568673 -0.05529593056247367 -0.0028847056003753415 0
1697469103.2150733 -0.05831944292931307 -0.003028645165764547 0
1697469103.2779534 -0.0614996360145408 -0.003184767050179317 0
1697469103.344594 -0.06313196549535222 -0.0032624362206498726 0
1697469103.410072 -0.06621460200016657 -0.0034000002037986466 0
1697469103.473551 -0.06735893226094822 -0.0034519149728128667 0
1697469103.5372837 -0.06777114187596373 -0.00347247111433629 0
1697469103.5949745 -0.06995742378160011 -0.00356699985026043 0
1697469103.6569548 -0.07197319978524903 -0.0036287048886441374 0
1697469103.7282698 -0.07350797680902044 -0.0036759029815959052 0
1697469103.809347 -0.07420420954144351 -0.003710245444605631 0
1697469103.882703 -0.07387278632466121 -0.003703077121256557 1
1697469103.9519806 -0.07364838218615578 -0.0036987266581728845 1
1697469104.0170534 -0.07696938817789206 -0.0037145470473329855 0
1697469104.0869133 -0.08502755811792 -0.004230284400261173 0
1697469104.1480112 -0.09620196988963461 -0.005609195952875462 0
1697469104.2207482 -0.10526054761135888 -0.006791206926603426 0
1697469104.2966268 -0.11238062115659536 -0.0077030506957100455 0
1697469104.3825328 -0.11672106836000795 -0.00823648436092494 0
1697469104.4626808 -0.12200245028692697 -0.008863056223899653 0
1697469104.5314038 -0.1293532021445366 -0.009702472943097716 0
1697469104.596965 -0.1349020685819617 -0.01031506996426984 0
1697469104.65882 -0.13908911579380856 -0.010765433941002989 0
1697469104.7233574 -0.14247324525609573 -0.011115296581346622 0
1697469104.7887928 -0.1468494191972709 -0.011548068915148577 0
1697469104.8608131 -0.14920962461242077 -0.011774451301777851 0
1697469104.9254985 -0.1535939861500427 -0.012188523129886641 0
1697469104.9857342 -0.15569762302712123 -0.012380172267557114 0
1697469105.0520918 -0.15659362444859712 -0.012460503493714341 0
1697469105.1216743 -0.16032064044728675 -0.01277303328300882 0
1697469105.19147 -0.16487209215338386 -0.013140381527827249 0
1697469105.2601295 -0.16620991370574947 -0.01324483590329117 0
1697469105.3254595 -0.16814446828582774 -0.01339924481346068 0
1697469105.3993914 -0.1688842910785421 -0.013460398757842025 0
1697469105.4809237 -0.16936201289977187 -0.013502543346679054 0
1697469105.5428758 -0.16999504585479636 -0.013546475698551644 0
1697469105.6006348 -0.17172338661628356 -0.01366436103359305 0
1697469105.663004 -0.17243042736822806 -0.013715515597356781 0
1697469105.733941 -0.17235691769061698 -0.013717027357035144 0
1697469105.805463 -0.17204036747423715 -0.013717171635476868 1
1697469105.881152 -0.17325885070858502 -0.01378520721715923 1
1697469105.9650617 -0.17647676542758622 -0.013927953436375783 0
1697469106.0359864 -0.19360806563873856 -0.014615104648309628 0
1697469106.1043913 -0.20434619059615458 -0.015001329311940592 0
1697469106.1738136 -0.21285144549349017 -0.015293330170892702 0
1697469106.2444565 -0.21636002713793565 -0.015434259481397683 0
1697469106.3239613 -0.22682753453704838 -0.015766476898618046 0
1697469106.3950326 -0.22926620791784683 -0.015823649676819592 0
1697469106.4651647 -0.23537253398844585 -0.01595330234312535 0
1697469106.5268877 -0.24117010212769746 -0.016064232997371402 0
1697469106.5882704 -0.24610836704368227 -0.016150378293536636 0
1697469106.6581173 -0.24943719203906775 -0.01620303216939297 0
1697469106.725734 -0.2527661547352336 -0.016250829181380173 0
1697469106.798598 -0.2562264047711657 -0.01629398309520555 0
1697469106.875728 -0.26180853189699593 -0.016351676880443484 0
1697469106.9668064 -0.2647708961457489 -0.01637707268861149 0
1697469107.0301485 -0.2672687926241911 -0.016394870717218936 0
1697469107.0935237 -0.26834639048601094 -0.016401927173067064 0
1697469107.1529107 -0.2693960443328667 -0.016407585498017793 0
1697469107.2110243 -0.27325914538813506 -0.01642246427810829 0
1697469107.2838159 -0.2740569197572717 -0.016424641428962754 0
1697469107.3426967 -0.2747311554565117 -0.01642558027216563 0
1697469107.4029822 -0.2762714769809422 -0.016426412058112915 0
1697469107.471401 -0.2769529446467253 -0.016426052555637963 0
1697469107.5201209 -0.2772607293710253 -0.0164256948010225 0
1697469107.5772855 -0.2775604552427832 -0.016425036975405965 0
1697469107.6396601 -0.2780630181025053 -0.016422978184050942 0
1697469107.7079084 -0.27798934105328865 -0.016423063341796287 0
1697469107.7715437 -0.27772628857800197 -0.016424400418416904 1
1697469107.8480244 -0.27759253519852367 -0.016425018186811913 1
1697469107.9172769 -0.2976080858835218 -0.016253839808006865 0
1697469107.9897249 -0.3047123281972061 -0.016182509041525628 0
1697469108.0611393 -0.31905541025234985 -0.016030113122454 0
1697469108.1394527 -0.33311792740462703 -0.01586603309689881 0
1697469108.2094958 -0.33642681402101227 -0.015833417482960927 0
1697469108.2819529 -0.33713327561401546 -0.015827636805965505 0
1697469108.3442075 -0.34421170626487974 -0.015718817839969618 0
1697469108.4120243 -0.3521620241679723 -0.015603915485073222 0
1697469108.482844 -0.3608845875347465 -0.015474798438309841 0
1697469108.5536869 -0.3669386928499163 -0.015418189659197588 0
1697469108.6279938 -0.3733327248075807 -0.015242032650663349 0
1697469108.7095196 -0.37475755986890524 -0.015190154561808795 0
1697469108.7756639 -0.378892861100035 -0.01497441101350799 0
1697469108.846921 -0.38149867595263376 -0.014779453558425922 0
1697469108.920626 -0.3829908830552743 -0.014674747458998556 0
1697469108.9900405 -0.38693237342475273 -0.014398601615850834 0
1697469109.06136 -0.3884115029662408 -0.014294221455100974 0
1697469109.1437016 -0.39040980007235526 -0.01416959623628424 0
1697469109.2734404 -0.3945687292716497 -0.013905020550583997 0
1697469109.423584 -0.39614598461372136 -0.013809810282070066 0
1697469109.4913723 -0.3967438926774318 -0.013771382315937533 0
1697469109.5559335 -0.3962375314573033 -0.013796957001988108 0
1697469109.622562 -0.39528082199177417 -0.01384763113693501 0
1697469109.688923 -0.39488185157004385 -0.013868580205534296 0
1697469109.7547994 -0.39475209498400565 -0.013874159876662915 1
1697469109.8332493 -0.394722200239922 -0.01387533130124319 1
1697469109.901024 -0.40108429380642246 -0.013536546711576359 1
1697469109.9696054 -0.4140919835949089 -0.012758508060646465 0
1697469110.036484 -0.4212502141557847 -0.012328729343268473 0
1697469110.1034403 -0.4311463082582078 -0.011739187457793076 0
1697469110.168429 -0.43656221176972904 -0.011422091842903607 0
1697469110.2422678 -0.43894087262959625 -0.011278130223686466 0
1697469110.3098822 -0.44137430232130687 -0.011140656455209742 0
1697469110.3773036 -0.45349515519904043 -0.010479371061917814 0
1697469110.4482706 -0.460345566180134 -0.010126847524881877 0
1697469110.5177834 -0.4650397325543998 -0.009877772996959716 0
1697469110.5838637 -0.46674044629351313 -0.009790709424698694 0
1697469110.6497986 -0.47047045186963865 -0.00960516680181355 0
1697469110.712553 -0.4775390294508016 -0.009271769885510758 0
1697469110.7838523 -0.479856057520305 -0.009165884952608833 0
1697469110.8509378 -0.4842126675160309 -0.008970871015876186 0
1697469110.9205732 -0.4863704652725456 -0.008876997112738792 0
1697469110.9866753 -0.48732034153457077 -0.00883643075476551 0
1697469111.048751 -0.4922688310262769 -0.00863769189602457 0
1697469111.1183655 -0.49497490415149764 -0.00853344689547777 0
1697469111.1854515 -0.4962516437226301 -0.008485703236549937 0
1697469111.2572753 -0.49820008018893336 -0.008412039863957691 0
1697469111.3326747 -0.49920876337137027 -0.008374156999693514 0
1697469111.4002454 -0.49971874594118937 -0.008353089983523746 0
1697469111.4688778 -0.5002595169139208 -0.008333207945372002 0
1697469111.532872 -0.5015682231757974 -0.008288671787329673 0
1697469111.6031156 -0.5022924013787404 -0.008264133138383794 0
1697469111.667114 -0.5022625342081698 -0.008261839105537612 0
1697469111.7322822 -0.5017476492294377 -0.008267781680835381 1
1697469111.8036084 -0.5010882080258069 -0.00827825912940773 1
1697469111.8825207 -0.5065724261163614 -0.008155696903118412 0
1697469111.9476564 -0.5185873962454115 -0.007904708188567417 0
1697469112.0091307 -0.536073465589562 -0.007642035986104396 0
1697469112.0875607 -0.5406767619909143 -0.007628027611137961 0
1697469112.1540036 -0.54775055573321 -0.007499040642870111 0
1697469112.2219777 -0.5521471379555122 -0.007427410020959362 0
1697469112.2878861 -0.5543368661512591 -0.007394392404850487 0
1697469112.3489115 -0.5569355871316678 -0.007354018747633271 0
1697469112.4158735 -0.5685624593282101 -0.0071877960217785275 0
1697469112.4835181 -0.5713222437297364 -0.007151738131682217 0
1697469112.549435 -0.576989116452444 -0.00708278474321434 0
1697469112.621546 -0.5799618026664806 -0.007050565091718115 0
1697469112.6875336 -0.5813175411774959 -0.007036775592400847 0
1697469112.7481003 -0.5874422166207857 -0.00698487786321691 0
1697469112.817174 -0.5908739605241281 -0.0069593551677228785 0
1697469112.8876426 -0.5925193301992651 -0.006948200124045362 0
1697469112.9512594 -0.5947346572180663 -0.006932895643950637 0
1697469113.012973 -0.5964492315986066 -0.006921778634457023 0
1697469113.0817194 -0.5976897815891798 -0.006913484543702583 0
1697469113.1515307 -0.5994293882208253 -0.006905132125256928 0
1697469113.224319 -0.601613151659293 -0.006895411129745972 0
1697469113.295423 -0.6025961198986385 -0.006890282863386644 0
1697469113.3648095 -0.6028324273777339 -0.006888322931264275 0
1697469113.4351707 -0.6034325317347289 -0.006882770628639543 0
1697469113.5132844 -0.6038404928867079 -0.006879162414947749 0
1697469113.605417 -0.6037688018044541 -0.006870954497511253 0
1697469113.7330828 -0.603239707967816 -0.006863222141156897 1
1697469113.83507 -0.6046521560838979 -0.006864847707131492 1
1697469113.9050603 -0.6144898825169892 -0.006920780196035116 0
1697469113.9695396 -0.6214234873646864 -0.00696552293130332 0
1697469114.0306633 -0.6273791885578107 -0.0070068350611379475 0
1697469114.10254 -0.6410557999061498 -0.0071122813329860726 0
1697469114.2471926 -0.6423618927671044 -0.007113427097232193 0
1697469114.3380206 -0.6551860781324411 -0.007232876169614653 0
1697469114.4648 -0.6679551615151378 -0.007364161692017872 0
1697469114.5905504 -0.6832475115914219 -0.0075178049402992424 0
1697469114.7264516 -0.6888272745836047 -0.007623054893501184 0
1697469114.8247886 -0.6915572826557123 -0.007749216738842512 0
1697469114.9124002 -0.6923241848381053 -0.007807707467343066 0
1697469114.9921067 -0.698052005990663 -0.008217594982648483 0
1697469115.1132452 -0.7016003663212887 -0.008421867822494636 0
1697469115.2317994 -0.7040939777619809 -0.008557956096764402 0
1697469115.3664773 -0.7046074292110643 -0.008577591048420315 0
1697469115.4779685 -0.7054801957021788 -0.00862371605506922 0
1697469115.5888808 -0.7059274951182841 -0.008641030249149872 0
