1699264281.75684 4.265673878610766 0.14055604484439096 0
1699264282.892119 4.316142411716905 0.12212521463624648 0
1699264283.4634292 4.3187794214807065 0.12126109044312897 0
1699264283.5594726 4.323876659060254 0.11966770353759677 0
1699264283.7168994 4.344720105696469 0.11313424006324656 0
1699264283.8216252 4.382678334845564 0.1005921539180331 0
1699264283.9993029 4.392419426640358 0.09672527038229133 0
1699264284.0953355 4.39380369440864 0.09621650641159846 0
1699264284.2203608 4.407402690189647 0.09145720154675557 0
1699264284.4023273 4.43671763435422 0.07983451744406554 0
1699264284.5827742 4.449101352925083 0.07500152972800689 0
1699264284.6624706 4.457605409356316 0.07181325135125115 0
1699264284.7502494 4.460146706894768 0.07091212294935235 0
1699264284.8430736 4.472207695153384 0.06699207604156789 0
1699264284.9873297 4.496742883852945 0.05948605231582058 0
1699264285.1488085 4.523170233414609 0.052088202553077716 0
1699264285.2957602 4.5293376280155115 0.05046444427353053 0
1699264285.3826866 4.539542036602393 0.047950593732644334 0
1699264285.5302608 4.544324902183091 0.04681234405576948 0
1699264285.6538646 4.560777726359795 0.042866518181258584 0
1699264285.7517781 4.570616068594681 0.04067573381811985 0
1699264285.8380666 4.583239723381105 0.03807538899551865 0
1699264285.915921 4.589569249895661 0.03691739256181327 0
1699264286.0344982 4.605273699269847 0.0344472226875276 0
1699264286.202336 4.619826136682595 0.032459109117032744 0
1699264286.2893977 4.629191196463446 0.031308975470303625 0
1699264286.3797162 4.635615638159309 0.030602321355411632 0
1699264286.4629166 4.644625532966034 0.029789558824063554 0
1699264286.5926952 4.652623391772098 0.02915617588322438 0
1699264286.6836972 4.683357851844683 0.027472897859902177 0
1699264286.861954 4.6967330777760585 0.027187826619613092 0
1699264287.0336123 -0.0034212040109666587 0.0008857952378012687 0
1699264287.200797 9.976097257642993e-05 0.0036205476034066974 0
1699264287.3687782 0.0126985489316453 0.0038168272017698383 0
1699264287.5300374 0.055413458450595234 0.007521504129164209 0
1699264287.6571352 0.06618275762442277 0.008813301809423768 0
1699264287.7447236 0.07644316165862201 0.010549218001292368 0
1699264287.8374062 0.08216073838196011 0.011988165415001322 0
1699264287.9215078 0.09444273244370253 0.015459444398793412 0
1699264288.0504053 0.11709117291010324 0.02169897884090679 0
1699264288.2391465 0.1364477639500912 0.02692192603723775 0
1699264288.3892515 0.1444633662241348 0.02901477080348328 0
1699264288.5484445 0.16203487126898825 0.033692081353705584 0
1699264288.7212667 0.18116553264948868 0.03892890793084081 0
1699264288.8416924 0.19604308815587732 0.04297808553784211 0
1699264289.0166442 0.2042106132934758 0.04515080998624897 0
1699264289.135693 0.2234243452997671 0.05004966150291402 0
1699264289.3411632 0.24546250115578222 0.05511155382283178 0
1699264289.5213265 0.27260597707685263 0.06062484414647268 0
1699264289.6853504 0.2771874870147445 0.06144930494145531 0
1699264289.8619602 0.2798919986597857 0.061841639173093724 0
1699264290.0091956 0.31246484844668954 0.06865883855918341 0
1699264290.1884649 0.34445637658605643 0.07606281520359605 0
1699264290.3518953 0.3580440521209623 0.07912916756354947 0
1699264290.521049 0.3571603840108958 0.07887548933337626 0
1699264290.6995935 0.37679549227781955 0.082713834675262 0
1699264290.875497 0.40554946346646686 0.08789408295779516 0
1699264291.0539095 0.43654461116432963 0.09245585465231555 0
1699264291.2149084 0.4403879666231836 0.09263188295999861 0
1699264291.367063 0.4403152533620664 0.09266141537881113 0
1699264291.5379903 0.45120800687814255 0.092957440376425 0
1699264291.6812816 0.4855978487856341 0.09416983998888095 0
1699264291.842043 0.5071001534504002 0.09474756415787428 0
1699264292.0039 0.5072674942156121 0.0947480474238367 0
1699264292.1059668 0.5167186989580081 0.09481055877803696 0
1699264292.2702866 0.553108964373359 0.09480923114188698 0
1699264292.417333 0.5792257243892862 0.0942639406550591 0
1699264292.592961 0.5962821478622254 0.09155047413229835 0
1699264292.770582 0.6034686152979809 0.08860042590513117 0
1699264292.94383 0.6119006302688438 0.08457131978119521 0
1699264293.0444016 0.6316063881004531 0.07559798941224637 0
1699264293.191197 0.6443025955808386 0.07011492321419126 0
1699264293.3270004 0.6591961900691359 0.06399393584430021 0
1699264293.5029604 0.6663114534352943 0.06128614497957266 0
1699264293.667183 0.6887538009954457 0.05339042476322399 0
1699264293.8393297 0.7146646741636484 0.04497099040741986 0
1699264294.0260584 0.7331674235577135 0.039421822747614965 0
1699264294.221222 0.7369590963027629 0.03837178170206022 0
1699264294.3424842 0.7482220409428328 0.03535997639732156 0
1699264294.4904218 0.774860319709961 0.028343618352210605 0
1699264294.6395335 0.7935741785070893 0.023741339719758656 0
1699264294.788956 0.7928669973541826 0.02388255912658207 0
1699264294.9681218 0.7998872768085951 0.0227236772350593 0
1699264295.1611896 0.8362433196869852 0.017066323926491024 0
1699264295.3361766 0.8537082640363884 0.014654784327703731 0
1699264295.4379163 0.8698497343767571 0.013059181420161426 0
1699264295.5979602 0.8616307494991363 0.013550031639515247 0
1699264295.731841 0.8538216388891335 0.01395934620596144 0
1699264295.869075 0.8604312258385962 0.013566830364685457 0
1699264295.9925487 0.8931421356322143 0.010272108257604658 0
1699264296.1398022 0.923174294496726 0.0068510058055669945 0
1699264296.3095603 0.94257183593403 0.00329664692932945 0
1699264296.474306 0.9412780129958691 0.003623887621638059 0
1699264296.5662868 0.9426492999978214 0.0033521826323315625 0
1699264296.65936 0.9629645633188323 0.001294851373155 0
1699264296.8289936 0.9946130614866546 -5.5476828482808286e-06 0
1699264296.9919178 1.0210905987091352 -0.00027441289560855306 0
1699264297.1222458 1.0204140858056305 -0.00029159417141237567 0
1699264297.3048422 1.0262037800712118 -0.00013074622719856145 0
1699264297.4737098 1.0496899689214136 0.000628816905526424 0
1699264297.6089404 1.089561612105432 0.0019492732699037305 0
1699264297.7865858 1.105685825286677 0.001636937107039409 0
1699264297.946695 1.110647650104731 0.0013505431903236228 0
1699264298.121599 1.1130949406176591 0.0012564088341214348 0
1699264298.232423 1.114917374183459 0.0012175287514916875 0
1699264298.3348901 1.1344592974356618 0.001281658951607825 0
1699264298.4898946 1.1513640719498428 0.0015483918361353928 0
1699264298.6368868 1.1631396007054386 0.0018471865131509597 0
1699264298.7649705 1.1677093060524992 0.0020242135254402646 0
1699264298.9014206 1.1794989235137971 0.002469776845224329 0
1699264299.0606267 1.2033795814235493 0.0034519859726906067 0
1699264299.1852036 1.2213058760413869 0.004287848489663383 0
1699264299.3445857 1.22501723854118 0.004471454852129697 0
1699264299.4739704 1.2285906046870267 0.004689909095769923 0
1699264299.611755 1.253165095842843 0.006367317016663654 0
1699264299.7226577 1.2697323516260555 0.007590457585968391 0
1699264299.8166108 1.2858472180508869 0.009355998484814167 0
1699264299.9209683 1.2945125580053747 0.011482850013618935 0
1699264300.0292852 1.305374021540492 0.016538501012958166 0
1699264300.157754 1.316350313818543 0.02265662835969258 0
1699264300.2960463 1.334235261699964 0.03230215133318579 0
1699264300.4225543 1.339858819594369 0.0351907790905457 0
1699264300.5442734 1.3531868218892795 0.04162003680775386 0
1699264300.6653771 1.3649984060300129 0.046958198514244605 0
1699264300.826529 1.3815468023411852 0.05401994224104508 0
1699264300.9307203 1.3896658734344824 0.057259795504245946 0
1699264301.0444078 1.3991130405777537 0.06073668476727047 0
1699264301.1687183 1.4116565350861998 0.0651229196641759 0
1699264301.2876682 1.430505294577902 0.0713008378475559 0
1699264301.3969185 1.4371510940685814 0.07335581966172351 0
1699264301.5169806 1.4440649663826728 0.07535758293740745 0
1699264301.6342654 1.452678441163757 0.07768486082462422 0
1699264301.7607539 1.4717384896116035 0.08250530917854254 0
1699264301.8819134 1.4874424356304128 0.08610058041819318 0
1699264302.0175016 1.4987505958286207 0.08834538359043523 0
1699264302.1726418 1.5084185902382448 0.08997747961084485 0
1699264302.3326068 1.5286021703972057 0.09299538470411897 0
1699264302.4299903 1.5418905902166231 0.09467154274816633 0
1699264302.5509765 1.5504234671207169 0.09543617532728321 0
1699264302.6751788 1.5562009340323681 0.09586092976616345 0
1699264302.8115554 1.5724966146683763 0.09759205102071879 0
1699264302.9269447 1.5885454245153063 0.09921552036515018 0
1699264303.0479536 1.6047136293499762 0.10061020956183639 0
1699264303.1838136 1.609029062225196 0.1008822468379035 0
1699264303.3423436 1.634581150769097 0.10185577994928771 0
1699264303.5142534 1.66067056619238 0.10245888992851669 0
1699264303.6449647 1.6751607732817537 0.10253134296585478 0
1699264303.7400086 1.6782176547569165 0.10244950740937403 0
1699264303.8856938 1.683166154813347 0.10221799168211938 0
1699264304.0230289 1.6943927393978526 0.10178387429992267 0
1699264304.1541653 1.715974549619185 0.10199642133792013 0
1699264304.2760952 1.7269335196100468 0.1020252011734056 0
1699264304.411085 1.7397447660017924 0.10184576028705986 0
1699264304.568637 1.7583368484716948 0.10128150805648768 0
1699264304.7200851 1.7793839652499077 0.10034355642677903 0
1699264304.852079 1.7902703752148315 0.09975391920967693 0
1699264304.9874184 1.7991274944381077 0.09919725672685596 0
1699264305.1362932 1.8086103215267078 0.09834235992256947 0
1699264305.265198 1.8226720383939685 0.09636762978783542 0
1699264305.406605 1.8407226889000023 0.09353737254041158 0
1699264305.5310357 1.8494626537439982 0.09205088289413373 0
1699264305.6675498 1.861440394581066 0.08991253088166343 0
1699264305.8043704 1.8776521509943138 0.08694253682356971 0
1699264305.9254882 1.890678720030682 0.08451144188431228 0
1699264306.0400095 1.9045226430768678 0.0818778732543307 0
1699264306.165448 1.915392066420977 0.07971184637803329 0
1699264306.31014 1.9301619605601712 0.07667075357035981 0
1699264306.446304 1.9447698058997307 0.07361128607272602 0
1699264306.5622673 1.9641978547100278 0.06995967789309138 0
1699264306.6840253 1.9697031115659627 0.06946228302598391 0
1699264306.8336658 1.9797335327740575 0.06917651218652156 0
1699264307.0260184 1.9977280165965492 0.06766189843176261 0
1699264307.1537664 2.0122331839166536 0.06622595225270773 0
1699264307.2683878 2.021586198692074 0.06521866421436186 0
1699264307.3751948 2.0244594904595967 0.06487641173143122 0
1699264307.4892464 2.040590898860026 0.06290469441413232 0
1699264307.6029675 2.0583889039801013 0.06064454101972139 0
1699264307.750224 2.078669573217922 0.05796777701081299 0
1699264307.8821952 2.0826547386728387 0.05741863033635167 0
1699264308.027495 2.090883529477284 0.05623439545854034 0
1699264308.1582527 2.1076252388072936 0.05373003834571148 0
1699264308.2878604 2.1373225144066064 0.049129875507478514 0
1699264308.3996859 2.149979329709635 0.04712215969410354 0
1699264308.5361967 2.1475223748605337 0.04751215443614518 0
1699264308.659125 2.1475486391722916 0.047517328331287384 0
1699264308.7813814 2.1581177672505 0.04576363490069535 0
1699264308.8900251 2.184068412581368 0.040897210127340274 0
1699264309.03892 2.204390241699566 0.03700590129060382 0
1699264309.1438208 2.2101802363998826 0.035897469216212195 0
1699264309.26935 2.219685391246547 0.034074376300932095 0
1699264309.4298952 2.2356106035903354 0.031018286750170147 0
1699264309.5678275 2.2571934174129296 0.0268907450734072 0
1699264309.6852422 2.2712499796865706 0.024229339539735446 0
1699264309.7996013 2.2737802245626773 0.02373555297371364 0
1699264309.9220126 2.2759863086040073 0.023313454176823907 0
1699264310.0201423 2.2836075925757777 0.02184409665709252 0
1699264310.1203222 2.300312019432223 0.018367059724781285 0
1699264310.235439 2.316454173546428 0.015008685073188279 0
1699264310.353324 2.329413031366866 0.012371050633144991 0
1699264310.4917622 2.33522141293992 0.011243013037655084 0
1699264310.6395051 2.34876276185673 0.008667618325102515 0
1699264310.7948337 2.375359222638033 0.0037494521355371058 0
1699264310.9283266 2.3907516876356194 0.0010100644139364047 0
1699264311.0414066 2.3943195675486466 0.0003967076928300332 0
1699264311.203309 2.3955436157108316 0.00019089031190080129 0
1699264311.3403623 2.4155822614281988 -0.0030925185868912256 0
1699264311.4682724 2.4349084310548306 -0.007095133948043349 0
1699264311.6139643 2.4564866916484402 -0.011529883678586554 0
1699264311.7458248 2.4601447716702247 -0.012246030919905379 0
1699264311.8738816 2.465047324746484 -0.013112865509607156 0
1699264312.0115528 2.488937697916757 -0.017203708383216988 0
1699264312.13135 2.5137124787646927 -0.021208562994262742 0
1699264312.295226 2.524740932634939 -0.022846719106039255 0
1699264312.4379456 2.5253328428312805 -0.022908328658185248 0
1699264312.5752726 2.535943621750989 -0.02420758326658287 0
1699264312.694097 2.563871936149267 -0.027635161284481402 0
1699264312.832973 2.576388331819125 -0.029114295089679637 0
1699264312.9545825 2.5997484898666237 -0.03399882107007742 0
1699264313.1606739 2.611152194375679 -0.03841104831030208 0
1699264313.3139315 2.6173414230946683 -0.041088213561148286 0
1699264313.4630432 2.6374779619159656 -0.048876865975935574 0
1699264313.614036 2.6515206367433732 -0.05381836375483474 0
1699264313.763777 2.666928233204442 -0.05876243684038832 0
1699264313.921726 2.675076834393129 -0.06105037370074343 0
1699264314.0489438 2.6851559723014025 -0.06357369428424392 0
1699264314.183497 2.707186568932455 -0.06858558451623858 0
1699264314.3074844 2.7211589748121123 -0.07141278919002565 0
1699264314.439633 2.7266619027838583 -0.0723760548619394 0
1699264314.5526497 2.732080746116892 -0.07318296660306842 0
1699264314.6672893 2.752748940093342 -0.07604632698203832 0
1699264314.801475 2.7744678586989724 -0.07874604089456372 0
1699264314.9446173 2.7965267027444045 -0.08232722240940438 0
1699264315.1009982 2.800429135078034 -0.083317711749179 0
1699264315.2586994 2.805531052771759 -0.08431893320343706 0
1699264315.440828 2.8324988409714815 -0.08652251228288227 0
1699264315.6164942 2.8576093188454146 -0.08714058514893679 0
1699264315.7880127 2.8739211173640227 -0.08686907556395762 0
1699264315.9804502 2.8749226363916422 -0.08675649585576323 0
1699264316.1627061 2.8977443231321 -0.08495154040489618 0
1699264316.36453 2.9339374930025386 -0.0814810149244545 0
1699264316.5511572 2.9638185133268093 -0.07829512373826694 0
1699264316.7420065 2.9811622235600104 -0.07913446734622952 0
1699264316.9326565 2.9886552269934663 -0.0806011474034147 0
1699264317.118062 3.0023826241268776 -0.08268831805360131 0
1699264317.3133898 3.032013711054688 -0.08519853354880727 0
1699264317.5120783 3.0548603956951403 -0.08614525865814526 0
1699264317.719063 3.062718706012737 -0.08611134773974695 0
1699264317.9102733 3.082972885193623 -0.08527782315337064 0
1699264318.1280708 3.1122681264586958 -0.08321378934744214 0
1699264318.3106756 3.1342901467674924 -0.0809977488425856 0
1699264318.509916 3.1447101530977646 -0.07935628071140409 0
1699264318.7096562 3.153441989815971 -0.07754704938970451 0
1699264318.8901343 3.177952986757898 -0.07247750979342504 0
1699264319.060338 3.2060729915443664 -0.06554517227588973 0
1699264319.241233 3.2137231760892053 -0.06354419093984136 0
1699264319.4527545 3.2215388429326106 -0.061334208865156954 0
1699264319.6381335 3.2571256426208786 -0.05091980008083109 0
1699264319.8591368 3.291523960325371 -0.04023724532469961 0
1699264320.0327613 3.302721637665694 -0.03648035178427218 0
1699264320.2073233 3.3024705126011438 -0.036579718141579065 0
1699264320.442868 3.321261128545082 -0.030715557692930797 0
1699264320.6496468 3.354177403996769 -0.01972192697718558 0
1699264320.8791351 3.379824173812091 -0.01116372770737552 0
1699264321.124182 3.378567791131116 -0.01158174176628633 0
1699264321.281153 3.380244602230576 -0.011061853473439662 0
1699264321.4572496 3.426106934875651 0.004278783974942427 0
1699264321.6378098 3.456252140598038 0.013947083035951125 0
1699264321.7926161 3.4793881352572575 0.02099431120231349 0
1699264321.9803996 3.476645900242981 0.020183795188144896 0
1699264322.1528776 3.478758544531454 0.020805452469511238 0
1699264322.3312414 3.5124724404318832 0.031114207320316077 0
1699264322.5000196 3.5487715122854024 0.041779009387208285 0
1699264322.6643918 3.5592865735855943 0.044779284657004086 0
1699264322.8289979 3.55831304313908 0.04447479326785879 0
1699264323.013708 3.570076384882497 0.04774691029632178 0
1699264323.186033 3.6017203522220735 0.054639049464459306 0
1699264323.343747 3.617693921666189 0.057554068603602036 0
1699264323.5037487 3.6187053862957295 0.057708464046696856 0
1699264323.69111 3.6215032968187106 0.058046128304411575 0
1699264323.8596835 3.6379262054643964 0.06039980656946939 0
1699264324.0032241 3.6593576306678113 0.06329251213845294 0
1699264324.1806774 3.6741862756296673 0.06512065969254592 0
1699264324.5059686 3.6731820383018765 0.06501150894100058 0
1699264324.7439601 3.68265593319918 0.06556065052672412 0
1699264324.9302776 3.7341394898982236 0.06776808455804892 0
1699264325.107612 3.7628707604299896 0.06879304275380853 0
1699264325.2394097 3.7684404957948403 0.06898197902330173 0
1699264325.3397636 3.7673679216178497 0.0689622460502894 0
1699264325.4682603 3.78381101254601 0.06913926438253802 0
1699264325.601603 3.8158143894248804 0.06884968187250988 0
1699264325.7324252 3.8431815343841382 0.06832152079360591 0
1699264325.8807871 3.8475482025542274 0.06818581797057535 0
1699264326.0018377 3.8478956194689298 0.06817869585402556 0
1699264326.146347 3.863451472786639 0.06735240994123655 0
1699264326.2882957 3.8793471827674098 0.06648665333322025 0
1699264326.4149563 3.9029511565622927 0.06540643424122185 0
1699264326.5603743 3.9116433365701413 0.06565546170878772 0
1699264326.6869056 3.9193539762979603 0.06627632049144093 0
1699264326.799818 3.93804125254101 0.06743167282266749 0
1699264326.9361348 3.952634093721826 0.06813590392133886 0
1699264327.0492527 3.968003447826756 0.06867477144072857 0
1699264327.1918733 3.9745316860484263 0.06880178150775461 0
1699264327.311073 3.9891541688245633 0.0689087348194479 0
1699264327.433811 4.01299653466356 0.06878640483566484 0
1699264327.586255 4.030297897298699 0.06847097236966271 0
1699264327.685462 4.045646409683205 0.06695573634146794 0
1699264327.8212717 4.056767738777951 0.06477344096963432 0
1699264327.9793012 4.065303959725693 0.06309257628563886 0
1699264328.1291046 4.090314597808128 0.05818631124553917 0
1699264328.2751656 4.103872690048214 0.055555238568276606 0
1699264328.4279318 4.1095946045585885 0.05445540627020798 0
1699264328.5528054 4.1198650316137035 0.052399947677838545 0
1699264328.694978 4.143000867869425 0.04765342887998866 0
1699264328.8510702 4.162692711793146 0.04359553020740121 0
1699264328.9912229 4.175592488523062 0.04090638339850261 0
1699264329.1369224 4.177034324416521 0.04059950639079532 0
1699264329.2667208 4.183909687067654 0.03918033435836618 0
1699264329.4031265 4.209727251409878 0.034227147270272124 0
1699264329.538702 4.227329043315312 0.031064743089581726 0
1699264329.6500704 4.236420726086838 0.02976408583142274 0
1699264329.768975 4.2431275155138986 0.029411186484558014 0
1699264329.8923283 4.25027856327321 0.029066885613051877 0
1699264330.0058076 4.262950779441574 0.02798924205746812 0
1699264330.1182437 4.281641147267779 0.026301852030255313 0
1699264330.2401054 4.291151563125511 0.02543457281111262 0
1699264330.367435 4.3000483241590715 0.024624617148898003 0
1699264330.4784317 4.306727971952635 0.02400935932064233 0
1699264330.5940144 4.322620641220544 0.02252963682739962 0
1699264330.7174737 4.343752158911459 0.020515662531766895 0
1699264330.8449874 4.34985873321765 0.01981225889153279 0
1699264330.9714181 4.36358957064592 0.01861570838159374 0
1699264331.1357508 4.378915848394271 0.017837066902756233 0
1699264331.2834046 4.399901350572671 0.016984370946286024 0
1699264331.4097772 4.409374095601955 0.016802379902867974 0
1699264331.555303 4.415689005117945 0.016627549102853308 0
1699264331.6834288 4.429073225408444 0.016177164678835017 0
1699264331.8083377 4.453635203305718 0.015241966516092388 0
1699264331.925631 4.462476159433405 0.014881211907280215 0
1699264332.0368528 4.466567166228669 0.014704207114222588 0
1699264332.152403 4.477407105103876 0.01421444531101863 0
1699264332.282875 4.501991556963998 0.013030953857800774 0
1699264332.4036827 4.515630146562678 0.012264026282295101 0
1699264332.5122418 4.520127641638994 0.011933181142860693 0
1699264332.615262 4.530172090913523 0.011335996747124722 0
1699264332.7649322 4.539795554563013 0.010792261008470763 0
1699264332.8773975 4.564622245912646 0.00945953301516009 0
1699264333.0052578 4.568704635952386 0.009258879082804003 0
1699264333.1176476 4.575565114702503 0.008903348836899288 0
1699264333.2364476 4.591331145139487 0.007937247786859319 0
1699264333.3497133 4.610069936802353 0.006785436536973373 0
1699264333.4580815 4.619779198898745 0.006179721536779375 0
1699264333.6130226 4.620945472666652 0.006108311740836241 0
1699264333.714891 4.636166217724359 0.005113779479571455 0
1699264333.852746 4.658177064945653 0.003583742174750182 0
1699264333.9914794 4.68039714499404 0.0019293368277835744 0
1699264334.1110415 4.683197596559386 0.001772924260497315 0
1699264334.2267783 4.689716524943686 0.0014596633370047066 0
1699264334.371918 4.69941340096272 0.0008950683204413277 0
1699264334.4910233 4.720854059797236 -0.0016871096638005896 0
1699264334.59582 4.731242887341356 -0.003059589028341566 0
1699264334.7283626 4.741051697087048 -0.004315581636751337 0
1699264334.8499026 4.750436755793369 -0.005469434629058205 0
1699264334.9482176 4.765850035344286 -0.007300425960319794 0
1699264335.0761445 4.784998123489475 -0.009479562021275464 0
1699264335.205556 4.793552582965137 -0.01040869029762973 0
1699264335.3456128 4.801214201329501 -0.011170138433621371 0
1699264335.4822707 4.810854348218684 -0.012066755016091894 0
1699264335.5991356 4.836077484413625 -0.013643779549769383 0
1699264335.7072117 4.852280663683026 -0.013602598179920995 0
1699264335.825323 4.855190384888324 -0.013392641496403863 0
1699264335.9639096 4.8573049195765625 -0.013249391397737313 0
1699264336.0931158 4.875826995279357 -0.012835832561270116 0
1699264336.2340484 4.9029894841624335 -0.012577697148201446 0
1699264336.3685973 4.919886513834129 -0.012447437951931858 0
1699264336.5187104 4.920442329132717 -0.012444457014051587 0
1699264336.633921 4.924430564511655 -0.012421661574169874 0
1699264336.771453 4.933059965525022 -0.012407099043104127 0
1699264336.8778384 4.9673226410318145 -0.01246607737306226 0
1699264337.0099056 4.981313914083391 -0.012776119533585024 0
1699264337.141005 4.987516325197505 -0.013007907667237074 0
1699264337.3050256 4.990887525185329 -0.013105681006724794 0
1699264337.4184875 5.006703931242417 -0.013674870350014537 0
1699264337.5254955 5.034834814136332 -0.015166856095559338 0
1699264337.6740448 5.046323344886523 -0.015718547238896634 0
1699264337.8388066 5.051049969502619 -0.01590477066343081 0
1699264337.9843934 5.061614782080237 -0.016292583339915345 0
1699264338.1032362 5.088138591545164 -0.017201445369535225 0
1699264338.2481523 5.107248171520735 -0.01778131777848133 0
1699264338.4014833 5.111466183675816 -0.017902489287243518 0
1699264338.5225904 5.115923571086767 -0.01800848955783865 0
1699264338.6604311 5.144386975088599 -0.01809676671766611 0
1699264338.8030457 5.159126421010133 -0.01785040534913609 0
1699264338.9167912 5.175535777676712 -0.01749252946736478 0
1699264339.0308414 5.175802407325447 -0.017478002249096174 0
1699264339.1695988 5.179657150331566 -0.017360462803558546 0
1699264339.285486 5.203734112598384 -0.016674642869195424 0
1699264339.421832 5.228128611177496 -0.01587122219297736 0
1699264339.5293117 5.243213628279182 -0.01536087279399657 0
1699264339.6395328 5.246625588597729 -0.01524492712173127 0
1699264339.7309704 5.251211541082823 -0.015075467666718766 0
1699264339.8539557 5.258648144946725 -0.014795102650133436 0
1699264339.9730275 5.284136543740595 -0.013798585074176601 0
1699264340.0804186 5.295994298239755 -0.013468716873238225 0
1699264340.185801 5.309266965555004 -0.012843365899957021 0
1699264340.2977219 5.3101589832939595 -0.012800709619206402 0
1699264340.4054973 5.318317526114482 -0.012434129505045112 0
1699264340.5121815 5.344477940397869 -0.011257716889914213 0
1699264340.61904 5.3564998544635145 -0.010713540167371824 0
1699264340.7252028 5.365959943500675 -0.010280782171832273 0
1699264340.8423488 5.369625735882763 -0.010106895394164456 0
1699264341.0037394 5.386755845047814 -0.009328041720883404 0
1699264341.1421971 5.408069907840072 -0.008362317697951727 0
1699264341.2918725 5.436182847525662 -0.0071682175042983715 0
1699264341.4414465 5.444503727474912 -0.0071538625676907655 0
1699264341.5496387 5.451270271127426 -0.00755180387033647 0
1699264341.6741588 5.460577361918432 -0.007841695747617587 0
1699264341.8300807 5.480039797247531 -0.008547201062633564 0
1699264341.931155 5.492610573067701 -0.008954848152259668 0
1699264342.0519874 5.505189302354395 -0.009308908396637795 0
1699264342.1747348 5.513973607379441 -0.009513568157411532 0
1699264342.323304 5.536410713612992 -0.009952060905305182 0
1699264342.4670956 5.55012468279017 -0.01016652432509678 0
1699264342.5832496 5.564044290314263 -0.010323858688716244 0
1699264342.7624547 5.572460063842942 -0.010374126925868993 0
1699264342.8843906 5.589152691077771 -0.010413637363789896 0
1699264343.0269122 5.614028536871865 -0.010476749538825839 0
1699264343.190183 5.628114082033048 -0.010526777975437097 0
1699264343.3135276 5.634797234225555 -0.010510775388289907 0
1699264343.4511244 5.645307544799212 -0.010480147832526956 0
1699264343.5828943 5.6771158917523215 -0.010294246843013622 0
1699264343.7176669 5.68867464537409 -0.010191709486001219 0
1699264343.8439207 5.695718359809813 -0.01010719438814919 0
1699264343.9704578 5.697615388727395 -0.010076271760738867 0
1699264344.0788743 5.714943703822696 -0.009771018748218287 0
1699264344.2026227 5.742157814181135 -0.009236108990221972 0
1699264344.3414106 5.760185413312315 -0.008759367903446946 0
1699264344.4716897 5.781265304562877 -0.0078447177068003 0
1699264344.6340165 5.789122769511823 -0.007600066903327162 0
1699264344.7731576 5.794361993682131 -0.007465717481001169 0
1699264344.8908129 5.805221125171431 -0.007038966529302116 0
1699264345.0052865 5.82777697897621 -0.006018335295079753 0
1699264345.1490512 5.844805330102832 -0.005208479243626486 0
1699264345.283249 5.851052219997033 -0.00490431253853778 0
1699264345.4268 5.86111348074799 -0.004425385594645829 0
1699264345.565377 5.87954865592474 -0.0035453554622057 0
1699264345.6603832 5.8930044212499855 -0.0029029965579705002 0
1699264345.7576635 5.905630034214606 -0.0022778232169230073 0
1699264345.8705623 5.907040281076296 -0.0022052259846115567 0
1699264345.9744215 5.921443123535459 -0.0015371355646331452 0
1699264346.1332138 5.941733634735697 -0.0011772232349676669 0
1699264346.2563677 5.962477333669658 -0.0011048434628565455 0
1699264346.3811493 5.96394941832657 -0.0010963909088944177 0
1699264346.5068882 5.966234685581002 -0.0010742897181122096 0
1699264346.6453137 5.983263049262501 -0.0009267414671259692 0
1699264346.7869503 6.00382524901421 -0.0007205456660183186 0
1699264346.9040859 6.0199969428181745 -0.0005313547879131674 0
1699264347.0320654 6.02429890488224 -0.00046713222699121666 0
1699264347.1673706 6.0312615454385465 -0.00039784662443554156 0
1699264347.2831087 6.055350590900746 -0.00010485880978666756 0
1699264347.402416 6.072387312119166 0.0001738260712770656 0
1699264347.5239432 6.085007752893444 0.0009561860129636195 0
1699264347.650787 6.091905427213015 0.001971490649072235 0
1699264347.7531295 6.101421354967288 0.003370057439996033 0
1699264347.8556786 6.114043464555663 0.005195886806417962 0
1699264347.9762657 6.126021747672622 0.006865153819644256 0
1699264348.1217623 6.140738750061256 0.008802420303889518 0
1699264348.2255225 6.147014857805483 0.009589331891568277 0
1699264348.3433552 6.169223008176836 0.01224191287308592 0
1699264348.4968557 6.18059875810384 0.013525495459475016 0
1699264348.6066947 6.187687966514744 0.014275021324109799 0
1699264348.7221053 6.199353490828496 0.01543294353703991 0
1699264348.8654804 6.218518483759812 0.017194150614868096 0
1699264349.0017874 6.238626039203277 0.018911638508525765 0
1699264349.1368701 6.247276104392316 0.019622573776403418 0
1699264349.241275 6.255109246923256 0.02023453607985424 0
1699264349.3822563 6.272388370045582 0.02167516408094063 0
1699264349.5357153 6.288985819413107 0.022969634189227532 0
1699264349.6425488 6.300655366332455 0.023823541047518722 0
1699264349.776013 6.304680345761928 0.024092211994809674 0
1699264349.9008799 6.318458623512935 0.024865904880686955 0
1699264350.0529912 6.337446956266273 0.02587404771061596 0
1699264350.1813703 6.363967597324223 0.02707510202554672 0
1699264350.3321106 6.364887260929556 0.02710695048871073 0
1699264350.4422925 6.366649364159889 0.02715874604143613 0
1699264350.5561104 6.386053936896855 0.027634076163440643 0
1699264350.6889515 6.410351201426156 0.02851793356838971 0
1699264350.8075247 6.4289894911271235 0.02942874119054003 0
1699264350.94031 6.427011926213549 0.029353480965731045 0
1699264351.0766928 6.4300113536151615 0.02943970146866999 0
1699264351.2085762 6.451647957698747 0.029671853264312327 0
1699264351.368521 6.4857248614808345 0.02950998746298134 0
1699264351.4929028 6.496031392225121 0.02935780487423166 0
1699264351.601032 6.495991540109262 0.029370401485714702 0
1699264351.7479713 6.499118048314121 0.02928841972901342 0
1699264351.8631175 6.528476463036146 0.028142032944672442 0
1699264352.0082653 6.543700277551887 0.027511151144565843 0
1699264352.1361077 6.565249459123186 0.02714728604812663 0
1699264352.2786303 6.572283012160943 0.02818414250873215 0
1699264352.4057605 6.5805723459268695 0.030100414739738342 0
1699264352.504317 6.5958090511317256 0.033657482004380006 0
1699264352.6542222 6.613904821822977 0.03751589989411465 0
1699264352.7942233 6.624173683839149 0.0395124741750352 0
1699264352.921338 6.633219982097606 0.04112849331396278 0
1699264353.0257208 6.6445646166878145 0.042999884057739364 0
1699264353.1614065 6.663885647782029 0.04581102112043592 0
1699264353.2920005 6.6740973000192 0.0471157079192578 0
1699264353.4381282 6.688456965297177 0.048670800728726316 0
1699264353.561662 6.695285953956369 0.049332626148376725 0
1699264353.6782694 6.715217254041062 0.05130758525995439 0
1699264353.8178988 6.728398882697133 0.052419002522169245 0
1699264353.9787266 6.733917636266513 0.05282205041026355 0
1699264354.0991485 6.749337566178525 0.05361068428605666 0
1699264354.25823 6.762056513448931 0.05381714012025277 0
1699264354.395878 6.782910300385134 0.05383362890712917 0
1699264354.5277352 6.792217930691241 0.05371413091136774 0
1699264354.6486235 6.804525494823159 0.053406861198151204 0
1699264354.7878451 6.821308712262923 0.05278120015702162 0
1699264354.921103 6.834128592517023 0.052147986799062074 0
1699264355.0212436 6.844146904547281 0.05138041429582347 0
1699264355.1479557 6.8550485553003115 0.05040202685736327 0
1699264355.269343 6.862215056443884 0.04974198458607901 0
1699264355.3739052 6.879032224066747 0.04814945087718367 0
1699264355.4983304 6.895280556614375 0.04654038327199684 0
1699264355.672864 6.900415401765616 0.0460090393627929 0
1699264355.7990777 6.916139760416017 0.04417116186819193 0
1699264355.9226406 6.933865257076117 0.041547449632809104 0
1699264356.0459218 6.944559935238172 0.03990887988757705 0
1699264356.157281 6.9496997182371025 0.039114354407510356 0
1699264356.2553356 6.962004593613881 0.037188281849833714 0
1699264356.363478 6.971337371429449 0.03571530818566143 0
1699264356.4638624 6.991455736755147 0.03238095081544198 0
1699264356.5753243 7.001837536204566 0.030022595745645763 0
1699264356.7218244 7.0100439651143125 0.028008210406871906 0
1699264356.839975 7.020538930798313 0.02552647247273837 0
1699264356.9573627 7.029850956564932 0.023370719216140496 0
1699264357.0615602 7.047058221443065 0.019507896131662823 0
1699264357.2138758 7.050992962526129 0.018660426538859718 0
1699264357.3236814 7.062314796827817 0.016176348624377272 0
1699264357.4437745 7.077391113163295 0.012621772242579432 0
1699264357.554768 7.095207417454568 0.008344321094662224 0
1699264357.6797724 7.099702685832702 0.007287140677178365 0
1699264357.8024607 7.102919192776644 0.006545289022790661 0
1699264357.9327896 7.128704251349987 0.0006488411730537422 0
1699264358.0521603 7.146953564896754 -0.0035243460714813853 0
1699264358.1431947 7.160174383146883 -0.006733356817942734 0
1699264358.254301 7.161491212796156 -0.0070805111616186025 0
1699264358.3246357 7.165333980613309 -0.008009482178479469 0
1699264358.3986459 7.17270447148524 -0.009658955632845296 0
1699264358.4848118 7.1965562865853965 -0.014270658169401063 0
1699264358.6024847 7.206383963445003 -0.01600330176295262 0
1699264358.687165 7.2135669847316235 -0.016977425516208067 0
1699264358.752453 7.2185259815129434 -0.01745277133582586 0
1699264358.8243067 7.226402220953099 -0.018157689443572416 0
1699264358.9193778 7.234042660514565 -0.01885835867879218 0
1699264359.0034215 7.248915714208328 -0.020233551208348095 0
1699264359.0865254 7.256067015273784 -0.02086951277135261 0
1699264359.1577196 7.262697651856891 -0.02144340928905349 0
1699264359.2389185 7.277320170084648 -0.022659695418818647 0
1699264359.349806 7.289507823951097 -0.02362059195979932 0
1699264359.471765 7.301263988936425 -0.02450756422391189 0
1699264359.577027 7.3075610675214335 -0.024971989868624558 0
1699264359.6607482 7.320587310234707 -0.025753016359510272 0
1699264359.771995 7.333523498679016 -0.02634498197887223 0
1699264359.9033065 7.34967728742965 -0.026961527692287154 0
1699264360.0117664 7.355982218528403 -0.027132444568513284 0
1699264360.0907192 7.362042664391769 -0.027252861004756324 0
1699264360.1681616 7.373507808852755 -0.02756033240760876 0
1699264360.2624972 7.3821130105543995 -0.027777254865100534 0
1699264360.3375735 7.390094707529331 -0.02796507418809876 0
1699264360.408524 7.401779713324111 -0.02820192960886163 0
1699264360.5196698 7.408118283172067 -0.028315692008104663 0
1699264360.6066737 7.419187993972812 -0.028490971123863864 0
1699264360.6960351 7.427564021978689 -0.028606313173816775 0
1699264360.7629216 7.435123730755019 -0.028701871331645364 0
1699264360.8470452 7.44419159283754 -0.02879274831332116 0
1699264360.9298542 7.451112210227235 -0.028845415604591956 0
1699264361.0031133 7.4603061735291565 -0.028900019622039502 0
1699264361.0874522 7.473929605242747 -0.02897461640680789 0
1699264361.1921566 7.483413907406697 -0.029272125274040585 0
1699264361.277479 7.488715091008273 -0.029399926088719237 0
1699264361.378578 7.5018548364852 -0.029645997882676297 0
1699264361.4656703 7.512048202790943 -0.029748026959520786 0
1699264361.5633848 7.520900541873093 -0.02966223062795489 0
1699264361.6356804 7.525956678092962 -0.029565852567275747 0
1699264361.7086864 7.533147480262753 -0.029431687218853635 0
1699264361.795558 7.54059162076702 -0.029307336935573088 0
1699264361.886305 7.550926065935657 -0.02914274454844263 0
1699264361.9521036 7.558971820240268 -0.028998010967802867 0
1699264362.0104759 7.5634841819716065 -0.028909032048426306 0
1699264362.0817323 7.569076246434801 -0.0287889403799654 0
1699264362.1600003 7.576363543602911 -0.02862807798847274 0
1699264362.2194026 7.581842468720974 -0.028504902037147607 0
1699264362.2782803 7.586281730424745 -0.028402738391656274 0
1699264362.3317738 7.593581898254486 -0.02823254047972844 0
1699264362.3886855 7.596441498822321 -0.028165572776616604 0
1699264362.4462252 7.601244661479864 -0.02804447218097406 0
1699264362.5193403 7.615500601139579 -0.027667785995982554 0
1699264362.6191938 7.628327043577526 -0.027312286662754124 0
1699264362.6811962 7.639642539720668 -0.027112969691518576 0
1699264362.744979 7.644352746566209 -0.02710229690392515 0
1699264362.798667 7.648345306198245 -0.027165819811708666 0
1699264362.863426 7.652376419364288 -0.027197237087207192 0
1699264362.9618812 7.660782668148932 -0.02721561430624568 0
1699264363.0435488 7.670593798781307 -0.0272312843049609 0
1699264363.1166718 7.679324946852584 -0.027242861126987823 0
1699264363.1772492 7.682383932703663 -0.027240254810508062 0
1699264363.2584963 7.690973610553411 -0.027242564078238492 0
1699264363.368648 7.702463643006088 -0.027234456156679635 0
1699264363.4670238 7.714532411462367 -0.02721136980025123 0
1699264363.557515 7.720835515675327 -0.027186264428778754 0
1699264363.63506 7.730257669425856 -0.027130832289812265 0
1699264363.734994 7.733642280025191 -0.027106640206831678 0
1699264363.79543 7.7428497456852 -0.02703450672793558 0
1699264363.8460538 7.750686406988352 -0.026960929318446403 0
1699264363.908574 7.757175976663111 -0.02689069128781055 0
1699264363.97436 7.762884322563191 -0.02681872882766913 0
1699264364.058155 7.774168741674596 -0.02664904175678528 0
1699264364.1656709 7.783724771416508 -0.026490378702769473 0
1699264364.249856 7.795125789894688 -0.026347235717245378 0
1699264364.3179913 7.800935014278678 -0.0264254057115659 0
1699264364.380219 7.803397357091368 -0.026469209999115725 0
1699264364.4443214 7.813630146540908 -0.02644244690224914 0
1699264364.5165982 7.822832206843787 -0.02639670185236744 0
1699264364.587854 7.831747373884591 -0.026375509571113308 0
1699264364.6715834 7.839084965721334 -0.026317495123002972 0
1699264364.7736301 7.845268079287672 -0.026271033625958392 0
1699264364.8597696 7.853520225173024 -0.026215772736384067 0
1699264364.9656186 7.868623436892769 -0.026092667454316314 0
1699264365.0312867 7.875091359030969 -0.0260199804722447 0
1699264365.0949605 7.876720742529747 -0.02599701271174597 0
1699264365.1688871 7.886769462810151 -0.025855173746590132 0
1699264365.2400215 7.897524751053424 -0.025694985098329584 0
1699264365.323755 7.909869442781609 -0.025487905459915982 0
1699264365.4021475 7.918837813491338 -0.025336191145344567 0
1699264365.4750574 7.920783303728774 -0.025301302075085973 0
1699264365.5823145 7.9226439301675216 -0.025261150480562097 0
1699264365.6738098 7.942906552314196 -0.024768276218799103 0
1699264365.7751458 7.957903817400227 -0.024384437935727168 0
1699264365.8745642 7.975776433377747 -0.023939052507848158 0
1699264365.978396 7.981637083487111 -0.023648454931673637 0
1699264366.0784285 7.981599639045177 -0.023646589103148853 0
1699264366.1646516 7.989615124852774 -0.023243571808508688 0
1699264366.2609143 7.998970185975741 -0.022832775276049443 0
1699264366.3647344 8.018090608424359 -0.02209834401505371 0
1699264366.4672527 8.031328192878947 -0.0215714837236565 0
1699264366.5758708 8.033993062698078 -0.021462332089439012 0
1699264366.6624718 8.04596972648277 -0.020972422152201395 0
1699264366.7941003 8.054064627347492 -0.020629353792401748 0
1699264366.8882978 8.074084379866997 -0.01977519347269729 0
1699264366.9797914 8.082274213794317 -0.019435324809948234 0
1699264367.0640953 8.092030195578468 -0.019021368223876005 0
1699264367.1727235 8.102280700315271 -0.018582390367955413 0
1699264367.2967565 8.111030238758369 -0.018068299152316128 0
1699264367.3846793 8.12797205976224 -0.01690138746644896 0
1699264367.4987228 8.136452961167915 -0.01628925205947003 0
1699264367.6197379 8.14495928718699 -0.015682684181588573 0
1699264367.7050898 8.158602855224363 -0.01471695827191438 0
1699264367.808362 8.167316559904009 -0.01410659339716532 0
1699264367.8921745 8.176068194425252 -0.013495958674870565 0
1699264367.975754 8.184967767045112 -0.012884548747150023 0
1699264368.0860298 8.193904171061893 -0.01227588379067251 0
1699264368.1741598 8.212862027186128 -0.011005296602796429 0
1699264368.2741814 8.216345568442977 -0.010775156851913437 0
1699264368.3513174 8.220243142078527 -0.010521383620145291 0
1699264368.4388266 8.23391473395021 -0.00964786661947211 0
1699264368.5206184 8.242809370820064 -0.009081657235959096 0
1699264368.6225667 8.261434179744255 -0.007913117836454304 0
1699264368.7059345 8.27564213476098 -0.007283867108781998 0
1699264368.7922025 8.278405788658512 -0.007096502321788097 0
1699264368.8713286 8.292463914933922 -0.005520484517819392 0
1699264368.9825184 8.296386956158818 -0.005072317690151434 0
1699264369.0626292 8.305525762707815 -0.004045942279539582 0
1699264369.1476142 8.318229968087321 -0.0026570114208847567 0
1699264369.2558715 8.326889100021397 -0.0017538114572020224 0
1699264369.3657618 8.334913930772647 -0.0009529051236415377 0
1699264369.4612017 8.343984267159987 -7.471396036135176e-05 0
1699264369.5351908 8.354224599338712 0.0008922443990422892 0
1699264369.6200335 8.365131942501028 0.0018752763068355643 0
1699264369.7372136 8.36848749550756 0.0021619279769206365 0
1699264369.8345697 8.37161326066362 0.0024154411999213884 0
1699264369.9209175 8.39194719682444 0.004008149075258367 0
1699264370.0001214 8.402903613791448 0.004807878188709872 0
1699264370.0999222 8.410524601168975 0.005204398734017851 0
1699264370.2044075 8.412875658248318 0.005305572756031585 0
1699264370.2970703 8.417626714984317 0.005490376460885874 0
1699264370.3897774 8.426799452483268 0.006164242224922395 0
1699264370.4732738 8.441235866884046 0.007749124106865047 0
1699264370.5554821 8.451537380354393 0.008827128811086656 0
1699264370.6396239 8.462337750661389 0.009930184051264205 0
1699264370.7410817 8.465863155421152 0.010263249353425909 0
1699264370.8371294 8.479067195967941 0.011375134945992805 0
1699264370.9358206 8.492526524805893 0.01244324456284181 0
1699264371.0102935 8.50332331015986 0.013254393580286756 0
1699264371.078458 8.510047718719093 0.013722401210349018 0
1699264371.1664054 8.513114705136717 0.013910546514773721 0
1699264371.2655635 8.517364110374436 0.014143546718487174 0
1699264371.3766642 8.540860866920207 0.015355317609409716 0
1699264371.468118 8.5536440278036 0.01595074853845205 0
1699264371.5509148 8.559508758579486 0.016202125343697457 0
1699264371.6336951 8.575052490165868 0.01640879305711661 0
1699264371.7061198 8.576217842542697 0.016368340948601557 0
1699264371.7821362 8.577954049169929 0.016329589084784536 0
1699264371.8666043 8.59086797928611 0.016267363285789392 0
1699264371.9562995 8.603930581127136 0.016238837631878892 0
1699264372.0371776 8.62418091891339 0.016079316483390508 0
1699264372.1209574 8.630709649281862 0.016026065127385834 0
1699264372.1953006 8.632948567677298 0.016007120839381436 0
1699264372.2798634 8.63830769907537 0.015950515130078 0
1699264372.3638866 8.647702421084603 0.01581826983000086 0
1699264372.4564607 8.659532805601769 0.015612019512300611 0
1699264372.5304778 8.674853831864631 0.015301140933009038 0
1699264372.6327958 8.675807280086978 0.015277268412752116 0
1699264372.7138586 8.676063686795827 0.015270999315942084 0
1699264372.770662 8.680570095560313 0.015139745224163568 0
1699264372.8399775 8.691794243731962 0.01477617665631903 0
1699264372.9295654 8.728159477752374 0.013167431874010413 0
1699264373.0679815 8.737779634304891 0.01257970830324381 0
1699264373.151941 8.74314723845783 0.012352831876896104 0
1699264373.2440665 8.749380419454905 0.01215940341180908 0
1699264373.3405824 8.75826375383477 0.011766062535932863 0
1699264373.4355335 8.76676793957912 0.011152344102005933 0
1699264373.5095842 8.775020514349928 0.010547681939528387 0
1699264373.5719037 8.784395432504338 0.009852042232691757 0
1699264373.6582408 8.790543069706889 0.009402999636455911 0
1699264373.7773297 8.800535054113942 0.008671616719242374 0
1699264373.8481176 8.809347222484533 0.008023298316827208 0
1699264373.910341 8.813830424249218 0.007696037387646522 0
1699264373.9673584 8.822351398144143 0.00706678147961127 0
1699264374.0407283 8.82735412917795 0.00670505185032247 0
1699264374.114372 8.832396471815297 0.006343093984435621 0
1699264374.2161527 8.846338407704938 0.005337252401130161 0
1699264374.304124 8.86158266632097 0.004259199393576905 0
1699264374.3821821 8.866817376514275 0.003896176782908574 0
1699264374.457538 8.878819969019153 0.0027461068173405758 0
1699264374.5368867 8.88379232989288 0.002099221716472334 0
1699264374.6185207 8.887271548653905 0.0016729019282228214 0
1699264374.6937766 8.898032098326953 0.0005087176537661084 0
1699264374.7624884 8.915708679097298 -0.0013471286514231636 0
1699264374.8581057 8.926346602601207 -0.0024237254159537357 0
1699264374.9549627 8.932889201139314 -0.0030482843325025616 0
1699264375.0640411 8.935493999153866 -0.0032871702141930577 0
1699264375.1429865 8.94095208148787 -0.003770694313264252 0
1699264375.2416358 8.957190362417345 -0.005415766835094241 0
1699264375.3264115 8.968215441306238 -0.006513857185805572 0
1699264375.4069421 8.978768842347147 -0.007535846408471343 0
1699264375.474306 8.985607713417574 -0.008185199382941101 0
1699264375.5461276 8.98926130859594 -0.008519531022503954 0
1699264375.6061301 8.99511375441278 -0.009028638663078514 0
1699264375.711775 9.01037445041021 -0.010349191309006045 0
1699264375.8015544 9.021930345273269 -0.011314898838322034 0
1699264375.8819537 9.032419140422439 -0.012147618172963103 0
1699264375.946563 9.040737987206558 -0.012836265734866173 0
1699264376.0126286 9.045832203035271 -0.013221496570120022 0
1699264376.1077745 9.04719886218222 -0.013319685285740557 0
1699264376.1842303 9.05928434629465 -0.014392737305337579 0
1699264376.260843 9.069946012442664 -0.015773211382865738 0
1699264376.36135 9.087807288068696 -0.018094504133163568 0
1699264376.4609303 9.093363188789562 -0.01878424921135353 0
1699264376.5549939 9.097997365262495 -0.019321180661342204 0
1699264376.6444457 9.10337312636179 -0.019909744027273676 0
1699264376.7335243 9.114063930169577 -0.021089871907842346 0
1699264376.8150415 9.129875903987209 -0.022781137988459772 0
1699264376.8899777 9.137992105964326 -0.023593473950342846 0
1699264377.0050097 9.138587037326628 -0.023644414968091984 0
1699264377.1075494 9.14681867971082 -0.024347639573583085 0
1699264377.1970167 9.166605472091039 -0.025967579121837857 0
1699264377.2942338 9.173945762180837 -0.026536004078024308 0
1699264377.3739095 9.198621743273364 -0.028545771808245086 0
1699264377.4527776 9.209246991895274 -0.029607569760387777 0
1699264377.552278 9.223349560958367 -0.03137008541126354 0
1699264377.6581833 9.234581146291632 -0.03305060963351229 0
1699264377.754285 9.2384054173256 -0.033522073800619265 0
1699264377.8313167 9.241943691434495 -0.033958914767293395 0
1699264377.8978407 9.2524390830133 -0.03522305222493716 0
1699264377.95767 9.258119809569038 -0.035913479687782274 0
1699264378.028271 9.271654581314928 -0.037434534637228026 0
1699264378.1075802 9.274082356088735 -0.03767213434139189 0
1699264378.1903234 9.274873178015786 -0.03773296734918003 0
1699264378.2609897 9.2764235710095 -0.03786412370984025 0
1699264378.3244388 9.290531757165773 -0.03904973321278348 0
1699264378.3789923 9.303933884435478 -0.040099037024668514 0
1699264378.4425943 9.310533464310156 -0.04056136558766569 0
1699264378.5593848 9.312112549498922 -0.04065429023215127 0
1699264378.6493306 9.316467446715262 -0.040876387872652215 0
1699264378.736366 9.324565757117524 -0.041210056944251484 0
1699264378.8236692 9.341678908778093 -0.041831579064610366 0
1699264378.9018247 9.351086598385807 -0.04210160496417342 0
1699264378.9846249 9.356741091102 -0.04221270279420981 0
1699264379.0766873 9.36309060771745 -0.042262181130110245 0
1699264379.1431508 9.369901662562562 -0.04235561331696858 0
1699264379.2122238 9.378284542511533 -0.04255959805199351 0
1699264379.3055942 9.392477614724228 -0.042972189591924115 0
1699264379.4002507 9.403318296354312 -0.04345113341414667 0
1699264379.4850996 9.408429493335762 -0.0436314846008695 0
1699264379.5811872 9.422776266749503 -0.0439609289943839 0
1699264379.6599052 9.427830355090766 -0.04403638633107052 0
1699264379.748735 9.440643116043384 -0.04414332377896554 0
1699264379.8115003 9.445161541550423 -0.044135425491641525 0
1699264379.8779616 9.447498759316428 -0.044121110670861816 0
1699264379.9350715 9.454614715795504 -0.04405258484118121 0
1699264379.9971519 9.469850000177212 -0.043812803515219684 0
1699264380.0848284 9.478874714556952 -0.043604796900504936 0
1699264380.1962187 9.4882045504354 -0.04331108242498211 0
1699264380.2578564 9.492841928443761 -0.04311608506619742 0
1699264380.3215137 9.496470301404154 -0.04295991423566454 0
1699264380.3860898 9.517153974280658 -0.04186051398741138 0
1699264380.5123801 9.529345428830853 -0.04082105345811106 0
1699264380.5945878 9.532930810379192 -0.04050228711758549 0
1699264380.6621118 9.535854829828171 -0.04023664807852002 0
1699264380.719724 9.544832153726645 -0.03941708725365096 0
1699264380.7792652 9.55276351971759 -0.038671144562957456 0
1699264380.8565369 9.561980114155626 -0.03777169082833057 0
1699264380.9313602 9.572066414289187 -0.036773964185467224 0
1699264381.0185769 9.5766537743882 -0.03630318583645606 0
1699264381.089688 9.57908445320198 -0.03604191137875086 0
1699264381.1502237 9.592388181918036 -0.034535687931262195 0
1699264381.208774 9.602646394638732 -0.03334303201419085 0
1699264381.2827532 9.611676289008852 -0.03226742077099216 0
1699264381.3558056 9.613820505330256 -0.0320057704230314 0
1699264381.4175813 9.617364303017071 -0.03156908143509237 0
1699264381.4753196 9.62819005846382 -0.03022489906396505 0
1699264381.5421498 9.63373885423775 -0.029524849662395467 0
1699264381.5939462 9.639867341015037 -0.02874702860646227 0
1699264381.66571 9.652128310289944 -0.027076714584107063 0
1699264381.781806 9.653313755406337 -0.026910512896222108 0
1699264381.8466442 9.653921771423443 -0.026827098581320197 0
1699264381.9103854 9.66257105290185 -0.025712401482747303 0
1699264381.978717 9.667489880515923 -0.025211350504016503 0
1699264382.0553067 9.679002177855251 -0.024557860312476944 0
1699264382.1299362 9.693974822432786 -0.024067436925989824 0
1699264382.206185 9.698593048139406 -0.023980275365818742 0
1699264382.265062 9.699725683996677 -0.02397085177122391 0
1699264382.3308609 9.701625723899765 -0.023953347598490896 0
1699264382.3840551 9.713175055873428 -0.02366179441618186 0
1699264382.4461143 9.729877366620098 -0.022599887640479883 0
1699264382.553471 9.746212904678329 -0.0214347195560705 0
1699264382.6415508 9.75057260684606 -0.02109362059018146 0
1699264382.7095716 9.754242928096643 -0.020794220357033568 0
1699264382.777619 9.75694382617208 -0.020571801683449617 0
1699264382.8583 9.777907386059933 -0.018744438541635378 0
1699264382.9509559 9.787996745715649 -0.01782518637443858 0
1699264383.0361853 9.802320530409135 -0.016462907094599633 0
1699264383.1152587 9.808908361127271 -0.015614484662728165 0
1699264383.1848736 9.815417922650134 -0.014590265683208736 0
1699264383.2587638 9.818533010272734 -0.014102090480856918 0
1699264383.3270354 9.83069638091301 -0.012244998320352163 0
1699264383.395825 9.839313249384507 -0.010951916797227486 0
1699264383.4597151 9.846831979139676 -0.009847401070125389 0
1699264383.5302477 9.849844950882687 -0.009416187733159536 0
1699264383.5894995 9.855555874733634 -0.00860320269668303 0
1699264383.6488338 9.86828509414608 -0.006729208042471164 0
1699264383.7251344 9.872899880399876 -0.006054618655853688 0
1699264383.8068614 9.886844792526077 -0.0040141405926178 0
1699264383.8822398 9.89269914139392 -0.0031583902957093325 0
1699264383.9471977 9.89766760124858 -0.002440894315927274 0
1699264384.0123086 9.906096441687241 -0.0012297401711155263 0
1699264384.0907598 9.915680417672949 0.00016602624893581998 0
1699264384.1582909 9.920830236212511 0.0009133456983622876 0
1699264384.2180326 9.92449925875882 0.001452090003890245 0
1699264384.2736423 9.931857200783666 0.0025275629636872985 0
1699264384.3329625 9.936417779982891 0.0031834146266735515 0
1699264384.4153795 9.945173124579076 0.004395544089963404 0
1699264384.5019677 9.962280556701257 0.006793507101935372 0
1699264384.5866907 9.971302206700612 0.008240645910095098 0
1699264384.6557424 9.974534161972667 0.008891469131189192 0
1699264384.7101026 9.982308966103526 0.010607199718965316 0
1699264384.775949 9.9893574926167 0.012054074513097892 0
1699264384.8368967 9.993805184576175 0.01294528982512725 0
1699264384.9092782 10.005806844510163 0.015268434525499643 0
1699264384.98811 10.016167019999964 0.017111129790192435 0
1699264385.129867 10.018696199408362 0.017538589258914872 0
1699264385.1822448 10.024269170422828 0.018515819134108047 0
1699264385.240317 10.041851470041587 0.021862035244574283 0
1699264385.3608398 10.050504962206258 0.023462270495436324 0
1699264385.4667504 10.060989898108515 0.02533033891607802 0
1699264385.5409994 10.06661233163791 0.026288304437578163 0
1699264385.6047542 10.070269953885328 0.02690071753387154 0
1699264385.660641 10.08046259166758 0.028570924542800257 0
1699264385.7388313 10.095492920633733 0.030901402791374783 0
1699264385.817554 10.098970283650665 0.03141200476283317 0
1699264385.879976 10.101645282956557 0.031798874672495106 0
1699264385.9417877 10.112686798437146 0.033328341562905824 0
1699264386.006616 10.121170284015188 0.03443799694691045 0
1699264386.0825527 10.131413621271037 0.03570839025020087 0
1699264386.1535609 10.139988526196761 0.036814744512805905 0
1699264386.2315073 10.144777998084916 0.0374536775234152 0
1699264386.2937672 10.148266240775422 0.0378887618948888 0
1699264386.3584528 10.150458499403408 0.038133417143065916 0
1699264386.4245524 10.168069917138633 0.04001281129151826 0
1699264386.5020602 10.173655926581985 0.0406351946625541 0
1699264386.566276 10.183252011246164 0.04166383809437163 0
1699264386.6346602 10.188116793179859 0.04214879662618476 0
1699264386.6961956 10.189992320435733 0.04231860715575907 0
1699264386.7555032 10.191806167882357 0.04247999029878955 0
1699264386.811165 10.199537094287077 0.04314894480072839 0
1699264386.9001968 10.226257607800006 0.04541890096118358 0
1699264387.000083 10.237779746134285 0.046285743459153476 0
1699264387.084593 10.246390159318148 0.046887987401283575 0
1699264387.159499 10.248497614569635 0.047016114178452084 0
1699264387.236647 10.25164922426795 0.04719077969606293 0
1699264387.3213108 10.266522953514352 0.047883658489362727 0
1699264387.3990781 10.28478430182102 0.04864909502607938 0
1699264387.506015 10.294939901229355 0.049037888485209784 0
1699264387.6069202 10.306105437105296 0.049715977252387945 0
1699264387.6940367 10.314066525676273 0.05048290788447145 0
1699264387.784707 10.316438791072045 0.05069452833813341 0
1699264387.8587327 10.32591140688982 0.05164316982076004 0
1699264387.9242072 10.340633527510276 0.05311268145520144 0
1699264388.022318 10.345833463941407 0.05359681590951657 0
1699264388.1012437 10.3542762853271 0.05433395728784015 0
1699264388.1926353 10.35920721083635 0.054705860408416955 0
1699264388.2762718 10.36057395726265 0.0547833221081132 0
1699264388.3429022 10.37422144759354 0.05564734493418581 0
1699264388.408722 10.387250097935851 0.056373263495989506 0
1699264388.4876833 10.400650696349917 0.05702597245964914 0
1699264388.568731 10.412247242561488 0.05749043245420045 0
1699264388.634736 10.412744788005948 0.057502398710557734 0
1699264388.709533 10.412492828165972 0.057495923899295275 0
1699264388.7782948 10.416004179545359 0.05756942806136227 0
1699264388.8574727 10.437915100449239 0.05776185795286345 0
1699264388.9380198 10.45081894583193 0.057761540346603926 0
1699264389.0082405 10.45628499361012 0.05770012465211345 0
1699264389.074181 10.466170414951975 0.05740868019390896 0
1699264389.1334426 10.472854129368326 0.057140452781425016 0
1699264389.1968317 10.476845830372032 0.05710047898419852 0
1699264389.2616801 10.484090541929671 0.056977474243142735 0
1699264389.3469608 10.492433227375916 0.056584749802660525 0
1699264389.405157 10.497618280358292 0.056258928470735395 0
1699264389.4600914 10.5018294400308 0.05598910878785338 0
1699264389.5218644 10.509551457644001 0.05545197227976767 0
1699264389.586905 10.512880389557447 0.05519575386961553 0
1699264389.6566982 10.519051450647705 0.05468740226870107 0
1699264389.739234 10.53600450948676 0.05319825327397491 0
1699264389.8194392 10.54415091495887 0.05244567022939321 0
1699264389.8984344 10.54915680926223 0.05196481480878811 0
1699264389.9643524 10.553579546337062 0.05152622074098185 0
1699264390.0456295 10.56687229475679 0.050123161648492405 0
1699264390.12494 10.57756919562824 0.04895470338950194 0
1699264390.2139204 10.588378660132694 0.047744258094858126 0
1699264390.2720127 10.595752032432541 0.04686189146508 0
1699264390.3369207 10.59881715936673 0.046461102844578876 0
1699264390.3948023 10.600007542192046 0.04630364040247392 0
1699264390.4725955 10.610295154579406 0.04499402906499428 0
1699264390.5327203 10.620587209701107 0.044007405736630964 0
1699264390.5916505 10.626477689028023 0.04350828241475608 0
1699264390.6552231 10.636674873055197 0.04283210644002363 0
1699264390.7176044 10.642373550521619 0.042727426317577276 0
1699264390.7756333 10.645056737841978 0.042756129996247255 0
1699264390.8562708 10.652512776848953 0.04268645437327405 0
1699264390.9376228 10.66229555757091 0.042387529410788494 0
1699264391.0089576 10.671939417338764 0.04204369122919441 0
1699264391.081843 10.675736253382361 0.04189175534514001 0
1699264391.1462302 10.681629843865197 0.041622404368660895 0
1699264391.2110913 10.68759730461531 0.041307574856506 0
1699264391.2864785 10.695456739879294 0.04088204045426208 0
1699264391.356281 10.705099259535755 0.040314087948613436 0
1699264391.4186547 10.71149729352574 0.03991181854390399 0
1699264391.4821587 10.713832149492825 0.03975777849460776 0
1699264391.5448465 10.71774619345126 0.03948930821684464 0
1699264391.6114945 10.731494105961072 0.038478835979308006 0
1699264391.6892364 10.742676862148889 0.037616833607175576 0
1699264391.77674 10.754188888658943 0.03669537741520793 0
1699264391.864822 10.770694865139218 0.03453430241394375 0
1699264391.934157 10.773954337914066 0.03384368957891556 0
1699264392.0037286 10.778934922418884 0.032597468004333115 0
1699264392.0821576 10.792192728365405 0.029314686285744154 0
1699264392.1678429 10.795983805916734 0.028383292890243397 0
1699264392.2265115 10.800364682314404 0.027310376751373888 0
1699264392.284128 10.811854480905154 0.024754725303657826 0
1699264392.3493636 10.815032138329554 0.024105455593008845 0
1699264392.4031565 10.818796759153471 0.023345020318410844 0
1699264392.4910576 10.832345728315653 0.020484964933320648 0
1699264392.5869613 10.841485298550662 0.0185581346916304 0
1699264392.6637099 10.847132758039821 0.017362068665682004 0
1699264392.7175841 10.851645195946846 0.016407874318037377 0
1699264392.7728732 10.857120003312561 0.015265976704277746 0
1699264392.8265653 10.859749353625777 0.014730508125216223 0
1699264392.8910286 10.861915797533264 0.0142923298291499 0
1699264392.965159 10.869103220146933 0.012812836599093508 0
1699264393.0499146 10.888569768959258 0.008832094945429551 0
1699264393.1312575 10.894188985610812 0.007705875062797514 0
1699264393.2119303 10.903254085574371 0.005943571460414854 0
1699264393.336937 10.909987271413765 0.004672747985991899 0
1699264393.420546 10.920071094907874 0.0027950361324054003 0
1699264393.5035052 10.928875154395426 0.001181895005215308 0
1699264393.5806253 10.939013781911557 -0.0008035562163691836 0
1699264393.6558802 10.94334420725959 -0.0016402270278993822 0
1699264393.7303119 10.947807477262423 -0.0024865296594628957 0
1699264393.8012662 10.954057035317156 -0.0036916153583085635 0
1699264393.8651233 10.962197061675822 -0.00541574123966731 0
1699264393.9334636 10.967033731888986 -0.00646125460382667 0
1699264394.0082042 10.978953083288486 -0.008916913302864987 0
1699264394.0840418 10.981145665120886 -0.009350598554463293 0
1699264394.1446118 10.9842536680724 -0.009973362255578915 0
1699264394.2069495 10.997902811547545 -0.012649440131440995 0
1699264394.26546 11.00675975404452 -0.01432266938667885 0
1699264394.322129 11.010263513707844 -0.01496485343064537 0
1699264394.3802571 11.01718425282761 -0.01618033646314354 0
1699264394.4533458 11.024101658331004 -0.017354347700916758 0
1699264394.5215352 11.031861169283003 -0.018627978219270275 0
1699264394.5954175 11.035832379114558 -0.01926449633673351 0
1699264394.655773 11.045117907869267 -0.020690680074629802 0
1699264394.733134 11.051224522282583 -0.02158559888259628 0
1699264394.7954009 11.05422566853605 -0.022013137191664325 0
1699264394.857986 11.067074748193297 -0.02377203678600449 0
1699264394.9223506 11.075743981687337 -0.024896375302757737 0
1699264395.013504 11.08443641551443 -0.02596773034949281 0
1699264395.0834148 11.088507796094294 -0.02643383034389318 0
1699264395.133163 11.09944718018834 -0.027739347481648215 0
1699264395.2042823 11.10476880192359 -0.028340865011921224 0
1699264395.272369 11.107788441414389 -0.0286710772275002 0
1699264395.337018 11.119792183164282 -0.02994799397434618 0
1699264395.4130435 11.128476262020852 -0.03081003981178336 0
1699264395.4913485 11.136893771913716 -0.03159361244838822 0
1699264395.561081 11.142493403310754 -0.03207829422692556 0
1699264395.6199055 11.147688599826374 -0.0324961444020232 0
1699264395.6899047 11.153064237140576 -0.03289782582234878 0
1699264395.754209 11.16162588593818 -0.033503734792966304 0
1699264395.811552 11.17113032068292 -0.03412681181204385 0
1699264395.8737936 11.175805298302395 -0.03441462483764832 0
1699264395.9317398 11.181366006442937 -0.03473014184971272 0
1699264395.9993868 11.18997278614794 -0.035149323925142424 0
1699264396.0904047 11.192149653496962 -0.03524324524696389 0
1699264396.1597228 11.200912441891493 -0.03560075605401842 0
1699264396.231983 11.211731241331346 -0.035997584491711844 0
1699264396.2829323 11.221419405807167 -0.036298749333620074 0
1699264396.3389995 11.22414612805395 -0.0363574261820825 0
1699264396.3945916 11.22741087306118 -0.036418236486146636 0
1699264396.4594898 11.23364512924121 -0.03650734019220976 0
1699264396.5335796 11.241965081892479 -0.036721972523592945 0
1699264396.600303 11.251961713176819 -0.03721822135808894 0
1699264396.666429 11.262139028386743 -0.03789709355166826 0
1699264396.7295556 11.26858496217451 -0.03833213594524386 0
1699264396.7856681 11.270564137593796 -0.03845320747339286 0
1699264396.848692 11.275658850775931 -0.038743874454919294 0
1699264396.9158206 11.28875610681849 -0.039378550732089714 0
1699264396.9795365 11.298788579535655 -0.03979629053725978 0
1699264397.0390298 11.303793004404055 -0.03998209876192651 0
1699264397.0937345 11.309626131369864 -0.04016953227583156 0
1699264397.149675 11.313873694289942 -0.040278276260391224 0
1699264397.222768 11.319066091107185 -0.040383807113836837 0
1699264397.2901735 11.324107898303923 -0.04047491620351008 0
1699264397.3531802 11.33966433018951 -0.04067879097017043 0
1699264397.419892 11.343364824207061 -0.04070394749365255 0
1699264397.4774656 11.347457394159788 -0.04070735577814013 0
1699264397.547631 11.35686803777472 -0.040664931043805586 0
1699264397.6166754 11.371100782565133 -0.04052768005990864 0
1699264397.721123 11.377327771815798 -0.04044901112009074 0
1699264397.7806094 11.383002959007522 -0.0403351789335531 0
1699264397.8372176 11.394772201128813 -0.03965778734131674 0
1699264397.8976412 11.397934334675643 -0.03927125071239911 0
1699264397.9658194 11.399281591133997 -0.03911515967958587 0
1699264398.0389063 11.409254996397651 -0.038253229558629864 0
1699264398.1042855 11.421023939051068 -0.03747470879396803 0
1699264398.1709352 11.427486453172703 -0.03700744366737431 0
1699264398.230913 11.437312452320866 -0.036331365113269364 0
1699264398.2935812 11.438255289304488 -0.03625674127221868 0
1699264398.4170895 11.439546451886853 -0.03616072255775313 0
1699264398.5319757 11.457319449086913 -0.03457344748627751 0
1699264398.6011896 11.465076927620377 -0.03376716376878149 0
1699264398.6673405 11.477908927176808 -0.03242555797927429 0
1699264398.7385623 11.485864738630328 -0.03156806772143598 0
1699264398.794618 11.488029143375023 -0.031325594743909196 0
1699264398.858436 11.488400833387116 -0.031283124441639595 0
1699264398.9223917 11.493144179092319 -0.030747803901384124 0
1699264398.9894304 11.503218336204174 -0.029641849715241118 0
1699264399.0451145 11.518109643216786 -0.027940846717718924 0
1699264399.0998313 11.52496185953421 -0.027126408109236735 0
1699264399.1531906 11.530503041166403 -0.026399700831901823 0
1699264399.2054408 11.542083274809425 -0.024236815548952437 0
1699264399.2691774 11.548603709839325 -0.02223613585392431 0
1699264399.338626 11.551816187164455 -0.021033522038446235 0
1699264399.4024704 11.562103824559854 -0.017123714326545008 0
1699264399.4672253 11.568861395096455 -0.014636384198728026 0
1699264399.5285988 11.572449856846456 -0.013336767231815115 0
1699264399.5786624 11.575973853694553 -0.012078556528764443 0
1699264399.6457026 11.585970840375461 -0.008614364923957472 0
1699264399.7195687 11.591975222369891 -0.00662153710539017 0
1699264399.7861037 11.598052710952743 -0.004662457074498587 0
1699264399.856866 11.601586521885732 -0.0035297045968619763 0
1699264399.915725 11.612978202686161 2.2752542934450018e-05 0
1699264399.9784145 11.619792937185844 0.0020861864392323444 0
1699264400.0579507 11.625501590738828 0.003769062731768146 0
1699264400.1435366 11.62844602296485 0.004618202858178174 0
1699264400.2036493 11.643232640991831 0.008768323353495904 0
1699264400.2858355 11.647261815487816 0.009862452276185808 0
1699264400.3453255 11.65147426645285 0.010989119867218846 0
1699264400.4001853 11.663847943104447 0.014196305721596782 0
1699264400.4711847 11.666446979877154 0.014842481350690728 0
1699264400.5535452 11.671695898659076 0.016115415827684956 0
1699264400.627045 11.684665046339855 0.01915963908158857 0
1699264400.6904378 11.689109706202315 0.020166149666861616 0
1699264400.7460594 11.6984672391054 0.02222686587448828 0
1699264400.8143716 11.705163082966152 0.023696919338868846 0
1699264400.877973 11.709992871241322 0.024743705782130174 0
1699264400.947026 11.714094659130266 0.02559435970914744 0
1699264401.0162299 11.716788728101443 0.02610271725949279 0
1699264401.0745075 11.723710440386325 0.027241175951758845 0
1699264401.1264243 11.73227852700822 0.028444865441966293 0
1699264401.1796708 11.740328125497708 0.029529370142171805 0
1699264401.2413678 11.745565431069938 0.030207680985239644 0
1699264401.3052046 11.750103265480845 0.030755203961411084 0
1699264401.3704007 11.75700865112642 0.031561952827241675 0
1699264401.4310358 11.762652102147065 0.03221028004365617 0
1699264401.4987054 11.771647376111872 0.0331881549181265 0
1699264401.5573266 11.77863579981334 0.03388838302789242 0
1699264401.6312373 11.779652735871997 0.03398000751896459 0
1699264401.6973636 11.788673882259856 0.03474733430764028 0
1699264401.7704399 11.80142201929768 0.03576133301177304 0
1699264401.8350503 11.808565701769748 0.036297201346325594 0
1699264401.905776 11.820724659033498 0.0371383954482014 0
1699264401.9615831 11.821342007704587 0.03717471128806506 0
1699264402.02544 11.820924970212959 0.03715138798550152 0
1699264402.0874248 11.821804337840902 0.03720138478511303 0
1699264402.1496937 11.838864203039353 0.03793289296521439 0
1699264402.2239177 11.847338683928463 0.03827592355864622 0
1699264402.2874515 11.862504357004289 0.03878458465182987 0
1699264402.3505666 11.876282725079127 0.039072682239592094 0
1699264402.408501 11.886841570942646 0.03938730850996025 0
1699264402.4701664 11.89033337277256 0.03968792698756132 0
1699264402.5325508 11.899880060065419 0.041430205901184125 0
1699264402.600065 11.903241679852416 0.04227203254424251 0
1699264402.6502683 11.910253576921468 0.04411135049986228 0
1699264402.6994972 11.913683676304695 0.0449652067039371 0
1699264402.755575 11.916984718187123 0.04577126857478832 0
1699264402.803862 11.923422286547638 0.047284049751836754 0
1699264402.8545914 11.930030679871404 0.04875278788831421 0
1699264402.9161277 11.937194698231542 0.05025518538532408 0
1699264402.9818301 11.940714780451824 0.05096125849501539 0
1699264403.0597746 11.951461248364307 0.05298399299519532 0
1699264403.1110315 11.954753987730093 0.05356220251678753 0
1699264403.1667511 11.961404248998377 0.05467160506996003 0
1699264403.2275145 11.964655714431911 0.05518469422313173 0
1699264403.2944944 11.978981099683342 0.057240189466840126 0
1699264403.369692 11.982631583078094 0.05771298828976515 0
1699264403.4415934 11.993459291964538 0.058994900446772344 0
1699264403.5026128 12.000052252997447 0.05968086824259096 0
1699264403.5718362 12.003306058791381 0.059993389134416375 0
1699264403.633988 12.01474281175587 0.06098034794215037 0
1699264403.7065203 12.022447014291448 0.061547674249093604 0
1699264403.7741456 12.026242007678222 0.061800225794459686 0
1699264403.8488941 12.036491647557787 0.06234773074751778 0
1699264403.9060946 12.042808205565889 0.06260331184776047 0
1699264403.9699912 12.045921593061149 0.06270814653574329 0
1699264404.0494583 12.057991298689974 0.06308538885246348 0
1699264404.1327715 12.066113318481028 0.06325580003564932 0
1699264404.1871655 12.073715002180043 0.06338094986626631 0
1699264404.2677588 12.077184112336639 0.06345309991812675 0
1699264404.3313327 12.086707796177816 0.06359148812207914 0
1699264404.4037557 12.093888762491902 0.06359327327209718 0
1699264404.4726026 12.097736329841245 0.06357186468129031 0
1699264404.5457215 12.111829242045209 0.06334834385929518 0
1699264404.6172216 12.115094241044178 0.06326374244820997 0
1699264404.673198 12.11865284861969 0.06315811187053035 0
1699264404.7252831 12.122466063062838 0.06303175467778065 0
1699264404.7784781 12.133937785510783 0.06256443951700189 0
1699264404.8445888 12.14129492988629 0.0621968923403679 0
1699264404.9222684 12.147659060239423 0.061830767667943126 0
1699264404.989856 12.154607737261804 0.06138447622202187 0
1699264405.05897 12.161567612555263 0.06088990014102342 0
1699264405.113426 12.165803453249184 0.06057233936425498 0
1699264405.1693587 12.177282124222117 0.05959703764234344 0
1699264405.2330062 12.18381278251231 0.05898449526338589 0
1699264405.2911716 12.186292155442624 0.0587419351689235 0
1699264405.3535 12.189251044896128 0.05845240782721724 0
1699264405.4076116 12.201785546296163 0.057193839242323415 0
1699264405.4834764 12.210885649750333 0.05624297202024937 0
1699264405.5414193 12.214807716591476 0.05581956657857154 0
1699264405.5907998 12.217542321272903 0.05553074282406003 0
1699264405.6493447 12.22878667715142 0.05425737941593358 0
1699264405.7242613 12.231870424528461 0.05389447506862457 0
1699264405.7969415 12.236314027704848 0.05334839122628857 0
1699264405.8560927 12.250845665630433 0.051593070912684995 0
1699264405.919846 12.257824871935654 0.05076517767940542 0
1699264405.9837584 12.26205301620982 0.050234867327837045 0
1699264406.0578115 12.264586165831963 0.049913938663000285 0
1699264406.1222513 12.272539657887801 0.04879164114038897 0
1699264406.1846225 12.287163918762142 0.04664876367460596 0
1699264406.2480597 12.29207602505648 0.04590983849225679 0
1699264406.3096094 12.298278846398965 0.04493445716075431 0
1699264406.3593016 12.30216793786979 0.04431140751310037 0
1699264406.432331 12.30695226176659 0.04352807762182838 0
1699264406.5032473 12.31656869017396 0.04191149377414106 0
1699264406.5649664 12.32690539818036 0.04018042474489219 0
1699264406.618109 12.331244512454424 0.0394411644799198 0
1699264406.674127 12.334368066717268 0.0389001327276344 0
1699264406.723929 12.33862609112631 0.03816265330737374 0
1699264406.77855 12.34339768687465 0.037329888875806426 0
1699264406.8415287 12.351228399453609 0.035987927950756164 0
1699264406.9112096 12.365902762815315 0.033445663040413735 0
1699264406.987755 12.374520752975869 0.03196218091060923 0
1699264407.0593476 12.377182701063127 0.03151100662601051 0
1699264407.1107686 12.379630517340477 0.031090898085811117 0
1699264407.1601648 12.389065717526316 0.029443529060781713 0
1699264407.2338634 12.39871675143409 0.027724696154256333 0
1699264407.3003886 12.407741346442954 0.0261334416035322 0
1699264407.3687472 12.410263337536465 0.025708609629998668 0
1699264407.4191163 12.413752017184734 0.02511492962775324 0
1699264407.4825742 12.419975304486002 0.023997854309651023 0
1699264407.5422482 12.429384848235777 0.022192704563212182 0
1699264407.6023479 12.43541698580086 0.021023226624579568 0
1699264407.6730328 12.447314851677078 0.018676224234237725 0
1699264407.7454226 12.450862192213851 0.017967067550906473 0
1699264407.8057408 12.45162928847963 0.017809887542018614 0
1699264407.8679802 12.460145003596658 0.016120909881223174 0
1699264407.9259262 12.46587081778478 0.014997789367626538 0
1699264407.9799223 12.47966112242608 0.012447527409742691 0
1699264408.0516944 12.493302186057367 0.010004060576658152 0
1699264408.1319437 12.494493253234223 0.009798094646201112 0
1699264408.2082734 12.494522112909456 0.009795236176431348 0
1699264408.282979 12.496629585675434 0.009441503583345189 0
1699264408.3457882 12.505290162635948 0.008023597062710544 0
1699264408.3989491 12.52336866179649 0.005105780252574729 0
1699264408.4663246 12.52875984281555 0.004244381607343502 0
1699264408.5406551 12.53859285429916 0.0028254776866314117 0
1699264408.6102872 12.54238927422377 0.0023657104512409934 0
1699264408.679446 12.543964005602893 0.0021835024240017716 0
1699264408.7331982 12.549599800178806 0.0014210276354583978 0
1699264408.7875562 12.558475263622952 -0.00011501024343382868 0
1699264408.8622763 12.574778335533631 -0.003404807967713464 0
1699264408.9379144 12.578988300930158 -0.00426086756194767 0
1699264409.014102 12.587008739464965 -0.005893277325155636 0
1699264409.0838976 12.592282809710426 -0.006944350355925686 0
1699264409.1368876 12.594925714036204 -0.0074641326725256064 0
1699264409.2104185 12.608400855350498 -0.010082929563168091 0
1699264409.27444 12.61788608576815 -0.011877267949119743 0
1699264409.3567753 12.626379486479511 -0.013481998687850367 0
1699264409.4176197 12.629138382905362 -0.014006922698125524 0
1699264409.486342 12.634052405432723 -0.014904254371932109 0
1699264409.5483916 12.64521042954178 -0.016833553838865003 0
1699264409.6199543 12.654835405067242 -0.018420417719265687 0
1699264409.7017117 12.663085739983861 -0.019734577721438724 0
1699264409.7710888 12.667709147108017 -0.020429809755173917 0
1699264409.8340454 12.674285776775411 -0.021392982601271524 0
1699264409.897423 12.677651834148127 -0.021875178298699074 0
1699264409.9641457 12.696464804434708 -0.02459264049955231 0
1699264410.043825 12.700424657187146 -0.02513411501821276 0
1699264410.1075423 12.704461946460414 -0.025679589479891813 0
1699264410.1715117 12.715399011442809 -0.027119930689123745 0
1699264410.235599 12.72202782003567 -0.027957666287908547 0
1699264410.302243 12.725225341832216 -0.02835314147290522 0
1699264410.3599172 12.737705149845253 -0.02986165476390707 0
1699264410.4247267 12.7463832059187 -0.030870403691786567 0
1699264410.4917357 12.75067275187919 -0.03135658683990336 0
1699264410.5589902 12.759891689205384 -0.03237485829460318 0
1699264410.6218457 12.765805720177596 -0.03299778268785009 0
1699264410.6862078 12.768700035025908 -0.03329360203812577 0
1699264410.7398078 12.772854843299209 -0.03369683940216943 0
1699264410.7925816 12.787067189116131 -0.03499973137126841 0
1699264410.8597043 12.79509358832034 -0.03570746806516189 0
1699264410.9358392 12.797830638807525 -0.03593328616344986 0
1699264410.9906816 12.800329352931747 -0.03613416996335605 0
1699264411.0447934 12.811085352085382 -0.03687961990098415 0
1699264411.0973175 12.816084929170708 -0.037198619299572515 0
1699264411.1510787 12.826669185399673 -0.03784068687652797 0
1699264411.2061343 12.830765288114785 -0.03802396466954871 0
1699264411.2739832 12.84082762379098 -0.03804678611110801 0
1699264411.3376665 12.847154382418083 -0.03778142563604118 0
1699264411.4032173 12.850576725664917 -0.03763264377387676 0
1699264411.4684615 12.863128629062997 -0.03714258647482891 0
1699264411.534358 12.870932356482015 -0.036825289591334465 0
1699264411.5942056 12.874945178325259 -0.03666240318398757 0
1699264411.6584046 12.881533390234543 -0.03639121957020165 0
1699264411.7257767 12.888042641862064 -0.03610978872139202 0
1699264411.7973819 12.894423958625852 -0.03583586675127678 0
1699264411.8720617 12.902816016300662 -0.03547015706679962 0
1699264411.935751 12.911356207234146 -0.03509426729028337 0
1699264411.990749 12.91755536637496 -0.034822355204413936 0
1699264412.0614102 12.923539721034107 -0.034556491028434416 0
1699264412.1316028 12.926473393620416 -0.03442473161742633 0
1699264412.2016747 12.938113392536277 -0.033880086046613855 0
1699264412.2597897 12.947178472975573 -0.03343545626796081 0
1699264412.3134995 12.951705841839729 -0.03321296541498027 0
1699264412.372594 12.955238483181583 -0.03304005908144832 0
1699264412.4389553 12.96561956940928 -0.03250252739657257 0
1699264412.5199513 12.971746542325645 -0.0321574760321608 0
1699264412.5960724 12.976299253236188 -0.0318944782834922 0
1699264412.6661112 12.990885476346632 -0.030979134117184275 0
1699264412.7212467 12.994775485592111 -0.030641171928499755 0
1699264412.7795696 13.001707504710927 -0.02989314693978643 0
1699264412.8434603 13.004608543192415 -0.029555047814151525 0
1699264412.9067752 13.014070107583208 -0.028489085108523403 0
1699264412.9627545 13.022394566771858 -0.027571959755303334 0
1699264413.0495157 13.026850522322555 -0.0270870311492119 0
1699264413.101459 13.038334245454859 -0.02585647261695037 0
1699264413.1600745 13.041031226001028 -0.025574282867484695 0
1699264413.210397 13.046029658371237 -0.02506377967669157 0
1699264413.2736948 13.049926144400448 -0.024669106198620158 0
1699264413.347813 13.069662634123445 -0.022729555033192055 0
1699264413.4180624 13.074649561135304 -0.02225382596449744 0
1699264413.466344 13.078565495977669 -0.021899974879114124 0
1699264413.5200648 13.08094978385902 -0.021692283619795215 0
1699264413.5776083 13.089912483466701 -0.02094124391358564 0
1699264413.6546304 13.093776522278855 -0.02059871504194203 0
1699264413.7227993 13.103597307975749 -0.019702751956776596 0
1699264413.7960336 13.112601575449537 -0.018881686689339434 0
1699264413.859132 13.119219211320864 -0.018275544692717798 0
1699264413.9142988 13.1229606996346 -0.017937026505601358 0
1699264413.9774787 13.124965289226518 -0.017765929570600286 0
1699264414.0419836 13.136958005468767 -0.016660285512035168 0
1699264414.108335 13.148873689283562 -0.015582687246211578 0
1699264414.1770842 13.160210505541176 -0.014536357691323252 0
1699264414.2495708 13.165124315527214 -0.013973410032877531 0
1699264414.3013835 13.167440025247883 -0.01369850834896874 0
1699264414.3593156 13.169789428717076 -0.01344374130949317 0
1699264414.4116874 13.177600030502468 -0.012648050914115371 0
1699264414.4852057 13.187823256925382 -0.011674622885941758 0
1699264414.556188 13.202667732623814 -0.010301354502789245 0
1699264414.6621478 13.206004636372281 -0.010006652818682458 0
1699264414.7130766 13.214141477526617 -0.00932231070575429 0
1699264414.7711608 13.22124950621609 -0.00875953940306756 0
1699264414.8355772 13.225269212770792 -0.008446992962520794 0
1699264414.901561 13.234029702778209 -0.007785079839782362 0
1699264414.9857185 13.243827213312088 -0.00712678688897097 0
1699264415.051067 13.249912704032793 -0.006742192373516519 0
1699264415.1066735 13.252654017110011 -0.006575685895372659 0
1699264415.1534252 13.255933756432633 -0.006338241048020064 0
1699264415.2111623 13.268586644340266 -0.005317312158048676 0
1699264415.2897294 13.277072565664724 -0.0046407602864674 0
1699264415.3622406 13.280859167339212 -0.004342908036754806 0
1699264415.4197278 13.288529159875083 -0.003731771501418375 0
1699264415.485029 13.295820811122688 -0.0031693102571775404 0
1699264415.545655 13.299209527127555 -0.00291473873402613 0
1699264415.601177 13.303129131266333 -0.00262609047747543 0
1699264415.6594186 13.314865063936148 -0.001787334617922095 0
1699264415.734337 13.322614041495463 -0.001265411560509576 0
1699264415.7923417 13.328903501841616 -0.0008705019830060692 0
1699264415.8608172 13.332156665506101 -0.0006666807406864204 0
1699264415.9177482 13.33878029895829 -0.00028085673604578043 0
1699264415.983713 13.350784285908423 0.0003614546772608663 0
1699264416.053594 13.354847862203549 0.0005664182780398921 0
1699264416.1219127 13.366149864437338 0.0010959513316147662 0
1699264416.187058 13.372344685895216 0.0013504067543403206 0
1699264416.2540216 13.37542529128786 0.0014730857358342339 0
1699264416.3077538 13.379650688088683 0.001633195549412592 0
1699264416.360976 13.393042501493435 0.0020957940842866525 0
1699264416.4278793 13.401130111412753 0.002324114126956825 0
1699264416.4973803 13.404908294879212 0.0023440272822223608 0
1699264416.5570703 13.41422747754793 0.002391233694119363 0
1699264416.6349928 13.421428310736758 0.0024245655506265106 0
1699264416.7068698 13.429050029116535 0.002452094059884657 0
1699264416.7838695 13.440485269374566 0.0024821664518031037 0
1699264416.870524 13.44752089371092 0.0024935157203619007 0
1699264416.9687908 13.461644423796047 0.0024978188338045135 0
1699264417.0681462 13.473399616254762 0.0024825136856010768 0
1699264417.2047696 13.488651398959686 0.00243692212432865 0
1699264417.3126101 13.495526670920169 0.002394066105688336 0
1699264417.4123893 13.505603508554843 0.002313974978760142 0
1699264417.5248199 13.521470929952342 0.002136145614071064 0
1699264417.6327016 13.529032751609064 0.0020261215987475885 0
1699264417.7262816 13.538821124354964 0.0018398143038573463 0
1699264417.830984 13.548530634471092 0.001626154377212516 0
1699264417.9201574 13.552914544065914 0.0015314338317858078 0
1699264417.9804008 13.566624874472797 0.0013355380615968472 0
1699264418.0453446 13.572364774199531 0.0012539399707958171 0
1699264418.115286 13.575050445398091 0.0012164693365672278 0
1699264418.1837943 13.582164502510928 0.0011155537929362503 0
1699264418.2618997 13.596502276573 0.0009130625770762098 0
1699264418.327745 13.605371892189744 0.0007861973814322198 0
1699264418.392129 13.609026481041232 0.0007361702543377054 0
1699264418.4568808 13.620653664298306 0.0005956503457416203 0
1699264418.5377817 13.624495024206867 0.0005438623179961947 0
1699264418.5994682 13.628176971567058 0.0004894921090767891 0
1699264418.6608691 13.638963621319045 0.00033239810832118733 0
1699264418.731744 13.646211110739188 0.00021528843865291193 0
1699264418.7986712 13.653576569149985 8.857858585497412e-05 0
1699264418.8720448 13.657463709489916 1.819816788135311e-05 0
1699264418.9454124 13.668751840187486 -0.0001974716116030834 0
1699264419.0018535 13.6757470551466 -0.00034219539365138525 0
1699264419.061085 13.6793373708902 -0.0004200502722300942 0
1699264419.1271322 13.690412493524025 -0.0006733015883734058 0
1699264419.196433 13.698094817872672 -0.0008592816749113208 0
1699264419.2729912 13.705613973985878 -0.0010572318094576396 0
1699264419.34854 13.709001966204006 -0.0011411597258729241 0
1699264419.4083276 13.719566771378672 -0.001421474890886279 0
1699264419.4710166 13.727503936445647 -0.0016210178720839155 0
1699264419.531389 13.731463770988139 -0.0017208475998867056 0
1699264419.5926034 13.741141550875538 -0.001980327687806067 0
1699264419.6589785 13.747682266205128 -0.00215191752120483 0
1699264419.7275329 13.750897533622549 -0.0022355861312408835 0
1699264419.7941668 13.763039559328453 -0.0025729316041875863 0
1699264419.8618903 13.771501576530367 -0.002804660879266955 0
1699264419.931038 13.77568056952066 -0.002918588341987389 0
1699264420.0045907 13.782169724558866 -0.0030616345377153494 0
1699264420.0730968 13.79536503256038 -0.0034356369045573714 0
1699264420.1581433 13.79945899307533 -0.003609749093184175 0
1699264420.2107546 13.803861828523345 -0.0037970758047888185 0
1699264420.270122 13.810646580568426 -0.004094470048192862 0
1699264420.3348856 13.819331426429567 -0.004479365485600289 0
1699264420.4009764 13.821926111328864 -0.004594524236014214 0
1699264420.467566 13.834829351627125 -0.0052302372902491 0
1699264420.5354788 13.844925829997832 -0.005745480655243467 0
1699264420.5956295 13.849897864453574 -0.005996952463455358 0
1699264420.6466436 13.854102159839279 -0.006230102803230402 0
1699264420.702799 13.857406453315361 -0.006455008337973632 0
1699264420.76414 13.868340937455756 -0.0074242254728217934 0
1699264420.8277206 13.871285488086858 -0.007680520839447358 0
1699264420.9015532 13.871285488086858 -0.007680520839447358 0
