1698905174.2530215 0.007291509270226293 -0.0008491344139263831 0
1698905174.4725819 0.011728587191371626 -0.0014419276730265151 0
1698905174.604553 0.016366961349244088 -0.002071030059513725 1
1698905174.6389987 0.03088226517390529 -0.004059818180348859 1
1698905174.6736763 0.03088226517390529 -0.004059818180348859 1
1698905174.706239 0.04043582814131093 -0.005373976625284029 0
1698905174.7250042 0.050158591344765184 -0.006699574735794013 1
1698905174.7734895 0.05988018072878728 -0.008019112754916121 0
1698905174.82289 0.06892128423625742 -0.009264938645342596 0
1698905174.873007 0.09583041341212782 -0.012796998023422088 0
1698905174.923563 0.10498038306130392 -0.013985790164742032 0
1698905174.9735467 0.11426681998676452 -0.015159731488174382 0
1698905175.0237317 0.13147417759597213 -0.01727529430810349 0
1698905175.0739386 0.14017438329327808 -0.018313834669723538 0
1698905175.1244593 0.1573451198240965 -0.02030193372598658 0
1698905175.174414 0.1743408117350513 -0.022192335988870684 0
1698905175.22465 0.1826836778539568 -0.023090513153783618 0
1698905175.2747774 0.1909916270847191 -0.023964455178334083 0
1698905175.3249283 0.19906480030166457 -0.02479410791166279 0
1698905175.374856 0.2152969881027409 -0.026394972443261853 0
1698905175.4248157 0.23113526027571316 -0.027863947270264013 0
1698905175.4752584 0.23926789873493312 -0.028585402118181186 0
1698905175.5255141 0.24701300890940595 -0.029241609649498405 0
1698905175.5756366 0.2700065836090878 -0.03107993774391694 0
1698905175.628333 0.27759202167429203 -0.0316494454623526 0
1698905175.6783683 0.2853641400340223 -0.03221427008617302 0
1698905175.7284005 0.2929091268990614 -0.03274468849068001 0
1698905175.7789745 0.3148742439778851 -0.03418756339942713 0
1698905175.8289597 0.32932790838148035 -0.0350587257454618 0
1698905175.8790967 0.3364510208494018 -0.035465074316146546 0
1698905175.9292414 0.3436386475782848 -0.035859431346187964 0
1698905175.9794252 0.35787754458449544 -0.03659415270795055 0
1698905176.031349 0.36481680202915734 -0.03692902984057416 0
1698905176.0818114 0.3785082356546121 -0.03752122128352946 0
1698905176.131924 0.38527443366015285 -0.03778854850183587 0
1698905176.182399 0.3989911456570779 -0.03827507323116448 0
1698905176.2322803 0.4056725142016165 -0.03849302333266667 0
1698905176.28251 0.4189303670959416 -0.038879900176417646 0
1698905176.3325293 0.4189303670959416 -0.038879900176417646 0
1698905176.382667 0.4386001307457712 -0.03935294696508193 0
1698905176.4327722 0.44501885186838913 -0.03948124068631478 0
1698905176.4828498 0.4515299497999992 -0.03959826310670635 0
1698905176.532935 0.46412871500480835 -0.03978804138370114 0
1698905176.58303 0.47680690324424263 -0.039934338845570336 0
1698905176.6335979 0.48300776109056204 -0.039989511354152976 0
1698905176.683765 0.48930341355431606 -0.040034025414060544 0
1698905176.7339137 0.5014873556424706 -0.04008776713018743 0
1698905176.784932 0.507749330046617 -0.040099353346309936 0
1698905176.8342133 0.5197514370446029 -0.04008951866743436 0
1698905176.8842485 0.531656302442455 -0.040034168654606676 0
1698905176.9344356 0.5374403976697807 -0.03997881918987843 0
1698905176.984822 0.5433699247790006 -0.03991955475629157 0
1698905177.0351105 0.5491103885326192 -0.039854642923162514 0
1698905177.0850606 0.5608280333799526 -0.03969121729634785 0
1698905177.135159 0.5722320885513639 -0.03949374751171178 0
1698905177.185491 0.5779999293647219 -0.03937911935012386 0
1698905177.2357168 0.5835676864259196 -0.039259832664647075 0
1698905177.2860808 0.5891364094811538 -0.039132014136566785 0
1698905177.3360045 0.6059526584810637 -0.03869585410785164 0
1698905177.3865428 0.611584544390602 -0.038533211932699735 0
1698905177.436058 0.6224312028404625 -0.03819797479869842 0
1698905177.4864295 0.6280042492778213 -0.03801349538413518 0
1698905177.5366411 0.6387573041406324 -0.037634128702021055 0
1698905177.5867858 0.6495003363256838 -0.03722895115687029 0
1698905177.6369617 0.6547632981570676 -0.037020780388952165 0
1698905177.6868575 0.6601493388001651 -0.036800868640555796 0
1698905177.7369263 0.6706585308101634 -0.036353490870767356 0
1698905177.7871764 0.6811746796847746 -0.03587913137598162 0
1698905177.8371856 0.6863276387178344 -0.03563595852335702 0
1698905177.8873057 0.6915604550774018 -0.03538579210284353 0
1698905177.9375615 0.6965761410641012 -0.03513718332608162 0
1698905177.9877014 0.7117408351772101 -0.034334676706994485 0
1698905178.0384583 0.7167501536817361 -0.03406011950962852 0
1698905178.0880146 0.7218805986871965 -0.03377255662590384 0
1698905178.137902 0.7268115829814774 -0.03349072281103439 0
1698905178.188091 0.7367725204604885 -0.03290606874128563 0
1698905178.2379925 0.7465637965940007 -0.032312162965115306 0
1698905178.2883387 0.7516016611731294 -0.031999542220492866 0
1698905178.338634 0.7564386574994604 -0.031694965995195744 0
1698905178.3888605 0.7710026315478119 -0.030753069805181006 0
1698905178.438833 0.7710026315478119 -0.030753069805181006 0
1698905178.4889297 0.7806980556145415 -0.030106714901545574 0
1698905178.5392659 0.7854394185085496 -0.02978586316865966 0
1698905178.5889971 0.790182283257701 -0.029461778984737015 0
1698905178.6406777 0.8044742298070375 -0.02846686486534028 0
1698905178.689822 0.8092844553861618 -0.028125908590612494 0
1698905178.739553 0.8186006488841371 -0.027457602864214063 0
1698905178.789837 0.8233931255799736 -0.02710996982435701 0
1698905178.840006 0.8326336524807914 -0.026431829895576242 0
1698905178.8899806 0.8418884389418932 -0.025742188856775497 0
1698905178.9404383 0.8464189063726396 -0.02540085774942513 0
1698905178.990482 0.8510679191507665 -0.025053429193826915 0
1698905179.040544 0.8555217594055953 -0.024703058945509192 0
1698905179.0907469 0.8646466138386856 -0.023991061753714293 0
1698905179.1408355 0.8735863100534582 -0.02328580088498005 0
1698905179.1911182 0.8781731871199971 -0.02292119213518435 0
1698905179.2408485 0.8825972350139979 -0.02256782146559095 0
1698905179.2909927 0.8870212522288542 -0.022212937781730703 0
1698905179.3410163 0.9003586120709731 -0.021134706887416182 0
1698905179.3912072 0.9048700596117423 -0.020767519715054063 0
1698905179.441758 0.9136041230804901 -0.020053828263588477 0
1698905179.4913814 0.9224447102775175 -0.019328150567867054 0
1698905179.5417225 0.9267912746529219 -0.018970405050539655 0
1698905179.5917673 0.9312437031026266 -0.01860338074312043 0
1698905179.6419654 0.9398697154477067 -0.017891049076070066 0
1698905179.6921263 0.9443097363414217 -0.017523874643094184 0
1698905179.7422655 0.9528963381833503 -0.016813275159286656 0
1698905179.7924314 0.961548140539741 -0.016097161484051097 0
1698905179.8428826 0.9657998666769954 -0.015745320412742726 0
1698905179.8930838 0.9701701834262684 -0.015383994580558502 0
1698905179.9428933 0.9744219413747282 -0.015032821830509399 0
1698905179.9932816 0.9830378944295444 -0.014323234513825214 0
1698905180.0431254 0.9914677501940963 -0.013632948794667503 0
1698905180.0931764 0.995788813009678 -0.013280236729713638 0
1698905180.143248 1.0041328828603566 -0.01260344567463248 0
1698905180.1937673 1.0124792393955884 -0.011917876934272474 0
1698905180.243774 1.016612552755919 -0.01157382217444088 0
1698905180.2942038 1.0249482704164683 -0.010893186860612539 0
1698905180.3448098 1.029047467459342 -0.010559009214773195 0
1698905180.3994231 1.0332807428730626 -0.010214614196958153 0
1698905180.4488347 1.0414931140178103 -0.00954914816731595 0
1698905180.4985723 1.0497787717829679 -0.008881598674078612 0
1698905180.5486486 1.0538485619100457 -0.008555231498250257 0
1698905180.5987213 1.0580283601436289 -0.008221161136663739 0
1698905180.6489463 1.0620990134538442 -0.007896985017109674 0
1698905180.6990583 1.0703550854675288 -0.0072430144285094075 0
1698905180.7488523 1.0784663186544259 -0.006605453397216062 0
1698905180.7987807 1.0826312057532281 -0.0062800648570788585 0
1698905180.849396 1.0866619270671152 -0.005966527607501486 0
1698905180.899258 1.0948334917093263 -0.005335302059501823 0
1698905180.9496875 1.1028783630535646 -0.0047205020647725785 0
1698905180.9997435 1.1070249680433089 -0.004406282733841032 0
1698905181.0498757 1.1110368588527797 -0.0041041495683281195 0
1698905181.1009192 1.1191678678833779 -0.0034975917073630145 0
1698905181.150497 1.1271611093614842 -0.0029093909070477255 0
1698905181.201271 1.1312801640483163 -0.0026095880076326115 0
1698905181.2509868 1.1352669116053946 -0.0023217510133089706 0
1698905181.3009896 1.1433451762791358 -0.001746001549959709 0
1698905181.350886 1.151265537314636 -0.0011910920151974613 0
1698905181.401284 1.1553345611828556 -0.0009083631286888444 0
1698905181.4515905 1.1592693221820511 -0.0006487954783874285 0
1698905181.501606 1.1631521793868167 -0.0003667659477328775 0
1698905181.5516908 1.1710617017857592 0.00017220124885843156 0
1698905181.6019828 1.1790268816607679 0.0007101815006297757 0
1698905181.6518831 1.1868312038332733 0.0012282489069403734 0
1698905181.7026277 1.190812213152762 0.0014894702610199107 0
1698905181.7522798 1.198585575329451 0.001992890981566819 0
1698905181.8025253 1.2064858704122028 0.002495612685892242 0
1698905181.8526533 1.2103922160595484 0.0027408838037148893 0
1698905181.9027674 1.2143900298819506 0.002989678138920212 0
1698905181.952788 1.2182504855263554 0.003227765967056858 0
1698905182.0029252 1.226080656906868 0.00370410555778247 0
1698905182.05283 1.2338127273904365 0.004165690285221368 0
1698905182.1034071 1.237811126665407 0.004400973874593909 0
1698905182.1537986 1.241677000969712 0.004626236515400731 0
1698905182.204024 1.253374362933036 0.0052934373778069106 0
1698905182.2540874 1.2572309922750926 0.005508212188777287 0
1698905182.3042412 1.2611973710029873 0.00572645769638561 0
1698905182.3550482 1.2689042519640725 0.006142745653139208 0
1698905182.405595 1.2728746310099335 0.006353100439805357 0
1698905182.4552615 1.2805680145163107 0.006752489391328262 0
1698905182.5050993 1.2883589184178856 0.007145533461673018 0
1698905182.5552151 1.2921938394056267 0.007334763388310031 0
1698905182.605148 1.2961416759528597 0.007526310808957065 0
1698905182.6551726 1.3038023468060587 0.007889526370579833 0
1698905182.7060068 1.3115267166990232 0.008244018981932442 0
1698905182.755972 1.315286965500652 0.00841707074948404 0
1698905182.805974 1.3191504267324117 0.008595352907663972 0
1698905182.8559175 1.3267257369561127 0.008940151267313845 0
1698905182.9060392 1.3344242015917769 0.009275374854730843 0
1698905182.9563262 1.338196027385273 0.009435483511797422 0
1698905183.0064478 1.3420817400824112 0.00959809395550401 0
1698905183.05679 1.3458569468824737 0.009753543980195005 0
1698905183.106826 1.3535221543122815 0.01006143463328997 0
1698905183.1574812 1.3610662699635279 0.010354330388518473 0
1698905183.206998 1.3649478922659344 0.010501155224720128 0
1698905183.2573457 1.3687154450651642 0.01064126412007506 0
1698905183.3075416 1.3763648268967599 0.010918453892896108 0
1698905183.35757 1.3838997658806689 0.011182039742815258 0
1698905183.408589 1.3877816894822048 0.0113142171307791 0
1698905183.4583592 1.3915457036218248 0.011440031677876735 0
1698905183.5086267 1.4029494980488924 0.01180695751645635 0
1698905183.5585926 1.4067138251201485 0.011922735396100401 0
1698905183.6086528 1.4143483842765499 0.012149593673556803 0
1698905183.6587865 1.4181108690107338 0.012257515288310124 0
1698905183.7091558 1.4257466112095902 0.012468531561792912 0
1698905183.7590773 1.4295083750476605 0.012568497037847239 0
1698905183.8088834 1.4333801399000214 0.0126685574131578 0
1698905183.8591292 1.4408961588501998 0.012854730718355554 0
1698905183.9095306 1.4447672205256692 0.012946448264645407 0
1698905183.960247 1.4522729312752478 0.013116223212252366 0
1698905184.009701 1.4598660380185473 0.013277603884180648 0
1698905184.0605893 1.463589731969162 0.013353989775772514 0
1698905184.1104102 1.4673992423325404 0.01342850286698922 0
1698905184.1608648 1.4710553921449685 0.013505389883230764 0
1698905184.210408 1.478578142558161 0.013655779093971341 0
1698905184.2606518 1.486043088268913 0.01379437679596808 0
1698905184.3104248 1.4898685102703944 0.013861710843987633 0
1698905184.3606224 1.4935438495214475 0.013924281771366941 0
1698905184.4117079 1.504752959089731 0.014101773015834077 0
1698905184.4619162 1.50848312224421 0.014156457865377727 0
1698905184.5139592 1.5123247334574494 0.014210481379824755 0
1698905184.5637124 1.5197041256384989 0.014307936601358606 0
1698905184.613847 1.523503605876745 0.01435489046404831 0
