1699264825.8419228 0.002682484556399157 0.0002361890453456872 0
1699264826.1100323 0.007276162866462879 0.0012032901260980381 0
1699264826.2757423 0.012102695584082147 0.002234713986694462 0
1699264826.3248773 0.026918867084223266 0.005459562788397587 0
1699264826.3745265 0.04411886098202054 0.009155627890115807 0
1699264826.4241204 0.05147103799092874 0.010729382715114729 0
1699264826.474253 0.057588126371501944 0.012100475246393502 0
1699264826.5243824 0.06286806317535897 0.01336726653932854 0
1699264826.5750198 0.0722933305047863 0.015989054859463614 0
1699264826.625255 0.08182814730814618 0.01881768590961354 0
1699264826.6749496 0.08733477667951696 0.020375597238310603 0
1699264826.7248268 0.09362866627357798 0.02213358113437423 0
1699264826.7750452 0.10464636009667808 0.025101721420094016 0
1699264826.8258762 0.114121616556262 0.027529704628590522 0
1699264826.8756547 0.11901991132172304 0.028787223591261468 0
1699264826.926296 0.13525445186825208 0.03300834573033814 0
1699264826.9759088 0.14080708702210104 0.03440187756650176 0
1699264827.0259058 0.146230445099733 0.0357359611934841 0
1699264827.0764506 0.1512741363229793 0.03694653135524571 0
1699264827.126557 0.1613929251554043 0.039289614682109404 0
1699264827.1765037 0.1729294875313677 0.0418381323501113 0
1699264827.2265732 0.17829520369018786 0.0429761620179597 0
1699264827.2773888 0.1887417322311729 0.0451034492750553 0
1699264827.3274205 0.193476825730728 0.04602435398123623 0
1699264827.3773046 0.19823227919040043 0.04692478913651189 0
1699264827.4280665 0.2085903222966664 0.04880117644387571 0
1699264827.4780455 0.21978503204760508 0.050702729776641225 0
1699264827.5276065 0.22526302618784647 0.051587133224141116 0
1699264827.5775678 0.23030937926664924 0.05239856189301934 0
1699264827.6275077 0.23531989008575588 0.05319765246606591 0
1699264827.6775348 0.24983211285442325 0.05536416282688467 0
1699264827.728089 0.25501590853738576 0.05607435632033341 0
1699264827.7783048 0.2651515080320321 0.057369294151029766 0
1699264827.828321 0.26974666256833396 0.057920315374672605 0
1699264827.8780513 0.279428786750453 0.059009029890817154 0
1699264827.9281788 0.28957692866256385 0.06005769338282662 0
1699264827.979143 0.29502127903116027 0.0605837282751157 0
1699264828.0295641 0.30001341607516413 0.06104216435206216 0
1699264828.079634 0.30457800180671996 0.06143808231716103 0
1699264828.1300628 0.31331665401653686 0.062136120331787156 0
1699264828.1798198 0.32262630930595393 0.06279595930245307 0
1699264828.2296333 0.32769324350058976 0.06311964316353193 0
1699264828.2798872 0.3330768787673819 0.06344016261345396 0
1699264828.3297992 0.34366784104586495 0.0639996986177856 0
1699264828.37985 0.35265416799839283 0.06438353849069887 0
1699264828.4311275 0.35713848984261437 0.06454748969320168 0
1699264828.4810603 0.36210707718102697 0.06471060354137945 0
1699264828.5310943 0.3674354184510707 0.06486287668650743 0
1699264828.5808244 0.37680826729910516 0.06507051970799424 0
1699264828.6308372 0.385140015774659 0.06519422068980094 0
1699264828.6808252 0.3904014954102718 0.06523182167686142 0
1699264828.7309265 0.3964801240823929 0.06525072889916567 0
1699264828.7812536 0.41232496761146853 0.06515633994834048 0
1699264828.8316455 0.41550114016400225 0.06511550177502713 0
1699264828.8816407 0.4189980340013012 0.06505005755819256 0
1699264828.9320488 0.4230645432735692 0.06496722396106841 0
1699264828.9818115 0.43977953841686157 0.06453244600339547 0
1699264829.032492 0.4446083141674763 0.0643751989138568 0
1699264829.0829837 0.44793268120758856 0.06425466415548088 0
1699264829.1327693 0.4520699386773849 0.06409179785748267 0
1699264829.1832638 0.4613554682191195 0.06367876184209195 0
1699264829.2336671 0.4725154793312288 0.06311998592135326 0
1699264829.2837036 0.47586612578761894 0.06293301438433674 0
1699264829.3340402 0.48820550428948256 0.06215876561976607 0
1699264829.3842087 0.48820550428948256 0.06215876561976607 0
1699264829.4348252 0.5006302088280112 0.061304954013833145 0
1699264829.4849706 0.5054530214164517 0.06094576996106719 0
1699264829.5353105 0.5149780340752097 0.060181290641518594 0
1699264829.5856895 0.519188835061196 0.05982171547997175 0
1699264829.6359098 0.5240294966369033 0.059390836750023684 0
1699264829.686035 0.5291874203034517 0.05891821413403251 0
1699264829.7359457 0.5339145770338906 0.058463975070630836 0
1699264829.7857149 0.5419256737170529 0.05766180161965307 0
