1699262299.5963862 0.055754687266041034 0.007237388981518747 0
1699262300.7746422 0.22153039739342542 0.02866845951254351 0
1699262301.4931383 0.2886011541523734 0.036436380967895865 0
1699262301.6397114 0.32464677581828055 0.04030730773429446 0
1699262301.7464101 0.35666643650657537 0.04348521646520787 0
1699262301.8923213 0.3759119909078342 0.04493701911035604 0
1699262302.0147681 0.3931866082415149 0.047427219228931145 0
1699262302.127357 0.4084347858659633 0.050114573019598874 0
1699262302.2540169 0.4461633862912175 0.05641343238698842 0
1699262302.4125373 0.46158833342849537 0.058737064647772765 0
1699262302.5196636 0.48709668671705825 0.06212894123895614 0
1699262302.637234 0.5003759716463809 0.06357087188736318 0
1699262302.7722723 0.5173897182324333 0.06519340833835326 0
1699262302.8911142 0.548729763963264 0.0684590495868589 0
1699262303.0372677 0.5796519005115418 0.07169244676786067 0
1699262303.194694 0.5935293121223214 0.0728582963852257 0
1699262303.3458436 0.6261246988055198 0.07472991856183837 0
1699262303.5166867 0.666942359727199 0.07603467531248877 0
1699262303.686854 0.6883961842235001 0.07636388443164029 0
1699262303.8157427 0.7059966376718217 0.07646011519466309 0
1699262304.000889 0.7242922626343354 0.07614985112201253 0
1699262304.1420245 0.7635089121684839 0.0726529442630048 0
1699262304.3107877 0.7887046776637816 0.0699267180231674 0
1699262304.4253473 0.8020518484464496 0.068334288107933 0
1699262304.5355122 0.8235844650225996 0.06456623054803831 0
1699262304.6770372 0.8523017312383465 0.05890586331755963 0
1699262304.8417935 0.881535987825604 0.05300831849764315 0
1699262305.010914 0.9202150407183348 0.04508275183767606 0
1699262305.2042367 0.9339356921393984 0.04222328545756933 0
1699262305.3177428 0.9562953232170779 0.03751788833336579 0
1699262305.4663422 0.9931246744628467 0.030095673711012384 0
1699262305.612742 1.0149790352357855 0.026004796423947655 0
1699262305.741121 1.0377672613180722 0.022353785771568935 0
1699262305.9166086 1.0522954669024438 0.02013751774530628 0
1699262306.0845697 1.1010084552854835 0.011786120164798115 0
1699262306.2494326 1.1197015420255605 0.008497713272744772 0
1699262306.3713758 1.1505111185563046 0.0021471595039071964 0
1699262306.5292702 1.157080959957465 0.0008219720489820498 0
1699262306.66668 1.172378293470763 -0.0022827832298481206 0
1699262306.816331 1.202548405950087 -0.010156936389799084 0
1699262306.943426 1.2343660277273194 -0.019476998766530862 0
1699262307.0752854 1.2505121881081875 -0.024160939243103224 0
1699262307.189933 1.2585803129051194 -0.026524179270863087 0
1699262307.3025374 1.278377757291954 -0.031802808541797324 0
1699262307.4357147 1.3011109670459804 -0.03613481163527656 0
1699262307.5468855 1.3264379380053786 -0.04045742763416277 0
1699262307.6585436 1.3461809679554653 -0.043530844932009975 0
1699262307.788716 1.3553348831042307 -0.04484251796218186 0
1699262307.922967 1.378271788764194 -0.048015226588078774 0
1699262308.0415602 1.4136813885008077 -0.05282377989982033 0
1699262308.17562 1.4297397284504054 -0.054892327871624104 0
1699262308.3033028 1.4500034680099512 -0.05736562113332012 0
1699262308.4362957 1.4682161738826007 -0.05937590160719952 0
1699262308.6033065 1.4858198148014181 -0.06156177029126663 0
1699262308.7406592 1.52911698670964 -0.06702121358598143 0
1699262308.8681054 1.5497977604915942 -0.06941749219896719 0
1699262309.020036 1.5631654939341706 -0.07087728118454176 0
1699262309.1397998 1.5829890913871068 -0.07270368142112572 0
1699262309.2738316 1.6133140589245232 -0.07440282349296443 0
1699262309.4121165 1.6365569561694335 -0.07554641653542896 0
1699262309.5314002 1.6471638579369967 -0.07597740948211518 0
1699262309.6438744 1.6652161348075056 -0.07650731257460523 0
1699262309.7667582 1.6772907989900905 -0.07675832196045153 0
1699262309.8693273 1.719713682138729 -0.07745552620633511 0
1699262310.031769 1.739767511376474 -0.07760857217827333 0
1699262310.1313329 1.7610110211634127 -0.07750526719764707 0
1699262310.253672 1.7721638130261546 -0.0773160804395659 0
1699262310.364369 1.7971906043435713 -0.07670754455539738 0
1699262310.4794471 1.8299119703021656 -0.07558699285868528 0
1699262310.6694193 1.856352252807852 -0.0744058887373713 0
1699262310.8422365 1.8666640828088796 -0.0738679768063753 0
1699262310.9428 1.8919986834798304 -0.07238548237233043 0
1699262311.0547073 1.9138091183922188 -0.07096557652968462 0
1699262311.1842906 1.9385270691543073 -0.0691870884708734 0
1699262311.3210528 1.952314491584074 -0.06810538012684889 0
1699262311.4217174 1.9677493786318783 -0.06681831003952525 0
1699262311.5203965 1.9987984347597787 -0.06407203444395734 0
1699262311.670419 2.027225260012541 -0.0614057771420512 0
1699262311.7939851 2.0427090636535024 -0.059866835979278304 0
1699262311.8946116 2.0618544405646713 -0.0580466127759314 0
1699262312.0551343 2.088943097534169 -0.05577008448538233 0
1699262312.191405 2.125528476646544 -0.05249158405057977 0
1699262312.3607833 2.1423480051129093 -0.050906594242166835 0
1699262312.5077856 2.148354624551749 -0.05032916685308546 0
1699262312.589925 2.166361549178486 -0.04853811982012201 0
1699262312.678374 2.1851928486109653 -0.046651937486890394 0
1699262312.7721007 2.2237934190401014 -0.04239707787314191 0
1699262312.9284153 2.2382226474545557 -0.04088491763169405 0
1699262313.089163 2.252723553780349 -0.039285565989356404 0
1699262313.2731006 2.285766245372961 -0.035350794478318695 0
1699262313.4032555 2.3342814145679958 -0.029441658893312846 0
1699262313.5745702 2.3583490504863622 -0.02626351357344555 0
1699262313.7493293 2.3678812361692443 -0.02435785658790493 0
1699262313.9016707 2.3961492036176857 -0.01720215107041612 0
1699262314.0798345 2.421379840469548 -0.009924228362200135 0
1699262314.2229607 2.4642996516894136 0.00209071853595034 0
1699262314.3871102 2.475139764686405 0.005007378454374871 0
1699262314.546746 2.4926380633972705 0.009380426337755291 0
1699262314.6993146 2.5325642091549905 0.01859007895218101 0
1699262314.8671095 2.5602271693628396 0.024562517557183087 0
1699262314.9819036 2.578131781240052 0.02821263013250173 0
1699262315.1151104 2.5942202903013336 0.031239837077351222 0
1699262315.2501197 2.602745708071294 0.0327282457995164 0
1699262315.3393083 2.642401594786465 0.039095806769355146 0
1699262315.4938805 2.6755658352586282 0.04389231187710413 0
1699262315.6856089 2.70331707828444 0.04755838798314094 0
1699262315.81296 2.714549608862777 0.04885300823353711 0
1699262315.9662192 2.7553906955736007 0.05279795116200106 0
1699262316.1435316 2.7906223595267603 0.05563304368655855 0
1699262316.2934353 2.812852250045934 0.05703819319432447 0
1699262316.4361129 2.840201794193397 0.05750647000204558 0
1699262316.646513 2.8711350895798646 0.056931172105142515 0
1699262316.9094496 2.926867182687044 0.054683448475272504 0
1699262317.1190932 2.970576523863666 0.05212201566444314 0
1699262317.3756726 3.0042301462497316 0.05055045986362594 0
1699262317.6521428 3.023498544418279 0.05079706080411848 0
1699262317.8057299 3.074137299871452 0.05018021204918594 0
1699262318.0396843 3.1232931613881028 0.048717075945725614 0
1699262318.258744 3.152329365592024 0.04748044630837857 0
1699262318.487065 3.1742120070653836 0.04608110526697711 0
1699262318.6866758 3.203401504139772 0.04331536593702805 0
1699262318.860529 3.2514290534296544 0.038048010048831876 0
1699262319.0448213 3.2859893929847894 0.03366606947442322 0
1699262319.240105 3.3012419948642773 0.03154000068366955 0
1699262319.4645689 3.3217254581709033 0.02850700919797633 0
1699262319.6146073 3.362562291877529 0.019762885477480736 0
1699262319.745626 3.3879439675431566 0.014097180011595208 0
1699262319.9302096 3.4216637637147653 0.006488725361411352 0
1699262320.1690485 3.4526157606543184 -0.00019057449441455747 0
1699262320.37966 3.505518056321174 -0.011141233561035004 0
1699262320.6051548 3.5478579425161745 -0.01950357153012912 0
1699262320.8385403 3.567340210425116 -0.0231371863875248 0
1699262321.0522192 3.5827122147501584 -0.025561191321966065 0
1699262321.1748924 3.6106570124672945 -0.028661530071154913 0
1699262321.3006065 3.6489647626417083 -0.03328205269656982 0
1699262321.497004 3.6794235046080006 -0.03661102946536202 0
1699262321.7075136 3.6993475881362627 -0.03851853417790679 0
1699262321.8511748 3.9012701105546777 -0.0486164289254909 0
1699262322.641714 3.9340987473662907 -0.04915729009751688 0
1699262322.8247 3.969231478830142 -0.04932734362011754 0
1699262323.024829 3.9862795473668995 -0.04918656713041977 0
1699262323.1532488 4.005040928952022 -0.048923871569976726 0
1699262323.3081534 4.052399047169844 -0.048292972524671025 0
1699262323.4419076 4.076558326999114 -0.04807436148423657 0
1699262323.619391 4.09423662110873 -0.047771891830238465 0
1699262323.780303 4.120630997391099 -0.04713815191240476 0
1699262323.961692 4.157387971528035 -0.046057826758362 0
1699262324.1021757 4.1980598959368365 -0.04467718750352604 0
1699262324.2674928 4.213929805546721 -0.044329762174030465 0
1699262324.3667195 4.228626899159392 -0.04433848953310451 0
1699262324.510976 4.261474150473563 -0.04445427620281447 0
1699262324.6857252 4.291703176082199 -0.04436716657459065 0
1699262324.8354173 4.324244031643003 -0.044032871204798124 0
1699262324.9983766 4.341636421208182 -0.04371201049300162 0
1699262325.105783 4.357708695101973 -0.043317460620644066 0
1699262325.238696 4.398175562164901 -0.04204492677156656 0
1699262325.400602 4.42448242881442 -0.04099828404864477 0
1699262325.5702693 4.445592787782039 -0.03999731673341511 0
1699262325.757286 4.452126918344613 -0.03965135735055692 0
1699262325.8842916 4.504864017466941 -0.0365932547586726 0
1699262326.086443 4.549598457592141 -0.034125265438850486 0
1699262326.2513912 4.564786236866548 -0.03344965433431612 0
1699262326.4157426 4.584959305131281 -0.03243772591820527 0
1699262326.5946755 4.607288959255465 -0.031204349776286118 0
1699262326.740284 4.666341119035724 -0.027655912332807082 0
1699262326.9212508 4.689355582936908 -0.02619243561774836 0
1699262327.0749507 4.712050271138092 -0.026230461702119588 0
1699262327.2061477 4.725503727632857 -0.02646021451570523 0
1699262327.367457 4.771251938079085 -0.027080760679962304 0
1699262327.5341651 4.795244539891206 -0.027279030276125094 0
1699262327.6787035 4.817947497799367 -0.02732134765039913 0
1699262327.8100538 4.826695640206812 -0.027240815122890158 0
1699262327.919738 4.841439628712074 -0.027234642763779723 0
1699262328.0252316 4.862780261381679 -0.02815249821124735 0
1699262328.1339285 4.894602535994002 -0.029643174868885486 0
1699262328.2660098 4.9163332011910486 -0.030497943345351577 0
1699262328.4157834 4.932333382632126 -0.03096329577303025 0
1699262328.5513108 4.9586710513721 -0.031538230133296784 0
1699262328.6715045 4.977043240729373 -0.031817667183334446 0
1699262328.787435 5.01068058767899 -0.03149921602848692 0
1699262328.9349146 5.026739354766429 -0.03210136799600098 0
1699262329.0552216 5.0394038079560355 -0.03249976150267456 0
1699262329.1631815 5.073820982248397 -0.03322493763821526 0
1699262329.2825155 5.098326499156246 -0.033528331597720125 0
1699262329.4081366 5.1155442860083715 -0.03355734886905184 0
1699262329.538462 5.125989897320769 -0.033453153681756546 0
1699262329.656725 5.15138312299083 -0.033548575352048575 0
1699262329.7791073 5.178444816159813 -0.03544747419720389 0
1699262329.9078019 5.193178588910878 -0.03664178897835409 0
1699262329.9995444 5.215137985962228 -0.038230546281922025 0
1699262330.1311467 5.2232087174370605 -0.03870970273239612 0
1699262330.2286484 5.246235318680566 -0.03989016939247722 0
1699262330.3322735 5.263263381654546 -0.04063565530718388 0
1699262330.4545543 5.291842859583562 -0.04147291340477636 0
1699262330.5612247 5.299958982012265 -0.0415098067409985 0
1699262330.639141 5.312714543511917 -0.04150099147045639 0
1699262330.706807 5.3252832246414 -0.041476444430767805 0
1699262330.7717617 5.333518533309654 -0.04135321277321224 0
1699262330.8324516 5.3470220932135035 -0.04111636309482815 0
1699262330.9197202 5.355490744165065 -0.04091910433094471 0
1699262331.037319 5.371381248648389 -0.040415233916260215 0
1699262331.1180272 5.385203466529953 -0.0398679043813673 0
1699262331.2092516 5.411547979382532 -0.03866300732936473 0
1699262331.307849 5.439648208779119 -0.03703404663728479 0
1699262331.423645 5.443625026440273 -0.03673450527915701 0
1699262331.5108511 5.465842478225571 -0.03505449670150147 0
1699262331.6149483 5.482008927513557 -0.03382908154094951 0
1699262331.7087533 5.499883389508873 -0.03238805929650521 0
1699262331.7929008 5.517647431704742 -0.030900768064326598 0
1699262331.8801088 5.523637171705383 -0.030371514739854708 0
1699262331.9837995 5.536009073893619 -0.029222792617049437 0
1699262332.0710537 5.541390457532062 -0.028701596755858164 0
1699262332.1217952 5.547685601382382 -0.028115826571231402 0
1699262332.1649725 5.555930431210492 -0.02727888928125231 0
1699262332.2041733 5.572093211404835 -0.025537793722688173 0
1699262332.2467117 5.585888975070295 -0.023755280333849084 0
1699262332.2941031 5.591100090394999 -0.02298879081558887 0
1699262332.3467855 5.5957276116011725 -0.02229250764808513 0
1699262332.397117 5.611755684781346 -0.019939216373476405 0
1699262332.4770696 5.635420188989311 -0.016544366530391638 0
1699262332.5668647 5.650215940649809 -0.014471419036929174 0
1699262332.6615343 5.733392486347784 -0.003253207847907698 0
1699262333.3865376 5.752537404837239 -0.000904852929316465 0
1699262333.5360167 5.878707328606708 0.0125056163594129 1
1699262334.0600736 5.902463033658238 0.015011822721381646 0
1699262334.1760945 5.926169059070695 0.01751400006492995 0
1699262334.298039 6.001931094695114 0.024617017596616553 0
1699262334.8202817 6.013901369860295 0.025670223575580825 0
1699262334.9259298 6.046673199923816 0.028648092829604253 1
1699262335.0545006 6.200476447959149 0.042243403787934994 1
1699262335.9870307 6.343158656328124 0.05028942081648359 0
1699262336.9338691 6.373795434468556 0.05119134093843171 0
1699262337.0808058 6.612953072050078 0.04885223334731051 1
1699262338.1228437 6.642664971325413 0.04782572782702932 0
1699262338.2997022 6.681268338728514 0.0463327365500645 0
1699262338.4850802 -0.002732608668223957 0.0008647599360778627 1
1699262339.349184 0.0014423124738647698 0.0006785905325278087 0
1699262339.4807835 0.020489927860830214 -0.00018180889989147855 0
1699262339.5877964 0.2766021791119634 -0.010771114396431051 0
1699262340.4556024 0.3100839385909425 -0.011935924150703742 0
1699262340.6302397 0.3295744260593192 -0.012551941020512115 1
1699262340.806721 0.48527218471187034 -0.01212396368412529 1
1699262341.7357025 0.5194620067032905 -0.010600327789635468 0
1699262341.8889976 0.559133501991578 -0.00830090021857386 0
1699262342.0534637 0.627317979337895 -0.016217398923823116 1
1699262342.966364 0.634463342864617 -0.019237466688095235 1
1699262343.132157 0.6507366813131527 -0.025692365633626504 0
1699262343.307231 0.701235605036061 -0.043270824922502484 0
1699262343.8153052 0.708114506063209 -0.045308743945749214 1
1699262343.914888 0.7128085927439215 -0.04653732196712656 1
1699262344.0676029 0.7174779191967781 -0.04771513773320757 0
1699262344.1863356 0.7444336403098119 -0.0534241636752236 0
1699262344.887099 0.7516682591641044 -0.05451707137294391 0
1699262345.075639 0.7560830492325764 -0.055102356460158264 0
1699262345.233625 0.7667295727711851 -0.05636816259577848 0
1699262345.405695 0.8050013099196647 -0.05844628669283418 0
1699262346.4370084 0.8076313919530553 -0.05843100466083298 0
1699262346.537387 0.8136123457389002 -0.05828208777476669 0
1699262346.6995666 0.8204674719350441 -0.058032578940130745 0
1699262346.807205 0.8431872898787547 -0.05661104626134015 0
1699262347.4368412 0.8491326875057388 -0.05610935971977417 0
1699262347.623056 0.853471269941143 -0.055727883388055656 0
1699262347.747646 0.8995722798074117 -0.051034836093766314 0
1699262348.63317 0.9045223213139006 -0.05044961207105162 0
1699262348.7642684 0.0018016620647971346 -0.0011568519402323566 0
1699262348.9473343 0.011242045600262134 -0.00179380169013982 0
1699262349.112447 0.06953842408448715 -0.004470998475732471 0
1699262349.928542 0.08343123744946587 -0.003802185751068371 0
1699262350.9313238 0.08363393433956932 -0.0037512616971629694 1
1699262351.089891 0.11496293377760725 0.001664925190946764 0
