1697469019.0239706 0.21313145104884865 -0.08993647490555406 1
1697469019.5104678 0.23714571346172414 -0.08554098525305098 1
1697469019.7915213 0.2581622765014671 -0.08090541060575099 1
1697469019.8965156 0.27353931067690296 -0.0766171703541641 1
1697469020.034456 0.27557881376498483 -0.07554171227179263 0
1697469020.142435 0.2721838041604132 -0.07783284389222428 0
1697469020.2063947 0.266873181638541 -0.08239051222672253 0
1697469020.273647 0.26264600467731936 -0.08614191836217092 0
1697469020.339352 0.26191862936857174 -0.08678667785094268 0
1697469020.408017 0.263315991386048 -0.08570065885831898 0
1697469020.4751742 0.2635968003624969 -0.08549871065749977 0
1697469020.544821 0.2625681650044266 -0.08637020394859364 0
1697469020.6093829 0.26106973226124636 -0.08758304026246748 0
1697469020.6731038 0.2595708236595736 -0.0887477542366301 0
1697469020.7352421 0.2597555738860732 -0.08866889113916836 0
1697469020.800572 0.26010318408078736 -0.08845528331565188 0
1697469020.8620923 0.2606718945675119 -0.08813622943269862 0
1697469020.93011 0.2603416240830974 -0.08839847842938678 0
1697469020.9974759 0.2603031129128674 -0.08844663716973265 0
1697469021.0652494 0.26245517352612385 -0.08724942748979059 0
1697469021.1320224 0.26381201983573177 -0.08653424476060749 0
1697469021.1951153 0.26505945388855373 -0.08590838455345824 0
1697469021.2663498 0.26548411519198356 -0.08570754465150116 0
1697469021.334036 0.26713161192798 -0.08495245432950164 0
1697469021.4040253 0.2689783322948736 -0.08412059654385946 0
1697469021.469757 0.26996782081842563 -0.08368767571968089 0
1697469021.5363717 0.27244161297179414 -0.08266186354041252 0
1697469021.6062706 0.2742244780081921 -0.081961731624332 0
1697469021.6766367 0.2764060515515164 -0.08113677455221703 0
1697469021.7454543 0.27763053558447354 -0.08068659781564229 0
1697469021.8188167 0.28266173306990655 -0.07894158250246151 0
1697469021.886931 0.28388329722364064 -0.0785446923153441 0
1697469021.9528456 0.2879953424162046 -0.07726957724515406 1
1697469022.021683 0.2910093402148327 -0.0763975001671086 1
1697469022.0900567 0.29316549756565774 -0.07579305719897704 1
1697469022.1574228 0.289618545870236 -0.07676204635901027 1
1697469022.228801 0.27933982635385024 -0.07925940853474471 0
1697469022.2985697 0.2724055904064789 -0.0808380550841983 0
1697469022.3632517 0.2636971871857645 -0.08269660545742318 0
1697469022.43368 0.26056342564973145 -0.08329951625671388 0
1697469022.4989982 0.2597823103487053 -0.08350208862567138 1
1697469022.5709262 0.25851679548026146 -0.08373346034018389 0
1697469022.637503 0.2526280429863877 -0.08467608027951924 0
1697469022.6986501 0.2464082939140332 -0.08561338500381033 0
1697469022.7655475 0.24172247882316106 -0.08627017657961436 0
1697469022.8358848 0.23995695867973038 -0.08651809923187795 0
1697469022.8970406 0.23777604146401699 -0.08678467380076575 0
1697469022.9598632 0.23639506404541133 -0.08695021463117703 0
1697469023.0268862 0.23303486645918983 -0.08728740142011587 0
1697469023.090282 0.2305699150337194 -0.08752088290545937 0
1697469023.154625 0.22885779074255697 -0.08767894020051284 0
1697469023.2207026 0.22826214788463836 -0.087729130025752 0
1697469023.2883213 0.2271105338966883 -0.08781457137355746 0
1697469023.3557258 0.22545827953876718 -0.08791721165788652 0
1697469023.4196477 0.22484713689932492 -0.08794470236097031 0
1697469023.4864433 0.22388200357902327 -0.08799796099730374 0
1697469023.5554686 0.22359558808578484 -0.08803250410138024 0
1697469023.6205928 0.22375975421590602 -0.08803291920249114 1
1697469023.6903317 0.22326484994380094 -0.08805600097663803 1
1697469023.7586677 0.21726769903134963 -0.08807765595678049 0
1697469023.829246 0.21296773443674089 -0.08808652229311825 0
1697469023.8956766 0.20266039949262746 -0.08819805033487603 0
1697469023.9632592 0.19900192329310346 -0.08822788597003695 0
1697469024.0304358 0.19529798721252717 -0.08825106154926834 0
1697469024.095801 0.19303373048537298 -0.08825293747753388 0
1697469024.1618736 0.18627547149730544 -0.08821284874382965 0
1697469024.2269278 0.18065824321755292 -0.08816715212817575 0
1697469024.3715096 0.17940891591044533 -0.0881522750262965 0
1697469024.4366434 0.1741651308933925 -0.08804292315365206 0
1697469024.5719402 0.17052919023579322 -0.08795435939499008 0
1697469024.7034943 0.1668958911044734 -0.08784896205353554 0
1697469024.84453 0.16584673821347817 -0.0878131536932327 0
1697469024.9400086 0.1647938288028585 -0.08777669603460436 0
1697469025.019816 0.16457360540302957 -0.08776915221638816 0
1697469025.082824 0.16432632028910613 -0.087761532536089 0
1697469025.152849 0.16459272766029803 -0.08777864031664093 0
1697469025.2185295 0.16482241002686898 -0.08779442174318922 0
1697469025.2871451 0.165751740239202 -0.08785465780051605 0
1697469025.3965278 0.16640115681950915 -0.0878950440121553 0
1697469025.4652913 0.16683103353009954 -0.0879251214320662 0
1697469025.532896 0.16885193810287064 -0.08805654435908156 0
1697469025.5981383 0.1703583748409895 -0.08815646347090371 0
1697469025.6690369 0.17125457056968804 -0.08821689217734942 0
1697469025.7394698 0.17285982531319158 -0.08832785723039673 0
1697469025.8050928 0.17447588691381832 -0.08843660637204744 0
1697469025.8687065 0.1772843268500442 -0.08861174307161708 0
1697469025.977914 0.18084144298170718 -0.08884968240517159 0
1697469026.039954 0.18331696964668004 -0.08901118265768194 0
1697469026.1074026 0.18448168716820842 -0.08908875660207398 0
1697469026.1726904 0.18827397394583803 -0.08934214394318964 0
1697469026.2337346 0.19125358640624987 -0.08953956591935174 0
1697469026.3016548 0.19278532830515424 -0.08963997746092844 0
1697469026.364034 0.19719062622486797 -0.08992680322749597 0
1697469026.4290679 0.20024779631828482 -0.09012390537024295 0
1697469026.4978805 0.20180648979532373 -0.0902235014794319 0
1697469026.5616567 0.20526950064563768 -0.0904435527053189 0
1697469026.6345482 0.20875906717807727 -0.09066277549022994 0
1697469026.7001839 0.21249194934813226 -0.09089481087584325 0
1697469026.7665734 0.216204282705917 -0.09112285424277834 0
1697469026.8311086 0.21998454911165974 -0.09135266096467184 0
1697469026.9007487 0.22383153689941768 -0.09158638963471032 0
1697469026.9677227 0.22770521806217034 -0.09182878331159856 0
1697469027.031599 0.2296815563862195 -0.09195708844380761 0
1697469027.0963962 0.23602752375395877 -0.09235439266180405 0
1697469027.1575785 0.24045710892895225 -0.09262868710599342 0
1697469027.2233505 0.24264215646531934 -0.09276307190655746 0
1697469027.2923083 0.2492841257574069 -0.09316685463952243 0
1697469027.3625011 0.25383881633130345 -0.09343936151642525 0
1697469027.4267704 0.2561228736872309 -0.09357468218964983 0
1697469027.4858112 0.2632253021031194 -0.09398921082328285 0
1697469027.547571 0.26805883827359706 -0.09426569710714935 0
1697469027.6110332 0.27047185181603056 -0.0944020423714373 0
1697469027.6744108 0.27782642276004194 -0.0948101175582934 0
1697469027.7416067 0.2828329023296645 -0.09508125566315474 0
1697469027.8076909 0.2853311017887259 -0.09521450164241996 0
1697469027.8743775 0.29048890122273674 -0.09548514007190949 0
1697469027.9382293 0.2955982874622458 -0.0957470336437341 0
1697469028.0006766 0.30090075459592464 -0.09601208806571129 0
1697469028.0668895 0.3035339597461807 -0.09614103838038673 0
1697469028.130518 0.3116464264527285 -0.09652648307558598 0
1697469028.1957283 0.31709933883224645 -0.0967746257516489 0
1697469028.2642708 0.32258749185152935 -0.09701460235150448 0
1697469028.3310442 0.3280737521410365 -0.09724335857341918 0
1697469028.3962 0.33371507506207554 -0.0974548435899889 0
1697469028.4574702 0.3393304625089899 -0.09766164725306661 0
1697469028.5233881 0.34208767136497437 -0.0977593242621498 1
1697469028.5888648 0.34775177457010464 -0.0979482537725868 1
1697469028.6567104 0.3426743358748551 -0.09785211365974807 0
1697469028.7265224 0.3365146722102801 -0.09773179805677952 0
1697469028.7926283 0.3227169738702511 -0.0974647079488412 0
1697469028.8582113 0.320402349502496 -0.09738884212409214 0
1697469028.9194903 0.3203800368235911 -0.09738609548072873 0
1697469028.9807684 0.31917429383095447 -0.09734694314556006 0
1697469029.041366 0.30697416783243386 -0.09685491058746074 0
1697469029.1096654 0.3034955389780904 -0.09671270935547716 0
1697469029.1762865 0.2994314185101756 -0.09654735367679537 0
1697469029.2427142 0.2986618586358492 -0.09651930850889855 0
1697469029.306915 0.29874548400606343 -0.0965190403169018 0
1697469029.3829997 0.29697454090446623 -0.09644713527207216 0
1697469029.4518445 0.2931145007883493 -0.0962733449001493 0
1697469029.5180569 0.2879469952155283 -0.09604385168182548 0
1697469029.5861032 0.28691324949467617 -0.09599334649269677 0
1697469029.655038 0.2866574366350041 -0.09598716291187923 0
1697469029.7143147 0.2861362699112139 -0.09595566705945502 0
1697469029.7778015 0.2857901776264377 -0.09593594603421719 0
1697469029.8397825 0.28521035188557403 -0.09591024048842561 0
1697469029.9062195 0.28403747277100816 -0.09585841284304362 0
1697469029.9735696 0.2841211986291777 -0.0958625012258144 0
1697469030.0406213 0.28445240913926756 -0.0958702518424042 1
1697469030.105505 0.28386678203064436 -0.09585065313591787 1
1697469030.1715198 0.2776294642373555 -0.0956460075265218 0
1697469030.2501028 0.268284044683268 -0.09536476207374374 0
1697469030.3129077 0.2644196950360162 -0.09525631015203724 0
1697469030.3812053 0.256121982182574 -0.09504398251075166 0
1697469030.4481492 0.2560847344665522 -0.09503751074183375 0
1697469030.5367906 0.25070200144397237 -0.0949041371732858 0
1697469030.6504338 0.24023551891510916 -0.09472287394926758 0
1697469030.7932074 0.2353888134956348 -0.09468379871781406 0
1697469030.9265983 0.23562552419906269 -0.09467154556394702 0
1697469031.0514128 0.23240048967332974 -0.09461323895335325 1
1697469031.1908243 0.22878651169095637 -0.09458643489272044 0
1697469031.2981772 0.220139762969614 -0.09471694369040161 0
1697469031.3685737 0.21657078743634542 -0.09482911820020859 0
1697469031.4385312 0.21516423568794257 -0.09487713598499672 0
1697469031.5050917 0.2146214527220636 -0.09489505813191433 0
1697469031.5727496 0.21002913799058348 -0.09510607387110416 0
1697469031.641456 0.2070552051832931 -0.09526577681398347 0
1697469031.7077968 0.2057035806479453 -0.09534157476885283 0
1697469031.7727373 0.20412239015520167 -0.09542683472179357 0
1697469031.835238 0.20387124207124085 -0.09543401208933491 0
1697469031.8989594 0.20387101724227807 -0.09543008707665857 0
1697469031.9655795 0.2017159442476678 -0.09557062880987525 0
1697469032.0344532 0.20055890122227024 -0.09565072100079651 0
1697469032.102223 0.20008451837326283 -0.09568322214105468 0
1697469032.1688461 0.19994219370609798 -0.09569167803091387 0
1697469032.2368884 0.2005691458907613 -0.09562871044578262 1
1697469032.3048632 0.2008606189161824 -0.09559368404255722 1
1697469032.3793259 0.19867681602843967 -0.09578346392593236 0
1697469032.438303 0.18656560403688863 -0.09687594259971331 0
1697469032.5041153 0.17709470014914144 -0.09758740419810846 0
1697469032.5682464 0.17218937210199153 -0.09793959082814037 0
1697469032.6298957 0.16553306780554225 -0.09840824654763698 0
1697469032.6977465 0.16065165873180137 -0.09876434208269828 0
1697469032.765354 0.1568277853889085 -0.09905004897035746 0
1697469032.8271303 0.15077060906586706 -0.09950876476211998 0
1697469032.893703 0.14772842871084405 -0.09974110136039346 0
1697469032.9604096 0.13881616861806026 -0.10043510777788832 0
1697469033.0257485 0.1352115521478046 -0.1007194496810058 0
1697469033.1012003 0.13230363473303167 -0.1009517748038313 0
1697469033.1657906 0.12787955477191446 -0.10131595998496684 0
1697469033.2340944 0.12338237844562125 -0.10169169856763136 0
1697469033.292897 0.11993029600089174 -0.10198536756875212 0
1697469033.3577447 0.11871451780139165 -0.1020892238263249 0
1697469033.4236462 0.11687540759251897 -0.10224688530041937 0
1697469033.488744 0.11297483772073313 -0.10259376531991705 0
1697469033.561716 0.11171530310532164 -0.1027078600853835 0
1697469033.6245322 0.10842436530690724 -0.10301080147820374 0
1697469033.6841803 0.10721688752931675 -0.10312139127834559 0
1697469033.7542794 0.10672604254345325 -0.10316631150274791 0
1697469033.818813 0.10617142619571933 -0.10321803927564967 0
1697469033.881405 0.10391092876843779 -0.10343455431746756 0
1697469033.9509392 0.10347275829565739 -0.1034768151274743 0
1697469034.0169644 0.10314044503217953 -0.10350218194275679 0
1697469034.0827074 0.10319854797175373 -0.10348944772765827 0
1697469034.1484687 0.10334103644882124 -0.10347086392210303 1
1697469034.2146459 0.1016255177607739 -0.10365282684885464 1
1697469034.285129 0.09770892858526578 -0.1040879721431427 0
1697469034.3501284 0.09491328312085344 -0.10440162264030069 0
1697469034.414501 0.09207833823366435 -0.1047190428937238 0
1697469034.4857419 0.09238602208298954 -0.10467882502921583 0
1697469034.55201 0.09276260984645673 -0.104633364102057 1
1697469034.6149738 0.091343745868094 -0.10479298790983649 1
1697469034.6853974 0.0830979604642005 -0.10575889045230577 0
1697469034.7501724 0.06353012927703157 -0.10814049168485289 0
