1699264703.8109083 -0.0017738117163626334 -0.0012953693204116716 0
1699264704.1005538 0.013779290007042814 -0.0013464045662101396 0
1699264704.271641 0.013779290007042814 -0.0013464045662101396 0
1699264704.3208907 0.03185783913701862 -0.0014223406793435448 0
1699264704.370892 0.040616195908626605 -0.001463643404244421 0
1699264704.4215975 0.047860195056599865 -0.0014996158037987573 0
1699264704.4713395 0.06222764511796629 -0.0015645262091931158 0
1699264704.5224586 0.06650703057595538 -0.0015853303352553062 0
1699264704.5727596 0.0717851796771461 -0.0016028173418581742 0
1699264704.622631 0.0780549201924784 -0.0016509269018974656 0
1699264704.672717 0.09478187489815393 -0.0016950560367169991 0
1699264704.7228034 0.0990139322690667 -0.001710981036970117 0
1699264704.7729974 0.10741487992717566 -0.0017419890980793818 0
1699264704.8229432 0.11395435383135324 -0.0017680289339585139 0
1699264704.872925 0.12121007140982633 -0.0017919816308475827 0
1699264704.9231014 0.13229261914119722 -0.0018329758666473207 0
1699264704.9737902 0.13906866478701133 -0.0018546557119496368 0
1699264705.0238163 0.1419912201656772 -0.0018630513742757821 0
1699264705.0738509 0.14609322142063258 -0.001875019662190205 0
1699264705.1242537 0.1516160627429176 -0.001894875892677425 0
1699264705.17405 0.16645530421044596 -0.0020048116884429333 0
1699264705.2243433 0.17968178037615826 -0.00209946730494116 0
1699264705.2743857 0.1846362828792903 -0.0021349091244529704 0
1699264705.3246245 0.1885663791580851 -0.002161705747778706 0
1699264705.3749228 0.19252144936685112 -0.002189191167749077 0
1699264705.424844 0.21033714998295094 -0.002307375359443228 0
1699264705.475159 0.22314430351332518 -0.002395384538547005 0
1699264705.5251925 0.2287864438383808 -0.002423878119127008 0
1699264705.5751698 0.23871271580255538 -0.0024378630148618576 0
1699264705.6252685 0.24339875667606017 -0.0024690289660693017 0
1699264705.6756544 0.24757736631994437 -0.002492280122097407 0
1699264705.7262144 0.2574832187705439 -0.002548254774756749 0
1699264705.7757518 0.2676715223984793 -0.0026082476802969856 0
1699264705.8262281 0.27240455317341683 -0.0026337657610588277 0
1699264705.8764231 0.27706801416343746 -0.002657192949830748 0
1699264705.92639 0.2872862537576012 -0.0027101468722052044 0
1699264705.9767358 0.2967743387345224 -0.0027554234128700566 0
1699264706.0264838 0.30583044798127473 -0.0027941116561637108 0
1699264706.0770743 0.3102665733136583 -0.0028124006688627526 0
1699264706.1340735 0.31567856281657386 -0.002834797365150705 0
1699264706.1792326 0.3208172820199529 -0.0028551027084738256 0
1699264706.229425 0.33114879215209375 -0.0028941349172586462 0
1699264706.2793643 0.33959820694252285 -0.0029243999007289878 0
1699264706.3298385 0.3438672659951732 -0.0029372497005595317 0
1699264706.380127 0.34801417985313965 -0.0029499797110746568 0
1699264706.430475 0.3521616801060061 -0.0029621953726477698 0
1699264706.480481 0.36274381687862356 -0.0029924604557748503 0
1699264706.5308354 0.3733647727476597 -0.003021327679906461 0
1699264706.5811188 0.3779108309730798 -0.00303567465252535 0
1699264706.6311803 0.381747489058245 -0.0030397419883152524 0
1699264706.6813111 0.3932626056562507 -0.0031018209542059316 0
1699264706.7319503 0.39742814378484537 -0.0030937691382548365 0
1699264706.7827008 0.40194641164156575 -0.003107051920025198 0
1699264706.832674 0.41245773770759303 -0.0031406409483532545 0
1699264706.8829088 0.42071316332132513 -0.0031594257178825342 0
1699264706.9334445 0.42439534479757135 -0.003166982213882343 0
1699264706.9839265 0.4279297820981928 -0.0031718834668897074 0
1699264707.034661 0.4382099597540352 -0.0031931221188411327 0
1699264707.0846267 0.4477188250182466 -0.00320834367822375 0
1699264707.1348686 0.45130894757947193 -0.003213131833550259 0
1699264707.18424 0.4592423682953378 -0.0032218379857855335 0
1699264707.234573 0.4592423682953378 -0.0032218379857855335 0
1699264707.284409 0.47509608785802443 -0.0032429846101305762 0
1699264707.33436 0.47935698403414284 -0.003247565105818509 0
1699264707.3843737 0.4830842436099705 -0.0032511416300831483 0
1699264707.43454 0.49140205898532857 -0.003257543166525277 0
1699264707.485504 0.4964382693265807 -0.0032587072925620384 0
1699264707.5351677 0.5059512998808396 -0.0032646198871967122 0
1699264707.5856798 0.5144609297369155 -0.0032686350014475497 0
1699264707.6354363 0.5180004754816218 -0.0032702953210573473 0
1699264707.6855516 0.5217947411907791 -0.0032687290539552367 0
1699264707.735456 0.5308230711545014 -0.003264539102181148 0
1699264707.7859755 0.5405226432067762 -0.0032598537596051015 0
1699264707.8362842 0.5454320385513038 -0.003256582024957711 0
1699264707.887334 0.5498898724430114 -0.003261268086776319 0
1699264707.9362607 0.557254363332076 -0.003278944219069108 0
1699264707.9869013 0.5643750181680484 -0.0032912674218991893 0
1699264708.0372856 0.56872167709186 -0.003306197348231264 0
1699264708.087222 0.5736468854406853 -0.0033090709852131215 0
1699264708.1367965 0.5786327561703516 -0.0033186647606436555 0
1699264708.1869495 0.5873611221363083 -0.00332881477035768 0
1699264708.237139 0.5939636739905925 -0.0033300688950096517 0
1699264708.2875776 0.5983800025723108 -0.0033373256430935944 0
1699264708.3378677 0.6036653351755745 -0.0033287859186962795 0
1699264708.3881075 0.6182960436918371 -0.0033209851808624893 0
1699264708.438175 0.621333288244011 -0.0033171793674294995 0
1699264708.4886105 0.6282491031175435 -0.0033058554967735233 0
1699264708.5385973 0.6330263970706034 -0.003311424938400446 0
1699264708.5887406 0.6387754041659608 -0.0032948003796860613 0
1699264708.63879 0.6475060698368421 -0.003283735575127891 0
1699264708.6890347 0.6530736857094244 -0.0032739814690058142 0
1699264708.7394717 0.6551439899109562 -0.003270121904314225 0
1699264708.7895606 0.658443643411075 -0.0032624432273206 0
1699264708.839724 0.6695194953993405 -0.003256121801960103 0
1699264708.8897645 0.6822018365417555 -0.0032419645198714275 0
1699264708.9399698 0.6874591047515194 -0.0032316404305781773 0
1699264708.9908822 0.6921245782291852 -0.0032035923161950705 0
1699264709.0411336 0.7000150737129225 -0.003099287346691869 0
1699264709.0913196 0.7065985933410678 -0.002939079208527863 0
1699264709.1409004 0.7098594237762792 -0.0028255706235539133 0
1699264709.1913474 0.7134201727818139 -0.002701379490392062 0
1699264709.24204 0.7176469126909735 -0.002557737117449662 0
1699264709.2921236 0.727641208537855 -0.0022047947349488413 0
1699264709.3423882 0.7364709241974698 -0.0018997262872302294 0
1699264709.3924086 0.7397579409901485 -0.001787979100556712 0
1699264709.4433753 0.7432091833562681 -0.0016749377878011232 0
1699264709.4925654 0.7504647549232092 -0.0014394026421453477 0
1699264709.543576 0.7592945729592105 -0.0011630681057794683 0
1699264709.5939698 0.763673481087409 -0.0010297766262373337 0
1699264709.6435266 0.7673599831025567 -0.000919418115061841 0
1699264709.6946099 0.7712475441496895 -0.0008090687291187759 0
1699264709.7439866 0.783732188473195 -0.00045507415853358684 0
1699264709.7941628 0.7916098577620906 -0.00024544475657130055 0
1699264709.84417 0.795034968773312 -0.00015924958679904423 0
1699264709.8939881 0.7987010046385292 -6.576681276530865e-05 0
1699264709.9440553 0.8073899034312726 0.00014185177829940514 0
1699264709.9945717 0.816037984190875 0.0003418180440885355 0
1699264710.0467806 0.8203576924135568 0.00043046943795423023 0
1699264710.0966067 0.8236384956564095 0.0005047709035512632 0
1699264710.1469226 0.8275574694235269 0.0005785332998910431 0
1699264710.1971679 0.8354011145291693 0.0007423415544022234 0
1699264710.246972 0.845301732602164 0.000933234103176909 0
1699264710.297152 0.850009389620739 0.0010136656973011192 0
1699264710.3473604 0.8542079783166959 0.0011186876249513762 0
1699264710.3975635 0.8655393917384908 0.0013780149839993522 0
1699264710.448052 0.8694250960750395 0.0014694543350148221 0
1699264710.4982743 0.8775065239221138 0.0016566178160168418 0
1699264710.5498238 0.8817346914243165 0.0017514749674360241 0
1699264710.5999005 0.8854157109759146 0.0018340266869193496 0
1699264710.6505923 0.8926803329524519 0.0019908735782195857 0
1699264710.700521 0.90023118082129 0.002151224304076095 0
1699264710.7510397 0.904497250464538 0.002238852290782027 0
1699264710.8011725 0.9086909061871556 0.0023245541710157414 0
1699264710.851362 0.9165673453097005 0.00248304461664282 0
1699264710.9011672 0.92344762285268 0.002618187823698516 0
1699264710.951576 0.9269649961448648 0.002685255148811296 0
1699264711.001996 0.9311994025603734 0.0027663400271978867 0
1699264711.0518804 0.9399764989787057 0.0029283068001036876 0
1699264711.102244 0.9477344570147147 0.003067374823609117 0
1699264711.1520052 0.9510573113934451 0.003125313721720609 0
1699264711.2022097 0.9541796184079148 0.0031743600175659884 0
1699264711.252501 0.9632500173079374 0.003329460664047454 0
1699264711.3023703 0.9725592425407011 0.00347708012082119 0
1699264711.3525393 0.9773795853763962 0.0035504703092898954 0
1699264711.4026868 0.9808218689556389 0.0036003192034441476 0
1699264711.4527342 0.9837005791508914 0.0036432731297653723 0
1699264711.504006 0.9892788117069796 0.0037188845602029157 0
1699264711.5536191 0.9980712930000729 0.0038250474433298392 0
1699264711.603769 1.0030870752268148 0.003882940092278193 0
1699264711.6536236 1.0076930859073105 0.003942660944375622 0
1699264711.70351 1.0151904548952644 0.004028490807442046 0
1699264711.753942 1.0218210199056987 0.004105245222158689 0
1699264711.8040614 1.025129571619452 0.0041552586022165 0
1699264711.854741 1.0288944541778848 0.004201158430056075 0
1699264711.9051197 1.0415219373340405 0.00435601733886841 0
1699264711.9549649 1.0481162221314835 0.0044289596498592425 0
1699264712.0053751 1.0511802573945528 0.004463041000390785 0
1699264712.0566123 1.0553516306765343 0.004503143507400066 0
1699264712.105441 1.0599771637017208 0.004554015754013033 0
1699264712.1560931 1.069432252818631 0.004645925987125133 0
1699264712.206561 1.0753590536628395 0.004699562313120816 0
1699264712.2563767 1.0781411028510328 0.004723396525492013 0
1699264712.307331 1.0807126560805065 0.0047446093053357275 0
1699264712.356573 1.0846039824597955 0.004767564256672224 0
1699264712.4066868 1.094800082017778 0.0048483960520969895 0
1699264712.4566636 1.1055755870749977 0.004920798413082415 0
1699264712.5068698 1.1090525926605599 0.004941704511297268 0
1699264712.5573947 1.1111716742730275 0.004953717635067321 0
1699264712.6076252 1.1182579421032406 0.004989054705286979 0
1699264712.6586337 1.1228785142439803 0.004995011012483867 0
1699264712.7091522 1.1285660096234913 0.004991713098496747 0
1699264712.7590303 1.1380343417311947 0.004991467746008319 0
1699264712.8086224 1.1431007365858374 0.004977566998970744 0
1699264712.8586442 1.1457088618177615 0.004977058202482142 0
1699264712.9087408 1.148500860324941 0.004969016536504989 0
1699264712.9593837 1.1579951612987183 0.004918924065028073 0
1699264713.009279 1.1636095369617143 0.004882764582646714 0
1699264713.0591135 1.17330450533457 0.004794305116113024 0
1699264713.1093264 1.1819165630175326 0.004651451546383412 0
1699264713.1597111 1.1859720520634116 0.00453857925865588 0
1699264713.2097569 1.1892468892132053 0.0044832057040835194 0
1699264713.2595427 1.1952008707469504 0.004407737862226984 0
1699264713.3101635 1.202751239454384 0.004289449108209444 0
1699264713.3610458 1.207573727452408 0.00422306346034926 0
1699264713.4104855 1.2119764298968103 0.00415639125893103 0
1699264713.460584 1.216359687776775 0.00408972943563533 0
1699264713.5106986 1.2222044006309745 0.004002608817157591 0
1699264713.5607736 1.2275226524322895 0.003917502894219192 0
1699264713.6108427 1.2312537041110065 0.0038669781560141414 0
1699264713.6613479 1.2360420239916325 0.0037920973877219703 0
1699264713.7111616 1.2410841641029757 0.003712734184676629 0
1699264713.7611556 1.2519396456730572 0.00354260724517164 0
1699264713.8115482 1.2576334513991845 0.003455009764361399 0
1699264713.8619554 1.2615179124483353 0.003384462584569885 0
1699264713.911798 1.2705978674125908 0.003241182176537782 0
1699264713.9619958 1.2744590896207915 0.003177833759027727 0
1699264714.0119765 1.2810616677063764 0.0030661241693810863 0
1699264714.062354 1.2846827636273837 0.003009931689878981 0
1699264714.1126888 1.2928517290748354 0.002876896135288569 0
1699264714.1627595 1.297281827972497 0.002804046295753597 0
1699264714.212974 1.3011885255365498 0.002739564590166756 0
1699264714.2628353 1.307338137085269 0.002636829482310803 0
1699264714.3129056 1.3108972086655717 0.0025805596595087437 0
1699264714.3628662 1.319894632343437 0.0024370530489956797 0
1699264714.4134324 1.32900827349839 0.002292264655444697 0
1699264714.463226 1.3329011432864986 0.002219199656473712 0
1699264714.513273 1.3364032377670363 0.002168025705969007 0
1699264714.5635438 1.3397003625882236 0.0021061101790421106 0
1699264714.613798 1.3464261739611165 0.0019711784954687087 0
1699264714.6638978 1.354330580781171 0.0018242285435612615 0
1699264714.7141685 1.3582053475103208 0.0017475911389899757 0
1699264714.7642286 1.3610853756517294 0.0016939889025655293 0
1699264714.8152227 1.3719355043091246 0.0014826604963231655 0
1699264714.8648946 1.376858885334989 0.0013905576164100978 0
1699264714.9148638 1.3813452281005931 0.00130541492442462 0
1699264714.9652038 1.387187462331517 0.0011956392335015832 0
1699264715.0153527 1.3898225800744202 0.0011475404621891937 0
1699264715.065393 1.3978874672571227 0.0009959375052739645 0
1699264715.1161065 1.4077392854765238 0.0008132177715127411 0
1699264715.1666868 1.412897575472796 0.0007184489082099765 0
1699264715.216804 1.4164548750134702 0.000652729325343314 0
1699264715.266973 1.4187575713409863 0.0006114534231745343 0
1699264715.3168328 1.4229923785349115 0.0005374537736629344 0
1699264715.3669531 1.4301756894673268 0.00039993229227202015 0
1699264715.416833 1.4351780637607567 0.00031599130997691285 0
1699264715.4670873 1.4392981141445924 0.00024105233648739874 0
1699264715.5172305 1.4465688235265959 0.00011059754012029457 0
1699264715.5676103 1.4532645775046862 -5.923719596790322e-06 0
1699264715.6181562 1.4573434426903513 -7.618289606448442e-05 0
1699264715.667875 1.4614646722001285 -0.00014707880984320463 0
1699264715.7180464 1.4721880906410258 -0.0003290652110581537 0
1699264715.7678938 1.4754032098449383 -0.00038127448717311914 0
1699264715.8182125 1.4785254288807528 -0.0004323051726249288 0
1699264715.8681712 1.4826201804835593 -0.0004944391868618569 0
1699264715.918884 1.4957163134748066 -0.0006983239842028259 0
1699264715.9700458 1.4999852501813158 -0.000777212965218459 0
1699264716.0201776 1.506317237155149 -0.0008764192883469717 0
1699264716.0703006 1.5093323924003725 -0.0009254092633005618 0
1699264716.1203704 1.5126525976001488 -0.000981492559801278 0
1699264716.1706192 1.5216742290785672 -0.0011366365866946346 0
1699264716.2209005 1.5296813749220457 -0.0012686598474791722 0
1699264716.2711363 1.533305861126767 -0.0013260623534275475 0
1699264716.3217015 1.5356347165711757 -0.001360222023730198 0
1699264716.3712904 1.5431763368361173 -0.0014744390667223374 0
1699264716.4217086 1.552089675291238 -0.0016072705816895273 0
1699264716.4718347 1.557737535157366 -0.001690703186007327 0
1699264716.5219605 1.5618406272929215 -0.0017500098750075127 0
1699264716.571661 1.5643562361396748 -0.0017838397226725674 0
1699264716.6217878 1.5674984602950985 -0.0018236334190600391 0
1699264716.6722207 1.5733899488288825 -0.0018976968971536705 0
1699264716.7224414 1.5774296646207173 -0.0019626300710026893 0
1699264716.7726095 1.5820011507137393 -0.002021939093934802 0
1699264716.822567 1.5866982008503885 -0.002089091140751863 0
1699264716.872572 1.5952436922626239 -0.002205580317293552 0
1699264716.922793 1.597662420261564 -0.0022367182488793897 0
1699264716.97279 1.6064025260556483 -0.002354652983633156 0
1699264717.0229704 1.611569354497056 -0.0024229531182693013 0
1699264717.0735524 1.6186631539379814 -0.002514577965251821 0
1699264717.123236 1.622867425300724 -0.002566318243551092 0
1699264717.173516 1.6245920881365234 -0.002587157949200087 0
1699264717.2237554 1.6274970651416483 -0.002623389902788573 0
1699264717.2738016 1.631227823736032 -0.0026690156480777103 0
1699264717.3246381 1.6430217275886434 -0.0028332429133559205 0
1699264717.374308 1.6548228326979804 -0.0029909852889872146 0
1699264717.4242632 1.6600479615404884 -0.0030861911402094316 0
1699264717.474973 1.663983565720172 -0.003181924441735902 0
1699264717.5248144 1.6662979364830788 -0.003263987400256756 0
1699264717.574799 1.6725528363246949 -0.003442336236306715 0
1699264717.6248841 1.6764211194418759 -0.0035521479346553426 0
1699264717.674813 1.6865279953845824 -0.003841904057481096 0
1699264717.7255833 1.6902488213916809 -0.00394649805325152 0
1699264717.7752984 1.6942984037988964 -0.004053361610789538 0
1699264717.8255687 1.6990244358426028 -0.004172066351387755 0
1699264717.8758676 1.7023729378489785 -0.0042583299336277644 0
1699264717.9259036 1.706734912011786 -0.004376948766289841 0
1699264717.97616 1.7151269130809996 -0.004592457594371848 0
1699264718.0264254 1.7222506113096607 -0.004769440752182169 0
1699264718.0764024 1.7242165485634504 -0.004815696756741447 0
1699264718.1268766 1.7271039516947144 -0.0048821950148767715 0
1699264718.1766999 1.7312639226901858 -0.0049804371907710724 0
1699264718.227399 1.7418655415871067 -0.005211928461419687 0
1699264718.276892 1.751126776662308 -0.005411246047708228 0
1699264718.327386 1.7542365986653237 -0.005473720435913805 0
1699264718.3773108 1.7568385574774863 -0.005525451509204236 0
1699264718.427244 1.7594306362861563 -0.005574842485462548 0
1699264718.4784176 1.7711539753879428 -0.005789662468295909 0
1699264718.527989 1.7762174068432588 -0.0058796326534893304 0
1699264718.5782464 1.7828905759495677 -0.005985646605176666 0
1699264718.628504 1.7884077042448188 -0.006066387751620133 0
1699264718.6784062 1.7925449306728434 -0.006128151222041635 0
1699264718.7280827 1.797277775457675 -0.006186848500811571 0
1699264718.7780695 1.8057524374473592 -0.006278502957674734 0
1699264718.8283272 1.8130424095181745 -0.006310419618750082 0
1699264718.8788486 1.8162665901592532 -0.006323809848416375 0
1699264718.9286046 1.8194884089881027 -0.006346791489011395 0
1699264718.979206 1.8270566810005324 -0.006382060351370193 0
1699264719.0290358 1.831103431398222 -0.006395005218417679 0
1699264719.0791461 1.8379335702201838 -0.006416688303980377 0
1699264719.1293824 1.8441253144950216 -0.006424185862131967 0
1699264719.1797187 1.8472623252540314 -0.006427793992124512 0
1699264719.2314808 1.8510620308980184 -0.006432212001973013 0
1699264719.2801328 1.8553248958939301 -0.006434945728669209 0
1699264719.3304393 1.8640577840978738 -0.006434965847331764 0
1699264719.38082 1.8700460031924526 -0.00642891442593588 0
1699264719.4307656 1.872791850707955 -0.006423663731265078 0
1699264719.4809387 1.8767982929808729 -0.006419594855700858 0
1699264719.5309255 1.886040120565038 -0.006399220403137403 0
1699264719.5812619 1.8919532257181104 -0.006383081575305121 0
1699264719.6311953 1.8943280367832067 -0.00637467608739234 0
1699264719.6813855 1.8982746502803558 -0.006365860957090243 0
1699264719.732126 1.9076372396390116 -0.006326034892171193 0
1699264719.7818522 1.914522112279388 -0.00629406750660144 0
1699264719.8318658 1.916554963285458 -0.006281649291114984 0
1699264719.8817766 1.9196164667208404 -0.00626292702521055 0
1699264719.931673 1.9276641583977965 -0.006214051420119474 0
1699264719.9852295 1.9393410172347867 -0.006143965052974021 0
1699264720.0353758 1.9443453389711192 -0.0061059861122888795 0
1699264720.085557 1.9478753668495647 -0.0060641001106713395 0
1699264720.135854 1.9536159158605235 -0.005941991949203737 0
1699264720.1859639 1.9574967129849583 -0.005852798067606687 0
1699264720.238769 1.9621580721029495 -0.005799486552834786 0
1699264720.2869163 1.9667336072475774 -0.005710996090703069 0
1699264720.336691 1.9715681418914457 -0.005650903941813564 0
1699264720.387006 1.981815001870954 -0.005674381704287327 0
1699264720.437087 1.9864856879674595 -0.005683764795117943 0
1699264720.4870956 1.990196348600728 -0.0056964971102429615 0
1699264720.5371585 1.9950648116773544 -0.005705882668616853 0
1699264720.5869532 2.004144109298008 -0.005705613731439322 0
1699264720.6372743 2.0092538276087626 -0.005700854266596249 0
1699264720.6881506 2.010975316723236 -0.00569754589783249 0
1699264720.7379286 2.0133692959954193 -0.005692654817869633 0
1699264720.7878325 2.0222843916449063 -0.005678137908144607 0
1699264720.8386436 2.033460735914484 -0.005654991240847992 0
1699264720.888624 2.0387355736913992 -0.0056406040628988845 0
1699264720.9396095 2.0423073505677123 -0.005628964789002398 0
1699264720.9891143 2.046528471536417 -0.005611763318797993 0
1699264721.038882 2.0514032527109864 -0.0055981481665820865 0
1699264721.088872 2.0554352431185134 -0.005573619892433937 0
1699264721.139499 2.0605226455136756 -0.00554961671024188 0
1699264721.1893702 2.066132418899802 -0.005523022047033543 0
1699264721.2391148 2.0737802299931576 -0.005480973321816364 0
1699264721.2931304 2.0778133937804912 -0.005454715668578367 0
1699264721.3434951 2.0793310167543564 -0.005444598433862631 0
1699264721.3939457 2.0821417184956834 -0.00542421381251877 0
1699264721.4437618 2.0972932383761047 -0.005327959120026377 0
1699264721.4939387 2.1019749662096086 -0.005288311062124946 0
1699264721.5439742 2.105758223923305 -0.005246865660384054 0
1699264721.593876 2.108613052331743 -0.005198953336044324 0
1699264721.6456409 2.113620724598241 -0.005107444700706022 0
1699264721.695816 2.1199825683562104 -0.005083916547248375 0
1699264721.7463932 2.123688661106106 -0.00515704776360923 0
1699264721.7963574 2.1276374510074234 -0.00527082858080599 0
1699264721.846262 2.1316210506590467 -0.005376281963687006 0
1699264721.8964314 2.141467776893422 -0.005635517037119013 0
1699264721.9470217 2.1485385735029414 -0.00581000103368281 0
1699264721.997193 2.1526862974168046 -0.005901444193542331 0
1699264722.0475852 2.159886129651909 -0.006059177911804562 0
1699264722.0975502 2.162928449453751 -0.006122021354171765 0
1699264722.147615 2.16990498064341 -0.006260500374244801 0
1699264722.19776 2.1742504460495935 -0.006342554996813438 0
1699264722.248255 2.1815335965781264 -0.006474131975947997 0
1699264722.2980502 2.1872435063072317 -0.006566989788226365 0
1699264722.3510735 2.1899989005307994 -0.006607362018774094 0
1699264722.3999505 2.1942483073938073 -0.006675628324981538 0
1699264722.4495196 2.198895451037513 -0.006745397899121735 0
1699264722.4998474 2.2082309567885 -0.006877481398493172 0
1699264722.549454 2.2138279046348197 -0.00694892910520961 0
1699264722.5994325 2.216237062642663 -0.00697670949263075 0
1699264722.6495116 2.218543919091201 -0.00700163433084597 0
1699264722.6993973 2.2223726308678136 -0.0070492075881312885 0
1699264722.7494907 2.2327723336258716 -0.007150318531975958 0
1699264722.7996724 2.2435523198589262 -0.007250816815550949 0
1699264722.8501315 2.2477731744633584 -0.0072786612379769355 0
1699264722.899883 2.2504043311524096 -0.007280500206465123 0
1699264722.949785 2.2522025838963646 -0.00727933448212153 0
1699264723.000298 2.2660074759581277 -0.007349351696212469 0
1699264723.0503182 2.2660074759581277 -0.007349351696212469 0
1699264723.1002069 2.271042437667535 -0.007467008011533102 0
1699264723.1507654 2.284383126378941 -0.008124299610175759 0
1699264723.2007298 2.288106453281551 -0.008490035239639634 0
1699264723.251214 2.2913568879587753 -0.008854016919768382 0
1699264723.3007557 2.294340833326949 -0.0091738982492896 0
1699264723.3511007 2.3055764432133063 -0.010322564070076723 0
1699264723.4015734 2.3098967086059425 -0.010743680388159066 0
1699264723.4514015 2.313800018631516 -0.011114862649960845 0
1699264723.5030491 2.319689506528501 -0.01165123633367033 0
1699264723.5533235 2.325841611485675 -0.012186049837566285 0
1699264723.6032243 2.3298913142803452 -0.012525239088306552 0
1699264723.6535726 2.3344344247366853 -0.01289748640176402 0
1699264723.703159 2.342858174608092 -0.013558567418165489 0
1699264723.753559 2.3455818554499244 -0.013760678056862694 0
1699264723.8034375 2.351485539946067 -0.01417989723575659 0
1699264723.8536713 2.3582132642166758 -0.014630055295015392 0
1699264723.9038796 2.3631241713727986 -0.014945938346827916 0
1699264723.9540582 2.3676235899337073 -0.015226843373864197 0
1699264724.0039124 2.3711148114932787 -0.015437392203625937 0
1699264724.0545516 2.376629415995587 -0.015752788028903876 0
1699264724.1041863 2.3815049879076344 -0.016010570574862694 0
1699264724.1543021 2.3852694958173797 -0.016204610177486676 0
1699264724.2046795 2.390155715378491 -0.01644817705399265 0
1699264724.254926 2.3953230416763516 -0.016698647306891582 0
1699264724.304925 2.4035680006935918 -0.017044049352227933 0
1699264724.3550315 2.4084912815008397 -0.01722475440408805 0
1699264724.405856 2.4127889620049534 -0.017406743968056533 0
1699264724.4556015 2.4127889620049534 -0.017406743968056533 0
1699264724.5093145 2.4270657545021956 -0.018018778043600057 0
1699264724.5582967 2.4326610592113607 -0.01824219519852152 0
1699264724.608152 2.43514316074675 -0.01833646119436355 0
1699264724.6574743 2.438198149558991 -0.018473331260272268 0
1699264724.7074409 2.447741036049343 -0.01889466164510729 0
1699264724.7570872 2.457039436895158 -0.0193199533114497 0
1699264724.8071225 2.4607146702078047 -0.019479617794027147 0
1699264724.8573909 2.4628177695027573 -0.01957344444626611 0
1699264724.9072738 2.469169668768401 -0.019806937637075785 0
1699264724.9573405 2.477503129776174 -0.020088617126699213 0
1699264725.007619 2.483628631509916 -0.020270689645836608 0
1699264725.057912 2.488236256458171 -0.020402828042448036 0
1699264725.108096 2.4930332620043676 -0.02052382017990778 0
1699264725.157948 2.4960520869099425 -0.02058428570277289 0
1699264725.207998 2.498569989079374 -0.020631406697806443 0
1699264725.258302 2.502128517959898 -0.020689592668132615 0
1699264725.3085527 2.511835428060888 -0.020846561181907024 0
1699264725.3587697 2.520928199537106 -0.020958590539534125 0
1699264725.4087803 2.524690893352021 -0.02099472632779785 0
1699264725.458975 2.5270319266618184 -0.021009209531171833 0
1699264725.5091546 2.533659160327953 -0.021035760518597634 0
1699264725.5593042 2.542133848166447 -0.02105595711303828 0
1699264725.609894 2.547799952996176 -0.021057798197180715 0
1699264725.6597795 2.5521411193385894 -0.021031810758437477 0
1699264725.7100704 2.554978923031733 -0.020979234273677816 0
1699264725.7600513 2.558697127351415 -0.020897136584424925 0
1699264725.8105483 2.5644411395112834 -0.020759768512366068 0
1699264725.8606958 2.568000137518497 -0.02070955842180598 0
1699264725.9107783 2.571734549230533 -0.020675258876657207 0
1699264725.9611354 2.5829261766080105 -0.020679052855471017 0
1699264726.0110404 2.5864802404594687 -0.020674527023831057 0
1699264726.0611393 2.590212387185247 -0.02066522413627664 0
1699264726.1114252 2.5940793383846956 -0.020652892699819438 0
1699264726.1627643 2.6051165910118246 -0.0205900586756598 0
1699264726.2122037 2.6086318094806336 -0.0205741814223987 0
1699264726.2631173 2.612005043912812 -0.020551633059282103 0
1699264726.3122234 2.6197767279398136 -0.020451453232961866 0
1699264726.3639157 2.623804045507235 -0.020393821300880535 0
1699264726.4142363 2.630536716222956 -0.020280292826344727 0
1699264726.4644961 2.6369481859901445 -0.020151687855300266 0
1699264726.5149724 2.6401574771793914 -0.020081477747702706 0
1699264726.5647452 2.6442364267662413 -0.01998404975607452 0
1699264726.614782 2.6485041705713472 -0.019876602207744842 0
1699264726.6646612 2.6571784471984095 -0.019643564003389784 0
1699264726.714791 2.663168911508431 -0.019463573711352586 0
1699264726.764949 2.6659768714051952 -0.019373698930134763 0
1699264726.8155146 2.6687744861389042 -0.01927835272078337 0
1699264726.8658478 2.6777643797287105 -0.01897190625625294 0
1699264726.9158194 2.687171740666211 -0.01862851218813456 0
1699264726.966018 2.6904898053765653 -0.018494329823238717 0
1699264727.0159636 2.693045679714246 -0.01838370842844103 0
1699264727.0660574 2.697933197881595 -0.018173465937030654 0
1699264727.11602 2.7068839011001065 -0.017799010926237674 0
1699264727.1666656 2.7121438521332193 -0.017565075786286202 0
1699264727.2169604 2.7166082314572346 -0.01732371322858862 0
1699264727.2669199 2.7273351277045914 -0.016337287205781387 0
1699264727.3169553 2.7303008794472974 -0.016006814193891442 0
1699264727.3671474 2.7334299841920955 -0.015675758418583763 0
1699264727.4172223 2.74118170090185 -0.01484358966585467 0
1699264727.4675493 2.7451749304529063 -0.014418421159174417 0
1699264727.5181017 2.7524409096632545 -0.013654799021975613 0
1699264727.5677502 2.758689016147068 -0.013001163817683629 0
1699264727.617684 2.7618756731353584 -0.012671443349091772 0
1699264727.668032 2.7653117262512863 -0.012308773387254094 0
1699264727.7179265 2.7690876410460334 -0.01188614906487619 0
1699264727.767957 2.7770916876741465 -0.010974750498108223 0
1699264727.818294 2.7845129085955898 -0.010132468586012676 0
1699264727.8685703 2.7878823762241622 -0.009752852852176353 0
1699264727.919101 2.7913842312663397 -0.009356996532304061 0
1699264727.9698641 2.802222721688977 -0.008147102467937737 0
1699264728.019188 2.806014650840454 -0.007727180484583139 0
1699264728.069426 2.813163953971115 -0.006939936196672098 0
1699264728.1228533 2.8167626751950308 -0.006546540816954549 0
1699264728.1698568 2.823838206360869 -0.0057787429366032705 0
1699264728.2215183 2.831397710004533 -0.004966854560724244 0
1699264728.2768602 2.835134447152792 -0.004569036560202894 0
1699264728.3204942 2.8389360516286843 -0.004166906357932399 0
1699264728.3707507 2.842405593151007 -0.003802615439521552 0
1699264728.420641 2.8494121373205137 -0.0030736640766819375 0
1699264728.470673 2.8564294796149188 -0.0023536921876523946 0
1699264728.5216124 2.8603180843803706 -0.0019584634075508977 0
1699264728.5760722 2.864129819878361 -0.0015751945331709124 0
1699264728.621491 2.8679426082934394 -0.0011950525813790329 0
1699264728.6718752 2.8787763528282304 -0.00011806016946251728 0
1699264728.72316 2.882313798211868 0.00023369214046172024 0
1699264728.772321 2.888996035442765 0.0008815917131094451 0
1699264728.8274927 2.8928147959437434 0.001238665721922783 0
1699264728.8759005 2.9006102393598714 0.0019620384375036567 0
1699264728.9268136 2.9080273830749457 0.0026207565381978636 0
1699264728.972032 2.911370721917597 0.0029146031573219944 0
1699264729.021787 2.9147426081924364 0.00320095133124526 0
1699264729.0720377 2.9222152535340973 0.0038989428950923152 0
1699264729.1222618 2.930197767536894 0.004621701740994101 0
1699264729.1726832 2.9343238841966977 0.004997015540000426 0
1699264729.2232952 2.937825647808831 0.005316455502395583 0
1699264729.2727427 2.943688356259359 0.005835655575200081 0
1699264729.3228133 2.9506571114709623 0.006448765807617451 0
1699264729.3727262 2.954633219516201 0.006801080599652891 0
1699264729.423275 2.9591536312266125 0.007197559787272487 0
1699264729.4738865 2.962122194774589 0.007455219801851764 0
1699264729.5240128 2.9680899072195315 0.007961824868446578 0
1699264729.5738194 2.9727243733157196 0.008347879784005658 0
1699264729.6242752 2.9768147639234317 0.008681360087010903 0
1699264729.6739748 2.985330679463638 0.009358385837630805 0
1699264729.7358794 2.995058015715323 0.010104180283608136 0
1699264729.7767982 2.998611619922973 0.010373407888688778 0
1699264729.8326252 3.0044583266099876 0.01080148913454412 0
1699264729.882356 3.0069336211696203 0.010974488974412774 0
1699264729.9285457 3.0153715577730558 0.011529757895331737 0
1699264729.9778256 3.019999169616862 0.01182979445640917 0
1699264730.02528 3.0252401535786397 0.012164463881380299 0
1699264730.075115 3.03268089556917 0.01274411362129037 0
1699264730.1253006 3.035958403187082 0.013050881035460232 0
1699264730.1754322 3.041420521462562 0.013673597380501485 0
1699264730.2256482 3.048542223009072 0.014477720554261376 0
1699264730.2795012 3.0526040054252546 0.014901949239113036 0
1699264730.3274934 3.0574332588695516 0.015402535281844943 0
1699264730.3812659 3.06472467351679 0.016100509035299453 0
1699264730.4283915 3.0702872377607786 0.01659129831083421 0
1699264730.4766567 3.0724445230706183 0.01677085556069314 0
1699264730.5266478 3.075033046280276 0.017024008916882927 0
1699264730.5767567 3.0783248845406503 0.017385762001525383 0
1699264730.62687 3.086641349515214 0.018447701799784503 0
1699264730.6804216 3.095325647551178 0.019553462055429138 0
1699264730.7301104 3.0989838519251363 0.020008116622887245 0
1699264730.779221 3.101301511365864 0.02028991103885272 0
1699264730.8287723 3.109005800606589 0.021183688824820655 0
1699264730.8972242 3.11766214422181 0.022159493031136016 0
1699264730.9446688 3.1229803215379524 0.022738029623107472 0
1699264730.9888983 3.126852600851098 0.02315069865281021 0
1699264731.0387611 3.1292027892356566 0.023393623197183425 0
1699264731.086585 3.1328225648108927 0.02375522941203122 0
1699264731.1370678 3.1393474603767006 0.024380138972874135 0
1699264731.1877136 3.1436989094999754 0.024749161990882878 0
1699264731.2302506 3.1499946610601803 0.025326907200450152 0
1699264731.2786727 3.1591555972428327 0.026123783000359727 0
1699264731.3289576 3.1624350730205464 0.026397984967826374 0
1699264731.379331 3.1648422636806415 0.026593784041343327 0
1699264731.4292934 3.1667579639620813 0.026743800689673462 0
1699264731.4823704 3.1700664914043744 0.02699483792517041 0
1699264731.5310047 3.1811638058594376 0.027760190035082455 0
1699264731.5798452 3.193327658756268 0.028591318075952783 0
1699264731.6301796 3.198741562091529 0.028985603596966503 0
1699264731.6802619 3.203171841516581 0.029349406995127336 0
1699264731.7307732 3.2067639834539072 0.029730667381604816 0
1699264731.781144 3.2147228835697144 0.030847347610332837 0
1699264731.831041 3.217136194102065 0.031185244224028325 0
1699264731.8808546 3.2201448893518996 0.031568496737343785 0
1699264731.931307 3.2325349141405373 0.03322362963404139 0
1699264731.9812567 3.2373760411580212 0.033867124775408645 0
1699264732.031465 3.24427890654868 0.034753875116535424 0
1699264732.0915396 3.2466734407068265 0.03504689112475041 0
1699264732.1388593 3.2487738205586836 0.0352968643022693 0
1699264732.1842916 3.256493407402864 0.036179449573574204 0
1699264732.2330408 3.267268553846322 0.037378507410717736 0
1699264732.2823732 3.2729283108831657 0.03797850287084463 0
1699264732.3323717 3.2772418425756267 0.03842104550652384 0
1699264732.3826168 3.2798127264289363 0.03867320771837143 0
1699264732.4328275 3.282661356702692 0.03893676716569151 0
1699264732.4830384 3.2882616485950584 0.039424695465314324 0
1699264732.5354588 3.292381036467461 0.03973636937671749 0
1699264732.582827 3.297664443823514 0.04016039729635436 0
1699264732.6334774 3.313715701468165 0.041370668766766115 0
1699264732.6901422 3.3178070235524215 0.04164763720488924 0
1699264732.740007 3.320658128632208 0.04183099192603567 0
1699264732.785287 3.323613451397072 0.04201259890435489 0
1699264732.8339875 3.329561030506321 0.0423471887235752 0
1699264732.8842947 3.3378002445484185 0.042752352894842804 0
1699264732.9339287 3.347013854418553 0.04316404374046526 0
1699264732.9842267 3.3515975071517796 0.04334748691476589 0
1699264733.034536 3.3557674540059987 0.04350645913515095 0
1699264733.0844479 3.361609601785387 0.04367151713161292 0
1699264733.1408305 3.3666932720805898 0.04379590150875944 0
1699264733.1891756 3.3695231608343805 0.04391955678396806 0
1699264733.236083 3.3726290297174697 0.04402763235351823 0
1699264733.2946014 3.380475552605225 0.044235785606865384 0
1699264733.338703 3.38929717469174 0.04441921272792745 0
1699264733.385765 3.3934287823371974 0.04448642758820026 0
1699264733.435894 3.3966364919611447 0.044530384239293966 0
1699264733.4869666 3.4025835727971536 0.04458469190138998 0
1699264733.5368135 3.4096561650640935 0.04461637366881303 0
1699264733.5886075 3.414028423755914 0.044622561007825745 0
1699264733.6370146 3.4185228174004867 0.04461795608478118 0
1699264733.6899848 3.4242686972769736 0.04458897517103203 0
1699264733.7368803 3.4295659633213016 0.04453008498314593 0
1699264733.7869434 3.4322411641150317 0.0445004599289281 0
1699264733.8392007 3.4363916665133027 0.04443780228212185 0
1699264733.8879793 3.441148351138465 0.04435767282068466 0
1699264733.939587 3.4541007596199655 0.0440825240673592 0
1699264733.9975715 3.4569043724111825 0.044008433926406895 0
1699264734.0445082 3.4592494096114232 0.04393924298833988 0
1699264734.095708 3.467067753067705 0.043670369955526686 0
1699264734.144682 3.467067753067705 0.043670369955526686 0
1699264734.1894715 3.4771285289587346 0.04330647258769477 0
1699264734.2390273 3.4869272611995714 0.042893465274500504 0
1699264734.2896674 3.489565539669516 0.04276492826636365 0
1699264734.3409543 3.4960611213909 0.04242607792283033 0
1699264734.3913438 3.5006032021455202 0.0421733199682919 0
1699264734.440075 3.5058745544289454 0.041894948402144326 0
1699264734.4900024 3.5160061136359326 0.04126026572524283 0
1699264734.5492992 3.5232662630572795 0.040713049379241646 0
1699264734.6021361 3.5282108045552087 0.04037225466215135 0
1699264734.6635144 3.5305894588026696 0.04020009399364621 0
1699264734.7154684 3.5333329036279766 0.03998313172468441 0
1699264734.7727559 3.540780623618905 0.03926112581635636 0
1699264734.8205185 3.5506485274079522 0.038160909632279354 0
1699264734.8756664 3.5549145407102047 0.037676458896580514 0
1699264734.9233317 3.5578983173092564 0.03733525286932962 0
1699264734.9696543 3.5626365481386366 0.03678788423739118 0
1699264735.0209115 3.5680673347474885 0.03615179461203753 0
1699264735.0682683 3.572114294381661 0.035663554057688285 0
1699264735.115543 3.5776702116618426 0.034987439111509026 0
1699264735.1631994 3.5884524815702923 0.03366994120692546 0
1699264735.2096663 3.5934025250996413 0.03306007918200592 0
1699264735.2569342 3.5944688162607026 0.03292874378255377 0
1699264735.3052027 3.596925309470443 0.03262354222127988 0
1699264735.3505704 3.6009809386102987 0.03211776917713582 0
1699264735.3954883 3.6126929397022045 0.030636027143716372 0
1699264735.4509943 3.6234201286119836 0.02922624341585907 0
1699264735.4971182 3.6272994330397084 0.028710510817034712 0
1699264735.5428874 3.6298163424667114 0.02836813225776623 0
1699264735.5942116 3.6338280618517786 0.027826852492768395 0
1699264735.6432195 3.6414101633314178 0.026812462244081924 0
1699264735.6937206 3.646573536898211 0.026100777737399373 0
1699264735.7435448 3.6523852802469476 0.025301467024340836 0
1699264735.7936976 3.6618200556520764 0.02389149974735205 0
1699264735.8438938 3.6693433493000502 0.02240454044488061 0
1699264735.904343 3.672385571054215 0.021675397435317736 0
1699264735.9587631 3.6754715416310724 0.020920546529728357 0
1699264736.0108652 3.6808551551781874 0.019667454165239774 0
1699264736.0477493 3.684727448653954 0.018797737589439274 0
