1699251793.1462288 -0.008272358935965597 -0.0003298332248655492 1
1699251793.4377384 -0.0007794302148542171 -8.942165456100179e-05 0
1699251793.5997527 0.012438126635275347 0.000351089114126588 0
1699251793.650797 0.03783112848223429 0.0011901765265984747 0
1699251793.8067412 0.0475202286677762 0.0015020966361331384 1
1699251793.8565521 0.05311489313607034 0.0016827006715001932 1
1699251793.9091618 0.05443656787247396 0.0017296981315600972 1
1699251793.9559107 0.05530426291379195 0.0017587696691965357 1
1699251794.0067456 0.056075901497372356 0.0017839958779281553 1
1699251794.057166 0.057130240087282624 0.0018186075112368546 1
1699251794.1071987 0.05817182122675321 0.001848773098287769 1
1699251794.157345 0.0586916528014974 0.0018656481487396258 1
1699251794.2077038 0.05921399189856104 0.0018823159716866227 1
1699251794.257527 0.059753348039738134 0.0018992181468389505 1
1699251794.3072627 0.06118132196706272 0.0019429686306792226 1
1699251794.3578234 0.06161979857251507 0.001955977576997458 1
1699251794.4086385 0.06249365789261679 0.0019812928238075837 1
1699251794.4586775 0.06292592575546072 0.0019934322493020138 1
1699251794.5088432 0.0638260027813061 0.0020177008812880524 1
1699251794.5591047 0.06473454022742414 0.002040904855311641 1
1699251794.6088884 0.06521821432745968 0.0020527706873169514 1
1699251794.6588092 0.06570273823521926 0.0020641850812697414 1
1699251794.7104769 0.06620464147572118 0.0020756004925506786 1
1699251794.7596762 0.0672472440507494 0.002097913179574124 1
1699251794.8139215 0.06835957551131812 0.0021196380719891894 1
1699251794.8633184 0.06892983749474121 0.0021300402011394347 1
1699251794.9172146 0.07072122799921271 0.002159037359524975 1
1699251794.9893417 0.07198140168180137 0.00217615024925072 1
1699251795.0354578 0.07261225360614953 0.0021837558139776603 1
1699251795.0926251 0.07327262883110001 0.002191082059771433 1
1699251795.1358173 0.07395572826675507 0.002197621331672876 1
1699251795.1845372 0.07534326551466301 0.002209157501809863 1
1699251795.2261648 0.07682495579441205 0.002217416545228878 1
1699251795.2772343 0.07758199759046357 0.0022208642412683607 1
1699251795.3264446 0.07836847015697446 0.002222679545148021 1
1699251795.3790114 0.0791492814565809 0.0022240870589451955 1
1699251795.4206355 0.08075575047563666 0.002223734112919229 1
1699251795.472933 0.08241938176532265 0.002218406101076591 1
1699251795.5193355 0.08328725174007848 0.0022147725887006926 1
1699251795.5683463 0.08414806876967616 0.002209192454722712 1
1699251795.6188319 0.0859364999896117 0.0021940465991443264 1
1699251795.6690006 0.0877529042884492 0.0021801444607233607 1
1699251795.7192397 0.08870235021006778 0.0021715670326851945 1
1699251795.7696524 0.08961191588360337 0.0021612345533531395 1
1699251795.8196483 0.09050284523447759 0.0021483572066830817 1
1699251795.8706388 0.09234326701182898 0.0021175244267645226 1
1699251795.9214423 0.09429757926462429 0.0020803668124820284 1
1699251795.9716778 0.09626075161509458 0.002032681697085455 1
1699251796.0211504 0.09725365813306099 0.002004114671250487 1
1699251796.0712564 0.09908685634698376 0.0019718020932358196 1
1699251796.1264355 0.10006845727052587 0.0019417893104812381 1
1699251796.171173 0.1011127890765712 0.0019135028971287028 0
1699251796.223906 0.10311507671648203 0.0018553122007258878 1
1699251796.2751076 0.10408099847548681 0.0018277126049753532 1
1699251796.3257518 0.106048796215084 0.001759154138638075 1
1699251796.3746204 0.1081264544709579 0.0016824038480571324 1
1699251796.4236681 0.10921715524339268 0.0016404005905598805 1
1699251796.4740617 0.11028523424172837 0.0015966156752341605 1
1699251796.5257766 0.11135722071680859 0.0015508589075750444 1
1699251796.5786445 0.11356232234410782 0.00145123125421144 1
1699251796.6269577 0.11585927111488725 0.0013404578456512088 1
1699251796.68331 0.11702181007505226 0.0012818173329086093 1
1699251796.7255595 0.11818683151480848 0.0012212033873963417 1
1699251796.775409 0.12179115711795988 0.0010234292373586418 1
1699251796.825546 0.12304151475124377 0.0009512614652576664 1
1699251796.875491 0.12428598451242517 0.0008777021417367837 1
1699251796.9260237 0.125531396669012 0.0008023027368276839 1
1699251796.9752672 0.129364532278051 0.0005595810023785567 1
1699251797.027046 0.130684809255981 0.0004723242340886702 1
1699251797.077414 0.1333046153016027 0.00029382261240219927 1
1699251797.127741 0.13466219836578602 0.00019846846901851737 1
1699251797.1784148 0.13598777335780035 0.00010353779696969825 1
1699251797.2289884 0.13873887450605393 -9.913222177277613e-05 1
1699251797.2821658 0.14150402227722492 -0.0003106113716989696 1
1699251797.3320384 0.14295526682238907 -0.000424729765885681 1
1699251797.3847427 0.14437337263761202 -0.0005382093347805707 1
1699251797.4330444 0.1487058897950545 -0.0008971499974040549 1
1699251797.4892924 0.1501527362733332 -0.0010209958438934072 1
1699251797.5364473 0.15166701636768784 -0.0011527896246421295 1
1699251797.5841534 0.1531345267357238 -0.001282453031465868 1
1699251797.6391325 0.1561644861370865 -0.001556558574918804 1
1699251797.688312 0.15918766144604962 -0.0018383956401941998 1
1699251797.7381213 0.16075369067758735 -0.001987584757851663 1
1699251797.7874565 0.1622998048519992 -0.0021370187566758063 1
1699251797.8376102 0.16384914909964124 -0.0022888420508945543 1
1699251797.89039 0.1654536490962901 -0.002448157903091233 1
