1697475664.2085352 0.010536418914620422 -0.0019896127845296036 1
1697475664.466321 0.014588338008004357 -0.001036528004992073 1
1697475664.601062 0.025025713051564286 0.0014433736016805383 0
1697475664.6393836 0.03120862298846966 0.0029138372819555148 0
1697475664.6795988 0.0362114138556413 0.004110193416679009 1
1697475664.7185898 0.0400047008836341 0.005050631116082326 1
1697475664.7510533 0.04256358330759882 0.005718378166587041 1
1697475664.792181 0.04438460443316059 0.006211175569407963 1
1697475664.8431559 0.047886831846246376 0.007157271770389453 1
1697475664.8926692 0.0518425073090988 0.008230440696328325 1
1697475664.9460075 0.05366610958341504 0.008694840014414987 0
1697475664.995681 0.055410513744762815 0.009139885740377579 0
1697475665.0330517 0.057175182373296336 0.009577955701557863 1
1697475665.0790076 0.061344882676673575 0.010587754689820488 0
1697475665.1241772 0.0663545575151759 0.011797547068252673 0
1697475665.1822817 0.06885162891633854 0.012398906577220599 1
1697475665.2237775 0.07104905908727027 0.012925406434182872 1
1697475665.2733872 0.07328817640673964 0.013463523639210209 1
1697475665.321701 0.07705918845308653 0.014364412629428624 1
1697475665.371369 0.08037130423593253 0.015153235615699166 1
1697475665.421289 0.08183770071522053 0.015501441674390605 1
1697475665.471158 0.08322915225870492 0.015831692873636206 1
1697475665.5217152 0.08579885266089711 0.016440721271018418 1
1697475665.5713294 0.08808406579911622 0.01698193070127997 1
1697475665.6217966 0.0891322581240241 0.01722965384106582 1
1697475665.6716242 0.0901304188248899 0.017465704369620007 1
1697475665.7216933 0.09109168304939994 0.01769355577402647 1
1697475665.7718496 0.0936700603907918 0.018303441633748897 1
1697475665.8219297 0.09444512676347236 0.018486508157170702 1
1697475665.8720899 0.09594347064278949 0.018841776625774905 1
1697475665.922875 0.09664988711281174 0.019009172206829923 1
1697475665.9731898 0.09803152979567169 0.019337579861588298 1
1697475666.0229118 0.09933912462043978 0.019648984546057603 1
1697475666.0729983 0.09997473596380102 0.019800736863741772 1
1697475666.122995 0.10060185741227518 0.01995064334506222 1
1697475666.1734216 0.10189739188883168 0.020261287193773066 1
1697475666.223392 0.10320714422477967 0.02057668282464722 1
1697475666.273782 0.10385747862107086 0.020733743974116918 1
1697475666.324096 0.10451063270906236 0.020891950631294513 1
1697475666.3740208 0.10585199037370552 0.021218078074902457 1
1697475666.4240553 0.10724512788106627 0.021558940786829742 1
1697475666.4740522 0.10794022340061607 0.021729443544438207 1
1697475666.5244172 0.10864782701897324 0.021903885914571028 1
1697475666.5746353 0.10938120472200757 0.0220851250255253 1
1697475666.6245403 0.11082528908313541 0.02244397480734557 1
1697475666.6748326 0.11234970048410645 0.022826243281003803 1
1697475666.725014 0.11310863566158268 0.023019964320449983 1
1697475666.774834 0.11389988676559691 0.023224406790019133 1
1697475666.8250575 0.11539984729213054 0.023617315791956722 1
1697475666.8751671 0.11690231995864458 0.024020248546607885 1
1697475666.9254441 0.11767644569113737 0.024223200045774877 1
1697475666.9755516 0.1185385989037456 0.02445001808910535 1
1697475667.0258932 0.1213037756864757 0.02518580013342686 1
1697475667.0758133 0.12223162716691625 0.025434975704793434 1
1697475667.1259854 0.124025555876261 0.025917417071044033 1
1697475667.1758556 0.12490902878603193 0.0261567590681219 1
1697475667.2262433 0.12584217255722543 0.026409730713142992 1
1697475667.2768257 0.1277855523877925 0.026940486674350346 1
1697475667.3265767 0.129799344685247 0.027494732658627646 1
1697475667.3767145 0.13079406780991856 0.02777027551962667 1
1697475667.4268434 0.13180104954530253 0.028050123899132244 1
1697475667.4776504 0.1328430890586188 0.028340963991131694 1
1697475667.528079 0.13489288237895808 0.0289162361839395 1
1697475667.5778422 0.13705077590686665 0.029526456027400637 1
1697475667.6279004 0.13813887491186652 0.029835736255644243 1
1697475667.6780019 0.13924919951437062 0.030152854123566566 1
1697475667.7285905 0.14032555263284577 0.03046117261101961 1
1697475667.7782888 0.14369835895904196 0.031434057421638475 1
1697475667.8289092 0.14601777627720866 0.032109025517084236 1
1697475667.8787882 0.14716008185416826 0.03244321965600069 1
1697475667.928985 0.14830717089407883 0.03277993712229098 1
1697475667.9789033 0.150690330002757 0.03348304270857481 1
1697475668.0290878 0.15315048115988636 0.03421380065549813 1
1697475668.0791538 0.1543767764148505 0.0345799325861337 1
1697475668.1292381 0.1556061447063146 0.03494820046883376 1
1697475668.1794755 0.15808444797802756 0.035694284555658956 1
1697475668.2297547 0.16063217453625667 0.03646625049222156 1
1697475668.2797892 0.16190114950962434 0.03685261852770234 1
1697475668.3299315 0.16318912758345291 0.03724601561297623 1
1697475668.379891 0.16578989365733496 0.03804417025639376 1
1697475668.42997 0.16844934587814617 0.03886532837843098 1
1697475668.4800448 0.16976786810529398 0.03927431184281787 1
1697475668.5305436 0.17110492307694525 0.039690310503329745 1
1697475668.5807457 0.17381319036612428 0.04053662513577822 1
1697475668.6308095 0.1765774050749526 0.04140553853857925 1
1697475668.6810124 0.17794654081534808 0.04183773378916769 1
1697475668.7309535 0.17933062309033806 0.04227589850100421 1
1697475668.7811832 0.18213234859207417 0.04316623429764981 1
1697475668.8310735 0.1849848525774145 0.04407720529075718 1
1697475668.8816254 0.1863968712273839 0.04452955654663737 1
1697475668.9319987 0.18782147427528217 0.044987472438929935 1
1697475668.981964 0.18928454194652478 0.04545830217938079 1
1697475669.0319042 0.19213339574157662 0.04637969640958948 1
1697475669.0827174 0.19506060639768957 0.04732965349634895 1
1697475669.1325588 0.19650834450987767 0.04780500517781222 1
1697475669.1826284 0.19799076998076076 0.04829067906048572 1
1697475669.233252 0.20233323235285045 0.04970830186004752 1
1697475669.2828999 0.2037576447176862 0.05017327994887542 1
1697475669.334336 0.20660570737069286 0.05110901780297931 1
1697475669.3836162 0.20800122958879622 0.05156866977157196 1
1697475669.433677 0.20941601546293687 0.05203598179838649 1
1697475669.4839327 0.21232771211886323 0.05300078462430478 1
1697475669.535102 0.21527747801981195 0.05398264778657701 1
1697475669.586933 0.21673402048901025 0.05446919967840471 1
1697475669.6456842 0.21968822026195325 0.05545937215575788 1
1697475669.70389 0.22259566305437356 0.05643815559728958 1
1697475669.759119 0.22560616269035716 0.05745479518124384 1
1697475669.8082805 0.2270981405329837 0.05795954346777646 1
1697475669.854204 0.2286503346532714 0.058485780697148576 1
1697475669.8946571 0.2286503346532714 0.058485780697148576 1
1697475669.940482 0.23014783543809098 0.0589945883875895 1
1697475669.989511 0.23322285091162542 0.06004268081842936 1
1697475670.0397348 0.2362803641941511 0.0610892438033554 1
1697475670.089865 0.23786989258860874 0.061635068374166505 1
1697475670.1395442 0.24256032463290816 0.06325274871086031 1
1697475670.1898234 0.24412117407914535 0.06379335723307246 1
1697475670.2406933 0.24570105320244814 0.06434188487870812 1
1697475670.2902887 0.24733304463297437 0.06490986324291226 1
1697475670.3405085 0.2505044766210061 0.06601756516486078 1
1697475670.3906083 0.2537616671234394 0.06716048734402566 1
1697475670.440675 0.25708068346110824 0.06833100251408647 1
1697475670.490593 0.25872597505842315 0.06891356263046201 1
1697475670.5411403 0.2603740650425242 0.06949882572801691 1
1697475670.591956 0.2636953785502439 0.07068331727567173 1
1697475670.6441085 0.26707133906690017 0.07189933862489956 1
1697475670.6924474 0.2687368049890995 0.0725083678677171 1
1697475670.7458746 0.2703888809428211 0.07311429921273108 1
1697475670.7927253 0.27367969488044963 0.0743220169558874 1
1697475670.8428488 0.2772434074840317 0.07563736264434173 1
1697475670.8930156 0.279026074115291 0.07629884025410519 1
1697475670.9429255 0.2807973298149021 0.07695652142485639 1
1697475670.9944177 0.28429638466369045 0.07826253831034091 1
1697475671.0451202 0.28789956336218675 0.0796144371368943 1
1697475671.1008623 0.2896969564925316 0.08029199494345973 1
1697475671.1448874 0.2915474557163491 0.08099126581814492 1
1697475671.1958876 0.2934378771809408 0.08170795568718782 1
1697475671.2450209 0.29712727749413276 0.08311166967512086 1
1697475671.2949035 0.3008849333503234 0.08454838570299865 1
1697475671.345619 0.3027750814079216 0.08527353213260841 1
1697475671.3955345 0.30473034101003915 0.08602540211508046 1
1697475671.445969 0.30855285184956677 0.08750013642839066 1
1697475671.4956794 0.31245861259406216 0.08901326108927311 1
1697475671.546299 0.3143739331168698 0.08975748380781554 1
1697475671.5965688 0.31634640175549694 0.09052525519242019 1
1697475671.6461627 0.322308098211915 0.0928540675132631 1
1697475671.6965573 0.32630591656702623 0.09442125507567725 1
1697475671.754589 0.328367535646875 0.09523106107401583 1
1697475671.8038418 0.33034791563323423 0.09601006157167401 1
1697475671.8579535 0.3323396591273248 0.0967953746156419 1
1697475671.9088867 0.3363957240948606 0.09839510894439889 1
1697475671.9571261 0.34047040157273056 0.10000820666356659 1
1697475672.0008876 0.34250826938681733 0.1008086796870599 1
1697475672.0536366 0.34457570975224994 0.1016268924792579 1
1697475672.101172 0.3466922040383744 0.10246128424347974 1
1697475672.151491 0.3507426559142015 0.1040613068152317 1
1697475672.203386 0.35486546326597446 0.1056929842582553 1
1697475672.2531173 0.356903113374142 0.10650023095553157 1
1697475672.3016016 0.3590466092012652 0.10735046862709356 1
1697475672.351631 0.36536840084579514 0.10986272489934092 1
1697475672.4028137 0.36746128901525854 0.11069559031846865 1
1697475672.4533734 0.3695328622394429 0.11152072993872948 1
1697475672.5031993 0.3737473619159515 0.11320196114192808 1
1697475672.5530603 0.3758506913439816 0.11404225676094226 1
1697475672.6039631 0.3801516950212711 0.11576327485178979 1
1697475672.6557393 0.38448933054662116 0.11750271942953879 1
1697475672.706172 0.3866242099661558 0.11836027648740893 1
1697475672.7534292 0.38876236229220584 0.11922011669157612 1
1697475672.804036 0.39310317569256775 0.12096878456659835 1
1697475672.8539507 0.3974951708917956 0.12274236918449619 1
1697475672.9048998 0.39966706957069326 0.1236211007200462 1
1697475672.9550495 0.40185112188719746 0.12450598719838053 1
1697475673.0066857 0.40409148553614016 0.12541491266047963 1
1697475673.0575113 0.40845189681620886 0.1271884156169767 1
1697475673.1087916 0.4128980458460201 0.12900282122952117 1
1697475673.1598144 0.41510817817239715 0.12990795501648425 1
1697475673.209144 0.41738073213410126 0.13085302156631679 1
1697475673.258636 0.4240476273165431 0.1336127270946121 1
1697475673.3087053 0.42628182609555754 0.13453952428997315 1
1697475673.3590753 0.4285854912951718 0.13549862026648105 1
1697475673.409787 0.4331498382574046 0.1374037203212499 1
1697475673.459593 0.43773172952012984 0.13932341577755114 1
1697475673.5105064 0.44002578373164347 0.14028724642517418 1
1697475673.5609472 0.4447374421523581 0.1422723241835896 1
1697475673.6103792 0.4470464173101967 0.14324764226285622 1
1697475673.6608684 0.44935258872233214 0.1442232059001617 1
1697475673.7105348 0.4540791673858331 0.1462268981345563 1
1697475673.761758 0.45889850060198384 0.14827525202380384 1
1697475673.8229973 0.4612874765840269 0.14929224072709937 1
1697475673.8724947 0.46367918878042114 0.15031124983728605 1
1697475673.917349 0.46614393427400297 0.15136203639810009 1
1697475673.9636528 0.4733616459709048 0.1544446333826072 1
1697475674.0285175 0.47815711893839064 0.15649490220121828 1
1697475674.0800188 0.48062352074681697 0.1575553256801504 1
1697475674.122165 0.48062352074681697 0.1575553256801504 1
1697475674.1632786 0.48545479890108867 0.1596165055072854 1
1697475674.2130475 0.49043659701454057 0.16174513802075638 1
1697475674.2650907 0.49285267434793945 0.1627767635296357 1
1697475674.3132331 0.4953379232390022 0.1638385082534908 1
1697475674.3632298 0.49776525164172997 0.164875066166704 1
1697475674.4133885 0.5027668649239593 0.16701175753758926 1
1697475674.4637792 0.5077467548660831 0.16914007249122023 1
1697475674.5139647 0.5102813176811211 0.17022371122151947 1
1697475674.5641801 0.5177841104348943 0.17343301369578173 1
1697475674.613967 0.5202906824699381 0.17450591879787625 1
1697475674.6639626 0.5228094725334242 0.1755845117435112 1
1697475674.7149389 0.5278795074333319 0.177757105565898 1
1697475674.764898 0.5329803542252001 0.17994509535350986 1
1697475674.8150036 0.5355108626923832 0.18103139506064167 1
1697475674.8650267 0.5380540476340251 0.18212376522028298 1
1697475674.9153178 0.5431937925905355 0.18433343686534615 1
1697475674.9658546 0.5457246132763459 0.18542260027726906 1
1697475675.0159264 0.5509067013311698 0.18765546359227092 1
1697475675.066343 0.5561236324240906 0.18990804887679053 1
1697475675.1163096 0.5586933790070918 0.19101954296190335 1
1697475675.166476 0.561249138553743 0.19213278292399688 1
1697475675.2167764 0.5663565490301862 0.19435776873572458 1
1697475675.26674 0.5716010413943162 0.19664937183827655 1
1697475675.3171835 0.574196783861816 0.19778686161114092 1
1697475675.3670943 0.576808399428687 0.19893214365744488 1
1697475675.4172008 0.5794721038491399 0.2001024476587114 1
1697475675.4674182 0.5846601161998832 0.20238691558360739 1
1697475675.5174866 0.5899662882465632 0.20473020988093815 1
1697475675.5686576 0.5926187211181569 0.20590371557205459 1
1697475675.6183712 0.5953565394172882 0.20711655522091682 1
1697475675.668523 0.6006715833246389 0.20947464305316507 1
1697475675.7184632 0.6060605040780038 0.2118684977880878 1
1697475675.7689414 0.6087290298298477 0.21305496465870907 1
1697475675.8188555 0.6114956787959193 0.21428564949414425 1
1697475675.86971 0.6168795135742812 0.2166823473822459 1
1697475675.9191048 0.6223495944454834 0.21912116771779103 1
1697475675.9703383 0.6250175975213653 0.22030594982706928 1
1697475676.0198393 0.6278092280598834 0.22154597462949463 1
1697475676.0708563 0.6332458686265663 0.22395984454404774 1
1697475676.120107 0.6388260476031321 0.22643566359299758 1
1697475676.1699507 0.641548860278509 0.22764341346299863 1
1697475676.2198224 0.6443505023064361 0.22888602233089567 1
1697475676.2699285 0.6498007334136607 0.23130272068651164 1
1697475676.3207316 0.6554157826660001 0.23379218221130182 1
1697475676.3704016 0.6581960030673145 0.2350246970203679 1
1697475676.4208515 0.6610369904665563 0.23628409159545305 1
1697475676.4708886 0.6637931530594674 0.23750598130181697 1
1697475676.5209038 0.6722158444906577 0.2412406067552266 1
1697475676.570879 0.6750131383634752 0.24248128359103116 1
1697475676.620996 0.6778835886348398 0.2437545736041771 1
1697475676.6726513 0.686344888907276 0.24751019462169857 1
1697475676.7215412 0.6891515666372348 0.24875674110422627 1
1697475676.7719514 0.6919669479709394 0.25000777175525857 1
1697475676.8222842 0.6948598710380333 0.2512938571994208 1
1697475676.8722055 0.6976647967632597 0.2525418410620402 1
1697475676.9224389 0.7061376857594535 0.25632791155176526 1
1697475676.972647 0.7089056671715304 0.2575661223757706 1
1697475677.022843 0.7118298122546195 0.2588803526119539 1
1697475677.073464 0.7203936223705494 0.26273143859843634 1
1697475677.1230595 0.7232164957722346 0.26400413481069407 1
1697475677.1752195 0.7260577332626605 0.26528667623862484 1
1697475677.2235453 0.72900109592006 0.2666169103727252 1
1697475677.2737546 0.7347178209502812 0.26920451319664224 1
1697475677.3239377 0.7405237574222652 0.27183679307324654 1
1697475677.3741474 0.7463704259663134 0.2744904910194271 1
1697475677.4248652 0.7492596177674534 0.275802223326203 1
1697475677.4744656 0.7521586048297447 0.27711882093061224 1
1697475677.5243754 0.7580250121919151 0.27978383747676255 1
1697475677.5748608 0.7638872390610051 0.28244883440336677 1
1697475677.6247869 0.7667649557361953 0.2837499357137113 1
1697475677.675025 0.7696931323801434 0.2850767742355844 1
1697475677.7250495 0.7727239670599475 0.2864467691348699 1
1697475677.7761703 0.7786052181173703 0.2891053710982492 1
1697475677.8257117 0.784552618192424 0.2917911926664119 1
1697475677.8758168 0.787477393163123 0.29311126370224144 1
1697475677.925839 0.790505249952908 0.2944774898034037 1
1697475677.9761176 0.7934472968225429 0.29580452216241016 1
1697475678.0264046 0.8024345945018686 0.29985640272612607 1
1697475678.076712 0.8054027414720707 0.3011940833637786 1
1697475678.1268508 0.8084472108487964 0.3025660173499692 1
1697475678.1767235 0.8114022015203776 0.30389753555687704 1
1697475678.227323 0.820423743576446 0.3079622984699468 1
1697475678.2776618 0.823414924022616 0.3093100421071662 1
1697475678.327501 0.8264829870955775 0.31069236144910073 1
1697475678.3777168 0.8324352363478921 0.31337532684622904 1
1697475678.4279099 0.8385091260860008 0.31611484383528105 1
1697475678.478116 0.844588466479357 0.3188588203564134 1
1697475678.528134 0.8475615205477635 0.3202101153566929 1
1697475678.5791879 0.8505023753202875 0.32154463893464635 1
1697475678.6287284 0.8535803337886066 0.3229424468786624 1
1697475678.679169 0.859572697018044 0.3256689723688987 1
1697475678.7288382 0.86572413118426 0.3284725660010028 1
1697475678.7790673 0.8687327673902774 0.32984602378334066 1
1697475678.8292024 0.8718138597804711 0.33125356802696887 1
1697475678.8789334 0.8778011653050307 0.3339917299854999 1
1697475678.9293592 0.8839458145332154 0.33680488730101815 1
1697475678.9794166 0.8869964766630964 0.33820218551381237 1
1697475679.0299416 0.890123783362585 0.33963452757418955 1
1697475679.0798123 0.8961980660864872 0.3424171120998484 1
1697475679.12991 0.9023467640161272 0.34523174699327147 1
1697475679.1801465 0.9053683019076544 0.3466182776275759 1
1697475679.2302325 0.9085018938524111 0.3480445112513069 1
1697475679.280409 0.9115763376074404 0.3494506342193284 1
1697475679.330524 0.9209434626412761 0.35371490019038304 1
1697475679.3810747 0.9271672010731814 0.3565440328945072 1
1697475679.43085 0.9271672010731814 0.3565440328945072 1
1697475679.4814095 0.9332951006863732 0.35932642416853344 1
1697475679.5314434 0.9395908523937961 0.36218230079050473 1
1697475679.5816646 0.9458902965097088 0.36503764288297724 1
1697475679.6316605 0.9489886089233719 0.36644142438739213 1
1697475679.682183 0.9520726959841731 0.3678384256626968 1
1697475679.7323725 0.9552568203649809 0.36928059715777645 1
1697475679.7835102 0.9614446843254115 0.3720826119547095 1
1697475679.8337069 0.9677612383798317 0.3749426164046742 1
1697475679.8837688 0.97087031189548 0.3763503760374392 1
1697475679.9337869 0.974072412727029 0.3778005953535613 1
1697475679.983848 0.977179463979489 0.3792081269152352 1
1697475680.0341666 0.9865536407937807 0.3834570613229973 1
1697475680.0841687 0.9896151477039867 0.3848557119809582 1
1697475680.134608 0.9927615043675321 0.38628736409035386 1
1697475680.1849554 0.9989935089953118 0.3891330130193076 1
1697475680.234622 1.0053017165160194 0.39201797802104854 1
1697475680.2848601 1.0116189489875798 0.39491190889651706 1
1697475680.3358812 1.014702904025859 0.3963265821900062 1
1697475680.3864353 1.0178113939480016 0.39775329691879646 1
1697475680.436504 1.0241344254760893 0.40065775937849435 1
1697475680.4865117 1.0305064948916955 0.4035861163684109 1
1697475680.5366178 1.033638365506767 0.40502530893969063 1
1697475680.5869093 1.0367742134648508 0.40646650095675724 1
1697475680.6369302 1.0431247973939621 0.40938299348589746 1
1697475680.6882334 1.049447984155984 0.41228464610391924 1
1697475680.7385294 1.052591057189341 0.41372500104175614 1
1697475680.7888896 1.05574218291588 0.4151644296605121 1
1697475680.8391564 1.058991524803817 0.4166491717541341 1
1697475680.9076395 1.065308733351827 0.41953139380531806 1
1697475680.969062 1.0717105051085931 0.42244864706696966 1
1697475681.0080483 1.0781201967641132 0.42536570118264083 1
1697475681.0517056 1.0812796173426888 0.42680249305760104 1
1697475681.094191 1.0844474334639247 0.42824258541996896 1
1697475681.1422741 1.0908836687174035 0.4311670271925712 1
1697475681.1917732 1.097317993994056 0.43408937966310523 1
1697475681.2412612 1.1004860188565524 0.435527932175287 1
1697475681.2914038 1.103654586724994 0.43696659541584704 1
1697475681.3412948 1.1100946324515915 0.43989054949205114 1
1697475681.3911593 1.1165335162475722 0.44281453197267767 1
1697475681.4417827 1.1197034360163391 0.444254635192397 1
1697475681.4915662 1.1228679227368346 0.44569287572847827 1
1697475681.5418391 1.1261249305263847 0.44717425132673005 1
1697475681.591886 1.1323884164609974 0.4500347873710044 1
1697475681.6417375 1.1387766827984416 0.45295501396696153 1
1697475681.6920545 1.1419293987831591 0.4543989584721297 1
1697475681.741997 1.1452197538757016 0.4559074339343148 1
1697475681.7920945 1.1515944595855185 0.4588349490821476 1
1697475681.8423426 1.1580377518050073 0.46179875835180073 1
1697475681.892781 1.1611858885789175 0.463248303085896 1
1697475681.9426146 1.1644481297624898 0.4647510668814351 1
1697475681.9941359 1.167617256793841 0.4662115645800054 1
1697475682.0431378 1.1740896387877688 0.4691943870536164 1
1697475682.09288 1.1804845660527454 0.47214150604174915 1
1697475682.1429317 1.1869129124858837 0.4751062706441448 1
1697475682.193819 1.1900678171750994 0.476555513057811 1
1697475682.2437272 1.196582079853711 0.47954549891096837 1
1697475682.2938805 1.2031277180343092 0.4825460954975715 1
1697475682.3438601 1.206351495912429 0.4840224179702806 1
1697475682.3939881 1.2095520389976826 0.48548731883954205 1
1697475682.4440038 1.2128421859139729 0.48699259470153217 1
1697475682.4941893 1.2192340692201087 0.4899148840741632 1
1697475682.5446005 1.2257731235961056 0.49290226643395246 1
1697475682.5947657 1.2290026476179148 0.49437702470589384 1
1697475682.6460204 1.2323132928743334 0.4958884435377106 1
1697475682.695266 1.2355264147430471 0.4973550396608187 1
1697475682.7453692 1.2420610321371748 0.5003369708725072 1
1697475682.7960134 1.2485121607516716 0.5032800666145634 1
1697475682.845832 1.251828373338715 0.504792791584895 1
1697475682.8959157 1.2615799461641408 0.5092425911482531 1
1697475682.9460895 1.264797763105905 0.5107118100506527 1
1697475682.9959526 1.271304315028729 0.5136882734395842 1
1697475683.046225 1.2744664066354756 0.5151404051048198 1
1697475683.0962734 1.2776681839279431 0.5166078511458793 1
1697475683.1463869 1.2842160568209389 0.5196181421354479 1
1697475683.196483 1.290759754373243 0.5226303861917758 1
1697475683.2464535 1.2939612351722738 0.5241059919403831 1
1697475683.2966256 1.2971660875487936 0.5255841484664248 1
1697475683.3466287 1.300490893031711 0.5271184180098395 1
1697475683.3968592 1.3069567770019797 0.5301041565920303 1
1697475683.4468508 1.3135346736189435 0.5331421722116534 1
1697475683.4970496 1.316762707898325 0.5346329058499043 1
1697475683.5473459 1.3200877588401092 0.5361680287789915 1
1697475683.5976474 1.3265372957245305 0.5391435921786462 1
1697475683.6474025 1.333079785446964 0.5421555840669104 1
1697475683.6981363 1.3363297474125275 0.5436511822550346 1
1697475683.7477915 1.3396864130271522 0.5451918965995165 1
1697475683.798305 1.349535275511901 0.5497073982803857 1
1697475683.848347 1.3527884556028817 0.5511974378749432 1
1697475683.8982532 1.356035513667241 0.5526839985698826 1
1697475683.9485443 1.3626468600749118 0.5557090908974799 1
1697475683.9984365 1.3659105640287503 0.5572015429898344 1
1697475684.0486426 1.372529291611723 0.5602269190798893 1
1697475684.0988398 1.3791454376156336 0.5632498191010841 1
1697475684.148964 1.3824034557671254 0.5647380678684777 1
1697475684.199149 1.3856642043641554 0.5662274196677737 1
1697475684.2491863 1.3922914002749236 0.5692542018142355 1
1697475684.2993562 1.3989115455653665 0.5722780810574463 1
1697475684.3497734 1.4021688508627008 0.57376654884824 1
1697475684.3999193 1.4054195307101511 0.5752525317389039 1
1697475684.4502742 1.4087676199967971 0.5767841150597742 1
1697475684.500596 1.4152082509467443 0.5797415805834644 1
1697475684.550495 1.4217730778225315 0.5827587616397784 1
1697475684.6007593 1.425011160916065 0.5842494024565588 1
1697475684.6507046 1.4283886681771092 0.5858055189507753 1
1697475684.701651 1.4349342253052382 0.588826076892399 1
1697475684.7508483 1.4415568919871473 0.5918864882744748 1
1697475684.8014555 1.4448090258563728 0.5933905185554619 1
1697475684.8511784 1.4481637818445692 0.5949424587965282 1
1697475684.9014628 1.4546840609952472 0.5979589094876174 1
1697475684.9515076 1.4613393986366026 0.6010367699022635 1
1697475685.0017846 1.4646190189242774 0.6025526887545991 1
1697475685.0517962 1.4679968518331565 0.6041127984990101 1
1697475685.101938 1.4745272209816735 0.607122734104794 1
1697475685.1519797 1.4812022827860678 0.6101926782026327 1
1697475685.2023866 1.484499211207173 0.611705284510902 1
1697475685.2534282 1.487898041036564 0.6132634773101835 1
1697475685.3026226 1.4911988257485513 0.6147753624366694 1
1697475685.3533053 1.5012018446051962 0.6193504453877857 1
1697475685.4031646 1.5079048539971431 0.6224119375979602 1
1697475685.4529495 1.5112090673274343 0.6239201675838503 1
1697475685.5028338 1.5145102451123285 0.6254265902751553 1
1697475685.5533204 1.521205507427242 0.6284810485350512 1
1697475685.6034696 1.527891218738389 0.6315305678906024 1
1697475685.6538403 1.5311839895399042 0.6330325477239004 1
1697475685.704325 1.5344732826064864 0.6345330584953087 1
1697475685.7543213 1.5378607255300822 0.6360787841699819 1
1697475685.8046644 1.544427708787758 0.6390770081563553 1
1697475685.8546388 1.5510692505802728 0.6421127324854842 1
1697475685.9047506 1.554315412845931 0.643603562996356 1
1697475685.9549541 1.5576308228539015 0.6451261300280232 1
1697475686.0056055 1.5608898989962088 0.6466247573647829 1
1697475686.055195 1.567537832999227 0.6496831227127305 1
1697475686.1054344 1.574105281729902 0.6527074182845825 1
1697475686.1554196 1.5807246643269157 0.6557561951202361 1
1697475686.20552 1.5840061153748146 0.657267171163323 1
1697475686.2558382 1.590721470556511 0.6603574029754539 1
1697475686.3069375 1.5974582580121421 0.6634529150232289 1
1697475686.356511 1.600773983419879 0.6649742946912173 1
1697475686.4069304 1.604084599098625 0.6664917991723526 1
1697475686.4566767 1.6108223283518341 0.669576124884705 1
1697475686.5068436 1.6176003192289075 0.6726636944704668 1
1697475686.560292 1.6209639532698326 0.6741942703925214 0
1697475686.6164188 1.624332093043547 0.6757240644934033 0
1697475686.6710274 1.6311356802010395 0.678803677044691 0
1697475686.7234938 1.6379104863519225 0.6818517087150929 0
1697475686.779485 1.644598288595679 0.6848379844514367 1
1697475686.8409224 1.6514747740186926 0.6878813740118006 0
1697475686.8926995 1.6617557436597865 0.692369743300933 0
1697475687.0111184 1.6651575745148133 0.6938371239022074 0
1697475687.0685036 1.675433587399441 0.6982122670197162 0
1697475687.1288648 1.6823120908786227 0.7010838460613903 0
1697475687.1855738 1.6857007660445031 0.7024811818101507 1
1697475687.2436507 1.6892029447785517 0.7039158735292619 1
1697475687.296245 1.69596389869181 0.7066502744447839 1
1697475687.3453171 1.7029273817827162 0.709414010243989 0
1697475687.4014797 1.7063630794629023 0.7107564601398274 0
1697475687.4563737 1.7168549180378396 0.7147745824802428 1
1697475687.5175252 1.7204093358270258 0.71610743759196 0
1697475687.5680215 1.7273441097090987 0.7186650254640424 1
1697475687.6301508 1.730929475495935 0.719964942665949 1
1697475687.6870112 1.7379100924115627 0.7224503682136008 1
1697475687.7415068 1.7450070377680935 0.7249133432308859 0
1697475687.80029 1.7485141328586182 0.7261059138725136 0
1697475687.85842 1.7556409443722678 0.7284803858568798 1
1697475687.9199328 1.7627919764815803 0.7307897277878339 1
1697475687.9812412 1.7698820690642068 0.7330009443133667 1
1697475688.0341055 1.7735552555315488 0.7341114047352233 1
1697475688.0874667 1.7771510081081456 0.7351755016412851 1
1697475688.1384144 1.7845096201438564 0.7372892338074039 1
1697475688.193046 1.7919191751292416 0.7393256033232654 1
1697475688.2537427 1.7995603128492332 0.7413303300275947 1
1697475688.3122542 1.8072519244207184 0.7432513573988869 1
1697475688.3672786 1.8148507069824664 0.7450542734106268 1
1697475688.4250102 1.8187649192264528 0.7459466607966638 1
1697475688.4753342 1.8225554167570885 0.7467874670305132 1
1697475688.5279675 1.8301933590013457 0.7484191444781171 1
1697475688.5778913 1.8377590510712323 0.7499413116657927 0
1697475688.637636 1.841678354651452 0.7506924163296141 1
1697475688.6975164 1.853297244633529 0.752782831832256 1
1697475688.7561457 1.857102133126552 0.7534235770511657 0
1697475688.8136249 1.8648217228359703 0.7546561754619912 0
1697475688.8656437 1.8686319799044253 0.7552315684171507 0
1697475688.92112 1.8724461201395286 0.7557857273149757 0
1697475688.974368 1.8802010719102615 0.7568451908505464 0
1697475689.0322616 1.887952355417575 0.7578123820971331 0
1697475689.0873952 1.8955975271322802 0.7586760928845665 0
1697475689.1461732 1.8995380962218056 0.7590863482775485 0
1697475689.2002125 1.9071882272416776 0.7598153167490546 0
1697475689.255178 1.914958450669679 0.7604629042172101 0
1697475689.306414 1.918787461209439 0.7607450048637352 0
1697475689.3690507 1.9303972974111112 0.7614511641454248 0
1697475689.4221165 1.934348099845596 0.7616399906223823 0
1697475689.4727473 1.9381826479316004 0.7617961842749592 0
1697475689.5259848 1.9459477894674428 0.7620382841007093 0
1697475689.5777733 1.953530270261669 0.7621653422180941 0
1697475689.6288323 1.9574342626866688 0.7621903245530881 0
1697475689.676715 1.9612332764342197 0.7621888478114806 0
1697475689.7281692 1.9688946820468707 0.762113848478539 0
1697475689.7884731 1.9726471786738569 0.7620362268528622 0
1697475689.8428726 1.9802516744723442 0.7618041353833097 1
1697475689.898181 1.9877885387566616 0.7614729122208862 0
1697475689.951589 1.9954098070229296 0.7610382016770703 0
1697475690.0091534 1.9991809183047866 0.7607881773329214 0
1697475690.0635738 2.006765741185365 0.7602149556877307 0
1697475690.1130407 2.0143228780050704 0.7595508698132152 0
1697475690.168379 2.018041322950415 0.759189705662391 0
1697475690.2243264 2.021778240561489 0.7588040936400764 0
1697475690.2842066 2.033110186480926 0.7574957489727735 0
1697475690.3438337 2.0369633533985523 0.7570031840524495 0
1697475690.3996775 2.0444065901688755 0.7559828890090275 0
1697475690.4557066 2.0519331973325765 0.7548602187429823 0
1697475690.5068405 2.059456628496079 0.7536412481913601 0
1697475690.5593607 2.0631649007308015 0.7530052007796151 0
1697475690.6164362 2.06687769509779 0.7523454424962618 0
1697475690.6749332 2.0780810522175104 0.7502155753432729 0
1697475690.7513685 2.0855511349397147 0.7486780550975027 0
1697475690.8102233 2.089217216957341 0.747886946859125 0
1697475690.8631952 2.0966434383161516 0.7462134849706751 0
1697475690.9188795 2.1040411935644925 0.7444574125187492 0
1697475690.9722836 2.107650834405098 0.7435662486364935 0
1697475691.0261388 2.111225502839892 0.7426592888331811 0
1697475691.0857775 2.122010383859148 0.739783578397235 0
1697475691.1387308 2.122010383859148 0.739783578397235 0
1697475691.1883655 2.1292332440216657 0.7377525487134249 0
1697475691.2384398 2.132813648719346 0.7367112559717551 0
1697475691.2884984 2.136515388811517 0.735614554521055 0
1697475691.338795 2.1435963828232647 0.7334528620323635 0
1697475691.3887794 2.1507185473775166 0.7311924212489488 0
1697475691.438925 2.157900200522798 0.7288266970303865 0
1697475691.4900622 2.164923042479443 0.7264294511649735 0
1697475691.5393593 2.168514500954419 0.7251714530181579 0
1697475691.5897605 2.171990973087823 0.7239329208983066 0
1697475691.639846 2.1754827040966243 0.7226688396149596 0
1697475691.6904106 2.182557997364806 0.7200451013209556 0
1697475691.739968 2.189571429375184 0.7173623026734532 0
1697475691.790812 2.1964483726945647 0.7146520750191688 0
1697475691.840734 2.199982153010744 0.7132285120329448 0
1697475691.8906143 2.2034145934045672 0.7118260425900216 0
1697475691.9406812 2.2068417396052014 0.7104066523540534 0
1697475691.9910688 2.2137797555036327 0.7074744616616553 0
1697475692.0407548 2.220668433945912 0.7044850779994962 0
1697475692.0909307 2.2240470845997695 0.7029904402249668 0
1697475692.1408396 2.2274144720015796 0.7014826587991081 0
1697475692.190887 2.2375658078280907 0.6968371294470739 0
1697475692.2414973 2.2409812638897306 0.6952392744136597 0
1697475692.2914703 2.2442890829137774 0.6936733640999271 0
1697475692.3418393 2.2475961662538024 0.6920923014933649 0
1697475692.391854 2.2509991007879484 0.6904490996500132 0
1697475692.4419625 2.2576086684148367 0.6872167733286317 0
1697475692.4921987 2.2642873288148064 0.6838929009550806 0
1697475692.5426114 2.267565477065211 0.6822413615416276 0
1697475692.593555 2.2774634502520974 0.6771728586740106 0
1697475692.6429744 2.2840303651191998 0.6737479789104144 0
1697475692.702778 2.2872262682716182 0.6720558797356899 0
1697475692.753012 2.290557112823921 0.6702801543354698 0
1697475692.8049867 2.293805269212904 0.6685303040702376 0
1697475692.8510568 2.300385928307222 0.6649432580191579 0
1697475692.8947103 2.3067915869111486 0.6613936928306864 0
1697475692.9447029 2.310061580133807 0.6595593414135343 0
1697475692.9951396 2.3132428293148273 0.6577606653525968 0
1697475693.045982 2.3164438360667137 0.6559373431333532 0
1697475693.0960686 2.322932746268095 0.6521994636506403 0
1697475693.146254 2.3293788524949144 0.6484312869878628 0
1697475693.2005389 2.332527002148877 0.646570968876997 0
1697475693.2466817 2.335668803151575 0.6447013205488826 0
1697475693.2975304 2.342031163087461 0.6408766085512926 0
1697475693.3506005 2.348406390614715 0.6369944451912247 0
1697475693.4008813 2.35153679965241 0.635070143335335 0
1697475693.450963 2.3546465025673897 0.6331473724697481 0
1697475693.5011423 2.357842218465765 0.6311613881410416 0
1697475693.551152 2.3640112864736906 0.62730050088043 0
1697475693.6014159 2.373321278606701 0.6214066740624399 0
1697475693.6578538 2.3764928080023267 0.6193801180146866 0
1697475693.7021034 2.3795780009994165 0.6174010558186772 0
1697475693.7522051 2.385787096110785 0.6133972371403875 0
1697475693.8025699 2.391886002107503 0.6094390532867218 0
1697475693.8530886 2.395020502102207 0.607395242185538 0
1697475693.9094167 2.3980770472829342 0.6053963917780625 0
1697475693.955536 2.4011336385185738 0.6033916240958668 0
1697475694.010987 2.407344874768895 0.5993008589007254 0
1697475694.0593805 2.41353296596797 0.5952026827976182 0
1697475694.1086419 2.4165668510933593 0.5931851566825281 0
1697475694.1566007 2.419590936549177 0.5911690449215216 0
1697475694.206769 2.422693952677963 0.5890905145732247 0
1697475694.2572188 2.4317842412292885 0.5829682831250872 0
1697475694.3070228 2.4347975947286 0.5809245831357897 0
1697475694.3567905 2.437790689440375 0.5788880563007169 0
1697475694.4078224 2.4469045953575583 0.5726530590157186 0
1697475694.45762 2.4500113090944 0.5705162591090188 0
1697475694.50821 2.4530224631352993 0.5684398101007915 0
1697475694.5604277 2.459090952201941 0.564240070647201 0
1697475694.612323 2.4620755336085756 0.5621674118747625 0
1697475694.6616776 2.4681632171398338 0.557926749473759 0
1697475694.711899 2.4741542291509306 0.5537371263116008 0
1697475694.7603006 2.4772379070494117 0.5515749376008717 0
1697475694.8101652 2.4802144946775933 0.5494848310559539 0
1697475694.8600981 2.483185996941669 0.547396671622063 0
1697475694.9098115 2.4892024344368195 0.5431617505513039 0
1697475694.959906 2.495203497149077 0.5389400748193475 0
1697475695.010204 2.49817234615811 0.5368498523552785 0
1697475695.062611 2.5011441315989753 0.5347561290888061 0
1697475695.1132147 2.507171440633701 0.5305120557235624 0
1697475695.163443 2.5132039378448083 0.5262677816146818 0
1697475695.2139735 2.516171368004177 0.5241814346363308 0
1697475695.2637222 2.5191414444555935 0.5220945359764065 0
1697475695.314045 2.5251768879192453 0.517857881513772 0
1697475695.3640969 2.531227434770719 0.5136169282712001 0
1697475695.4143124 2.5342082690125567 0.511530030233019 0
1697475695.464637 2.537188846013496 0.5094451165810374 0
1697475695.5148396 2.5432377343454693 0.505218829261468 0
1697475695.5649066 2.549277645729846 0.501006198902276 0
1697475695.6147625 2.552236433714215 0.49894516336278755 0
1697475695.6651118 2.5551640918444622 0.4969029194436851 0
1697475695.715036 2.558232211793714 0.49476125211475397 0
1697475695.7660656 2.567305136430232 0.4884423334891703 0
1697475695.815951 2.5703173708020777 0.4863464336987375 0
1697475695.8662066 2.573286358002088 0.4842822143779157 0
1697475695.916943 2.579309340055417 0.4801001422150577 0
1697475695.9667184 2.5853972047376583 0.47588116644790335 0
1697475696.0167727 2.5914063481562337 0.47172603635024374 0
1697475696.0669498 2.5945067585380928 0.4695861514745081 0
1697475696.1168888 2.5974952500128534 0.4675263299118054 0
1697475696.1670735 2.6004812445992753 0.46547134937465895 0
1697475696.2173543 2.6065479389749084 0.4613065569164172 0
1697475696.2677908 2.612652051354347 0.4571325612118368 0
1697475696.3178315 2.615660483817772 0.45508306759637507 0
1697475696.3676991 2.6186729420117754 0.45305100693771183 0
1697475696.4180713 2.6247443319930928 0.4489457419217346 0
1697475696.4682941 2.630828258605428 0.4448582740958843 0
1697475696.5181444 2.6338329566982983 0.4428496804392582 0
1697475696.5684144 2.6399706064468496 0.4387690624891545 0
1697475696.6229978 2.6460323749579673 0.43476814799277064 0
1697475696.6686935 2.64916216816637 0.4327137657799816 0
1697475696.7186747 2.6521944546898633 0.4307309013846918 0
1697475696.7698627 2.658361495139619 0.4267210701560518 0
1697475696.8204324 2.661404367765654 0.4247538405045594 0
1697475696.869456 2.6676073181392246 0.42076610124995406 0
1697475696.919397 2.673726267488789 0.4168616086151295 0
1697475696.9695435 2.6768709004580917 0.41486391804078515 0
1697475697.0202255 2.679894088619723 0.41295312374721316 0
1697475697.069774 2.682931410452247 0.4110283548569961 0
1697475697.1197207 2.689176145689478 0.4071064929901638 0
1697475697.1702518 2.6955051744092917 0.40315336046102934 0
1697475697.220322 2.698575119828293 0.401245259412346 0
1697475697.2706873 2.7016524038536067 0.3993393038719824 0
1697475697.3207252 2.7078871576813732 0.39549407043576634 0
1697475697.3712814 2.714195637741555 0.3916293314721604 0
1697475697.421177 2.717303910560396 0.38973464969250693 0
1697475697.4711869 2.72043543715879 0.3878323649426595 0
1697475697.521425 2.7236685611652742 0.3858753432596991 0
1697475697.571671 2.7298939488409775 0.38212850227446804 0
1697475697.6216395 2.736220270273104 0.3783501471315766 0
1697475697.6714194 2.7393526425632047 0.37649095117072207 0
1697475697.721639 2.7457233440445945 0.3727345106922543 0
1697475697.7718782 2.752092164634769 0.36903016857185483 0
1697475697.8217204 2.7583412474886386 0.365434748724225 0
1697475697.8719213 2.761558990894336 0.3635908994957747 0
1697475697.9221618 2.764701931115531 0.36180195836423074 0
1697475697.973187 2.7711375632336694 0.3581695043118606 0
1697475698.0232515 2.777473173945051 0.3546361928255077 0
1697475698.073546 2.780742399612638 0.3528294367559925 0
1697475698.1238844 2.7839062102995378 0.3510916081973222 0
1697475698.1736016 2.7870841276306795 0.3493563524620142 0
1697475698.2236593 2.7935525727332244 0.3458560789827971 0
1697475698.2743647 2.8000579543313213 0.3423771823956398 0
1697475698.3242614 2.8032548174613763 0.3406820985066226 0
1697475698.3745606 2.8064325594761215 0.3390074264438432 0
1697475698.4245353 2.8128935180359407 0.3356193070799686 0
1697475698.4746547 2.8194242528623077 0.33222896661109347 0
1697475698.524782 2.8226739184169913 0.3305559245028142 0
1697475698.5748956 2.8259101424729214 0.32889817079479944 0
1697475698.624773 2.832481268909823 0.3255591698152371 0
1697475698.6751907 2.839016783269203 0.32227386122365076 0
1697475698.7254376 2.842258002160491 0.3206576762723862 0
1697475698.775588 2.8455271184400326 0.3190362468635803 0
1697475698.8256476 2.852184292902514 0.31575976008219825 0
1697475698.8758044 2.8588345820801857 0.3125166019317019 0
1697475698.9261138 2.8620991206291033 0.3109372022681253 0
1697475698.9761298 2.865364345019923 0.3093658232390114 0
1697475699.026828 2.8687345240021003 0.30775291093597973 0
1697475699.0763898 2.875322962731659 0.3046262328658532 0
1697475699.1264775 2.882049527601532 0.3014701131006577 0
1697475699.176766 2.8853476807826945 0.2999357297940358 0
1697475699.2269173 2.892046699716926 0.29684785994619717 0
1697475699.2768083 2.8987811042604226 0.2938094748876658 0
1697475699.3270438 2.9053823492610817 0.29085891217158283 0
1697475699.3777578 2.9087902385239612 0.28935194527977853 0
1697475699.4285965 2.912099072221637 0.2878994253166247 0
1697475699.4774547 2.9188561930225383 0.2849674442835332 0
1697475699.5276785 2.9255283954013085 0.28211742949196295 0
1697475699.577799 2.9289711608025084 0.2806639647619027 0
1697475699.6279163 2.9323054233541086 0.2792668695590187 0
1697475699.6784968 2.9390499151858673 0.27647180858551074 0
1697475699.7283092 2.9456898960115807 0.27374811407042754 0
1697475699.7796965 2.9491450319320918 0.2723453760776337 0
1697475699.8292816 2.952534392044082 0.27097958487022994 0
1697475699.8790734 2.955886023052201 0.2696372126313139 0
1697475699.9291716 2.9627030919960573 0.2669341143644457 0
1697475699.9792335 2.9695048983452685 0.26427350766341945 0
1697475700.029869 2.97289448180035 0.26296108624347936 0
1697475700.0795 2.9762849787000745 0.26165708830826767 0
1697475700.130355 2.9831966437704533 0.2590259068163163 0
1697475700.181033 2.990089646657512 0.256437439913994 0
1697475700.2309728 2.9934952778854527 0.2551716967651929 0
1697475700.281002 2.996911287068532 0.25391041537557524 0
1697475700.3309145 3.000435882536088 0.25261702973462663 0
1697475700.3813245 3.007284906093342 0.25012488389702714 0
1697475700.4313796 3.014244633147386 0.24762570254069705 0
1697475700.4816306 3.017677458553673 0.24640560510336074 0
1697475700.5315845 3.028111796421698 0.24274634245496632 0
1697475700.582044 3.028111796421698 0.24274634245496632 0
1697475700.6318672 3.035118698489687 0.24032938354139677 0
1697475700.681843 3.0385700849730264 0.2391517924411339 0
1697475700.7318172 3.049036096925056 0.23564253724422562 0
1697475700.7877572 3.052596877952838 0.2344802722961831 0
1697475700.8320327 3.056037782423045 0.23336004336679647 0
1697475700.8821132 3.05946512734138 0.2322503953406807 0
1697475700.9323125 3.0630071238667327 0.2311160849691042 0
1697475700.9824798 3.0699020095716985 0.22893608848050476 0
1697475701.0327313 3.0768977970235816 0.22676147175205272 0
1697475701.0827806 3.083841764695202 0.22463061213515326 0
1697475701.1332552 3.0908102111332663 0.22252721161678887 0
1697475701.1829748 3.0944318131398814 0.2214460723194071 0
1697475701.2333243 3.097896430337345 0.22042033856408896 0
1697475701.2833219 3.1013362396825226 0.2194096712223531 0
1697475701.3337326 3.108324607869168 0.2173803924645956 0
1697475701.3837237 3.115448968978741 0.21534379583524327 0
1697475701.4339776 3.1224927030579455 0.21336158482154316 0
1697475701.4840279 3.1261294406246978 0.2123502006535105 0
1697475701.5341992 3.129616010272934 0.21138825620404258 0
1697475701.5843709 3.1366855327509064 0.20946054288081367 0
1697475701.6344883 3.1436937062311503 0.20757910643087976 0
1697475701.684683 3.1473310172604965 0.20661372491299182 0
1697475701.7348936 3.150867295357769 0.2056813718340008 0
1697475701.7847536 3.154380308323026 0.20476118576716817 0
1697475701.8357706 3.1615183163564478 0.20291239296539273 0
1697475701.8857946 3.1686617819727916 0.2010902220686591 0
1697475701.9354453 3.172207021201953 0.2001965909709116 0
1697475701.986386 3.175756035529059 0.19930841185937556 0
1697475702.0363219 3.1829722289796636 0.19752194855612762 0
1697475702.0860507 3.1901629652416057 0.19577118645575853 0
1697475702.1360872 3.1937058771174334 0.19491936297970988 0
1697475702.1862338 3.197245757053818 0.1940755788677645 0
1697475702.2363093 3.2008917792774727 0.19321439670924354 0
1697475702.286609 3.2079915227334177 0.19157187517797247 0
1697475702.3366146 3.2151476298729325 0.1899430738978009 0
1697475702.3865235 3.2186525924884943 0.18915436804999103 0
1697475702.437728 3.225691450645235 0.18758640267578358 0
1697475702.487903 3.2329121713356135 0.18600393284625075 0
1697475702.53791 3.240060518338107 0.1844639742057651 0
1697475702.5877552 3.2437202860786156 0.1836856158520663 0
1697475702.637878 3.2472501494938832 0.1829414456435524 0
1697475702.688138 3.2544323323382414 0.18144655079579064 0
1697475702.738717 3.261537767228816 0.1799926933574222 0
1697475702.789061 3.2652151771663127 0.17924983517212556 0
1697475702.838924 3.268781813658919 0.17853548500398705 0
1697475702.8888042 3.2759972298666327 0.1771084765906071 0
1697475702.9389718 3.2831150711655503 0.175724155173816 0
1697475702.9891489 3.286788450871356 0.1750186679476466 0
1697475703.0393128 3.290366365210677 0.17433719595395936 0
1697475703.0899303 3.293944559214866 0.17366105605310028 0
1697475703.1408093 3.3012164763849796 0.17230223545770956 0
1697475703.1904335 3.308480695243088 0.17096551129507556 0
1697475703.2403479 3.3120640670141475 0.1703139496295802 0
1697475703.2904444 3.3156483048789376 0.16966734257736496 0
1697475703.3409805 3.3193446155537307 0.16900587484774907 0
1697475703.3907113 3.3302426256281974 0.16708583880210148 0
1697475703.4408317 3.3338425393478994 0.1664614111692326 0
1697475703.4908297 3.3374404377835187 0.16584239774377035 0
1697475703.5410314 3.3447490218211384 0.1646005488356646 0
1697475703.5910256 3.3520616458125816 0.16337929856009745 0
1697475703.6410913 3.359252593895298 0.16220049298762063 0
1697475703.6912591 3.36294668249255 0.16160438874416191 0
1697475703.7414777 3.3665196397430805 0.16103952920361955 0
1697475703.7921321 3.3700455956213173 0.1604835203395366 0
1697475703.8422246 3.37724878692428 0.15934477363958577 0
1697475703.8932114 3.3845091737123036 0.15821880621759327 0
1697475703.9428413 3.3881369483580523 0.1576640579488861 0
1697475703.9935956 3.39173165773236 0.15711950445195713 0
1697475704.0438244 3.395433473843592 0.15656360047213794 0
1697475704.0943305 3.4025593673160035 0.1555078987687568 0
1697475704.1439872 3.4097841756032716 0.15445585670566242 0
1697475704.19426 3.4171383323469535 0.15340286976969236 0
1697475704.2443323 3.4207670775786476 0.15288976749710861 0
1697475704.2950847 3.4280260723639073 0.15187618375610137 0
1697475704.3448288 3.435174104079353 0.15089393952223656 0
1697475704.3948987 3.4388582787982185 0.1503937401818191 0
1697475704.4449925 3.4424751323407747 0.14990655702102293 0
1697475704.4967597 3.446100580678643 0.1494217885254624 0
1697475704.5458915 3.453469098149634 0.14844719686694802 0
1697475704.59593 3.46078010723969 0.14749431276180924 0
1697475704.645995 3.4643795315135764 0.14703028021494405 0
1697475704.696293 3.467977730414416 0.14656974494916092 0
1697475704.746197 3.47531211131083 0.14564128235689724 0
1697475704.796427 3.482687148687306 0.14472128902832695 0
1697475704.8463542 3.4863255073484756 0.14427202858857063 0
1697475704.8964229 3.489946216283433 0.1438281210463485 0
1697475704.946881 3.4936770694775228 0.14337399739562823 0
1697475704.9973326 3.5046271449786714 0.14206133229905732 0
1697475705.0470853 3.508249186964994 0.1416337515765008 0
1697475705.0971384 3.511873457209196 0.14120947181681315 0
1697475705.1473057 3.519173541522297 0.14035955049043905 0
1697475705.1971693 3.5264522147259703 0.13952285104145498 0
1697475705.2477112 3.5336545215046984 0.13869805293988935 0
1697475705.2974367 3.5373856518285387 0.13827680510754228 0
1697475705.3477943 3.5409851831125594 0.13787350277365887 0
1697475705.3981657 3.548236999992406 0.13707012259402795 0
1697475705.447958 3.5554084161906245 0.13628770704515172 0
1697475705.4980583 3.5591174309195535 0.13588761440961802 0
1697475705.548593 3.562739372588022 0.1354997435071346 0
1697475705.5988395 3.570069412964905 0.1347232489341554 0
1697475705.6487207 3.577278827672509 0.13397003250826797 0
1697475705.6988616 3.5809860035926038 0.13358666710181052 0
1697475705.749202 3.5845956651220927 0.1332159393069025 0
1697475705.8003764 3.5882196044055186 0.1328461829959222 0
1697475705.8493192 3.5955850051239637 0.13210190762367055 0
1697475705.8997433 3.602940282204901 0.1313676073614567 0
1697475705.9498084 3.6065555182406275 0.1310098601211871 0
1697475705.9998567 3.610169421336686 0.13065426331774654 0
1697475706.049866 3.613894787440363 0.13028980078551694 0
1697475706.0998018 3.624889188581106 0.12922616930415426 0
1697475706.1503944 3.6285236703402477 0.1288784139032788 0
1697475706.2003593 3.635887548860569 0.128179542952182 0
1697475706.2505324 3.639515586695143 0.12783802933503807 0
1697475706.3007562 3.6468995448709522 0.12714799862480233 0
1697475706.3508747 3.6541731469912953 0.12647499532683731 0
1697475706.4007154 3.657918976039154 0.12613114885399299 0
1697475706.450839 3.6615443777172967 0.12580015758710628 0
1697475706.5010028 3.66888137792972 0.12513175206808355 0
1697475706.5510178 3.6760108012936943 0.12447986023607903 0
1697475706.6012013 3.679740654299402 0.12414727249495211 0
1697475706.6513932 3.6833642108730693 0.1238223765222592 0
1697475706.7014852 3.68695552176651 0.12349831863397516 0
1697475706.751814 3.6942471986815084 0.12284614860756904 0
1697475706.8019724 3.7015445694074827 0.1222013110931148 0
1697475706.8520858 3.7051595925259275 0.12188470572273996 0
1697475706.9020019 3.7087747321507085 0.12156997485709727 0
1697475706.952269 3.712501493088293 0.12124728855926804 0
1697475707.0024128 3.7197262426925413 0.12062668868464078 0
1697475707.0524166 3.7270535942123324 0.12000350792137518 0
1697475707.1027398 3.734407619849376 0.1193842954950534 0
1697475707.1526902 3.738031925369074 0.1190812779206076 0
1697475707.2028651 3.7453754812076356 0.11847109007939459 0
1697475707.2530699 3.752612659903167 0.1178744365374558 0
1697475707.3032055 3.756343459187455 0.1175685989818561 0
1697475707.353531 3.7599711459091107 0.11727229820242717 0
1697475707.4034534 3.7636001154634524 0.11697692585461554 0
1697475707.453669 3.770972328766476 0.11638001952896126 0
1697475707.5037224 3.778340056986042 0.11578750054876984 0
1697475707.5540793 3.7819709415960348 0.11549693399204285 0
1697475707.604186 3.7856018127992916 0.11520727762345587 0
1697475707.6542175 3.7929803453813524 0.11462137425017661 0
1697475707.7043686 3.8003650777001377 0.11403842470176753 0
1697475707.7553067 3.8040045233639135 0.11375215927059916 0
1697475707.8049068 3.8076406350412952 0.113466664238854 0
1697475707.8548138 3.8150179168110463 0.11288933416512294 0
1697475707.905295 3.822363857781784 0.11231321468296097 0
1697475707.955019 3.8259354991074686 0.1120341530610122 0
1697475708.0052726 3.829505810936522 0.1117456427611576 0
1697475708.0550637 3.8332515192152834 0.11145042923870913 0
1697475708.1052244 3.8405495487177155 0.11087208907102447 0
1697475708.1554937 3.847908346820423 0.11028847778777072 0
1697475708.20568 3.851478408077524 0.11000645403215409 0
1697475708.2556975 3.8623542974859815 0.10915477983576362 0
1697475708.3062649 3.8661029821784014 0.10886369472270001 0
1697475708.356036 3.869745290564568 0.1085817349606994 0
1697475708.406334 3.87334258069879 0.10830418679790962 0
1697475708.4564917 3.8842714228062047 0.10746628062254306 0
1697475708.5068977 3.888015383853565 0.10718081522490111 0
1697475708.55704 3.8916506140882037 0.10690436166921631 0
1697475708.606878 3.8989836052287217 0.10634881029741158 0
1697475708.657108 3.9025952886794233 0.10607615049980935 0
1697475708.7082167 3.9099694660774382 0.10552124654923999 0
1697475708.7585251 3.91724084145959 0.10497635484527072 0
1697475708.8136184 3.9209898027929144 0.10469624920607895 0
1697475708.8634484 3.924614746098647 0.10442592463344146 0
1697475708.9087386 3.931974421318561 0.10387862942915566 0
1697475708.9588952 3.9392355636042513 0.10334048195468068 0
1697475709.0093763 3.942985677748947 0.10306317405204586 0
1697475709.0593307 3.9466267046513153 0.1027943118499055 0
1697475709.1096637 3.950259953732953 0.1025263508272289 0
1697475709.1597166 3.957637440778117 0.10198312392234891 0
1697475709.2098393 3.965013487397163 0.10144047985888813 0
1697475709.2599866 3.968650764423296 0.10117272685189313 0
1697475709.3104897 3.9722838108376517 0.10090501733992148 0
1697475709.3605595 3.979604074207553 0.10036152048829738 0
1697475709.411033 3.9868941351543565 0.09981030445130352 0
1697475709.4625473 3.9905076684477674 0.09953362017266237 0
1697475709.5127668 3.9941554651024247 0.09926207750812814 0
1697475709.5628257 3.9979105064578215 0.09897730998191544 0
1697475709.6132002 4.005110666838135 0.09843278734966807 0
1697475709.6628962 4.012387082037438 0.09788557167415399 0
1697475709.712904 4.015999417454351 0.09761486305934275 0
1697475709.7630033 4.023349408997728 0.09706704824115052 0
1697475709.813604 4.030674714030158 0.09652357368649692 0
1697475709.863685 4.037892780378751 0.09599033544065161 0
1697475709.913812 4.037892780378751 0.09599033544065161 0
