1698906204.4446745 0.02517715458801348 0.0038699599450401348 1
1698906204.671652 0.031171783804923397 0.004350494323900176 0
1698906204.7914257 0.03683806614132251 0.004866795490640483 0
1698906204.827031 0.03683806614132251 0.004866795490640483 0
1698906204.8611703 0.05225817214178303 0.0063194580321310765 0
1698906204.8938057 0.0666395968850747 0.007592141958965711 1
1698906204.9305136 0.07317717031827743 0.008061865821983264 1
1698906204.9937315 0.07914683089065917 0.008420129629849601 1
1698906205.0455184 0.09053843301349736 0.008794972920034335 1
1698906205.0844264 0.09568343691854769 0.00882787234239249 1
1698906205.122307 0.10043259213305915 0.008733595384838715 1
1698906205.1727438 0.10486395765301118 0.008583367100616086 1
1698906205.2226312 0.10866272540356911 0.008431664625589308 1
1698906205.2729175 0.11658841679802617 0.00823814659158014 1
1698906205.3229692 0.12007045267987355 0.00835835181789491 1
1698906205.3738022 0.12159858000392648 0.008435219214534209 0
1698906205.4235694 0.12309768063195389 0.008522063026535985 0
1698906205.4743624 0.12455296950726504 0.008620250550106654 0
1698906205.5238874 0.12669844268847225 0.008753130869181537 1
1698906205.573966 0.12893933436171112 0.00886863319799218 1
1698906205.624094 0.1300493852654097 0.008919374923818283 1
1698906205.6745622 0.1311503614407459 0.008971929839721636 1
1698906205.7244997 0.13311888614175957 0.009056975843073618 1
1698906205.774538 0.13487680880815545 0.009125657542126839 1
1698906205.8247724 0.1357047785653528 0.009156121404917774 1
1698906205.8756437 0.1364951379673456 0.00918299104654541 1
1698906205.9259827 0.13791811894897654 0.009228150494646679 1
1698906205.9758797 0.13921558654039376 0.009263526773217137 1
1698906206.0258555 0.13983122227805972 0.009278888265038965 1
1698906206.0760038 0.14042675663414778 0.00929228947086949 1
1698906206.1264565 0.1415162939220014 0.009313955814357597 1
1698906206.1761975 0.1425591829899656 0.009330729851007932 1
1698906206.2282202 0.14304580524265695 0.00933704815335177 1
1698906206.2770722 0.14352309000219513 0.00934238633648825 1
1698906206.327097 0.14398518154939402 0.009346925666050266 1
1698906206.3769243 0.14486104354891138 0.009352822882452106 1
1698906206.4270642 0.14569136115014705 0.009355657776832869 1
1698906206.4773538 0.14609468956518165 0.00935595153834621 1
1698906206.527194 0.14647635959256325 0.009355566485693863 1
1698906206.577646 0.14723983172460567 0.009353068128390134 1
1698906206.627629 0.14796667564946148 0.009348373870175486 1
1698906206.6778367 0.14833189752233364 0.009345145629979413 1
1698906206.7275908 0.1486860532919417 0.009341544155444083 1
1698906206.7780452 0.1497255382230408 0.009328212093777733 1
1698906206.8278687 0.15006272184955669 0.009322951006108254 1
1698906206.8781486 0.15040364204490259 0.009317174150461184 1
1698906206.928342 0.15105915633280922 0.009304647344000052 1
1698906206.9785082 0.15171112180523275 0.00929042647828547 1
1698906207.0287476 0.1520310715071633 0.009282790639258477 1
1698906207.0790412 0.15267234048499811 0.009266181687142364 1
1698906207.1291516 0.1529856816207388 0.009257440406064906 1
1698906207.1792183 0.15361326367966963 0.00923874998783598 1
1698906207.2292585 0.1539218104197613 0.00922896901656345 1
1698906207.279541 0.15454338846073254 0.009208060121827497 1
1698906207.329745 0.15484757583077088 0.009197250776840197 1
1698906207.3795073 0.15545844546287005 0.009174433809847985 1
1698906207.4297876 0.1560700736549979 0.009150082932650528 1
1698906207.4798706 0.1563716517049848 0.00913751974814196 1
1698906207.5299199 0.15667032941445422 0.009124724590143126 1
1698906207.5800946 0.1572710651393567 0.009097950492137736 1
1698906207.6301222 0.15756747867134943 0.00908422359446406 1
1698906207.6802094 0.15816869756284457 0.009055346855188556 1
1698906207.7305994 0.1584635444284562 0.00904067516457438 1
1698906207.7806163 0.15876475723757466 0.009025356567901767 1
1698906207.8310494 0.15935060325471406 0.008994561444322187 1
1698906207.8811314 0.15994931644504629 0.008961754067988902 1
1698906207.9313776 0.16024547941980344 0.00894502081969971 1
1698906207.9812725 0.1605484574284636 0.008927577675489825 1
1698906208.0315216 0.16084015882119573 0.008910476793527307 1
1698906208.0814924 0.16143385311447586 0.008874688030728967 1
1698906208.1338878 0.1620232826885013 0.008837888831618785 1
1698906208.1837182 0.16232134225906647 0.008818823923158484 1
1698906208.2339072 0.16261186426101837 0.008799949957276088 1
1698906208.2844439 0.16349060535036278 0.008741073136024334 1
1698906208.3354504 0.1640821119509066 0.008699924475531026 1
1698906208.3861206 0.16437451383284385 0.008679126632299458 1
1698906208.4360254 0.1646649544506053 0.00865819021187792 1
1698906208.4862096 0.16496198984219182 0.00863649779214384 1
1698906208.5363758 0.16554204457867863 0.008593271090232807 1
1698906208.5865717 0.166136545711489 0.00854779061947674 1
1698906208.6368635 0.16643050422765643 0.00852486733721525 1
1698906208.6870253 0.16673154009023494 0.008501123352106479 1
1698906208.737793 0.1673138863642052 0.008454368598697101 1
1698906208.7877178 0.16790661688472105 0.00840569353778254 1
1698906208.838088 0.1682006286281678 0.00838112156971723 1
1698906208.887926 0.16849834331602548 0.008356005435291485 1
1698906208.9380329 0.16907782774862198 0.008306315033634448 1
1698906208.9882605 0.16967418721409894 0.008254100560675057 1
1698906209.0385373 0.1699692777905153 0.008227842782378838 1
1698906209.0883455 0.17027151923848233 0.00820068969905271 1
1698906209.1385946 0.17056275602373394 0.008174282237018672 1
1698906209.1887426 0.17115600213963633 0.008119672599257822 1
1698906209.2387803 0.17174120695798203 0.008064758518660203 1
1698906209.28881 0.17203981848838268 0.008036371881374214 1
1698906209.3389792 0.17233139302997458 0.00800840015354853 1
1698906209.3890305 0.17321433097999198 0.007922180402519387 1
1698906209.4390604 0.17350655033742712 0.007893140505715537 1
1698906209.4893906 0.1741039024243568 0.007832995528724013 1
1698906209.5397463 0.17439656089866445 0.0078031656997837534 1
1698906209.589807 0.17469607763944817 0.007772402006412407 1
1698906209.639665 0.17527951574619463 0.007711724083394603 1
1698906209.689806 0.17588004183928752 0.0076482493322155756 1
1698906209.7398877 0.1761772159028254 0.007616454785261303 1
1698906209.789962 0.17648192312355584 0.007583668858402762 1
1698906209.8405 0.17707003262660317 0.0075197855685335034 1
1698906209.8907497 0.17767363649590923 0.0074532042642235265 1
1698906209.9407358 0.17797247453193585 0.007419837835743808 1
1698906209.9911568 0.17827549325765338 0.007385763091867687 1
1698906210.041264 0.17856951383979577 0.007352427743201731 1
1698906210.090985 0.17917313892565165 0.007283166105133796 1
1698906210.1414275 0.17976891826699523 0.007213755864434577 1
1698906210.1914942 0.18007448241652688 0.007177761306882927 1
1698906210.2420151 0.18037343550732698 0.00714227914741022 1
1698906210.2918954 0.1812806817266466 0.00703300441344406 1
1698906210.3421965 0.18189401244308873 0.006957772136367418 1
1698906210.392073 0.18219773436538175 0.006920106811470196 1
1698906210.4422195 0.18250027213935047 0.006882340398475003 1
1698906210.493581 0.18281057129484904 0.006843355636024512 1
1698906210.543933 0.18341561129518943 0.006766551448101895 1
1698906210.5943565 0.1840411769789702 0.006686054947577472 1
1698906210.6443434 0.18435110854236403 0.006645761677482499 1
1698906210.694263 0.18466940477455474 0.006604122030933817 1
1698906210.744596 0.18497838326406527 0.006563434424300985 1
1698906210.794465 0.18560564661666432 0.006480069402255843 1
1698906210.844591 0.18622549168974023 0.006396675080179106 1
1698906210.8948553 0.18654377193107605 0.006353469080427434 1
1698906210.9461598 0.18716464521204573 0.006268412598628803 1
1698906210.9950256 0.18779714516439575 0.00618073642498793 1
1698906211.0453696 0.1881118048747263 0.0061367311428117246 1
1698906211.0956347 0.18875636808861104 0.006045790953247898 1
1698906211.1455376 0.18907379729761004 0.006000621811772133 1
1698906211.195581 0.18971621433893104 0.005908452731826564 1
1698906211.2456195 0.190035719350917 0.005862223915045534 1
1698906211.2957585 0.19069149289919718 0.00576653864349602 1
1698906211.3464954 0.1910145945964562 0.005719007801564402 1
1698906211.3964248 0.19134655310060983 0.0056699211813369295 1
1698906211.4467604 0.19199778845812665 0.005572839274370204 1
1698906211.4966052 0.1926668008425499 0.005472018087030991 1
1698906211.5467188 0.1929999204596343 0.005421410564972458 1
1698906211.5967367 0.193343104446636 0.0053690045584145 1
1698906211.6468556 0.19400852941527857 0.005266633970344808 1
1698906211.6967304 0.19469162043121102 0.00516045423880176 1
1698906211.7470741 0.19502618924816612 0.0051080722297619455 1
1698906211.7970898 0.19537266669430386 0.00505356359285394 1
1698906211.8475106 0.19604991616283027 0.004946209429164747 1
1698906211.8977733 0.19675486175762724 0.004833342356372838 1
1698906211.9477897 0.19710466604188107 0.004776911409566282 1
1698906211.997859 0.19746070212626773 0.004719225269228653 1
1698906212.0479076 0.19815916230914885 0.004605250244561182 1
1698906212.0980644 0.1988827720423418 0.004486031053105055 1
1698906212.1479154 0.1992423801193503 0.004426347585372865 1
1698906212.1983664 0.1996132400801854 0.004364518549314364 1
1698906212.2484577 0.19997287547245152 0.004304296040846797 1
1698906212.298567 0.20070819286024227 0.004180305117052753 1
1698906212.3486626 0.20143991886849533 0.0040558047943748555 1
1698906212.3987875 0.20181743328630483 0.003991147811890466 1
1698906212.448725 0.20218402541056507 0.003928076399349343 1
1698906212.498925 0.20331944754947778 0.0037309965207290696 1
1698906212.5488634 0.2036990668894145 0.003664513903487548 1
1698906212.5992687 0.2044807756718533 0.003526719284189767 1
1698906212.6492243 0.20486653749695186 0.0034582753526893125 1
1698906212.6993668 0.20565196518089898 0.0033180398736497706 1
1698906212.7494676 0.2060446384504669 0.0032474785284136286 1
1698906212.7996266 0.2064560059997467 0.003173227816232583 1
1698906212.8501902 0.20725984839119557 0.0030272156308487255 1
1698906212.9003477 0.20808350222494632 0.002876367690082768 1
1698906212.950017 0.20849310196995707 0.002800866708945098 1
1698906212.9999056 0.20934027921282794 0.0026437375203470473 1
1698906213.0503466 0.20975888528509223 0.0025656102837130945 1
1698906213.1002243 0.21061914496261 0.0024040928143255766 1
1698906213.1504505 0.2110472682198169 0.0023231993918503427 1
1698906213.200736 0.21193378282979372 0.002154679390135992 1
1698906213.2509918 0.21237195221074123 0.002070874662515375 1
1698906213.3011684 0.21327356016646432 0.0018974252101012854 1
1698906213.351242 0.2137225034876123 0.0018105167986466344 1
1698906213.4014018 0.21465333402528183 0.0016292619433285137 1
1698906213.4515095 0.2151135964209191 0.001539096867859525 1
1698906213.5015552 0.21606116813621215 0.0013526928242300364 1
1698906213.5517566 0.21702772228435288 0.0011608277159573857 1
1698906213.6022234 0.21750889218018812 0.0010646348190083343 1
1698906213.6519637 0.21799274661544696 0.0009676859628838473 1
1698906213.7018468 0.21899380957218906 0.0007658919563416481 1
1698906213.7518475 0.21949336120755084 0.0006643087365378311 1
1698906213.801962 0.22053568647115668 0.0004509980871229757 1
1698906213.852123 0.2210528748909644 0.00034441954662581243 1
1698906213.902358 0.22159264409844912 0.0002327606668735382 1
1698906213.9528878 0.22266867305070773 8.943451584716858e-06 1
1698906214.0027845 0.22380393363612824 -0.00022894222107356374 1
1698906214.0529244 0.22437106644746285 -0.0003486050168195309 1
1698906214.1028848 0.2249611199095013 -0.00047355620235966925 1
1698906214.153097 0.22611246743454463 -0.0007187713824043599 1
1698906214.2034242 0.22732394915740425 -0.000978460394578697 1
1698906214.2534423 0.22792896300023444 -0.0011090877753907565 1
1698906214.3035007 0.22856099894235424 -0.0012459470262368474 1
1698906214.3542907 0.22917773277289497 -0.0013800689790372824 1
1698906214.4042 0.23108469338878104 -0.001797462474991129 1
1698906214.4546099 0.23238872019382853 -0.0020853527111405735 1
1698906214.5070846 0.23303426047074707 -0.0022286353351170236 1
1698906214.5544329 0.2336939278329728 -0.002375354039002245 1
1698906214.6047025 0.23505467492297896 -0.002679805789774073 1
1698906214.6547499 0.2357402606946422 -0.0028337797153648297 1
1698906214.7050533 0.237168494731278 -0.00315619961838227 1
1698906214.7554424 0.2378768634749333 -0.0033170870387968683 1
1698906214.8057315 0.2386092411601944 -0.0034837082483289527 1
1698906214.8556104 0.24006060803998683 -0.0038157053408729505 1
1698906214.9058585 0.2423272404017752 -0.004337811851516225 1
1698906214.9758594 0.2431099069138485 -0.004519620603811195 1
1698906215.0209646 0.24387317836553793 -0.004696859794288789 1
1698906215.0647068 0.24387317836553793 -0.004696859794288789 1
1698906215.1065614 0.24543638275394963 -0.005061806854261285 1
1698906215.1566617 0.24700923825753718 -0.0054296179482941605 1
1698906215.2066915 0.24783947660228606 -0.0056219706540821205 1
1698906215.2567506 0.2486428798076484 -0.005810120151354669 1
1698906215.3068333 0.2510643402953232 -0.006379783133463861 1
1698906215.3567116 0.2519120015022744 -0.006580592092338106 1
1698906215.4067533 0.2536097226659977 -0.006986228286310718 1
1698906215.4572334 0.25444597510960276 -0.007187021222566899 1
1698906215.5071013 0.2553152681118455 -0.007396421420490748 1
1698906215.557564 0.2570181708439083 -0.007808049452405079 1
1698906215.6077514 0.25880093908809876 -0.008241069196658199 1
1698906215.6579542 0.2596934206743103 -0.00845882174258929 1
1698906215.707945 0.2606216972957698 -0.008685791050583005 1
1698906215.7587018 0.2624361650810746 -0.009131153457403823 1
1698906215.809129 0.26430668816457936 -0.009592623265324673 1
1698906215.8609002 0.2652451696753644 -0.009825203025970746 1
1698906215.9106474 0.26622669352889994 -0.010068968545802134 1
1698906215.9610615 0.26718038512904285 -0.010306269114813145 1
1698906216.0108716 0.2691539608803433 -0.010798988550483144 1
1698906216.0617661 0.27112939801296937 -0.011294533187272266 1
1698906216.1106641 0.27216295290624626 -0.01155473172272051 1
1698906216.1607237 0.27422866324428863 -0.01207672433905733 1
1698906216.2110765 0.27636941480936944 -0.012620346307616881 1
1698906216.2614486 0.2774337460090963 -0.012891605633064126 1
1698906216.3113294 0.2796680961883782 -0.013463223333951616 1
1698906216.3614557 0.28077661548663835 -0.013747871304875512 1
1698906216.4114985 0.28305391956619835 -0.014334819443642427 1
1698906216.461632 0.28420366877104114 -0.014632316412256978 1
1698906216.5117173 0.2866376180653482 -0.015264428365979597 1
1698906216.561999 0.28785123122460493 -0.015580810599179797 1
1698906216.6119666 0.28910160137789054 -0.015907643846298624 1
1698906216.6620429 0.29158229990595386 -0.016558531779009292 1
1698906216.7122269 0.2941831693624772 -0.017244483036538368 1
1698906216.762267 0.295504629098498 -0.017594431116212117 1
1698906216.8121076 0.2968902867758135 -0.01796232463524002 1
1698906216.8623881 0.2982520920891439 -0.01832470794764447 1
1698906216.912338 0.30101782266574684 -0.01906597803737072 1
1698906216.962584 0.3037001367609443 -0.0197938594666082 0
1698906217.0127804 0.30505096654136593 -0.020166621650018157 0
1698906217.0629041 0.3064322499035127 -0.02055242045376598 0
1698906217.1130874 0.30955881762910276 -0.02142950112637484 1
1698906217.1632721 0.31284752275440975 -0.02234990726546988 1
1698906217.2131507 0.31440461242438517 -0.02278869407612308 1
1698906217.2633784 0.31599338472070215 -0.023235097872477673 1
1698906217.3139412 0.32112027225312534 -0.02468716785804289 1
1698906217.3637846 0.3228735835821331 -0.02518469016230912 1
1698906217.4138494 0.3246312077236447 -0.025684107443184646 1
1698906217.463851 0.3281312907672353 -0.02668076023080347 1
1698906217.5141237 0.33187401053714427 -0.02774921551142832 1
1698906217.564229 0.3337404769858469 -0.028282898930066233 1
1698906217.6143243 0.3376299863526344 -0.02939670675998074 1
1698906217.664438 0.33953954323489777 -0.0299443099554922 1
1698906217.7147274 0.3414999742192932 -0.030506943153799447 1
1698906217.764887 0.34542832841579446 -0.031635594098233195 1
1698906217.8151278 0.3495243516416422 -0.03281407605092655 1
1698906217.8657198 0.3515974104613365 -0.033411103349797834 1
1698906217.9157126 0.3558178454331258 -0.034627674470718524 1
1698906217.975108 0.36005538355174943 -0.03585045962281305 1
1698906218.0223324 0.36005538355174943 -0.03585045962281305 1
1698906218.0720732 0.3642798315531641 -0.037070594885012416 1
1698906218.1216562 0.3665163101110972 -0.037716991328481775 1
1698906218.1714504 0.36872982825009093 -0.038357003774174656 1
1698906218.22141 0.37541884646795615 -0.040292431375114464 1
1698906218.2714155 0.3776245783327751 -0.04093075159706729 1
1698906218.321814 0.382226056010785 -0.042262946894992603 1
1698906218.3792348 0.38451841627563743 -0.04292662637583271 1
1698906218.4232812 0.38687873320628974 -0.04360975364966097 1
1698906218.473317 0.39147493089201213 -0.04493943881273295 1
1698906218.5233352 0.396190909014777 -0.0462927199375685 1
1698906218.5733192 0.39852296157820544 -0.046963619605911076 1
1698906218.6235857 0.4009766941812216 -0.04766884349558764 1
1698906218.6739886 0.4057327467457712 -0.04903643451370259 1
1698906218.7239904 0.4105724196831724 -0.05042756086561007 1
1698906218.7742603 0.41295742863630086 -0.05111271336848658 1
1698906218.824117 0.41544596758057284 -0.05182791535167049 1
1698906218.874205 0.42030549496755726 -0.05322417439921209 1
1698906218.924196 0.42531789698033 -0.054665424381822945 1
1698906218.9744594 0.42779030671157947 -0.05537678069669943 1
1698906219.0245137 0.43034735035468175 -0.0561128394028114 1
1698906219.0748267 0.4379077965866109 -0.0582915675178984 1
1698906219.125628 0.4379077965866109 -0.0582915675178984 1
1698906219.1754253 0.44294844797813004 -0.05974672751466341 1
1698906219.2254193 0.4455572062673884 -0.060500693079687376 1
1698906219.2753618 0.4506286724914302 -0.061969672505071544 1
1698906219.3254817 0.4557419919777412 -0.06345853836112347 1
1698906219.377245 0.4582684893560751 -0.06420283868630883 0
1698906219.4264834 0.4636656471040677 -0.06578832976121235 1
1698906219.4762945 0.46636431316916926 -0.06658253473355649 1
1698906219.526437 0.4690754654520268 -0.06738097711973828 1
1698906219.576573 0.4742920007325745 -0.06891794596193941 1
1698906219.6265972 0.479695061104991 -0.07051198210396702 1
1698906219.6767461 0.4824072998303203 -0.07131256921463856 1
1698906219.7268195 0.48526443855511103 -0.07215604314368666 1
1698906219.7769787 0.49070299334843415 -0.07376173708315545 1
1698906219.8270187 0.4962579219729106 -0.07540184380428383 1
1698906219.8773344 0.4989848798526387 -0.07620691979323084 1
1698906219.927405 0.5018677037186023 -0.07705800419270264 1
1698906219.977658 0.5046731542609185 -0.0778862286850161 1
1698906220.0278606 0.5104446510279789 -0.07958995999830923 1
1698906220.0778148 0.5161374737509052 -0.0812703636659984 1
1698906220.128793 0.5190382674809756 -0.08212639416713688 1
1698906220.1781752 0.5247127234581603 -0.08380045141925563 1
1698906220.2283452 0.5305963893490099 -0.08553557368839869 1
1698906220.2784698 0.5365163682829683 -0.08727957277631763 1
1698906220.3285031 0.5394402914297743 -0.08814030512877985 1
1698906220.3786035 0.5423529350954294 -0.0889958595052831 1
1698906220.428951 0.5482507820085895 -0.09072352645561836 1
1698906220.4790154 0.5511565401301145 -0.09157596649441797 1
1698906220.529115 0.5571409164866308 -0.0933283730071194 1
1698906220.5791678 0.5601062755890177 -0.09419476993648129 1
1698906220.6294687 0.5631487566830766 -0.09508287403427167 1
1698906220.6795268 0.5690448958838134 -0.0968024282875031 1
1698906220.730494 0.5750782419011252 -0.09856109556551164 1
1698906220.7804055 0.5780654267002745 -0.09943180691080558 1
1698906220.8304324 0.5811574646623577 -0.10033337619291537 1
1698906220.8806129 0.5841455209260206 -0.10120491582910453 1
1698906220.930462 0.5902205669241456 -0.10297807663836775 1
1698906220.980844 0.5962245536649633 -0.10473281666207013 1
1698906221.0313497 0.5993207570133101 -0.10563915050995554 1
1698906221.0807698 0.6023150879831852 -0.1065175814359457 0
1698906221.131025 0.6083513548058922 -0.108301495868984 1
1698906221.1807616 0.6144858695692778 -0.11011526684634397 1
1698906221.2308967 0.6176035383423394 -0.11103921694624437 1
1698906221.2809691 0.6236776382994904 -0.11284018301168712 1
1698906221.331147 0.6299408301076911 -0.1146995007842479 1
1698906221.3816373 0.6330345993384452 -0.11561827165239512 1
1698906221.4315894 0.6393301484292279 -0.11748795871427234 1
1698906221.48166 0.6424213653793658 -0.1184059410376144 1
1698906221.5316706 0.6456109156002529 -0.11935305206512704 1
1698906221.581949 0.6518390452028172 -0.12120218254031338 1
1698906221.6318262 0.6582499962845004 -0.12310500053447118 1
1698906221.6819997 0.6614183726324568 -0.1240450928619395 1
1698906221.7333667 0.6646740241982316 -0.12501083637091265 1
1698906221.7830627 0.6678257378995816 -0.1259454809844487 1
1698906221.8334723 0.674239647711678 -0.12784653527397097 1
1698906221.8834233 0.6806169854716012 -0.12973534296868963 1
1698906221.933279 0.6839109646286339 -0.13071002493310752 1
1698906221.9834592 0.6871033961578277 -0.13165403606312878 1
1698906222.0338697 0.6935820832306435 -0.13356144329190273 1
1698906222.0840886 0.699973550843801 -0.13544124561965956 1
1698906222.1339595 0.7032823834996618 -0.13641355639351269 1
1698906222.1841457 0.706503072880445 -0.13735908162123386 1
1698906222.234159 0.7130389612995278 -0.13927414126939175 1
1698906222.2847552 0.7194732986171172 -0.1411570343631827 1
1698906222.3343797 0.7227995632999676 -0.14212983602226828 1
1698906222.3845065 0.7292689931260253 -0.1440216781980749 1
1698906222.4347003 0.7358289022981064 -0.1459404598866415 1
1698906222.48508 0.7390601132567896 -0.1468860729494715 1
1698906222.5348833 0.7456287443307409 -0.14881011768548452 1
1698906222.5849257 0.7488594139895006 -0.1497581896637016 1
1698906222.6351333 0.7553314503071407 -0.15166619503625203 1
1698906222.6854405 0.7585748814094276 -0.15262555427289046 0
1698906222.7355158 0.7619233538385611 -0.15361690794982996 1
1698906222.7863488 0.768492893343019 -0.15556285229684313 1
1698906222.835809 0.7750899503858546 -0.15751853620763662 1
1698906222.8859499 0.7783299216702018 -0.15847929098247257 1
1698906222.9362488 0.7849595304108687 -0.16044499886682406 1
1698906222.986378 0.7882488282015356 -0.16142010420084332 1
1698906223.0364933 0.7916517134063723 -0.16242869724482145 1
1698906223.086683 0.7982270119589789 -0.16437701889401923 1
1698906223.1367002 0.8049240870033898 -0.16636062907141702 1
1698906223.1868746 0.8082243057179206 -0.16733782969580027 1
1698906223.2369175 0.8116475893806916 -0.1683512562078488 1
1698906223.2867994 0.8149739026005819 -0.1693357384127612 1
1698906223.338018 0.8217401490600865 -0.17133760002176715 1
1698906223.387313 0.8283984054212203 -0.1733064033998092 1
1698906223.4374661 0.8318249800964229 -0.1743188928002904 1
1698906223.4877105 0.8384968948101383 -0.17628820237111584 1
1698906223.538879 0.8452689041894663 -0.17827490428111595 1
1698906223.5887067 0.8520270760386681 -0.18026021755999766 1
1698906223.638247 0.8553612467143041 -0.18123730956592682 1
1698906223.6884937 0.8587088057062507 -0.18221722390568776 1
1698906223.7384143 0.8621532750235057 -0.18322433388432152 1
1698906223.788597 0.8688391473484149 -0.18517806046546684 1
1698906223.8385851 0.8756091188626796 -0.18715642155083034 1
1698906223.8887138 0.8789466145108653 -0.18813216295769367 1
1698906223.938897 0.8823836233461595 -0.18913737532743546 1
1698906223.9892197 0.8890596255027552 -0.19109136010837502 1
1698906224.0393221 0.8958333634867313 -0.19307669130477087 1
1698906224.0895703 0.8991551871080464 -0.1940538173271674 1
1698906224.1396747 0.9025373916466477 -0.19504805097371575 0
1698906224.1899724 0.9058278464186139 -0.19602390262569366 1
1698906224.2399008 0.9126324713640809 -0.19803697168901457 1
1698906224.2902536 0.9193072233119562 -0.2000159112875817 1
1698906224.340278 0.9227439131951679 -0.2010355448838966 1
1698906224.3902302 0.9260986178967507 -0.20203099933493585 1
1698906224.4405107 0.9362895114125745 -0.20505570131915524 1
1698906224.4905944 0.9396533347529279 -0.2060540519008301 1
1698906224.540693 0.9465047589931659 -0.20808712165431312 1
1698906224.590823 0.9498853210591391 -0.20909001226271742 1
1698906224.6407003 0.9567579460746108 -0.21112829382288698 1
1698906224.691149 0.9601466830491019 -0.21213302255709435 1
1698906224.7410789 0.9670450023852135 -0.2141775717454531 1
1698906224.791048 0.9704462789352837 -0.21518523164839787 1
1698906224.8414545 0.977356611309204 -0.21723142269623602 1
1698906224.8915217 0.9807610552864313 -0.2182387865400044 1
1698906224.9418664 0.987678964567118 -0.22028346550292097 1
1698906224.991586 0.9910884308544602 -0.22128515103973428 1
1698906225.0422163 0.9945932635977447 -0.22231593322128557 1
1698906225.0924175 1.0013855476872748 -0.22431483501576988 1
1698906225.1421392 1.008294162173665 -0.2263415530467992 1
1698906225.1926703 1.0117127680695939 -0.2273424143451432 1
1698906225.2424657 1.0152351211457227 -0.22837269806719365 1
1698906225.293032 1.0186553606818856 -0.2293724281455002 1
1698906225.342725 1.0255687609671154 -0.23139265840370718 1
1698906225.3928463 1.0323516422655126 -0.2333758816594899 1
1698906225.4429681 1.0358589264499696 -0.23440200835008781 1
1698906225.493451 1.0392653945205375 -0.23539921862357907 1
1698906225.5431597 1.0495168841496512 -0.2384053396174781 1
1698906225.5935898 1.0528324034294394 -0.23938463893138404 0
1698906225.6436539 1.0597386555382171 -0.24142782737676605 1
1698906225.6940176 1.0631700600792304 -0.24244376151587504 1
1698906225.7437694 1.0700266224202823 -0.24447608806125612 1
1698906225.79419 1.0733919989707223 -0.24547472382185354 1
1698906225.8440547 1.0802904525694645 -0.24752275979779667 1
1698906225.894263 1.0837222327514373 -0.24854193592164275 1
1698906225.9443555 1.0906622489314588 -0.2506031046843279 1
1698906225.9944394 1.0940616429806305 -0.2516126451868788 1
1698906226.044554 1.1010060345048769 -0.2536746342151992 1
1698906226.0944614 1.1044474173067913 -0.25469623017296417 1
1698906226.1451712 1.1114252846848258 -0.25676704207022133 1
1698906226.1948695 1.1148530367831857 -0.25778385460663517 1
1698906226.2450492 1.1218410425364729 -0.2598558844415981 1
1698906226.2949755 1.1252936335680888 -0.2608790847774615 1
1698906226.345139 1.1322933851864319 -0.2629518483520611 1
1698906226.3953178 1.135732584985012 -0.26396888737328433 1
1698906226.4459116 1.1427174727717406 -0.2660238752045622 1
1698906226.495935 1.1461511960472812 -0.2670359754120164 1
1698906226.5462766 1.14970038207213 -0.2680796627818152 1
1698906226.5959973 1.1566003011687216 -0.27010570397382383 1
1698906226.6462708 1.1636005086261545 -0.27215702554663074 1
1698906226.6966393 1.1670479810431444 -0.2731664561279797 1
1698906226.746825 1.1705910763117124 -0.27420380856877596 1
1698906226.796845 1.1740291573630905 -0.2752106115792739 1
1698906226.8467867 1.1844415617235502 -0.27826150336919436 1
1698906226.8974805 1.1878769397044528 -0.27926916997198004 1
1698906226.9474247 1.19141413336586 -0.280307400334843 1
1698906226.997874 1.1982399423949557 -0.2823142964760604 1
1698906227.0477514 1.2051178021817457 -0.28435185425176235 0
1698906227.097877 1.2085500574123065 -0.28536748635917014 1
1698906227.147712 1.215567438031365 -0.2874489230284686 1
1698906227.1977625 1.218976173033782 -0.2884613080112963 1
1698906227.2477496 1.2259059221728263 -0.2905208005294488 1
1698906227.298466 1.2293221126561844 -0.2915365714715341 1
1698906227.3482642 1.2363479336436847 -0.29362586331058294 1
1698906227.3985877 1.23981200722163 -0.29465598659856673 1
1698906227.4487038 1.2467936368526404 -0.29673180842401614 1
1698906227.4988117 1.2502369747694326 -0.29775533323625575 1
1698906227.548787 1.2572683394334916 -0.29984456640194085 1
1698906227.5988529 1.2607487730956912 -0.3008782168970206 1
1698906227.6488514 1.2643344048006357 -0.30194273282314343 1
1698906227.6989129 1.2712684429840797 -0.304000221202345 1
1698906227.7491534 1.2783195032855015 -0.306090439030618 1
1698906227.79934 1.2817932817739097 -0.3071191970021429 1
1698906227.8494225 1.2853853484577766 -0.3081820073807467 1
1698906227.8995786 1.2888733031434862 -0.30920915197678195 1
1698906227.949583 1.2959285396413813 -0.3112890384611429 1
1698906228.0000348 1.3028549961545919 -0.31332720551432863 1
1698906228.0499256 1.3064357276845255 -0.31437875498591356 1
1698906228.1001976 1.3099200512395759 -0.3154008211874023 1
1698906228.150382 1.3169840435276137 -0.3174703384366843 1
1698906228.2007227 1.3239057834895274 -0.3194969354751012 1
1698906228.2508562 1.3274764842470257 -0.3205423985743338 1
1698906228.3007386 1.3309451799021412 -0.321558272364586 1
1698906228.350683 1.3414236073221524 -0.32463005880385554 1
1698906228.400659 1.3448604738672318 -0.3256399909128728 1
1698906228.4508438 1.3483733081344662 -0.3266726203891167 0
1698906228.5009835 1.3517604448810223 -0.3276766459713549 0
1698906228.5510907 1.3622879855060661 -0.3307927211479166 1
1698906228.6014936 1.3657550176611533 -0.3318188723651201 1
1698906228.6516335 1.3727512478813462 -0.33388933875457594 1
1698906228.701861 1.3761955763465816 -0.334908237012732 1
1698906228.7516348 1.3797639322656097 -0.33596359405989107 1
1698906228.8021166 1.386713490053938 -0.33801828471021494 1
1698906228.8519297 1.3937689554188226 -0.34010353698421775 1
1698906228.9022577 1.3972397461715915 -0.34112912619264585 1
1698906228.952116 1.4008111988985827 -0.34218433767740325 1
1698906229.0023735 1.404285156831239 -0.34321062573785255 1
1698906229.0525131 1.411344455537719 -0.34529583986875506 1
1698906229.1027572 1.4183001127887034 -0.34734990862143905 1
1698906229.152705 1.4218830305853587 -0.34840768285393536 1
1698906229.2028725 1.4253610935451833 -0.3494342171179533 1
1698906229.2528694 1.4324183014210172 -0.35151564088618353 1
1698906229.3030639 1.439361276393175 -0.35355599665946413 1
1698906229.354014 1.4429253085344718 -0.35460191823856546 1
1698906229.4042077 1.4463796256351522 -0.3556170691492037 1
1698906229.4542165 1.4568637429533315 -0.3586895109992824 1
1698906229.50451 1.4603206146958903 -0.35970090895032114 1
1698906229.5547874 1.46387028972221 -0.3607389019698243 1
1698906229.6048784 1.4707615589581897 -0.36275310979483416 1
1698906229.6548011 1.4777479438491212 -0.3647959753359031 1
1698906229.7049026 1.4811836589231036 -0.36580125813108855 1
1698906229.755015 1.4847146860977225 -0.3668351538877716 1
1698906229.8052695 1.4915588210310682 -0.36884176247412287 1
1698906229.855315 1.4984313227601473 -0.37086369429794386 1
1698906229.9057066 1.5018085615086207 -0.3718660648838833 0
1698906229.955814 1.508805056309091 -0.3739359113151848 1
1698906230.0058975 1.512275805834671 -0.3749653384666412 1
1698906230.0558689 1.5191985542569018 -0.37701818784377616 1
1698906230.1060927 1.522582868339636 -0.3780216666197498 1
1698906230.1564503 1.5295231581953141 -0.3800788778778212 1
1698906230.2064755 1.5329842256406505 -0.3811044177930033 1
1698906230.2567263 1.5365570455273947 -0.38216278201901904 1
1698906230.3067 1.5433986059944123 -0.38418882317714426 1
1698906230.3569005 1.5503492090668527 -0.3862463634209079 1
1698906230.4068356 1.5537728578164554 -0.3872596117975374 1
1698906230.456852 1.5573404766890266 -0.3883153566576997 1
1698906230.5068727 1.5608077423789906 -0.38934127994132517 1
1698906230.5570703 1.567854111559374 -0.3914257351115629 1
1698906230.60714 1.574741654290765 -0.39346271678605516 1
1698906230.6580958 1.5782833034943717 -0.3945094247851859 1
1698906230.707787 1.5851971105271911 -0.3965516601729343 1
1698906230.7579541 1.5922003917021426 -0.3986076210330665 1
1698906230.8079934 1.5956300841139777 -0.39961624542969004 1
1698906230.8579948 1.6026018767216215 -0.40166362288796054 1
1698906230.9087753 1.6060402951144914 -0.4026716278659927 1
1698906230.9587958 1.6095806416024496 -0.4037089813267936 1
1698906231.0090122 1.616430839736184 -0.4057156461586593 1
1698906231.0595517 1.6233654524981311 -0.4077478970480342 1
1698906231.109836 1.626773430516318 -0.4087473490612332 1
1698906231.1598728 1.6302828235015718 -0.4097772346220442 1
1698906231.2098935 1.6370906143777175 -0.41177748621750876 1
1698906231.2601163 1.6439738656453238 -0.4138063899882726 1
1698906231.309863 1.6473150243581145 -0.41479253116397874 0
1698906231.3599324 1.650764108642489 -0.41581960288070796 0
1698906231.4103436 1.6575914676691592 -0.41784649671959884 1
1698906231.4602427 1.664600742848265 -0.4199311025077382 1
1698906231.5107224 1.6680033857368672 -0.4209434329731766 1
1698906231.560779 1.671473209876913 -0.42197546936053454 1
1698906231.6109662 1.6748397359446674 -0.4229766695887916 1
1698906231.6614316 1.681729480232862 -0.4250249310484114 1
1698906231.7114885 1.6886396925198794 -0.42707805138292254 1
1698906231.7619917 1.69217063878248 -0.4281266493811065 1
1698906231.8121572 1.6955767865416609 -0.4291378923574043 1
1698906231.8620899 1.7025214627717933 -0.4311989152536704 1
1698906231.9121287 1.7094394422786812 -0.4332512356157053 1
1698906231.962268 1.7129871322753953 -0.4343035418683033 1
1698906232.0126722 1.7198459888017728 -0.43633720860206465 1
1698906232.0625603 1.7268505381530517 -0.43841271496933115 1
1698906232.1127017 1.7303053715643482 -0.4394356875091396 1
1698906232.1629035 1.73386395029685 -0.4404888015634877 1
1698906232.2129383 1.7407427807290943 -0.442515645663362 1
1698906232.2629821 1.7476828052809357 -0.4445632382339129 1
1698906232.313792 1.7511066091591607 -0.44557138862878537 1
1698906232.3638544 1.7580767727175035 -0.447621664822425 1
1698906232.4135246 1.7615013394260073 -0.4486287175030261 1
1698906232.4637048 1.764996985513378 -0.44965720045280316 1
1698906232.5142584 1.7717711043052657 -0.4516529581894369 1
1698906232.563862 1.7786091333245684 -0.4536724208892191 1
1698906232.6139185 1.7819794360829928 -0.45467003603469414 1
1698906232.6639628 1.7854340750983917 -0.4556941426193367 1
1698906232.7139778 1.7921326441538268 -0.4576861898020276 0
1698906232.7641273 1.798835749554871 -0.4596921169703993 0
1698906232.814567 1.8022068917812222 -0.46070268442681717 0
1698906232.864361 1.8057154042877703 -0.46175786366398786 0
1698906232.9147236 1.8090950504473289 -0.4627737331978968 0
1698906232.9648058 1.815939922737898 -0.4648309176863348 0
1698906233.014966 1.8226471159599726 -0.46684405708937815 0
1698906233.0649874 1.8261192813045624 -0.46788431022794047 0
1698906233.115331 1.8295036938561868 -0.468896381207716 0
1698906233.1654153 1.8397475806542254 -0.47194571377758743 0
1698906233.215485 1.8431238752662678 -0.4729448391552919 0
1698906233.2658243 1.8500032956660404 -0.4749692578288595 0
1698906233.315958 1.8534043316802444 -0.4759638131847467 0
1698906233.3660936 1.8569110096186565 -0.47698442767394433 0
1698906233.4159298 1.8637098074460086 -0.47894716702021084 0
1698906233.466093 1.870630012043712 -0.4809202674918836 0
1698906233.5165071 1.8740442428815498 -0.4818833259451873 0
1698906233.5665147 1.8775694332506587 -0.48286972765883746 0
1698906233.6164136 1.8809889769857089 -0.4838175180623414 0
1698906233.6666317 1.8879282906447168 -0.48569301926477776 0
1698906233.716901 1.8947330962836042 -0.48751091248053796 0
1698906233.7667682 1.8982468268155066 -0.48843360202907093 0
1698906233.8169398 1.905106849579413 -0.49020228825972656 0
1698906233.8669245 1.9120766110579768 -0.49195088097827727 0
1698906233.9170878 1.9155084828379378 -0.49279362394631465 0
1698906233.9671402 1.9224996989704022 -0.494471949650687 0
1698906234.017884 1.9259536975819176 -0.4952821321293663 0
1698906234.0679364 1.9295144524045416 -0.4961042431732139 0
1698906234.117811 1.9364099192687585 -0.49766066268937775 0
1698906234.168006 1.9433286921496453 -0.49917948968664483 0
1698906234.2179916 1.9468006549607508 -0.4999203626532274 0
1698906234.2682083 1.9503919391357805 -0.50067690129953 0
1698906234.3181114 1.9573344408417879 -0.5021006533800884 0
1698906234.369064 1.9644120783394248 -0.5034983009948456 0
1698906234.4187546 1.9678923523808998 -0.5041651628486561 0
1698906234.4689834 1.9714836287916437 -0.5048393050740749 0
1698906234.5188572 1.9749740401233802 -0.5054809485864084 0
1698906234.5688748 1.9821130643332387 -0.5067506819692942 0
1698906234.6190271 1.9891668758135521 -0.5079475310466147 0
1698906234.669117 1.992790969283359 -0.5085401677644565 0
1698906234.7192278 1.9998357415271706 -0.509648212149346 0
1698906234.7703183 2.007029760893456 -0.5107198463164417 0
1698906234.819914 2.010580659622781 -0.5112263179380397 0
1698906234.8701503 2.0177929603507243 -0.512210271038559 0
1698906234.919815 2.0213491355891846 -0.5126773083830629 0
1698906234.969921 2.0285934519906763 -0.5135833390124923 0
1698906235.019882 2.0321775531628874 -0.5140077969296933 0
1698906235.0698977 2.039442968236796 -0.5148213477195753 0
1698906235.120296 2.0430159934140093 -0.515197247298401 0
1698906235.1707134 2.0466954902391157 -0.5155584166734342 0
1698906235.220551 2.0538517666670586 -0.5161977978534589 0
1698906235.2706687 2.0610602464907397 -0.5167837587721574 0
1698906235.3207994 2.0646072639500237 -0.5170447913944637 0
1698906235.3711424 2.068250198819715 -0.517294964002966 0
1698906235.4211295 2.075368631536167 -0.5177300691027142 0
1698906235.4715648 2.0825138550756943 -0.5181026918186633 0
1698906235.5218673 2.086100664823184 -0.5182618647939422 0
1698906235.5719488 2.089781988943951 -0.5184102256095409 0
1698906235.6219115 2.0933400772692887 -0.5185357707700724 0
1698906235.6719158 2.1005744079329594 -0.5187381074380507 0
1698906235.722032 2.1077391511112125 -0.5188695891715938 0
1698906235.7721112 2.111428514017157 -0.5189107112370892 0
1698906235.8222408 2.1150043455943606 -0.5189332085585632 0
1698906235.8724754 2.1258634114385866 -0.5188973903240488 0
1698906235.922795 2.12945631990207 -0.5188511429858569 0
1698906235.973495 2.133156398447034 -0.5187857942558595 0
1698906236.0228148 2.136744801331032 -0.518705123772829 0
1698906236.0729246 2.147632981348703 -0.518356717716112 0
1698906236.1230125 2.151231962135849 -0.5182074007380693 0
1698906236.173281 2.1549390322290365 -0.5180360460164654 0
1698906236.2237442 2.158535408377414 -0.517852697349742 0
1698906236.2735977 2.1694422687166135 -0.5171942429652326 0
1698906236.3235652 2.1730452748351126 -0.5169430360112476 0
1698906236.3737597 2.1767566153145177 -0.5166669976630972 0
1698906236.4241173 2.1803576457875478 -0.5163823453154863 0
1698906236.4743197 2.1912734131144216 -0.5154192540346488 0
1698906236.5244892 2.1948774192580576 -0.5150696614568372 0
1698906236.5747247 2.1985982627059326 -0.5146971094982836 0
1698906236.6249547 2.202214641315364 -0.5143198330792192 0
1698906236.6754067 2.2131326742025625 -0.5130799424757228 0
1698906236.7255435 2.2166904037234416 -0.5126516446560957 0
1698906236.7754753 2.2238515177711577 -0.5117107407773979 0
1698906236.8258047 2.22740358251161 -0.5112169435488414 0
1698906236.8753908 2.234622248108828 -0.5101756036699646 0
1698906236.9255214 2.2381521116217242 -0.5096443235612076 0
1698906236.9752607 2.245351530516441 -0.5085023548040664 0
1698906237.025874 2.248900913842441 -0.5079148566901506 0
1698906237.0757117 2.2560873646176405 -0.5066746677963242 0
1698906237.1260624 2.2596203146645637 -0.5060402189198732 0
1698906237.1759057 2.2667945923062702 -0.5047020684332921 0
1698906237.2259986 2.2703304127358273 -0.5040183507782888 0
1698906237.2761614 2.2775134498325666 -0.5025811000611612 0
1698906237.326508 2.281045846997628 -0.501850545396607 0
1698906237.3765635 2.2882080713459203 -0.5003214842459411 0
1698906237.426794 2.291731466870547 -0.4995460417546642 0
1698906237.4768107 2.2988882652982205 -0.4979247203118356 0
1698906237.526967 2.302412940982573 -0.4971034651229299 0
1698906237.577008 2.30955854507874 -0.4953927265766782 0
1698906237.6270678 2.3130728141402974 -0.4945291468631702 0
1698906237.6772335 2.3202040506766237 -0.4927326170854468 0
1698906237.7273111 2.3237162897960744 -0.49182613181435086 0
1698906237.7776244 2.3308371844049587 -0.4899448600341236 0
1698906237.8277576 2.334339839733487 -0.4889985359799475 0
1698906237.8780582 2.33794570291106 -0.48801032561100954 0
1698906237.9280558 2.344942485293245 -0.48605347430557283 0
1698906237.9780421 2.3520335251137214 -0.4840180598032554 0
1698906238.0282888 2.3555145951720924 -0.48299340987635087 0
1698906238.078667 2.359077603947073 -0.481942049521185 0
1698906238.1286378 2.366005905979024 -0.47986554273969784 0
1698906238.1788166 2.3730590156648317 -0.4777074104508089 0
1698906238.2289245 2.3765341553464765 -0.47662717770036966 0
1698906238.279052 2.380092744650115 -0.4755102275285387 0
1698906238.328895 2.3869407831195435 -0.4733081958223055 0
1698906238.3789551 2.393811585563387 -0.47106018951874684 0
1698906238.4289587 2.3972332550325097 -0.46991903273518587 0
1698906238.4792798 2.4008034535231135 -0.4687205214750764 0
1698906238.5299137 2.407627616412662 -0.46639217064121113 0
1698906238.579583 2.4145353591427945 -0.4639874540129576 0
1698906238.6299398 2.417905145980136 -0.4627968699393236 0
1698906238.6799219 2.421398262180889 -0.4615511854841169 0
1698906238.7301118 2.424827989284395 -0.46031700804288067 0
1698906238.7798872 2.4317965482599013 -0.45777556354515364 0
1698906238.8299766 2.4386081057020506 -0.45524814222189824 0
1698906238.8802378 2.4420809314674496 -0.45394370119432936 0
1698906238.9305997 2.448813254620082 -0.45138510936993814 0
1698906238.9808729 2.4557234316748855 -0.44871940825884604 0
1698906239.0308442 2.4591278649348287 -0.4473917845735449 0
1698906239.0808792 2.4660041196383427 -0.44468205238985375 0
1698906239.131899 2.46936941659851 -0.4433423416038921 0
1698906239.1818082 2.4728321662670223 -0.44195502260690595 0
1698906239.2317505 2.4795977744346076 -0.439220139442202 0
1698906239.2818985 2.4864600685701777 -0.436414703593181 0
1698906239.3317924 2.489834054592141 -0.4350241364931512 0
1698906239.3819673 2.493286005776116 -0.43358658031638675 0
1698906239.433053 2.496611196727852 -0.43220636937755097 0
1698906239.48184 2.5033889605601827 -0.42937292355161455 0
1698906239.531812 2.5101175231657367 -0.42654045461016377 0
1698906239.5819287 2.513575275569211 -0.4250769871294734 0
1698906239.633093 2.5169094412285973 -0.4236610271948611 0
1698906239.682367 2.527026954014569 -0.41933532538398943 0
1698906239.7327695 2.5303741103352295 -0.4178945798725694 0
1698906239.7826695 2.537134478607513 -0.4149601070371144 0
1698906239.8328278 2.540420246777753 -0.41352047701836026 0
1698906239.8828037 2.543790689881948 -0.4120450438321486 0
1698906239.9330244 2.5504450952840862 -0.4091133474161553 0
1698906239.9830241 2.557218784678751 -0.40610651556906846 0
1698906240.0337772 2.5605441076933224 -0.4046221144610994 0
1698906240.0835605 2.5639484099114873 -0.40309666369252983 0
1698906240.133734 2.570543444978468 -0.4001264167751912 0
1698906240.1836882 2.5772362947456307 -0.39709240077791624 0
1698906240.2338376 2.5805477441609943 -0.39558420818182377 0
1698906240.2839308 2.58396287834131 -0.3940245258476648 0
1698906240.3343704 2.587277382366952 -0.39250683671612585 0
1698906240.3842752 2.5939947511946437 -0.3894191630673024 0
1698906240.4347043 2.6005920915505487 -0.3863726377506588 0
1698906240.4849982 2.6039988506750036 -0.38479457750642676 0
1698906240.5354984 2.6106162074712516 -0.3817204007836467 0
1698906240.5899308 2.617319943591587 -0.3785965259993419 0
1698906240.6374636 2.6206196355734583 -0.3770560551538356 0
1698906240.6876974 2.627311035130423 -0.3739272131894655 0
1698906240.7382753 2.630597060160889 -0.37238380984968084 0
1698906240.787727 2.6339681785303837 -0.37080733862286996 0
1698906240.837906 2.6405601612108125 -0.3677240908106638 0
1698906240.8878381 2.647276193493973 -0.3645841098049986 0
1698906240.9378853 2.6505865027048476 -0.36303758728644675 0
1698906240.9885798 2.6539868862526794 -0.3614498831391851 0
1698906241.0382712 2.660570633732867 -0.3583789629650718 0
1698906241.0887828 2.6672605768458464 -0.3552628011039747 0
1698906241.1391988 2.6705590944458186 -0.3537277470101741 0
1698906241.1893992 2.6739630979445463 -0.35214400077704133 0
1698906241.2391925 2.6772641689362593 -0.35060911757996166 0
1698906241.2889905 2.683912183753023 -0.3475144768540153 0
1698906241.339156 2.690457906897802 -0.3444693780373525 0
1698906241.3892987 2.693876635933759 -0.3428796245173778 0
1698906241.439547 2.700459236858397 -0.33981867367229 0
1698906241.4901485 2.707117429283819 -0.3367243120101126 0
1698906241.5409138 2.713809184169903 -0.3336169041404154 0
1698906241.5906572 2.717108302940988 -0.33208604714620216 0
1698906241.6408708 2.7204087676491873 -0.33055558237117244 0
1698906241.690871 2.727112110935688 -0.3274508613785768 0
1698906241.740937 2.7304158699179406 -0.32592256356819793 0
1698906241.7911546 2.737128122756193 -0.3228221176015179 0
1698906241.8409941 2.7404370247639855 -0.32129613955268255 0
1698906241.8915396 2.747158793633527 -0.3182019877259148 0
1698906241.946648 2.753887749608629 -0.3151132524053831 0
1698906242.008206 2.7572044889185894 -0.31359495567973716 0
1698906242.0456102 2.7605214919679795 -0.31207954416004413 0
1698906242.096617 2.7639379651304607 -0.31052208474513693 0
1698906242.1447017 2.7705676592918573 -0.30751182118523696 0
1698906242.1947787 2.777265558345296 -0.30448566678034916 0
1698906242.2450013 2.7805852349700726 -0.3029935169979775 0
1698906242.2948525 2.7840084538053422 -0.30146271280893133 0
1698906242.3510094 2.7906658861446325 -0.2985003022316356 0
1698906242.3986988 2.7974492364069934 -0.29550379670852894 0
1698906242.4480577 2.8007856977569805 -0.29403834791070704 0
1698906242.4979658 2.804223357384002 -0.29253416570950236 0
1698906242.5478337 2.8108832410871356 -0.2896366720760381 0
1698906242.5979676 2.817646569198642 -0.28671222124747187 0
1698906242.6479075 2.8209654571049456 -0.28528660690821905 0
1698906242.7000644 2.824352948991086 -0.2838262353611759 0
1698906242.7496052 2.8310139831255787 -0.2809785731115464 0
1698906242.7988467 2.8378422250762863 -0.2780774270265514 0
1698906242.8486707 2.841221396858501 -0.2766480190081124 0
1698906242.898719 2.844670960853893 -0.2751932926648223 0
1698906242.9493093 2.851313350646033 -0.27240491073588446 0
1698906242.9989371 2.8580894903987626 -0.2695776048660519 0
1698906243.0488963 2.8614464805369213 -0.2681832829759501 0
1698906243.0988653 2.8649287983158627 -0.26674153742937323 0
1698906243.1489024 2.871660602520454 -0.26396805242151805 0
1698906243.1989098 2.878504740118625 -0.26116672897682197 0
1698906243.2493198 2.88186432012535 -0.25979849492185797 0
1698906243.3000612 2.8853401278788784 -0.2583878262791839 0
1698906243.3498793 2.8920976268104184 -0.25565960277696764 0
1698906243.3997593 2.898992235450325 -0.2528959642876 0
1698906243.4504774 2.9023833215445474 -0.2515454709671784 0
1698906243.5008657 2.9058783147728344 -0.2501597504011163 0
1698906243.5503054 2.909262272816632 -0.24882421050745998 0
1698906243.600288 2.9161417095355864 -0.24612962135805933 0
1698906243.6508029 2.922918976744968 -0.24350303239985494 0
