1699256694.8193042 0.027648519085671206 0.001817546555730582 0
1699256695.0807927 0.03700291379296803 0.002453525950832553 0
1699256695.23779 0.03700291379296803 0.002453525950832553 0
1699256695.2871048 0.05118359891059357 0.0034125978585725207 0
1699256695.3373027 0.06747275056976072 0.0044688614795466075 0
1699256695.387308 0.07424088399594796 0.004923753603806356 0
1699256695.4374413 0.08455319250141981 0.005672101634094232 0
1699256695.4880948 0.09463322976732721 0.00636959841107807 0
1699256695.538024 0.10024965208363235 0.006734703536781873 0
1699256695.5880404 0.11428903141236857 0.007637389152232874 0
1699256695.6396983 0.12119357430927719 0.008065625360429736 0
1699256695.688716 0.12645186469523945 0.008383983319121805 0
1699256695.7384574 0.13695167139606265 0.00899291020865063 0
1699256695.7887406 0.14803120802392042 0.009600141982650159 0
1699256695.8397417 0.15445583311370276 0.009935087213870248 0
1699256695.8895385 0.16076833293883 0.010256975089194972 0
1699256695.9397357 0.16726189606203345 0.010579672226368656 0
1699256695.9895165 0.177832865780843 0.011077107480930026 0
1699256696.0397398 0.18817749090988672 0.011532793379671164 0
1699256696.0899665 0.1941878312417632 0.011788139514326878 0
1699256696.139906 0.2002730811489651 0.012033528198153572 0
1699256696.1898992 0.20616067711356378 0.012264655795628505 0
1699256696.2401097 0.2223979100686906 0.012789135850482705 0
1699256696.2905145 0.23285427529553532 0.01309345779596148 0
1699256696.340814 0.23826822924357866 0.01324057404390322 0
1699256696.3909945 0.2491770482355043 0.013513012760117871 0
1699256696.4410374 0.25438831669269835 0.013636852461331752 0
1699256696.4909856 0.25952686809433784 0.013752837185834947 0
1699256696.5409963 0.2648890864610291 0.01386809881819111 0
1699256696.5912254 0.2805957677556928 0.014174891642739393 0
1699256696.6418097 0.2857063615457562 0.014264933627738825 0
1699256696.6917355 0.2959940353733559 0.014431618658320057 0
1699256696.7419038 0.3010761349817449 0.014506617964861033 0
1699256696.7920597 0.3113109459142174 0.014641639082349809 0
1699256696.8419797 0.31631595166434673 0.014700203109600187 0
1699256696.89191 0.3212725744886353 0.014753200331215199 0
1699256696.9423387 0.33135155477178957 0.014846319434717314 0
1699256696.9929264 0.33631017545501624 0.014884749806093028 0
1699256697.042829 0.3463292114587391 0.014947375899386125 0
1699256697.0955455 0.35614001542258417 0.014990306559919628 0
1699256697.1456778 0.36094025359176757 0.015006219647232602 0
1699256697.1956308 0.36572049049966526 0.01501501678098232 0
1699256697.245984 0.37541454231300253 0.015038029682196979 0
1699256697.296235 0.38506259112297936 0.015050798011773753 0
1699256697.3460011 0.3897890548869888 0.015056155900751666 0
1699256697.3961859 0.3944238527467963 0.015053678379770829 0
1699256697.446101 0.40386289547381315 0.015038905194790602 0
1699256697.4966261 0.41329905779590087 0.015008500928407727 0
1699256697.5464003 0.41796403325232606 0.014988009898193653 0
1699256697.5965447 0.4225791599939074 0.014964418830432506 0
1699256697.6471703 0.4272871104299846 0.01493689404605765 0
1699256697.697029 0.4363893629381775 0.014873687599288957 0
1699256697.747253 0.4456027254636495 0.014796702484643185 0
1699256697.7975368 0.45014323304968024 0.01475397841361739 0
1699256697.8478208 0.4548122536240224 0.014706450662204228 0
1699256697.8977606 0.46384840694739277 0.014604471835798978 0
1699256697.9478364 0.4729241943447905 0.014488988329312119 0
1699256697.9980175 0.47739467081546344 0.014427376827806523 0
1699256698.0483065 0.4864724403639284 0.01429269356987092 0
1699256698.0985286 0.4954862744071071 0.014146325866593536 0
1699256698.1484942 0.49989618165627797 0.014070460079719616 0
1699256698.1986814 0.504277630421375 0.013992739168992092 0
1699256698.2488084 0.5131468052218513 0.013825581991331095 0
1699256698.2986975 0.5220438077504204 0.013651795008257205 0
1699256698.3489041 0.5263919917465507 0.013563231181295803 0
1699256698.399749 0.5306974027606407 0.01347330336890221 0
1699256698.4499755 0.5393187903200555 0.013285970370738158 0
1699256698.5000541 0.5479408011872617 0.013085269237412342 0
1699256698.5498705 0.552245986800837 0.012982307247784037 0
1699256698.5999033 0.560887932318754 0.012766501372537318 0
1699256698.6497397 0.5651047382038886 0.01265849586701958 0
1699256698.6999395 0.5693014992188072 0.01254863112795028 0
1699256698.7499127 0.5778974130438892 0.012317561420691405 0
1699256698.8001277 0.5864559900100658 0.01207998014009689 0
1699256698.8504567 0.5906715091801376 0.011960201292849143 0
1699256698.9006364 0.5948393911302877 0.011840086082657292 0
1699256698.9509048 0.6032906809805555 0.011591552193932382 0
1699256699.0008907 0.6117217414258478 0.0113370027954342 0
1699256699.050801 0.6158868125694485 0.011208733512772519 0
1699256699.1017003 0.6200357347795918 0.011079003329587098 0
1699256699.1517315 0.6243107567715674 0.010943597620983528 0
1699256699.2025924 0.6325590971141198 0.01067749169727933 0
1699256699.2521126 0.640903837236691 0.010401929609382445 0
1699256699.3017745 0.645023421852677 0.010263605768246966 0
1699256699.3520713 0.6492564099757869 0.010119882865854732 0
1699256699.4021263 0.6616472386112063 0.009690936465364623 0
1699256699.4519284 0.669772822373966 0.009404846982112445 0
1699256699.5021482 0.6739443931888819 0.009258506048489762 0
1699256699.5526295 0.678000666625553 0.009119282604866068 0
1699256699.6029077 0.6861918491432997 0.008829940865093732 0
1699256699.6530926 0.6902012927164644 0.008688913215551012 0
1699256699.7031047 0.6982629043340252 0.008404883299044319 0
1699256699.7555242 0.7021835228486115 0.008258115932245347 0
1699256699.80351 0.7062027461379672 0.008112537491835811 0
1699256699.8543837 0.7143665067317457 0.007811489696813645 0
1699256699.9040296 0.7224972020087236 0.0075095147362908895 0
1699256699.9540746 0.7264492470277504 0.007361817573885727 0
1699256700.004156 0.7303702882856543 0.007214917833809669 0
1699256700.0541983 0.7383523974703838 0.006914473118338853 0
1699256700.1042798 0.7464134029735902 0.006609296018747839 0
1699256700.154455 0.7503938054348607 0.0064580430207417374 0
1699256700.2047439 0.754355697382845 0.006307200056793417 0
1699256700.2556174 0.7623102433036062 0.006003584921287655 0
1699256700.3055844 0.7702399444161265 0.005699921369453485 0
1699256700.3558056 0.7741504370528878 0.005549824542495689 0
1699256700.4057884 0.7780828861750761 0.005398662407416673 0
1699256700.4559255 0.7821362142984035 0.005242594030338441 0
1699256700.506047 0.7899981083221709 0.004939278828057478 0
1699256700.5558655 0.797915502412113 0.0046330163049193 0
1699256700.6061733 0.8018064444983241 0.0044822282033837625 0
1699256700.6565537 0.8058321467742414 0.0043261618479059 0
1699256700.706984 0.8176417291759506 0.003868072294310841 0
1699256700.757399 0.8215201616811433 0.0037186119741796798 0
1699256700.8070858 0.8293777009420811 0.0034192858501092137 0
1699256700.8569272 0.8332525211368177 0.003276380587819422 0
1699256700.9068162 0.8410553406766028 0.0029849582388400612 0
1699256700.9573689 0.8448826216319058 0.0028444680655262742 0
1699256701.0075598 0.8487023970010288 0.0027056192901521708 0
1699256701.057621 0.8563885239561589 0.0024214030229925527 0
1699256701.107904 0.8602231150688718 0.002276796184381289 0
1699256701.1581836 0.868036097532296 0.0019884536287264752 0
1699256701.207991 0.875799934159126 0.0017031138891211886 0
1699256701.258308 0.8795855011552877 0.0015646123196407804 0
1699256701.3081875 0.8833731659048936 0.00142645551878199 0
1699256701.3582354 0.8911641015613637 0.0011437634338535723 0
1699256701.4083421 0.8989446563916155 0.0008637179844686361 0
1699256701.4586883 0.9027757357058521 0.0007266673417746104 0
1699256701.5088353 0.9065649806651609 0.000591698642887636 0
1699256701.558923 0.9142584039292563 0.0003195090112011483 0
1699256701.6088834 0.9219687061741135 4.916619903546027e-05 0
1699256701.6589327 0.9257839034352917 -8.369031507373528e-05 0
1699256701.70906 0.9295919120324087 -0.00021565581202953338 0
1699256701.7597384 0.9334936311179428 -0.00035019358618762855 0
1699256701.8095284 0.9410617230532103 -0.0006091966549453888 0
1699256701.860784 0.9487420157997674 -0.0008693330477541651 0
1699256701.9109054 0.9564523085619568 -0.0011276794353485091 0
1699256701.9610279 0.9602499096922257 -0.0012538171470480371 0
1699256702.0109155 0.9679251360227223 -0.0015062483878271731 0
1699256702.0608816 0.975472288493886 -0.0017503583611234673 0
1699256702.1115944 0.9793528977786744 -0.001873780843773835 0
1699256702.1613104 0.9831237465614037 -0.001992652604306585 0
1699256702.211751 0.9907818442561896 -0.0022213919081524474 0
1699256702.2618613 0.9982504977889263 -0.002442849159220442 0
1699256702.3121088 1.0020841380808452 -0.0025532543305383307 0
1699256702.3619955 1.005802601588612 -0.0026610791329101926 0
1699256702.4119468 1.0094832590632254 -0.002764469954673924 0
1699256702.462451 1.0170599326349339 -0.002986644259144578 0
1699256702.5123343 1.024713605120254 -0.0032040916495514396 0
1699256702.5623899 1.0285031055287255 -0.0033101876348349325 0
1699256702.6126199 1.032236461342738 -0.0034136501531884193 0
1699256702.6631098 1.0360384149781643 -0.0035178588496289523 0
1699256702.7133195 1.0434118752320063 -0.0037169975939224486 0
1699256702.7633803 1.0509772688557608 -0.003917381625562872 0
1699256702.8136075 1.054737610790819 -0.004015479085966625 0
1699256702.8636134 1.0585823412242255 -0.004114718358019502 0
1699256702.914197 1.069879678575741 -0.004400148612151343 0
1699256702.964239 1.0736072121802007 -0.004492343623877315 0
1699256703.014078 1.077331666495551 -0.00458347343815451 0
1699256703.0641968 1.0848985809356952 -0.004765602694836902 0
1699256703.1144028 1.0924637857269632 -0.004943659326174226 0
1699256703.1643999 1.0961900888210492 -0.005029881410760585 0
1699256703.2147894 1.0999136856242262 -0.005115055131555418 0
1699256703.2648916 1.1074777944518188 -0.005285045782572671 0
1699256703.315307 1.1112040854121898 -0.005367277092259563 0
1699256703.3651788 1.118766385805881 -0.005530945636932764 0
1699256703.4156573 1.1263206540649373 -0.005689637344311261 0
1699256703.4658632 1.1300396940636406 -0.005765733810470313 0
1699256703.516007 1.1488021371052515 -0.006117050254896117 1
1699256703.6711106 1.1524811321704034 -0.006181210180410487 1
1699256703.720856 1.156109980225493 -0.006242673147645787 1
1699256703.7708058 1.16319301874425 -0.006348092133957272 1
1699256703.820689 1.1700718302136721 -0.006441507667111248 0
1699256703.871404 1.1734272956130292 -0.006482337337453174 0
1699256703.9209428 1.1769053878978717 -0.006521652937396342 0
1699256703.9712803 1.1840711384375102 -0.006593618146585946 0
1699256704.0215483 1.1913463142847187 -0.006653820509494081 0
1699256704.0712898 1.194846996321216 -0.00667806753208276 0
1699256704.1216242 1.1982772000283062 -0.006699114382509237 0
1699256704.1737063 1.2052366795049259 -0.006734058205213027 0
1699256704.2239997 1.212346788106249 -0.006759063566903756 0
1699256704.2736995 1.215908946339282 -0.0067676474703549355 0
1699256704.3241236 1.2194826627100994 -0.006773886937263677 0
1699256704.3743086 1.22669595582701 -0.0067792891249117025 0
1699256704.4241006 1.2337691935403852 -0.0067753447018166985 0
1699256704.4741213 1.2372524162287333 -0.006770135874884643 0
1699256704.5245094 1.2407754919754121 -0.006762727877620078 0
1699256704.5746207 1.244446689845527 -0.0067528847870691674 0
1699256704.6257536 1.2515887064454125 -0.006727539121115488 0
1699256704.6749332 1.2587965425822647 -0.006693481457621513 0
1699256704.725233 1.2659454033125543 -0.0066513520248267545 0
1699256704.7755349 1.269489730450193 -0.006627437837551998 0
1699256704.8258836 1.276747108776347 -0.0065725240881133054 0
1699256704.8760514 1.2838929420163447 -0.006510670903015672 0
1699256704.9260345 1.2875649330186616 -0.006475486335364866 0
1699256704.9762814 1.2911072475640548 -0.0064390803193002015 0
1699256705.027004 1.294656829029648 -0.0064001220614850465 0
1699256705.076819 1.301856494853919 -0.006305402523184919 0
1699256705.1269612 1.3090351402164746 -0.0062059327198699665 0
1699256705.1768005 1.31254841830392 -0.00615669941070614 0
1699256705.227069 1.3160391403443434 -0.006102965412749154 0
1699256705.2768598 1.3196637973937615 -0.006049589503275452 0
1699256705.3273923 1.326780172244274 -0.0059360384134599905 0
1699256705.377481 1.3340527516371699 -0.005813296970195164 0
1699256705.4276667 1.3375811835100546 -0.005750757353092522 0
1699256705.4789245 1.344724394561848 -0.005618431926537534 0
1699256705.5280607 1.351968586814397 -0.005476692779120396 0
1699256705.5780191 1.3555506090106777 -0.00540399805523422 0
1699256705.6284006 1.3628017737418179 -0.005251947802741014 0
1699256705.6790395 1.3663567025727434 -0.005175126851095615 0
1699256705.7289748 1.3699043983031955 -0.005097067428319223 0
1699256705.778865 1.377167981424132 -0.004933033795247466 0
1699256705.8289804 1.3844535474832989 -0.004763302826706714 0
1699256705.8792348 1.3880501136202112 -0.0046778002732877876 0
1699256705.9291823 1.3916273858929589 -0.004591657740993446 0
1699256705.9795287 1.3988831246606508 -0.004413660754206119 0
1699256706.0296416 1.4061525444306444 -0.004231231209867597 0
1699256706.079872 1.409745551391874 -0.004139610281299864 0
1699256706.12993 1.4133455497615108 -0.004046908690628639 0
1699256706.1800985 1.420635410495928 -0.0038565357438324977 0
1699256706.2300475 1.4279282483034261 -0.0036626190235770997 0
1699256706.280403 1.431520797408677 -0.00356582779121522 0
1699256706.330403 1.4351213433307077 -0.003468036036271779 0
1699256706.3805327 1.4424398691338434 -0.0032672310629316753 0
1699256706.4315903 1.4497496889381012 -0.0030624574483964434 0
1699256706.4820108 1.4533357297778224 -0.0029599577239717715 0
1699256706.5318553 1.4569004760534943 -0.0028592913603504373 0
1699256706.581792 1.4605267243707731 -0.002743406993270026 0
1699256706.6320462 1.471398287193764 -0.002404264479555376 0
1699256706.6818924 1.4750046520323417 -0.0022906705973457777 0
1699256706.732004 1.478570803213729 -0.0021744329342538804 0
1699256706.7825143 1.4822301028758458 -0.00205557298745626 0
1699256706.8328097 1.4893615249229653 -0.0018220380899803962 0
1699256706.8828046 1.4966543972455537 -0.0015809983195702825 0
1699256706.9333084 1.5039221457582477 -0.001339151551522368 0
1699256706.9836218 1.5075044152734762 -0.0012195100633966463 0
1699256707.0336342 1.5148015467638725 -0.0009752268413845978 0
1699256707.083681 1.5183995684233726 -0.0008545755556062611 0
1699256707.1345644 1.525702839290696 -0.0006095743682784512 0
1699256707.1843264 1.5292984631906235 -0.0004889707767568412 0
1699256707.2346022 1.5366065317122726 -0.00024408074449786514 0
1699256707.2846723 1.5402123292326888 -0.00012341851495962798 0
1699256707.3348274 1.5438198532343896 -2.8592384840074928e-06 0
1699256707.3845816 1.5511402699388261 0.000241031259963599 0
1699256707.4349415 1.558467772682122 0.00048395237156078366 0
1699256707.4850023 1.565697118868701 0.0007221235477942161 0
1699256707.535998 1.5694242695963667 0.0008442528994517964 0
1699256707.5856197 1.5730408644360834 0.0009622649178405087 0
1699256707.6356936 1.580383997801184 0.0012002358932259299 0
1699256707.6859524 1.5876245607640582 0.0014326085636483562 0
1699256707.7362187 1.5913572008382533 0.001551505102115821 0
1699256707.7859583 1.5949802083751805 0.0016663789944199885 0
1699256707.8358858 1.5985997900027034 0.0017805954500807056 0
1699256707.8863323 1.6059370649385085 0.0020110009231614386 0
1699256707.9365942 1.6132258426521786 0.002238093474309799 0
1699256707.9870489 1.6167564777453123 0.0023551378551420563 0
1699256708.0371664 1.620359534670147 0.002473031763592858 0
1699256708.0874276 1.6277033178903686 0.0027159009360375017 0
1699256708.1373577 1.6350124643761899 0.0029529089261571438 0
1699256708.1872199 1.6385821268427174 0.00306892506693729 0
1699256708.237419 1.642160065128205 0.0031844342557083107 0
1699256708.2875304 1.645878032624056 0.0033038416971758774 0
1699256708.3380406 1.653112467463656 0.0035344382202165256 0
1699256708.3878767 1.6604605898867153 0.0037656849320491107 0
1699256708.4378023 1.6640539487852595 0.0038776739364371426 0
1699256708.4878857 1.6677583828603972 0.003992291158357828 0
1699256708.537918 1.678707034281464 0.004326201312865924 0
1699256708.5881236 1.682330300929655 0.004435082976592526 0
1699256708.638446 1.6896753582393842 0.004653265182343414 0
1699256708.6891015 1.6932867690347957 0.004759269029186598 0
1699256708.73969 1.7006204407401777 0.004971792370202961 0
1699256708.7899108 1.7078756541463282 0.005177907549493328 0
1699256708.8395565 1.7116166825164647 0.005282557652360713 0
1699256708.8896077 1.7152491216644354 0.005383079073455091 0
1699256708.9396958 1.733599400837556 0.0058733341386427804 1
1699256709.109579 1.7372313221483942 0.00596676030216407 1
1699256709.15931 1.7543964382478576 0.00634748301919141 1
1699256709.3000443 1.7567052102781426 0.006390098006091372 1
1699256709.3326838 1.758899523647995 0.006423284222524671 1
1699256709.366215 1.7698613341529228 0.00662810827926156 1
1699256709.5325034 1.7719369463714687 0.0066712161175400755 1
1699256709.5817654 1.7760513701249798 0.006760702916947773 1
1699256709.6323342 1.7877497967339289 0.007100508387509916 0
1699256709.8503478 1.7999281091868666 0.007552680086493464 0
1699256710.0826764 1.7999281091868666 0.007552680086493464 0
1699256710.132652 1.8173541755223017 0.008275422772866733 0
1699256710.3333333 1.819932447242164 0.00838979519236919 0
1699256710.383194 1.825308193900546 0.008633998180325512 0
1699256710.43333 1.8384996552348438 0.009267331855480891 1
1699256710.6079748 1.8384996552348438 0.009267331855480891 1
1699256710.6571603 1.8429337170795954 0.009490265345997305 1
1699256710.7071638 1.8580674894418683 0.010291335592675253 0
1699256710.9239967 1.8605797808316176 0.010430203280756221 0
1699256710.9737163 1.865715399332085 0.010718891761524064 0
1699256711.023812 1.8835794340614924 0.011757554569356279 0
1699256711.2441707 1.888753393423672 0.01206905308132109 0
1699256711.293647 1.8913541230894415 0.012227450552203074 0
1699256711.343811 1.9081938794108602 0.013269917183579576 0
1699256711.5489414 1.9109810472632736 0.013445369159058576 0
1699256711.5990071 1.9166296942292074 0.013804058300459922 0
1699256711.6488395 1.933281696741545 0.014897847310040664 0
1699256711.8288174 1.9360235680844027 0.015079884886384247 1
1699256711.8784955 1.941781395993976 0.015467248978508673 0
1699256711.9287875 1.9446767106824014 0.01566476131610936 0
1699256711.9784164 1.9619854608029563 0.016843164582714037 0
1699256712.1748755 1.9649240269444115 0.01704375704167234 0
1699256712.224325 1.9707950591607346 0.01744448064107437 0
1699256712.2749135 1.9769853170613063 0.01786476529113785 0
1699256712.324904 1.995032863322472 0.019079749118358538 1
1699256712.537516 1.9979959980782085 0.019277471289542936 1
1699256712.5869904 2.0010235936233145 0.019479017832326834 1
1699256712.637429 2.0039534441459086 0.01967405157991775 1
1699256712.6875 2.024637747489241 0.02105037999941236 1
1699256712.907346 2.0306057857897097 0.021447444689282936 1
1699256712.9564395 2.0365607571720705 0.021843622166492282 1
1699256713.006671 2.0508835510990693 0.022800623636958655 1
1699256713.196074 2.056666313945814 0.02318977872453757 1
1699256713.2459583 2.059505350693584 0.02338130302012731 1
1699256713.2961195 2.062412488965926 0.02357791821426387 1
1699256713.3460941 2.082059654747155 0.02493700583484654 1
1699256713.554851 2.0987011841159764 0.026166458726004354 1
1699256713.7433057 2.101455752294105 0.026374417544998825 1
1699256713.792884 2.1184152266294 0.027680600178318263 1
1699256713.9988618 2.1241068196949824 0.028128775493068348 1
1699256714.0484366 2.129742431931261 0.028577312909117435 1
1699256714.0985086 2.1463448748322347 0.029926061376213547 1
1699256714.3046968 2.149087227648722 0.030152676234671612 1
1699256714.3544073 2.1594669302257143 0.031024647274043093 1
1699256714.4613822 2.162069646957614 0.031247148263426363 1
1699256714.5012505 2.1746307904250686 0.03234599041965619 1
1699256714.684025 2.1897525292150104 0.03372209600761124 1
1699256714.863365 2.1923225095972496 0.03396208422361502 1
1699256714.9128275 2.2066709191121103 0.03533967246786412 1
1699256715.1154091 2.2113835958993233 0.03580692190941201 1
1699256715.164649 2.2138021701525923 0.036049733148124694 1
1699256715.2147965 2.2278864357989496 0.03750980272367969 1
1699256715.404498 2.230198398260153 0.037757629377778275 1
1699256715.4541664 2.2324978950906433 0.038006459408494904 1
1699256715.5048635 2.237038754593431 0.03849826230744388 1
1699256715.5552123 2.2479813090395457 0.039765377208969256 1
1699256715.7570934 2.265531510478427 0.04191422319099781 1
1699256715.9621005 2.2677819671634802 0.04220076253283767 1
1699256716.0112996 2.2829043106551943 0.044188039087086455 1
1699256716.227283 2.2850456740044014 0.044477981812454076 1
1699256716.2762911 2.287213188910329 0.04477386144188236 1
1699256716.3264709 2.300409108958414 0.04663598307370785 1
1699256716.5515344 2.300409108958414 0.04663598307370785 1
1699256716.6012254 2.30417932734219 0.04718653875999374 1
1699256716.6510868 2.316692264639129 0.04908178868347551 1
1699256716.8660069 2.3202571924337114 0.04964133712663584 1
1699256716.9160924 2.3219996489917394 0.04991799159685134 1
1699256716.9660833 2.323684644240108 0.050187651974299904 1
1699256717.0165899 2.333692051941057 0.051833084055984635 1
1699256717.2097175 2.343694947900128 0.053552125856564645 1
1699256717.3927948 2.3454002496285904 0.053852469961616606 1
1699256717.44256 2.3549592418494796 0.05556746328358039 1
1699256717.6569374 2.3580594893403712 0.0561370805034195 1
1699256717.706156 2.3611335525060886 0.056709262152335675 1
1699256717.756095 2.362603916142577 0.0569854398164981 1
1699256717.8066044 2.3730239050511615 0.05899523668309207 1
1699256718.029738 2.3744931459559617 0.059286006952391786 1
1699256718.0794773 2.3759611903656657 0.059578388033872866 1
1699256718.1296 2.3786857095362124 0.060123905777994424 1
1699256718.1796646 2.386577283287637 0.061758105084407815 1
1699256718.3847566 2.392137888559682 0.06294798613808283 1
1699256718.559942 2.3932334278471705 0.06318634737491952 1
1699256718.6095216 2.400202642051771 0.06476361834295437 1
1699256718.8436165 2.4009959010248854 0.06495140828345394 1
1699256718.8935125 2.401796568560665 0.06514250180363808 1
1699256718.9442086 2.4026249526658225 0.06533917459978236 1
1699256718.9939618 2.408073285812715 0.06665664504944493 1
1699256719.1928308 2.41077684235266 0.06733059810470043 1
1699256719.2425404 2.41077684235266 0.06733059810470043 1
1699256719.2925115 2.412424890380947 0.06774798510573003 1
1699256719.3427835 2.4175970422212076 0.06909471042118537 1
1699256719.5506513 2.4220375569079438 0.07029652981261347 1
1699256719.759168 2.422771198415487 0.07049918157074193 1
1699256719.8092365 2.4264485724450835 0.07153980144768425 1
1699256719.9966564 2.427058871103252 0.07171584597447868 1
1699256720.0468786 2.427613890086578 0.07187740450011498 1
1699256720.0967033 2.429940635038509 0.07257593824351112 1
1699256720.2835279 2.43068866403857 0.07280428130597441 1
1699256720.3328369 2.431296012715298 0.07299367649223708 1
1699256720.383772 2.4315573751775355 0.07307624915832163 1
1699256720.4340062 2.43285320220501 0.07349660807225931 1
1699256720.6278083 2.4330658809128862 0.07356665219315821 1
1699256720.6766298 2.4332612844518335 0.07363185003420646 1
1699256720.727071 2.4335783276689806 0.07374006952514923 1
1699256720.7769136 2.434165119855544 0.07395769956241108 1
1699256721.0082703 2.4343298668591102 0.07402002701329397 1
1699256721.058255 2.4344040174038337 0.07404866158750228 1
1699256721.1086223 2.434398765540892 0.07405176566938289 1
1699256721.1584232 2.434145648452287 0.07399374634730094 1
1699256721.3492389 2.434099683004027 0.07398250236598762 1
1699256721.3993561 2.4340537510259175 0.07397121004102097 1
1699256721.4497178 2.4340113076339724 0.07396567320565042 1
1699256721.4999492 2.4337608837097284 0.0739146678416209 1
1699256721.7175648 2.4333048849607004 0.07377808680857553 1
1699256721.9175735 2.4332210463866137 0.07375203813575058 1
1699256721.967121 2.431319455075002 0.07307818960629785 1
1699256722.1894016 2.431319455075002 0.07307818960629785 1
1699256722.2393923 2.4307183188683164 0.07286135115883123 1
1699256722.2902658 2.4283125127026786 0.0719738813633769 1
1699256722.4929316 2.4279077560348985 0.07182276428724073 1
1699256722.5428867 2.4270721781102638 0.07150953301070687 1
1699256722.5935307 2.4260823712038895 0.07113471746259149 1
1699256722.6436825 2.422432700897176 0.06973340116747358 1
1699256722.8729315 2.421915245593671 0.06953277249977856 1
1699256722.922612 2.4213639090155743 0.06931817596813093 1
1699256722.9728026 2.4175806490584373 0.06782776410785082 1
1699256723.166425 2.416937305045591 0.0675722670104019 1
1699256723.2158837 2.415627355528931 0.06705005087501487 1
1699256723.2658396 2.412282083086791 0.06569861068822538 1
1699256723.4514499 2.4110070931303254 0.0651870592616188 1
1699256723.5009224 2.4098653430142103 0.06471986731082835 1
1699256723.5513802 2.409176587053224 0.06443758573050702 1
1699256723.601632 2.403272384410892 0.06204120574501577 1
1699256723.7822406 2.3963154389835877 0.05917780836770069 1
1699256724.016669 2.3943407343169847 0.05835653950693899 1
1699256724.0757523 2.3879620480430472 0.05568547734323721 1
1699256724.2964618 2.3858009098237845 0.05477490743923241 1
1699256724.3465118 2.3836924073283265 0.05388376135301497 1
1699256724.397708 2.3762781987470367 0.05073500270297882 1
1699256724.6179247 2.3762781987470367 0.05073500270297882 1
1699256724.6673305 2.3741653667104203 0.04983378716528904 1
1699256724.7178624 2.3676953856924365 0.047065994726360694 1
1699256724.9312303 2.366622551963474 0.04660732789722712 1
1699256724.9809608 2.364580896842141 0.04572926682436152 1
1699256725.0311637 2.3570172880029805 0.0424543185022217 1
1699256725.272316 2.354886340438942 0.041528344278837996 1
1699256725.320874 2.353781669792532 0.04104775740125191 1
1699256725.3709698 2.347124301362797 0.03814702034622247 1
1699256725.5627487 2.3460224876379105 0.03766689219992632 1
1699256725.6126778 2.34492021483423 0.03718651360711718 1
1699256725.6632464 2.3358739950400804 0.033243026236180265 1
1699256725.8753016 2.3347509369094013 0.032753743673539004 1
1699256725.924361 2.3324560543355917 0.03175385710023857 1
1699256725.9741237 2.3324560543355917 0.03175385710023857 1
1699256726.0243013 2.3255241577410692 0.02873777880654228 1
1699256726.2112312 2.3173900808753003 0.025208674497329376 1
1699256726.4341197 2.315042966824135 0.024192385205478395 1
1699256726.4828603 2.306759594261966 0.020613397323135465 1
1699256726.7016978 2.306759594261966 0.020613397323135465 1
1699256726.750999 2.3043676041886694 0.019584085414074318 1
1699256726.801119 2.2971958586329166 0.01650957677493604 1
1699256726.9877765 2.2960088681846655 0.016003003246027207 1
1699256727.0366783 2.293592231419821 0.014973386818157962 1
1699256727.0873141 2.292398394235281 0.014465737008596928 1
1699256727.137024 2.2851427051327042 0.011397909052690492 1
1699256727.3517177 2.2766461019523003 0.007845364054001502 1
1699256727.5702775 2.2766461019523003 0.007845364054001502 1
1699256727.6202328 2.265976503877012 0.003487630487875242 1
1699256727.8542888 2.2647510583956594 0.0029999649047487403 1
1699256727.9039843 2.263545658969401 0.002517340791126401 1
1699256727.953858 2.2622844718167743 0.0020136992798569066 1
1699256728.0038888 2.2536534639092665 -0.0013853490997190786 1
1699256728.1971242 2.2524285655970253 -0.0018610518406135916 1
1699256728.246108 2.2499356674028927 -0.002823805202687178 1
1699256728.2964063 2.241208848016208 -0.006138931731711238 1
1699256728.520146 2.241208848016208 -0.006138931731711238 1
1699256728.5702055 2.2387022879790335 -0.007075332416014326 1
1699256728.6204522 2.2300719795403507 -0.010244753894075049 1
1699256728.8286462 2.228819934187576 -0.01069491415859886 1
1699256728.8779683 2.227628282715113 -0.011121470132601907 1
1699256728.9282296 2.217842243219096 -0.014616957012617195 1
1699256729.1429942 2.217842243219096 -0.014616957012617195 1
1699256729.1920598 2.215412795393022 -0.015472905153034806 1
1699256729.242408 2.214170212644639 -0.015908850307504534 1
1699256729.2927654 2.2056470197702773 -0.018864316667339568 1
1699256729.4926374 2.2044366378467206 -0.019279118706249043 1
1699256729.541471 2.2019800719403277 -0.02011733510715407 1
1699256729.5916092 2.1958406855274193 -0.022191317966269237 1
1699256729.7957494 2.1934067327163045 -0.023005330694319377 1
1699256729.844954 2.1909393237487973 -0.023825868742676892 1
1699256729.8951302 2.1897244969168255 -0.02422813541417367 1
1699256729.945655 2.18111665755778 -0.027045337743220144 1
1699256730.1509311 2.18111665755778 -0.027045337743220144 1
1699256730.19987 2.1798992086153484 -0.027439177420837256 1
1699256730.2506444 2.168875116587938 -0.030954134509770144 1
1699256730.4806018 2.168875116587938 -0.030954134509770144 1
1699256730.5298553 2.16640694301563 -0.031729091006477896 1
1699256730.579951 2.165201907224679 -0.03210697440882883 1
1699256730.6303527 2.1530196571681053 -0.035868497711500955 1
1699256730.9237134 2.1419665976486955 -0.03918872147513045 1
1699256731.2347183 2.1407083971083423 -0.03956135529925102 1
1699256731.283864 2.1334903768041786 -0.04167584860112932 1
1699256731.483717 2.13230446473449 -0.04201886113294858 1
1699256731.5339055 2.131117904475607 -0.04236087586046022 1
1699256731.5844295 2.1275256679991457 -0.043389167023902594 1
1699256731.6343548 2.120365077018262 -0.045404590314267225 1
1699256731.8557692 2.1179701700067612 -0.04606809301788922 1
1699256731.905196 2.1167915177788137 -0.046392284733241446 1
1699256731.9553044 2.109980215291025 -0.04821301096456006 1
1699256732.158172 2.108749371147676 -0.04853029347355701 1
1699256732.2078958 2.1064448357653673 -0.04913046365207242 1
1699256732.2582355 2.1041110337145765 -0.04973048430269784 1
1699256732.3106954 2.0959906724838206 -0.05177485424738303 1
1699256732.5527432 2.0948087445724592 -0.0520656044474546 1
1699256732.602794 2.09133259425093 -0.052909745382387456 1
1699256732.6541634 2.090181117086379 -0.05317888963440989 1
1699256732.7020547 2.0832577873942273 -0.05480831023236426 1
1699256732.9309566 2.0739368616105365 -0.056944468880331243 1
1699256733.156359 2.0739368616105365 -0.056944468880331243 1
1699256733.2060962 2.0668498698264686 -0.058519293453374095 1
1699256733.388851 2.065673241197903 -0.0587768874299095 1
