1699262748.376294 -0.03460008777240137 0.0016590813585050086 0
1699262749.100746 0.09021539089522862 -0.008575004146082518 0
1699262749.5857716 0.14432258539746026 -0.012496857777325529 0
1699262749.744162 0.18338334972842588 -0.015111980997940106 0
1699262749.8319511 0.2103839347071808 -0.016787573943013875 0
1699262749.9218946 0.22080859859429877 -0.017374433177042316 0
1699262750.0182898 0.23124181669139163 -0.01781998391468499 0
1699262750.108316 0.24058869878929676 -0.018144242699839153 0
1699262750.1895776 0.26189628491484523 -0.019375069930994335 0
1699262750.2781963 0.2834567223699898 -0.02067071579830238 0
1699262750.417184 0.2970472774457898 -0.02145124707637786 0
1699262750.5049648 0.31606439214049115 -0.022443564122348086 0
1699262750.617185 0.3478288373447184 -0.023813524679440135 0
1699262750.7900615 0.3598618213815132 -0.024250937623812818 0
1699262750.8922741 0.38865604970438367 -0.025159854755166907 0
1699262751.0173187 0.41408645419731155 -0.026033255390027116 0
1699262751.1712933 0.434520110093851 -0.02681290268046867 0
1699262751.3153396 0.4653454517825853 -0.02771729032689676 0
1699262751.4640484 0.4943957918123684 -0.02831649719874528 0
1699262751.6010733 0.5232251818449384 -0.028655189626534645 0
1699262751.7792504 0.5374407539952929 -0.028717768052140345 0
1699262751.898265 0.5683066372965611 -0.02927998935798681 0
1699262752.0685256 0.5996652883710402 -0.029924735301692398 0
1699262752.237747 0.6358468808899952 -0.03036070496536779 0
1699262752.4196146 0.655684719666081 -0.030366428505245166 0
1699262752.6005309 0.6879474278119402 -0.030139499072480428 0
1699262752.7877345 0.7307202524251292 -0.02962585638448408 0
1699262752.9684544 0.7565602401577854 -0.029159995875549457 0
1699262753.1492846 0.7738598320117317 -0.02871359474396421 0
1699262753.2953174 0.7892419741803267 -0.028217989442909246 0
1699262753.4206665 0.8262815491475295 -0.026826151739068767 0
1699262753.569766 0.8589221000583439 -0.02523796524103553 0
1699262753.725435 0.8836323273334098 -0.02410161166022999 0
1699262753.9080858 0.9042967462488051 -0.025024354345726915 0
1699262754.0933526 0.9421342512152298 -0.02620226787543346 0
1699262754.2571034 0.9809512964068859 -0.027032450702103146 0
1699262754.4160495 1.002829583985745 -0.027055836415142663 0
1699262754.601829 1.0270645618469807 -0.025852284581175104 0
1699262754.7774603 1.059497349344944 -0.023991575005218837 0
1699262754.9220366 1.0751446478420081 -0.022844361482172768 0
1699262755.041401 1.106138674750513 -0.02044440815010336 0
1699262755.2243407 1.129767690592536 -0.01847206536161733 0
1699262755.4011543 1.1572045090624723 -0.01623824644449367 0
1699262755.5717127 1.1976854893438726 -0.013330301681114692 0
1699262755.7284338 1.2226724724322677 -0.011576457217098905 0
1699262755.891389 1.2388375404566763 -0.0104313433900077 0
1699262756.0622096 1.2538568332002036 -0.009320082533569654 0
1699262756.1534357 1.2947443376186047 -0.006143473142446264 0
1699262756.3324437 1.328251494146053 -0.0032016103445684594 0
1699262756.4874947 1.3432489934285652 -0.0018276635316869052 0
1699262756.6425886 1.3607048022846882 -0.00015085285040195863 0
1699262756.7587671 1.3888830693857452 0.0035553201685219887 0
1699262756.9453492 1.4362062347293463 0.010110664025054868 0
1699262757.1079376 1.4589120697448286 0.013506735108714814 0
1699262757.2633007 1.4770387962456983 0.01728576512946902 0
1699262757.4087262 1.5003997725948488 0.022093554099852072 0
1699262757.5400517 1.538046708541015 0.02937970492410582 0
1699262757.716943 1.5634569335832416 0.03397279699193671 0
1699262757.8931067 1.5887210877265745 0.038090102086429635 0
1699262758.0864792 1.615882632054498 0.042070901158658275 0
1699262758.267328 1.6577191983007837 0.04760378231193816 0
1699262758.431901 1.6912140238348 0.0514970539767864 0
1699262758.6199224 1.7092930071918842 0.053282490306684256 0
1699262758.8222675 1.7382862438960702 0.0557113287964697 0
1699262758.9819376 1.7849253651863701 0.05909922531328987 0
1699262759.1514702 1.8216295518692396 0.060402675308776826 0
1699262759.3485553 1.8387179062565713 0.05938604710765009 0
1699262759.5359113 1.8629029611625056 0.057698176331926025 0
1699262759.7290444 1.9112435196643083 0.054058860125527845 0
1699262759.9172359 1.9515045551210684 0.051005290194049896 0
1699262760.0237205 1.9757925431003371 0.04982818525601138 0
1699262760.2078538 1.9976763076703818 0.04630172816710494 0
1699262760.3881774 2.0235959341548604 0.04153477479525235 0
1699262760.563901 2.0628619771517527 0.03471768533186825 0
1699262760.7379344 2.109615848276047 0.027010136445511788 0
1699262760.9254327 2.1205940010317885 0.025613564991616572 0
1699262761.0695093 2.1366725850321027 0.024541938138074353 0
1699262761.247659 2.169492098216782 0.022922875091726285 0
1699262761.4178839 2.2045081895498653 0.02234954874643591 0
1699262761.6027215 2.239025896446674 0.021870045222750965 0
1699262761.7898302 2.2491370008714715 0.021754353132421373 0
1699262761.9278433 2.278519150402318 0.02088683405210892 0
1699262762.0972285 2.303812189695825 0.018825886447442174 0
1699262762.1994038 2.3227493128968018 0.017206805945054266 0
1699262762.2949967 2.334675936228256 0.016185450649625042 0
1699262762.389746 2.343419606669358 0.0154441208269102 0
1699262762.4765317 2.358170168251721 0.014199510154452897 0
1699262762.5748756 2.3831205234251223 0.012127593389915023 0
1699262762.6556883 2.4114585961899597 0.010024075386999625 0
1699262762.844561 2.432147735533503 0.00925032804442733 0
1699262763.0145833 2.460886139925743 0.00855576041979813 0
1699262763.1634943 2.4924587892866397 0.008653505664725314 0
1699262763.331977 2.522882751909387 0.008799112457766949 0
1699262763.5029128 2.539830741612362 0.008883330914108882 0
1699262763.6802964 2.5698616115996185 0.008900158891594267 0
1699262763.843978 2.612409103910858 0.008483001041173754 0
1699262764.0002828 2.6459325403946674 0.008075332302491713 0
1699262764.1793368 2.6629997718629994 0.00787321191145027 0
1699262764.3508892 2.6943727952669048 0.007437776422040542 0
1699262764.5395947 2.7404724997542407 0.0067226100380390645 0
1699262764.7198844 2.778771297587168 0.006033238879124544 0
1699262764.892788 2.7872621128821398 0.005876469700963106 0
1699262764.9929283 2.794829037221232 0.0057387841430422415 0
1699262765.078187 2.806013306472291 0.005540166556758419 0
1699262765.1714213 2.849540199218981 0.004707832147737465 0
1699262765.3240607 2.8746778887102264 0.004331408340322686 0
1699262765.4569418 2.900830395923135 0.004635649642600199 0
1699262765.5845237 2.9168228130117315 0.004381630431086239 0
1699262765.7134635 2.945543634904891 0.004201781091106549 0
1699262765.9079256 3.00239926313018 0.0039002760787963512 0
1699262766.1320093 3.0337645891637943 0.003968865379414504 0
1699262766.3852205 3.054868728099156 0.0041533303646682385 0
1699262766.621112 3.1127169725376587 0.005768449119673235 0
1699262766.8863366 3.173394833505195 0.008250131389101039 0
1699262767.1302521 3.2093726007930905 0.010122730052109773 0
1699262767.3714323 3.2290153062565596 0.0107832468543698 0
1699262767.6308422 3.2721200642816957 0.012560075824473039 0
1699262767.9075344 3.335288174527874 0.015036305440527767 0
1699262768.0540247 3.3716238154458273 0.01651628233672819 0
1699262768.208031 3.3929657651606444 0.015508597201292877 0
1699262768.4282691 3.4254318921395934 0.01324198285483618 0
1699262768.6590164 3.4724296307997715 0.009947506545974717 0
1699262768.8237462 3.5070929609143926 0.007602578101356241 0
1699262768.9652338 3.5246711762166685 0.0068571385977949486 0
1699262769.1027737 3.541856888098844 0.007733509919778908 0
1699262769.2354379 3.551879107046361 0.008407318943506274 0
1699262769.374469 3.5883581510175375 0.012119474873214076 0
1699262769.498425 3.6075345523836586 0.01415152230371029 0
1699262769.62152 3.633716396430751 0.016786248860145604 0
1699262769.753653 3.6446227273686658 0.017814424248257247 0
1699262769.8803973 3.6951038421076747 0.022121484420893546 0
1699262770.1226563 3.733495317348755 0.024949693264359602 0
1699262770.3087986 3.7621983761564466 0.026756800566529668 0
1699262770.4972012 3.7794026867936505 0.027704056428486307 0
1699262770.6509051 3.8249611603691416 0.029859834927953167 0
1699262770.8294606 3.866178171884253 0.031058800405601696 0
1699262771.023833 3.8815463136298267 0.03115359014126891 0
1699262771.206911 4.047896530104158 0.028075349590765238 0
1699262772.0150385 4.082742891200071 0.026663919116183026 0
1699262772.1572144 4.116107157342741 0.025091977361610437 0
1699262772.3280942 4.128997687499528 0.024412204929047363 0
1699262772.4965842 4.145982746225151 0.023439202551761282 0
1699262772.6751812 4.191508088437411 0.021084744530024742 0
1699262772.8454978 4.211764970721732 0.019891501402823187 0
1699262772.9684038 4.2420536519940875 0.018054581678229188 0
1699262773.1380358 4.257269040139408 0.01708612537075041 0
1699262773.322598 4.279797378391635 0.01556837782513186 0
1699262773.4935634 4.337580743691518 0.01191560828806373 0
1699262773.6665862 4.365977903487454 0.010118773266163564 0
1699262773.857581 4.3774305246413086 0.009388008724667347 0
1699262774.0459664 4.396290576027809 0.00812256964889144 0
1699262774.1760476 4.443814449584012 0.004760336977373718 0
1699262774.331792 4.4753345299931215 0.00261067605541513 0
1699262774.5122163 4.496626383527335 0.0012180236759118054 0
1699262774.7030258 4.505116029987134 0.0006762544433124832 0
1699262774.8429768 4.534267882680261 -0.0012481862868543325 0
1699262774.9811301 4.567502308160754 -0.0035019689511860625 0
1699262775.0970297 4.606555170361456 -0.006304153491045676 0
1699262775.249812 4.6246632006355215 -0.008009880325231308 0
1699262775.3769708 4.639991900536012 -0.008348652623916873 0
1699262775.468134 4.650229983363155 -0.008271123141870817 0
1699262775.5517187 4.674342625075475 -0.008101455446785366 0
1699262775.6478848 4.690334609644291 -0.007995384527357232 0
1699262775.738936 4.702222604826188 -0.00792784359463643 0
1699262775.8298378 4.71762883502134 -0.00785677966405223 0
1699262775.9161792 4.72814785963041 -0.00784003582236139 0
1699262776.003621 4.74880674839317 -0.007818231649902299 0
1699262776.09442 4.770058684275823 -0.007854929433857813 0
1699262776.1881132 4.78184761315838 -0.007909445708482699 0
1699262776.2834928 4.8026764186692015 -0.00789546051251358 0
1699262776.4208 4.834959569961 -0.007857157338661339 0
1699262776.57969 4.859932565261378 -0.007838656777817749 0
1699262776.7448874 4.893506376246619 -0.007850022203027062 0
1699262776.9237683 4.917160530740505 -0.007884880020015663 0
1699262777.0650153 4.943836487101137 -0.007924144631762714 0
1699262777.2290344 4.975737730194113 -0.007956358275014813 0
1699262777.4102151 4.9977881364176255 -0.007986824462082575 0
1699262777.580953 5.032704405844819 -0.008070607096734633 0
1699262777.772589 5.067367386457808 -0.00818826437935159 0
1699262777.9306087 5.0938847965479646 -0.00839574248086927 0
1699262778.1224365 5.1297883652722005 -0.00880897541264382 0
1699262778.3367932 5.163613589022844 -0.009221930571621904 0
1699262778.524628 5.185911874637921 -0.009500983823202098 0
1699262778.6624036 5.214786263773005 -0.00986762753335711 0
1699262778.799366 5.231250155459461 -0.010086752754226505 0
1699262778.939986 5.25207095966162 -0.01029054206835249 0
1699262779.07315 5.287061224550267 -0.010048022167025786 0
1699262779.246017 5.317659814681095 -0.009880968466518937 0
1699262779.4291348 5.3496090960516165 -0.009698402167815812 0
1699262779.614987 5.362160008486109 -0.009622648526199849 0
1699262779.7730515 5.389756450264599 -0.009487571621822139 0
1699262779.9155452 5.424680979175705 -0.009062253061740726 0
1699262780.0706787 5.456792680905983 -0.008687361621305829 0
1699262780.2258742 5.474333749951469 -0.008500946857475567 0
1699262780.3858922 5.496362742377857 -0.008307095793794213 0
1699262780.5422828 5.533933936085249 -0.008007302448050587 0
1699262780.685671 5.574263603660139 -0.007617258956387859 0
1699262780.861376 5.585913844061233 -0.007053301928574008 0
1699262781.0293415 5.603441531390808 -0.006293275425735425 0
1699262781.2063818 5.658450519204392 -0.004120632916007203 0
1699262781.3811414 5.68652960368091 -0.0031388700269886012 0
1699262781.4959688 5.704054005468311 -0.0026267593276969774 0
1699262781.5924177 5.711857410994373 -0.0025726013349868107 0
1699262781.6871295 5.720930035400781 -0.002613208965673353 0
1699262781.7723665 5.744647858294219 -0.0031484564543373815 0
1699262781.8642254 5.760506532936714 -0.0037766032258279487 0
1699262781.9570155 5.792562061441991 -0.005077888381880042 0
1699262782.117794 5.810797090836373 -0.005806441258134346 0
1699262782.2977219 5.850126679113728 -0.007381310317364297 0
1699262782.4903517 5.882499701884488 -0.008640218683063168 0
1699262782.6254494 5.914386156368933 -0.009821043552094311 0
1699262782.8036885 5.932897545993327 -0.010455339588264136 0
1699262782.9807117 5.960260469633966 -0.011364290919341298 0
1699262783.1429713 5.996719260539437 -0.01255156482315493 0
1699262783.3084 6.040387380271195 -0.013909325251737504 0
1699262783.4827495 6.0579157866262 -0.013644022550895326 0
1699262783.6526053 6.075225210032613 -0.01319307689470146 0
1699262783.8261278 6.116631647832103 -0.012055501726847528 0
1699262783.9959757 6.1511334915003815 -0.011112012046837568 0
1699262784.1455944 6.168787427140764 -0.01064725885998547 0
1699262784.2717552 6.1801078981718875 -0.010415332718592839 0
1699262784.397588 6.340079536533518 -0.012006146839977168 0
1699262785.1629071 6.383121981161781 -0.012723539032389443 0
1699262785.3460112 6.453526643407093 -0.013854974780303042 0
1699262785.9537733 6.466083939089962 -0.014000329991561332 0
1699262786.0825608 6.483088558666717 -0.014166628442878129 0
1699262786.205865 6.631678983865308 -0.01451549994072611 1
1699262786.807638 6.6753723752080285 -0.01440278707602105 0
1699262786.957757 6.706860221840405 -0.014237891986652035 0
1699262787.1628397 6.840180624955914 -0.012926749597659527 0
1699262787.8984466 6.988122616108994 -0.010241284169965566 0
1699262788.3888488 7.018808686298517 -0.009561213537144765 1
1699262788.4757524 7.071907281629493 -0.008317318507953074 0
1699262788.9201927 7.082655848616023 -0.00806414418427455 0
1699262788.9995544 7.0940788228384575 -0.007794733538772587 1
1699262789.0804222 7.250968306512271 -0.0032187261492038783 1
1699262789.5261054 7.26319048691291 -0.00283502779543105 0
1699262789.6042573 7.285308114811487 -0.002139416492436975 0
1699262789.6900687 7.3776991479078005 0.000722942133707354 0
1699262790.1467836 7.389528579536876 0.0010716481731722375 0
1699262790.2220776 7.402156448371032 0.001431764683570674 0
1699262790.301663 7.519233412951253 0.005442915006261568 1
1699262790.6723702 7.542873884253021 0.0062431145484138474 0
1699262790.7287788 7.565217353126379 0.0069794584485371345 0
1699262790.7992756 7.620966116496358 0.008848537425309269 0
1699262791.1347194 7.630212641038476 0.009135642357438226 0
1699262791.193723 7.64350314063382 0.009533473797059863 0
1699262791.2621062 7.759296506960128 0.012761232386067807 1
1699262791.6064928 7.812173086908404 0.01407902698763422 0
1699262791.671993 7.824529756219777 0.014371163307784065 0
1699262791.72794 7.8351437276932 0.014612999149872524 0
1699262791.7898562 7.927577879705859 0.016353070075508264 0
1699262792.1390495 7.935078530770125 0.016466489239825913 0
1699262792.2069545 7.95386517669419 0.016732460362808982 0
1699262792.2772079 7.990209110234071 0.017191426879028613 1
1699262792.362748 8.122653693733659 0.018242240702947644 1
1699262792.7274156 8.144837127418088 0.018340607793252653 0
1699262792.7871778 8.15535929608596 0.018376559462585988 0
1699262792.8469508 8.166334065694988 0.018402937893504737 0
1699262792.8984747 8.324121069401677 0.018109658671768714 0
1699262793.259037 8.337553649343773 0.018036271236780903 0
1699262793.3198783 8.375208439545991 0.017844908831453128 0
1699262793.3902683 8.471858081207689 0.017101789513609706 0
1699262793.7745674 8.50100182674678 0.016793854524497064 0
1699262793.8419187 8.523490948313393 0.01634677165893776 0
1699262793.923845 8.55183747145211 0.015494425050611377 1
1699262793.9999819 8.699156050694405 0.01091308087073492 0
1699262794.3700383 8.805864141896446 0.0075397855630003514 0
1699262794.7395167 8.83826517332528 0.006487304742241893 0
1699262794.8069732 9.01740593579757 0.00031331467651233896 1
1699262795.2572305 9.047817483510125 -0.0006887397748125669 0
1699262795.3116095 9.08773912513351 -0.0019930431668299274 0
1699262795.3894844 9.211828428986362 -0.006553449839909482 0
1699262795.7739737 9.221971546932124 -0.0069077689578916305 0
1699262795.8400903 9.233792420996405 -0.0073190398542050394 0
1699262795.8973527 9.276797403581991 -0.008704882455742063 1
1699262795.965212 9.527789224993489 -0.015089840244848303 1
1699262796.5559611 9.76570661971329 -0.01839523845451152 0
1699262797.191625 9.79199119420746 -0.018577658976276067 0
1699262797.2765503 9.979249982055727 -0.01902947871345411 0
1699262797.6665447 10.027301694464139 -0.018914891198495497 0
1699262797.743434 10.07113527039778 -0.018758280263009384 0
1699262797.8642583 10.245522793566904 -0.017265699939312894 0
1699262798.3683991 10.284302875955923 -0.016704109795882473 0
1699262798.441889 10.333314995745399 -0.01589453901925803 1
1699262798.5613217 10.397094557791862 -0.014735253772554642 1
1699262798.6957211 10.60539359480245 -0.010012612368484854 0
1699262799.2944713 10.811651368723062 -0.0038396229608586812 0
1699262799.838551 10.8708283227275 -0.0018005531160295483 0
1699262799.9311974 11.207904076377206 0.011094510267898705 1
1699262800.7791128 11.265645227272579 0.01331664172511323 0
1699262800.9219668 11.305049489106253 0.014805792062596943 0
1699262801.0461664 0.08616948117979958 -0.0009793484982192776 0
1699262801.7504396 0.0913723281676784 -0.0009933594468314651 1
1699262801.8745446 0.11770447583227361 -0.0010563015210200899 0
1699262802.0264885 0.5558278445179646 0.003535262136851198 0
1699262802.8194544 0.6005759826503838 0.006937944960638802 0
