1699102517.6892452 4.8789483737821104e-12 2.1633765889816914e-09 0
1699102517.8405836 4.8789483737821104e-12 2.1633765889816914e-09 0
1699102517.9066916 4.8789483737821104e-12 2.1633765889816914e-09 0
1699102517.9727597 0.0002531063510105014 -5.132612272973347e-07 0
1699102518.035436 0.005264617502689362 -7.577442829642678e-06 0
1699102518.103599 0.014199178665876389 -5.157441773917526e-05 0
1699102518.173793 0.025765681639313698 -0.00015414586232509464 0
1699102518.2411284 0.025765681639313698 -0.00015414586232509464 0
1699102518.302592 0.04996016249060631 -0.0005039172247052193 0
1699102518.3695014 0.06015922501683235 -0.0006565857329405844 0
1699102518.4381049 0.06863720715045929 -0.0007926388061605394 0
1699102518.5049322 0.07557158917188644 -0.0008942452841438353 0
1699102518.5718474 0.07919082045555115 -0.0009320724057033658 0
1699102518.63844 0.0857965499162674 -0.0010010431287810206 0
1699102518.7044315 0.0936933308839798 -0.0010491075227037072 0
1699102518.7710679 0.10174208879470825 -0.0010723295854404569 0
1699102518.8362775 0.1106007844209671 -0.0010454400908201933 0
1699102518.9033995 0.11963646113872528 -0.0009808866307139397 0
1699102518.971908 0.13287338614463806 -0.0008581732981838286 0
1699102519.1179073 0.14542652666568756 -0.0007046679966151714 0
1699102519.1867485 0.149526447057724 -0.0006469837389886379 0
1699102519.253601 0.16162297129631042 -0.0004297693376429379 0
1699102519.318108 0.16541875898838043 -0.00035142494016326964 0
1699102519.3820374 0.17359183728694916 -0.00015914080722723156 0
1699102519.4463708 0.18148621916770935 4.1161711124004796e-05 0
1699102519.5081844 0.19370639324188232 0.00038692739326506853 0
1699102519.5754526 0.20197893679141998 0.0006459071300923824 0
1699102519.6405973 0.20615260303020477 0.0007931145955808461 0
1699102519.705087 0.21414467692375183 0.0011054995702579618 0
1699102519.770294 0.22630763053894043 0.0016336962580680847 0
1699102519.8351476 0.23035310208797455 0.001818958786316216 0
1699102519.9014351 0.23844262957572937 0.002219229005277157 0
1699102519.9679124 0.2465815395116806 0.0026450667064636946 0
1699102520.0324464 0.25449255108833313 0.0030667386017739773 0
1699102520.0986164 0.25449255108833313 0.0030667386017739773 0
1699102520.1629372 0.2627820670604706 0.0035200491547584534 0
1699102520.229414 0.270515501499176 0.003944289404898882 0
1699102520.2962773 0.270515501499176 0.003944289404898882 0
1699102520.3565662 0.29476889967918396 0.005419719964265823 0
1699102520.4251118 0.29896223545074463 0.005682654213160276 0
1699102520.4894347 0.3065405786037445 0.006157611031085253 0
1699102520.5566409 0.31452277302742004 0.0066631510853767395 0
1699102520.6230428 0.31452277302742004 0.0066631510853767395 0
1699102520.6850657 0.33342158794403076 0.00779022416099906 0
1699102520.7526808 0.33342158794403076 0.00779022416099906 0
1699102520.8187168 0.3445659577846527 0.008418031968176365 0
1699102520.8855796 0.3523498773574829 0.008846424520015717 0
1699102520.9529777 0.36018526554107666 0.009260733611881733 0
1699102521.0249815 0.36018526554107666 0.009260733611881733 0
1699102521.088328 0.37191590666770935 0.009823977947235107 0
1699102521.1543775 0.37596213817596436 0.009991826489567757 0
1699102521.216617 0.37596213817596436 0.009991826489567757 0
1699102521.2754707 0.37596213817596436 0.009991826489567757 0
1699102521.3324895 0.3917217254638672 0.010519278235733509 0
1699102521.3946629 0.3917217254638672 0.010519278235733509 0
1699102521.45471 0.3917217254638672 0.010519278235733509 0
1699102521.5132582 0.3917217254638672 0.010519278235733509 0
1699102521.5693252 0.3917217254638672 0.010519278235733509 0
1699102521.6286736 0.3917217254638672 0.010519278235733509 0
1699102521.6881087 0.3917217254638672 0.010519278235733509 0
1699102521.7452555 0.4263167381286621 0.011053974740207195 0
1699102521.8097558 0.4263167381286621 0.011053974740207195 0
1699102521.8699057 0.4341629445552826 0.011093713343143463 0
1699102521.9285555 0.44578051567077637 0.011077228002250195 0
1699102521.9912758 0.47609958052635193 0.01065424457192421 0
1699102522.0561876 0.47609958052635193 0.01065424457192421 0
1699102522.1157248 0.47609958052635193 0.01065424457192421 0
1699102522.1737242 0.47609958052635193 0.01065424457192421 0
1699102522.2300286 0.4799461364746094 0.010583045892417431 0
1699102522.2933059 0.4875634014606476 0.010446097701787949 0
1699102522.358578 0.49497804045677185 0.010302167385816574 0
1699102522.431413 0.49497804045677185 0.010302167385816574 0
1699102522.4926875 0.5166909098625183 0.009897873736917973 0
1699102522.5573683 0.5278765559196472 0.009700965136289597 0
1699102522.6220176 0.5278765559196472 0.009700965136289597 0
1699102522.680135 0.5278765559196472 0.009700965136289597 0
1699102522.738691 0.5426812171936035 0.009457645937800407 0
1699102522.8024304 0.5649526715278625 0.00916646420955658 0
1699102522.8696787 0.5684705972671509 0.009122696705162525 0
1699102522.933432 0.575860857963562 0.009037559852004051 0
1699102522.9979506 0.5829727053642273 0.008957620710134506 0
1699102523.068119 0.5900340676307678 0.00889016967266798 0
1699102523.141507 0.5971966981887817 0.00882657989859581 0
1699102523.2089977 0.6114212870597839 0.008785816840827465 0
1699102523.273613 0.6114212870597839 0.008785816840827465 0
1699102523.3378716 0.6188119649887085 0.00879979133605957 0
1699102523.3994436 0.6256964206695557 0.008829524740576744 0
1699102523.4625893 0.6331878900527954 0.008914344012737274 0
1699102523.5271544 0.640173077583313 0.009004083462059498 0
1699102523.5904012 0.6472848057746887 0.00909489206969738 0
1699102523.6552498 0.6542952060699463 0.009191174060106277 0
1699102523.7178283 0.6578384041786194 0.009235934354364872 0
1699102523.7786896 0.6646464467048645 0.009323934093117714 0
1699102523.8427052 0.6716566681861877 0.009435332380235195 0
1699102523.9068508 0.6788944602012634 0.00955880805850029 0
1699102523.9703393 0.6861823797225952 0.009708616882562637 0
1699102524.0371346 0.6933436393737793 0.009863566607236862 0
1699102524.0988395 0.70037841796875 0.010013422928750515 0
1699102524.1646364 0.7074130177497864 0.010169641114771366 0
1699102524.2271872 0.7074130177497864 0.010169641114771366 0
1699102524.293422 0.7214323282241821 0.010449991561472416 0
1699102524.3692794 0.7282904982566833 0.010570011101663113 0
1699102524.434605 0.7351744771003723 0.010653292760252953 0
1699102524.5015247 0.742185115814209 0.010726403445005417 0
1699102524.5688126 0.7490440607070923 0.01078193262219429 0
1699102524.6340525 0.755852460861206 0.010823736898601055 0
1699102524.7018487 0.7628128528594971 0.010846180841326714 0
1699102524.7630765 0.7695454955101013 0.010845907963812351 0
1699102524.8260696 0.7695454955101013 0.010845907963812351 0
1699102524.888969 0.77665776014328 0.01082639954984188 0
1699102524.9575858 0.7836179733276367 0.010768518783152103 0
1699102525.0232036 0.7941461205482483 0.010616482235491276 0
1699102525.0873945 0.7978153824806213 0.010541478171944618 0
1699102525.1546323 0.8049262166023254 0.010396330617368221 0
1699102525.2218041 0.8119099140167236 0.010228700935840607 0
1699102525.2900422 0.8224095702171326 0.009929142892360687 0
1699102525.3572545 0.825900673866272 0.009817097336053848 0
1699102525.422927 0.8357657194137573 0.009470040909945965 0
1699102525.4894843 0.8421645760536194 0.009222530759871006 0
1699102525.555652 0.8487391471862793 0.008935969322919846 0
1699102525.6206224 0.8487391471862793 0.008935969322919846 0
1699102525.6810627 0.8554900288581848 0.008625878021121025 0
1699102525.7607229 0.8624163866043091 0.008277266286313534 0
1699102525.8293643 0.8692917227745056 0.007922334596514702 0
1699102525.895359 0.8828125 0.0071788365021348 0
1699102525.9632843 0.8896339535713196 0.006767172832041979 0
1699102526.0299654 0.8931203484535217 0.006554557941854 0
1699102526.0957413 0.8998145461082458 0.006135034374892712 0
1699102526.161952 0.9065843820571899 0.00570861017331481 0
1699102526.227145 0.9065843820571899 0.00570861017331481 0
1699102526.2889135 0.9195922017097473 0.004866649396717548 0
1699102526.3556437 0.9262596368789673 0.004425990395247936 0
1699102526.420845 0.9329025149345398 0.003997362218797207 0
1699102526.4840472 0.9394693374633789 0.0035687412600964308 0
1699102526.5515523 0.9463900923728943 0.0031231010798364878 0
1699102526.6170838 0.9496985673904419 0.002903927117586136 0
1699102526.683085 0.9566183686256409 0.0024429182521998882 0
1699102526.7477746 0.9631086587905884 0.0020083102863281965 0
1699102526.813747 0.9695730209350586 0.0015650858404114842 0
1699102526.8809462 0.9760368466377258 0.0011141662253066897 0
1699102526.9472008 0.9822980165481567 0.0006679847138002515 0
1699102527.0148618 0.9886844754219055 0.0002001694665523246 0
1699102527.091899 0.9950710535049438 -0.0002661310718394816 0
1699102527.1584797 1.001533031463623 -0.0007433532737195492 0
1699102527.2251043 1.0081207752227783 -0.0012351780897006392 0
1699102527.2973459 1.0148088932037354 -0.0017425501719117165 0
1699102527.3619552 1.0214712619781494 -0.0022536481264978647 0
1699102527.42678 1.0214712619781494 -0.0022536481264978647 0
1699102527.489562 1.0278058052062988 -0.0027371766045689583 0
1699102527.5503156 1.0340391397476196 -0.0032164319418370724 0
1699102527.617902 1.0466563701629639 -0.0041988142766058445 0
1699102527.6862786 1.0499114990234375 -0.004453814122825861 0
1699102527.7501569 1.0499114990234375 -0.004453814122825861 0
1699102527.812055 1.0567991733551025 -0.005006886087357998 0
1699102527.8773923 1.0723676681518555 -0.006232483312487602 0
1699102527.9448051 1.078904390335083 -0.006728054955601692 0
1699102528.010122 1.078904390335083 -0.006728054955601692 0
1699102528.076043 1.0917046070098877 -0.0076384274289011955 0
1699102528.154051 1.0980191230773926 -0.008045724593102932 0
1699102528.221857 1.0980191230773926 -0.008045724593102932 0
1699102528.2834513 1.0980191230773926 -0.008045724593102932 0
1699102528.3411124 1.1042590141296387 -0.008429102599620819 0
1699102528.399925 1.1204079389572144 -0.009319975040853024 0
1699102528.466241 1.1268038749694824 -0.009632440283894539 0
1699102528.531209 1.1301416158676147 -0.009780297987163067 0
1699102528.5958447 1.1367170810699463 -0.010043589398264885 0
1699102528.6602786 1.1430405378341675 -0.010275401175022125 0
1699102528.7233398 1.1525273323059082 -0.010576698929071426 0
1699102528.7885718 1.1589282751083374 -0.010758963413536549 0
1699102528.8527288 1.1619898080825806 -0.010841438546776772 0
1699102528.9186506 1.165177822113037 -0.010925299488008022 0
1699102528.9870012 1.177930474281311 -0.011240413412451744 0
1699102529.0517051 1.177930474281311 -0.011240413412451744 0
1699102529.1159463 1.1844338178634644 -0.011383273638784885 0
1699102529.1815221 1.1910637617111206 -0.011521648615598679 0
1699102529.2462845 1.2008825540542603 -0.011704042553901672 0
1699102529.3117797 1.2072346210479736 -0.01181204803287983 0
1699102529.3785985 1.2104486227035522 -0.011866223998367786 0
1699102529.443956 1.2168259620666504 -0.011975755915045738 0
1699102529.5180168 1.2231022119522095 -0.012075917795300484 0
1699102529.587445 1.229327917098999 -0.012168512679636478 0
1699102529.6517828 1.2354779243469238 -0.012249750085175037 0
1699102529.7171452 1.2416785955429077 -0.012327680364251137 0
1699102529.7819774 1.2479300498962402 -0.012387622147798538 0
1699102529.8477519 1.25433349609375 -0.012442363426089287 0
1699102529.911686 1.2575984001159668 -0.012471825815737247 0
1699102529.977789 1.2700252532958984 -0.012589862570166588 0
1699102530.0433214 1.2732394933700562 -0.012626159004867077 0
1699102530.106803 1.2791365385055542 -0.012686336413025856 0
1699102530.1715221 1.2852869033813477 -0.012732654809951782 0
1699102530.2386084 1.2852869033813477 -0.012732654809951782 0
1699102530.30366 1.2911334037780762 -0.012785500846803188 0
1699102530.368827 1.3036103248596191 -0.012952026911079884 0
1699102530.4355001 1.3065459728240967 -0.012997173704206944 0
1699102530.4995081 1.3065459728240967 -0.012997173704206944 0
1699102530.5617883 1.3128983974456787 -0.013082951307296753 0
1699102530.6267376 1.3253754377365112 -0.013253310695290565 0
1699102530.6924393 1.3316011428833008 -0.013349710963666439 0
1699102530.7705083 1.3403829336166382 -0.013485932722687721 1
1699102530.886145 1.3403829336166382 -0.013485932722687721 1
1699102530.9002075 1.3403829336166382 -0.013485932722687721 1
1699102530.9262896 1.3464312553405762 -0.013591313734650612 1
1699102530.9707446 1.3585281372070312 -0.013791819103062153 1
1699102531.057232 1.3585281372070312 -0.013791819103062153 1
1699102531.0716572 1.3585281372070312 -0.013791819103062153 1
1699102531.1205993 1.3642982244491577 -0.013885486871004105 1
1699102531.1705887 1.3750540018081665 -0.014042678289115429 1
1699102531.2469819 1.3750540018081665 -0.014042678289115429 1
1699102531.270832 1.3750540018081665 -0.014042678289115429 1
1699102531.3207428 1.3821911811828613 -0.014129095710814 1
1699102531.438354 1.3864938020706177 -0.014169386588037014 1
1699102531.4559903 1.3864938020706177 -0.014169386588037014 1
1699102531.4705763 1.3864938020706177 -0.014169386588037014 1
1699102531.52059 1.3903663158416748 -0.014199920929968357 1
1699102531.5706992 1.3975038528442383 -0.014240605756640434 1
1699102531.628796 1.3975038528442383 -0.014240605756640434 1
1699102531.6706688 1.4005157947540283 -0.01425424125045538 1
1699102531.724443 1.4005157947540283 -0.01425424125045538 1
1699102531.7706575 1.4032492637634277 -0.014264442957937717 1
1699102531.8207312 1.4059069156646729 -0.014270764775574207 1
1699102531.870745 1.4059069156646729 -0.014270764775574207 1
1699102531.9206297 1.4082608222961426 -0.014275292865931988 1
1699102531.9707534 1.4143860340118408 -0.014272335916757584 1
1699102532.1159325 1.4161577224731445 -0.014265399426221848 1
1699102532.1903162 1.4178534746170044 -0.014254692941904068 1
1699102532.2644014 1.41952383518219 -0.014240805990993977 1
1699102532.338594 1.4211183786392212 -0.014225093647837639 1
1699102532.4133117 1.4227887392044067 -0.014206890016794205 1
1699102532.4876835 1.4252690076828003 -0.01417649257928133 0
1699102532.5631187 1.4268887042999268 -0.01415334828197956 1
1699102532.6395428 1.4285084009170532 -0.014126365073025227 1
1699102532.7146826 1.4329369068145752 -0.01403758767992258 0
1699102532.860901 1.4337466955184937 -0.014019719325006008 0
1699102532.9341757 1.4353662729263306 -0.013983132317662239 1
1699102533.009613 1.4370362758636475 -0.013943931087851524 0
1699102533.0861242 1.4405027627944946 -0.013857144862413406 0
1699102533.1726818 1.4431339502334595 -0.013784216716885567 1
1699102533.2859716 1.4431339502334595 -0.013784216716885567 1
1699102533.3621206 1.4475107192993164 -0.013651330955326557 1
1699102533.4370878 1.4475107192993164 -0.013651330955326557 1
1699102533.5096784 1.4509260654449463 -0.013546324335038662 1
1699102533.587018 1.4517861604690552 -0.013519318774342537 1
1699102533.6573114 1.4517861604690552 -0.013519318774342537 1
1699102533.7268014 1.4557830095291138 -0.013387448154389858 1
1699102533.8011956 1.4566431045532227 -0.013357877731323242 1
1699102533.8738468 1.4582366943359375 -0.01330186054110527 1
1699102533.9471087 1.460487961769104 -0.013223106041550636 1
1699102534.021515 1.4620057344436646 -0.013171205297112465 0
1699102534.0952399 1.4635740518569946 -0.013118053786456585 0
1699102534.1698482 1.4652183055877686 -0.013062553480267525 1
1699102534.243213 1.4667866230010986 -0.013009163551032543 1
1699102534.3191555 1.4684054851531982 -0.012953720055520535 1
1699102534.4039483 1.4734139442443848 -0.012782618403434753 0
1699102534.5203514 1.4751341342926025 -0.012726145796477795 0
1699102534.5952983 1.4768290519714355 -0.01267166156321764 0
1699102534.6688504 1.4777398109436035 -0.012642482295632362 0
1699102534.7446277 1.4793336391448975 -0.012591077014803886 0
1699102534.820855 1.4819391965866089 -0.012505674734711647 1
1699102534.8958743 1.4836593866348267 -0.012449357658624649 0
1699102534.9704561 1.4845194816589355 -0.012421307153999805 0
1699102535.0429757 1.4879852533340454 -0.01231029350310564 0
1699102535.1198714 1.489781379699707 -0.012254253961145878 0
1699102535.193306 1.4915776252746582 -0.012198374606668949 0
1699102535.2695115 1.493424415588379 -0.012139635160565376 1
1699102535.34539 1.4952963590621948 -0.012078161351382732 0
1699102535.4177911 1.4970418214797974 -0.012020337395370007 0
1699102535.492687 1.4988125562667847 -0.01196230761706829 1
1699102535.5702958 1.5024808645248413 -0.011844076216220856 0
1699102535.6552038 1.5043528079986572 -0.011784056201577187 0
1699102535.7301614 1.5053141117095947 -0.011753358878195286 0
1699102535.8077302 1.5091086626052856 -0.011628681793808937 0
1699102535.880844 1.5099940299987793 -0.011598730459809303 0
1699102535.9555452 1.5109553337097168 -0.011566420085728168 0
1699102536.0306144 1.5149775743484497 -0.011435247026383877 0
1699102536.1032932 1.5169001817703247 -0.011373009532690048 0
1699102536.1723273 1.5189746618270874 -0.011305153369903564 0
1699102536.2466264 1.5200117826461792 -0.011271066032350063 0
1699102536.3207698 1.5240591764450073 -0.011136824265122414 0
1699102536.3956378 1.5240591764450073 -0.011136824265122414 0
1699102536.4700491 1.5283093452453613 -0.011003268882632256 0
1699102536.5443919 1.5283093452453613 -0.011003268882632256 0
1699102536.6157393 1.5314970016479492 -0.010906942188739777 0
1699102536.6849096 1.534760594367981 -0.01080835796892643 0
1699102536.7569172 1.5368857383728027 -0.010743177495896816 0
1699102536.8450098 1.5400986671447754 -0.010646539740264416 0
1699102536.9561808 1.5423504114151 -0.010580581612884998 0
1699102537.0347164 1.5446020364761353 -0.010513035580515862 0
1699102537.1093109 1.5478150844573975 -0.010414967313408852 0
1699102537.1823413 1.550016164779663 -0.010347649455070496 0
1699102537.2571285 1.5523183345794678 -0.010277580469846725 0
1699102537.332661 1.5546711683273315 -0.01020687073469162 0
1699102537.4041245 1.5569987297058105 -0.010136609897017479 0
1699102537.4799633 1.560565710067749 -0.010024474933743477 0
1699102537.5534472 1.5628424882888794 -0.009952631779015064 0
1699102537.6271493 1.5639809370040894 -0.00991737749427557 0
1699102537.7046678 1.5662072896957397 -0.00984879769384861 0
1699102537.7738957 1.568610668182373 -0.009775850921869278 0
1699102537.8478472 1.5721272230148315 -0.009670786559581757 0
1699102537.9226408 1.5732909440994263 -0.009635371156036854 0
1699102537.9979422 1.5779964923858643 -0.00949389860033989 0
1699102538.0735059 1.5779964923858643 -0.00949389860033989 0
1699102538.157107 1.5840685367584229 -0.00932224653661251 0
1699102538.2328868 1.5878382921218872 -0.00921706110239029 0
1699102538.343707 1.5890274047851562 -0.009183947928249836 0
1699102538.417802 1.5915069580078125 -0.009117396548390388 0
1699102538.4908974 1.5965169668197632 -0.00899185799062252 0
1699102538.5629306 1.5989713668823242 -0.008932157419621944 0
1699102538.6389973 1.6002870798110962 -0.008900378830730915 0
1699102538.7120242 1.6028428077697754 -0.008839519694447517 0
1699102538.786383 1.6065878868103027 -0.008756584487855434 0
1699102538.8612294 1.607928991317749 -0.008728007785975933 1
1699102538.93601 1.6104847192764282 -0.008673594333231449 0
1699102539.0103302 1.6143057346343994 -0.008592795580625534 0
1699102539.0855763 1.6169880628585815 -0.00853742565959692 0
1699102539.157728 1.6195693016052246 -0.008485899306833744 0
1699102539.2291415 1.6220744848251343 -0.00843597948551178 0
1699102539.3009186 1.6247820854187012 -0.008381065912544727 0
1699102539.3759043 1.6273126602172852 -0.008329387754201889 0
1699102539.4617436 1.6325761079788208 -0.008221691474318504 0
1699102539.5774682 1.6378142833709717 -0.008113367483019829 1
1699102539.6518774 1.6392567157745361 -0.008082716725766659 1
1699102539.725796 1.6418884992599487 -0.008027010597288609 0
1699102539.7982495 1.6418884992599487 -0.008027010597288609 1
1699102539.867725 1.6485185623168945 -0.007891145534813404 0
1699102539.9413216 1.6512010097503662 -0.00783480890095234 1
1699102540.017132 1.6538326740264893 -0.007778053171932697 0
1699102540.0942416 1.6564390659332275 -0.007723626215010881 0
1699102540.1704066 1.6589949131011963 -0.007673859130591154 0
1699102540.24721 1.6615508794784546 -0.007626396603882313 0
1699102540.3235562 1.66398024559021 -0.007582834456115961 0
1699102540.3998659 1.6679280996322632 -0.0075151058845222 0
1699102540.4757814 1.670433521270752 -0.007474587764590979 1
1699102540.5497537 1.6730655431747437 -0.007434516213834286 0
1699102540.6247737 1.676962971687317 -0.007378316484391689 0
1699102540.7039995 1.6795190572738647 -0.007342574652284384 0
1699102540.796012 1.6821258068084717 -0.007309500593692064 0
1699102540.9072013 1.6888833045959473 -0.0072336578741669655 1
1699102540.9832869 1.6888833045959473 -0.0072336578741669655 0
1699102541.0553167 1.6903259754180908 -0.007218160200864077 1
1699102541.1279514 1.6957674026489258 -0.00716030178591609 1
1699102541.2022827 1.7009305953979492 -0.007111129816621542 1
1699102541.2788713 1.7022720575332642 -0.007098205387592316 1
1699102541.3541617 1.7035881280899048 -0.0070855990052223206 1
1699102541.430271 1.7061697244644165 -0.007061742711812258 1
1699102541.507109 1.7099155187606812 -0.007031782530248165 1
1699102541.576146 1.7136613130569458 -0.007007494103163481 1
1699102541.6491296 1.714800238609314 -0.00699992198497057 1
1699102541.7229207 1.716065764427185 -0.00699142599478364 1
1699102541.7967105 1.721178412437439 -0.006960979197174311 0
1699102541.8723202 1.72244393825531 -0.006955642253160477 1
1699102541.9487379 1.7271770238876343 -0.006938629783689976 0
1699102542.0390055 1.7309989929199219 -0.006928487680852413 1
1699102542.1492503 1.7347196340560913 -0.006921558175235987 1
1699102542.2242417 1.7359598875045776 -0.006920471787452698 1
1699102542.2984467 1.738415002822876 -0.006919435691088438 1
1699102542.3749082 1.7419583797454834 -0.00691620958968997 1
1699102542.4504058 1.7443881034851074 -0.0069144307635724545 1
1699102542.5268304 1.7456029653549194 -0.006914051249623299 1
1699102542.6017888 1.748032808303833 -0.006913816090673208 1
1699102542.679965 1.7523860931396484 -0.00691265007480979 1
1699102542.7548654 1.754588007926941 -0.006911470554769039 1
1699102542.82895 1.7567646503448486 -0.006908750161528587 1
1699102542.9059217 1.7589160203933716 -0.006906284485012293 1
1699102542.9803464 1.760966181755066 -0.0069049568846821785 1
1699102543.0552158 1.7628391981124878 -0.006903478410094976 1
1699102543.1326873 1.7667622566223145 -0.006896819453686476 1
1699102543.2084887 1.7687617540359497 -0.006894018966704607 0
1699102543.2836862 1.7697489261627197 -0.0068927546963095665 1
1699102543.369946 1.7715966701507568 -0.0068909162655472755 1
1699102543.4830742 1.7735456228256226 -0.006890765391290188 1
1699102543.556565 1.777570128440857 -0.006895266938954592 1
1699102543.6313236 1.7803038358688354 -0.006900986656546593 1
1699102543.7085476 1.782202124595642 -0.006907103583216667 0
1699102543.7851171 1.7839739322662354 -0.00691450759768486 1
1699102543.8589818 1.784885048866272 -0.006919031497091055 1
1699102543.9335191 1.7864795923233032 -0.006928744725883007 1
1699102544.0092561 1.789617896080017 -0.006954646203666925 1
1699102544.0833843 1.790377140045166 -0.006961739622056484 1
1699102544.1573567 1.7936674356460571 -0.006995547562837601 1
1699102544.235384 1.79450261592865 -0.007005250547081232 1
1699102544.3091717 1.7953630685806274 -0.007015768904238939 1
1699102544.3852174 1.797033429145813 -0.0070365010760724545 1
1699102544.459097 1.8000956773757935 -0.007076973095536232 1
1699102544.5338764 1.8000956773757935 -0.007076973095536232 1
1699102544.621193 1.8031072616577148 -0.00712301442399621 0
1699102544.73185 1.8062958717346191 -0.00717577338218689 1
1699102544.8066137 1.8079408407211304 -0.007204349152743816 1
1699102544.880808 1.8087000846862793 -0.007217837031930685 1
1699102544.955705 1.8115596771240234 -0.0072690751403570175 1
1699102545.0297048 1.8115596771240234 -0.0072690751403570175 1
1699102545.104205 1.8127996921539307 -0.007291041314601898 1
1699102545.1784148 1.815178632736206 -0.007335001137107611 1
1699102545.2537584 1.8162920475006104 -0.007356736343353987 1
1699102545.3280883 1.8179874420166016 -0.007390470709651709 1
1699102545.4042718 1.8184936046600342 -0.007400714326649904 1
1699102545.4833393 1.819480538368225 -0.007420921232551336 1
1699102545.552001 1.8210241794586182 -0.007453236263245344 1
1699102545.62614 1.8218845129013062 -0.007471474353224039 1
1699102545.702105 1.822314739227295 -0.0074806781485676765 1
1699102545.7896817 1.823580026626587 -0.007508592680096626 1
1699102545.903907 1.8251235485076904 -0.00754353916272521 1
1699102545.9817488 1.8259332180023193 -0.0075623043812811375 1
1699102546.0564306 1.8266416788101196 -0.007579124998301268 1
1699102546.1290824 1.8269705772399902 -0.007587037980556488 1
1699102546.2031205 1.8276283740997314 -0.007603469770401716 1
1699102546.2771988 1.828691005706787 -0.007631475571542978 1
1699102546.3531494 1.8291716575622559 -0.007644453085958958 1
1699102546.4260783 1.8297029733657837 -0.007659120950847864 1
1699102546.4989626 1.8301583528518677 -0.0076720230281353 1
1699102546.5746067 1.830588459968567 -0.007684508804231882 1
1699102546.6491146 1.8309427499771118 -0.0076950062066316605 1
1699102546.7237635 1.8314487934112549 -0.007710165809839964 1
1699102546.7989252 1.8316259384155273 -0.0077155157923698425 1
1699102546.871979 1.8323850631713867 -0.007739114575088024 1
1699102546.9578738 1.8326380252838135 -0.007747175637632608 1
1699102547.0326202 1.8328657150268555 -0.00775454705581069 1
1699102547.10505 1.833042860031128 -0.007760307285934687 1
1699102547.1791062 1.8331440687179565 -0.007763606030493975 1
1699102547.2568903 1.8334476947784424 -0.007773520424962044 1
1699102547.3341331 1.8334729671478271 -0.007774351630359888 1
1699102547.412037 1.8335994482040405 -0.007778509985655546 1
1699102547.486595 1.8339030742645264 -0.0077887787483632565 1
1699102547.5630717 1.8339030742645264 -0.0077887787483632565 1
1699102547.6385822 1.834282636642456 -0.007801980711519718 1
1699102547.7159595 1.8344091176986694 -0.00780649995431304 1
1699102547.790646 1.8344091176986694 -0.00780649995431304 1
1699102547.8642602 1.8345354795455933 -0.007811073213815689 1
1699102547.9405453 1.8345860242843628 -0.00781293772161007 1
1699102548.0138664 1.834737777709961 -0.007818606682121754 1
1699102548.0898519 1.834737777709961 -0.007818606682121754 1
1699102548.173801 1.8348135948181152 -0.00782147329300642 1
1699102548.2484112 1.8348135948181152 -0.00782147329300642 1
1699102548.3216653 1.8348641395568848 -0.007823391817510128 1
1699102548.3964038 1.8348641395568848 -0.007823391817510128 1
1699102548.4689248 1.8348641395568848 -0.007823391817510128 1
1699102548.5433187 1.8348641395568848 -0.007823391817510128 1
1699102548.6175969 1.834939956665039 -0.00782626960426569 1
1699102548.691694 1.834939956665039 -0.00782626960426569 1
1699102548.763856 1.834939956665039 -0.00782626960426569 1
1699102548.8378105 1.834939956665039 -0.00782626960426569 1
1699102548.9119782 1.834939956665039 -0.00782626960426569 1
1699102548.9862254 1.834939956665039 -0.00782626960426569 1
1699102549.060004 1.834939956665039 -0.00782626960426569 1
1699102549.1325002 1.834939956665039 -0.00782626960426569 1
1699102549.2081907 1.834939956665039 -0.00782626960426569 1
1699102549.2810504 1.834939956665039 -0.00782626960426569 1
1699102549.3539157 1.834939956665039 -0.00782626960426569 1
1699102549.432095 1.834939956665039 -0.00782626960426569 1
1699102549.5122683 1.834939956665039 -0.00782626960426569 0
1699102549.631513 1.834939956665039 -0.00782626960426569 0
1699102549.7035036 1.834939956665039 -0.00782626960426569 0
1699102549.7746778 1.834939956665039 -0.00782626960426569 0
1699102549.8459318 1.834939956665039 -0.00782626960426569 0
1699102549.914954 1.834939956665039 -0.00782626960426569 0
1699102549.9845004 1.834939956665039 -0.00782626960426569 0
1699102550.0565443 1.8350157737731934 -0.007829169742763042 0
1699102550.1263385 1.8351422548294067 -0.007834023796021938 0
1699102550.1966116 1.835445761680603 -0.007845799438655376 0
1699102550.2687957 1.8357239961624146 -0.00785675086081028 0
1699102550.34188 1.8363057374954224 -0.007879992015659809 0
1699102550.414069 1.8364322185516357 -0.007885104045271873 0
1699102550.4872885 1.8366597890853882 -0.00789431482553482 0
1699102550.5579414 1.8368874788284302 -0.00790358241647482 0
1699102550.631236 1.8371909856796265 -0.007916009984910488 0
1699102550.7013695 1.837469220161438 -0.007927321828901768 0
1699102550.7719522 1.837797999382019 -0.007940540090203285 0
1699102550.8430965 1.8382025957107544 -0.007956643588840961 0
1699102550.9155219 1.8386578559875488 -0.007974658161401749 0
1699102550.9849734 1.839189052581787 -0.00799588579684496 0
1699102551.0565786 1.8396947383880615 -0.008016413077712059 0
1699102551.139731 1.8406809568405151 -0.008056712336838245 0
1699102551.2114854 1.8411613702774048 -0.008076107129454613 0
1699102551.2835639 1.8414396047592163 -0.008087296970188618 0
1699102551.3550408 1.8426789045333862 -0.008137441240251064 0
1699102551.4290063 1.8430076837539673 -0.008150811307132244 0
1699102551.504035 1.8436399698257446 -0.008176388218998909 0
1699102551.5789587 1.8443228006362915 -0.00820373184978962 0
1699102551.6500413 1.8450309038162231 -0.008232073858380318 0
1699102551.7209084 1.8457895517349243 -0.008262409828603268 0
1699102551.7931619 1.8473575115203857 -0.008323862217366695 0
1699102551.9385645 1.8480908870697021 -0.008351805619895458 0
1699102552.0093327 1.8489255905151367 -0.008382703177630901 0
1699102552.0825443 1.8496592044830322 -0.008408856578171253 0
1699102552.150102 1.8512275218963623 -0.008462085388600826 0
1699102552.2237449 1.852036952972412 -0.008488777093589306 0
1699102552.2940886 1.8528211116790771 -0.008514505811035633 0
1699102552.3693626 1.8537318706512451 -0.008544480428099632 0
1699102552.441008 1.8542630672454834 -0.008561991155147552 0
1699102552.5134153 1.8557555675506592 -0.008610895834863186 0
1699102552.585659 1.8574252128601074 -0.008664456196129322 0
1699102552.6612904 1.8574252128601074 -0.008664456196129322 0
1699102552.7434614 1.8584877252578735 -0.00869784690439701 0
1699102552.8154967 1.8584877252578735 -0.00869784690439701 0
1699102552.8815155 1.8617007732391357 -0.008794133551418781 0
1699102552.9558716 1.8629405498504639 -0.008828370831906796 0
1699102553.02698 1.863446593284607 -0.008841974660754204 0
1699102553.0997941 1.8645093441009521 -0.008869437500834465 0
1699102553.1743786 1.865546703338623 -0.00889518391340971 0
1699102553.2466292 1.865546703338623 -0.00889518391340971 0
1699102553.3142989 1.8673431873321533 -0.00893927551805973 0
1699102553.3853166 1.8686590194702148 -0.00897070299834013 0
1699102553.4582868 1.871290683746338 -0.009031514637172222 0
1699102553.5312548 1.8726317882537842 -0.009061519056558609 0
1699102553.6171925 1.8748586177825928 -0.009109782986342907 1
1699102553.7247827 1.8748586177825928 -0.009109782986342907 1
1699102553.7748625 1.877869963645935 -0.009170045144855976 1
1699102553.850562 1.877869963645935 -0.009170045144855976 1
1699102553.875154 1.8790087699890137 -0.009191306307911873 1
1699102553.9252486 1.8796414136886597 -0.009202809073030949 1
1699102554.0154839 1.881742000579834 -0.009239192120730877 1
1699102554.089904 1.8822228908538818 -0.009246849454939365 1
1699102554.1072285 1.8822228908538818 -0.009246849454939365 1
1699102554.1248193 1.8822228908538818 -0.009246849454939365 1
1699102554.175119 1.8839691877365112 -0.009272700175642967 0
1699102554.286283 1.8847790956497192 -0.009283604100346565 1
1699102554.3591745 1.8855130672454834 -0.009293043985962868 0
1699102554.4357622 1.8868544101715088 -0.009309068322181702 1
1699102554.5238605 1.8881199359893799 -0.009322796948254108 0
1699102554.6387146 1.888853907585144 -0.009330467320978642 0
1699102554.7118163 1.8896132707595825 -0.009337819181382656 1
1699102554.7875235 1.8904231786727905 -0.00934525951743126 0
1699102554.863928 1.8916887044906616 -0.009356851689517498 0
1699102554.9379427 1.8921695947647095 -0.009361082687973976 0
1699102555.0132637 1.8936375379562378 -0.009373500011861324 0
1699102555.0874605 1.8946752548217773 -0.009382321499288082 0
1699102555.1612742 1.8957382440567017 -0.009390254504978657 1
1699102555.235074 1.8973075151443481 -0.009400804527103901 0
1699102555.3108342 1.8986235857009888 -0.009408287703990936 1
1699102555.3855574 1.8992056846618652 -0.009411453269422054 0
1699102555.4576316 1.9002686738967896 -0.009417104534804821 0
1699102555.5322351 1.9002686738967896 -0.009417104534804821 1
1699102555.6041555 1.9027996063232422 -0.009429682046175003 0
1699102555.6797504 1.903229832649231 -0.009431648999452591 1
1699102555.7563214 1.90530526638031 -0.009439605288207531 1
1699102555.8406274 1.9070262908935547 -0.009443896822631359 0
1699102555.9609294 1.907684326171875 -0.0094450069591403 1
1699102556.0410805 1.9102660417556763 -0.009448256343603134 0
1699102556.118954 1.9115062952041626 -0.009448645636439323 1
1699102556.1946108 1.9134804010391235 -0.009448065422475338 1
1699102556.2685282 1.914644718170166 -0.009447580203413963 1
1699102556.344226 1.9151508808135986 -0.009447380900382996 1
1699102556.4171157 1.9163150787353516 -0.009447043761610985 1
1699102556.4899685 1.9179601669311523 -0.009446335956454277 0
1699102556.564253 1.918516993522644 -0.009445777162909508 1
1699102556.6387212 1.9210480451583862 -0.009442049078643322 1
1699102556.7130497 1.9223895072937012 -0.009439051151275635 0
1699102556.7894428 1.9223895072937012 -0.009439051151275635 1
1699102556.8636892 1.9237309694290161 -0.009435679763555527 1
1699102556.9370718 1.9257558584213257 -0.00942973978817463 1
1699102557.0131118 1.9276541471481323 -0.009424224495887756 0
1699102557.1042902 1.9301093816757202 -0.009417030960321426 1
1699102557.2150924 1.9301093816757202 -0.009417030960321426 1
1699102557.2890365 1.9319570064544678 -0.009409090504050255 1
1699102557.365578 1.933197259902954 -0.009402160532772541 1
1699102557.4405277 1.933197259902954 -0.009402160532772541 1
1699102557.512646 1.936285138130188 -0.00938266422599554 1
1699102557.5913224 1.938537836074829 -0.009367380291223526 1
1699102557.671293 1.9394996166229248 -0.009360486641526222 1
1699102557.752004 1.940360188484192 -0.009354133158922195 1
1699102557.8271654 1.9411448240280151 -0.009348693303763866 1
1699102557.9031718 1.9419294595718384 -0.009343437850475311 1
1699102557.9796844 1.9419294595718384 -0.009343437850475311 1
1699102558.0546873 1.9429924488067627 -0.009336222894489765 1
1699102558.1314683 1.9444856643676758 -0.009325382299721241 1
1699102558.2226617 1.945270299911499 -0.009318627417087555 1
1699102558.299963 1.946763515472412 -0.009305170737206936 1
1699102558.4122877 1.9474974870681763 -0.00929808896034956 1
1699102558.4848142 1.9474974870681763 -0.00929808896034956 1
1699102558.5605237 1.9488136768341064 -0.00928475521504879 1
1699102558.6347558 1.949724793434143 -0.009275582619011402 1
1699102558.710583 1.9505599737167358 -0.009266931563615799 1
1699102558.785499 1.9508130550384521 -0.009264287538826466 1
1699102558.8581755 1.9510408639907837 -0.00926192570477724 1
1699102558.9306977 1.951926589012146 -0.009252848103642464 1
1699102559.0088456 1.9521037340164185 -0.009251026436686516 1
1699102559.0838132 1.9525846242904663 -0.009246106259524822 1
1699102559.1574504 1.9531160593032837 -0.00924092996865511 1
1699102559.2316833 1.9532932043075562 -0.00923930760473013 1
1699102559.3059282 1.953647494316101 -0.0092362305149436 1
1699102559.379411 1.954001784324646 -0.009233375079929829 1
1699102559.4699163 1.954457402229309 -0.009229825809597969 1
1699102559.5510798 1.9549636840820312 -0.009225931018590927 1
1699102559.6649072 1.9554698467254639 -0.009222060441970825 1
1699102559.7374723 1.9556469917297363 -0.009220759384334087 1
1699102559.8151908 1.955976128578186 -0.00921838078647852 1
1699102559.886823 1.9562292098999023 -0.009216577745974064 1
1699102559.9604504 1.9562292098999023 -0.009216577745974064 1
1699102560.0288045 1.9562292098999023 -0.009216577745974064 1
1699102560.0980809 1.9564063549041748 -0.009215330705046654 1
1699102560.1750362 1.9566340446472168 -0.009213786572217941 1
1699102560.2481189 1.9569884538650513 -0.009211530908942223 1
1699102560.3226223 1.9570896625518799 -0.009210919961333275 1
1699102560.3968437 1.9570896625518799 -0.009210919961333275 1
1699102560.4701073 1.9571149349212646 -0.009210768155753613 1
1699102560.545349 1.9571149349212646 -0.009210768155753613 1
1699102560.6182115 1.9571149349212646 -0.009210768155753613 1
1699102560.6930263 1.9571149349212646 -0.009210768155753613 1
1699102560.7654443 1.9571149349212646 -0.009210768155753613 1
1699102560.8423135 1.9571149349212646 -0.009210768155753613 1
1699102560.925909 1.9571149349212646 -0.009210768155753613 1
1699102561.0402985 1.9570896625518799 -0.009210919961333275 1
1699102561.119091 1.9570643901824951 -0.009211065247654915 1
1699102561.1968906 1.9570138454437256 -0.009211341850459576 1
1699102561.2706094 1.9570138454437256 -0.009211341850459576 1
1699102561.3454983 1.956861972808838 -0.009212146513164043 1
1699102561.4189513 1.956861972808838 -0.009212146513164043 1
1699102561.488519 1.9564822912216187 -0.009213777258992195 1
1699102561.5631192 1.9555456638336182 -0.009214812889695168 1
1699102561.6433525 1.9549129009246826 -0.00921408087015152 1
1699102561.7180436 1.9543306827545166 -0.009212644770741463 1
1699102561.7951572 1.9537484645843506 -0.009210413321852684 1
1699102561.8694835 1.9531662464141846 -0.009207472205162048 1
1699102561.9451137 1.952255129814148 -0.009202194400131702 1
1699102562.018569 1.9515970945358276 -0.009198327548801899 1
1699102562.109684 1.950230360031128 -0.00918930396437645 1
1699102562.226488 1.949876070022583 -0.00918666087090969 1
1699102562.3035607 1.9486864805221558 -0.00917715672403574 1
1699102562.382065 1.9479272365570068 -0.009170371107757092 1
1699102562.457338 1.9471932649612427 -0.00916343554854393 1
1699102562.5331912 1.9454721212387085 -0.009146087802946568 1
1699102562.6099648 1.9450924396514893 -0.009141993708908558 1
1699102562.6856034 1.9446874856948853 -0.009137600660324097 1
1699102562.7642765 1.9427387714385986 -0.009116046130657196 1
1699102562.8443952 1.9423338174819946 -0.009111303836107254 1
1699102562.917348 1.9413973093032837 -0.009100127965211868 0
1699102562.9917104 1.940435528755188 -0.009088561870157719 1
1699102563.068712 1.9386131763458252 -0.009066332131624222 1
1699102563.1481705 1.93760085105896 -0.00905307475477457 1
1699102563.2265775 1.9365885257720947 -0.009039198979735374 1
1699102563.3187869 1.9355002641677856 -0.009023793041706085 1
1699102563.4308536 1.933197259902954 -0.008990036323666573 1
1699102563.507512 1.93142569065094 -0.0089627830311656 1
1699102563.5803003 1.9302867650985718 -0.008945065550506115 1
1699102563.6581113 1.9302867650985718 -0.008945065550506115 1
1699102563.7348802 1.9279584884643555 -0.008908710442483425 1
1699102563.813151 1.9262374639511108 -0.008882426656782627 1
1699102563.891404 1.9256553649902344 -0.008873558603227139 1
1699102563.9672651 1.9243899583816528 -0.008853291161358356 1
1699102564.0433202 1.9217073917388916 -0.008807403966784477 1
1699102564.1185138 1.920973539352417 -0.008794275112450123 1
1699102564.1941662 1.9187465906143188 -0.008754485286772251 1
1699102564.266937 1.9173294305801392 -0.00872852373868227 1
1699102564.3443909 1.9158868789672852 -0.00870190467685461 1
1699102564.4211764 1.9144697189331055 -0.008676006458699703 1
1699102564.4968305 1.9130778312683105 -0.008650699630379677 1
1699102564.5735695 1.9116606712341309 -0.008624406531453133 1
1699102564.6534178 1.9101676940917969 -0.008595306426286697 1
1699102564.7399218 1.9071816205978394 -0.008535822853446007 1
1699102564.8580468 1.9056127071380615 -0.008503252640366554 1
1699102564.9339788 1.9040439128875732 -0.008469946682453156 1
1699102565.012306 1.9026015996932983 -0.008439473807811737 1
1699102565.0880318 1.90108323097229 -0.008408963680267334 1
1699102565.1577678 1.8979958295822144 -0.00834882352501154 1
1699102565.2347717 1.8971607685089111 -0.008332127705216408 1
1699102565.3080668 1.8938205242156982 -0.008263994939625263 1
1699102565.3841674 1.8920491933822632 -0.008227072656154633 1
1699102565.4627137 1.8911381959915161 -0.008207935839891434 1
1699102565.5398915 1.8894680738449097 -0.00817304290831089 1
1699102565.6186457 1.886912226676941 -0.00812164880335331 1
1699102565.6951718 1.8861024379730225 -0.008105834946036339 1
1699102565.7684116 1.8824330568313599 -0.008035500533878803 1
1699102565.8448193 1.8806363344192505 -0.008001184090971947 1
1699102565.9213748 1.878788948059082 -0.007966705597937107 1
1699102565.9987705 1.8769922256469727 -0.007933908142149448 1
1699102566.0920582 1.8734744787216187 -0.007874082773923874 1
1699102566.2117915 1.8717281818389893 -0.007845129817724228 1
1699102566.2886865 1.8699060678482056 -0.00781408604234457 1
1699102566.3645637 1.868008017539978 -0.007780819665640593 1
1699102566.439972 1.86611008644104 -0.007747081108391285 1
1699102566.513325 1.8621876239776611 -0.00767753180116415 1
1699102566.5900664 1.8602896928787231 -0.0076451776549220085 1
1699102566.6678333 1.8584169149398804 -0.007612764835357666 1
1699102566.7420552 1.8564176559448242 -0.007577484007924795 1
1699102566.8143268 1.8543678522109985 -0.007539782207459211 1
1699102566.8898253 1.8523180484771729 -0.007501193787902594 1
1699102566.9652429 1.85039484500885 -0.007464982103556395 1
1699102567.040923 1.8483450412750244 -0.007425964809954166 1
1699102567.1142697 1.8463457822799683 -0.0073866937309503555 1
1699102567.1875136 1.844321370124817 -0.007344885263592005 1
1699102567.2595277 1.842195749282837 -0.007298867218196392 1
1699102567.3328018 1.8400195837020874 -0.007250353693962097 1
1699102567.4221694 1.835135817527771 -0.007142642978578806 1
1699102567.542467 1.8330861330032349 -0.007098183501511812 0
1699102567.6172476 1.8310871124267578 -0.0070526632480323315 1
1699102567.6951482 1.829012155532837 -0.007004633080214262 1
1699102567.767866 1.8268359899520874 -0.0069533525966107845 1
1699102567.840609 1.8268359899520874 -0.0069533525966107845 1
1699102567.9119112 1.8246852159500122 -0.006903080735355616 1
1699102567.9859717 1.8185107707977295 -0.0067688231356441975 1
1699102568.0638895 1.8174985647201538 -0.0067467112094163895 1
1699102568.139727 1.8153222799301147 -0.006699888966977596 0
1699102568.2146509 1.8108938932418823 -0.006611432880163193 1
1699102568.2901702 1.8088693618774414 -0.006574841681867838 1
1699102568.3666456 1.8066930770874023 -0.006536341272294521 1
1699102568.438522 1.8044660091400146 -0.0064970022067427635 1
1699102568.5171034 1.8022643327713013 -0.006457734387367964 1
1699102568.592198 1.8000372648239136 -0.006418278906494379 1
1699102568.66942 1.7966715097427368 -0.006359949242323637 1
1699102568.7592869 1.79231858253479 -0.006287418305873871 1
1699102568.8741505 1.7911545038223267 -0.006267936900258064 1
1699102568.9498105 1.7876874208450317 -0.006209571845829487 1
1699102569.0257614 1.786573886871338 -0.006190987769514322 1
1699102569.1032524 1.784372091293335 -0.006154687609523535 1
1699102569.176204 1.7821197509765625 -0.006118064746260643 1
1699102569.2493298 1.7776908874511719 -0.006044846028089523 1
1699102569.324438 1.7765520811080933 -0.006025835871696472 1
1699102569.4008775 1.7731609344482422 -0.005969282705336809 1
1699102569.4807408 1.7710857391357422 -0.005936581641435623 1
1699102569.555367 1.768959879875183 -0.005904716905206442 1
1699102569.6322954 1.766783356666565 -0.005871064029633999 1
1699102569.7038424 1.766783356666565 -0.005871064029633999 1
1699102569.77564 1.7601020336151123 -0.0057648890651762486 1
1699102569.852197 1.7590137720108032 -0.005748257040977478 1
1699102569.9293878 1.7559008598327637 -0.0057030413299798965 1
1699102570.0073678 1.7537750005722046 -0.005671859718859196 1
1699102570.099248 1.751547932624817 -0.00563880056142807 1
1699102570.2126594 1.7504091262817383 -0.005622048396617174 1
1699102570.2848449 1.7469671964645386 -0.005572449881583452 1
1699102570.360045 1.7447654008865356 -0.005541802849620581 1
1699102570.4359403 1.7393746376037598 -0.005469325929880142 0
1699102570.511572 1.737223505973816 -0.005440057720988989 1
1699102570.5899599 1.7360845804214478 -0.005424829665571451 0
1699102570.6663043 1.7317314147949219 -0.005370141472667456 1
1699102570.7428608 1.7306684255599976 -0.00535760959610343 1
1699102570.8192177 1.727378249168396 -0.005320362746715546 0
1699102570.8944256 1.725125789642334 -0.005295308772474527 1
1699102570.9694946 1.7239362001419067 -0.005282275844365358 1
1699102571.0477643 1.7206460237503052 -0.005246983841061592 1
1699102571.123047 1.7184693813323975 -0.005224526394158602 1
1699102571.1973915 1.7163434028625488 -0.005202997010201216 1
1699102571.28557 1.7118889093399048 -0.00516041275113821 1
1699102571.3982143 1.709661602973938 -0.005141234025359154 1
1699102571.4752629 1.7064471244812012 -0.005116850603371859 0
1699102571.5485532 1.7054094076156616 -0.005110251251608133 1
