1697471039.594967 0.023618863039298603 0.002478274295545781 1
1697471040.0578914 0.058434343007020884 0.00604570762649165 1
1697471040.3390663 0.07337191878071224 0.007243437244221515 0
1697471040.4119 0.09323450243506284 0.008798311461175951 1
1697471040.4846919 0.0976714311964315 0.009276590938982365 1
1697471040.5588365 0.10000978991216933 0.009582674256220043 1
1697471040.6312113 0.09968049398199995 0.009533410909172521 0
1697471040.6992748 0.10069651590179919 0.00967996960951663 1
1697471040.7747073 0.10200146771555021 0.009902708708672275 0
1697471040.8425584 0.10230962771090706 0.009955593295846096 1
1697471040.9108207 0.10063592822600287 0.009665710198679973 0
1697471040.985358 0.09944149086928024 0.009429618267090907 1
1697471041.056799 0.09652992005652772 0.008862674228545682 1
1697471041.1321716 0.0948684919026718 0.008547660500718436 0
1697471041.199834 0.09330869332054503 0.008261328077045962 1
1697471041.2709303 0.09253707989864716 0.008123546031180191 1
