1699096730.109809 0 0 0
1699096730.253424 0 0 0
1699096730.308008 0 0 0
1699096730.3600192 0 0 0
1699096730.415533 0 0 0
1699096730.469005 0 0 0
1699096730.5240743 0 0 0
1699096730.5792782 0 0 0
1699096730.6363962 0 0 0
1699096730.6941094 0 0 0
1699096730.7535076 0 0 0
1699096730.8149047 0 0 0
1699096730.872516 0 0 0
1699096730.9268842 0 0 0
1699096730.981565 0 0 0
1699096731.0363367 0 0 0
1699096731.0900216 0 0 0
1699096731.144808 0 0 0
1699096731.199438 0 0 0
1699096731.2536333 0 0 0
1699096731.3075833 0 0 0
1699096731.3612704 0 0 0
1699096731.41454 0 0 0
1699096731.4697044 0 0 0
1699096731.5235546 0 0 0
1699096731.577377 0 0 0
1699096731.631221 0 0 0
1699096731.6860912 0 0 0
1699096731.7412236 0 0 0
1699096731.7951875 0 0 0
1699096731.9162147 0 0 0
1699096731.9711523 0 0 0
1699096732.026963 0 0 0
1699096732.0792654 0 0 0
1699096732.1325378 0 0 0
1699096732.1874983 0 0 0
1699096732.2394607 0 0 0
1699096732.291625 0 0 0
1699096732.3459268 0 0 0
1699096732.4020498 0 0 0
1699096732.454798 0 0 0
1699096732.508075 0 0 0
1699096732.5664594 0 0 0
1699096732.620358 0 0 0
1699096732.675775 0 0 0
1699096732.729847 0 0 0
1699096732.7845743 0 0 0
1699096732.8395486 0 0 0
1699096732.8935604 0 0 0
1699096732.9467752 0 0 0
1699096732.9998088 0 0 0
1699096733.0533745 0 0 0
1699096733.1087642 0 0 0
1699096733.16174 0 0 0
1699096733.2171006 0 0 0
1699096733.2715712 0 0 0
1699096733.326435 0 0 0
1699096733.380674 0 0 0
1699096733.4328938 0 0 0
1699096733.486489 0 0 0
1699096733.5398996 0 0 0
1699096733.5934145 0 0 0
1699096733.6468465 0 0 0
1699096733.7016408 0 0 0
1699096733.7572534 0 0 0
1699096733.8128572 0 0 0
1699096733.867767 0 0 0
1699096733.9222896 0 0 0
1699096733.978688 0 0 0
1699096734.0345907 0 0 0
1699096734.0880256 0 0 0
1699096734.14121 0 0 0
1699096734.1964796 0 0 0
1699096734.2519681 0 0 0
1699096734.3049815 0 0 0
1699096734.360027 0 0 0
1699096734.4150765 0 0 0
1699096734.4679239 0 0 0
1699096734.520706 0 0 0
1699096734.5745666 0 0 0
1699096734.6316898 0 0 0
1699096734.6847854 0 0 0
1699096734.7379656 0 0 0
1699096734.791804 0 0 0
1699096734.8467195 0 0 0
1699096734.9002914 0 0 0
1699096734.955338 0 0 0
1699096735.0105968 0 0 0
1699096735.0646822 0 0 0
1699096735.1191316 0 0 0
1699096735.1772304 0 0 0
1699096735.2336307 0 0 0
