1699262587.6849246 0.07986133729979218 0.0038108068260363304 0
1699262589.032131 0.19611465051324506 0.03231664770945693 0
1699262589.5744624 0.2631173313159462 0.04348946521171178 0
1699262589.7412214 0.3074677920679124 0.04935455953472837 0
1699262589.9183447 0.33095624652632966 0.05198948017539015 0
1699262590.0948458 0.3342033649923357 0.0522262270989404 0
1699262590.2256532 0.3519245818583138 0.051845268026939735 0
1699262590.3784804 0.3846461879436522 0.0518287714066244 0
1699262590.5182798 0.41094138502009514 0.0515135445908429 0
1699262590.6276684 0.42687377676454474 0.05112114414972669 0
1699262590.7923656 0.4387088045257325 0.050604794061339387 0
1699262590.9145598 0.47605256005700536 0.0481128929523558 0
1699262591.095308 0.5129710808266358 0.045013906496009594 0
1699262591.2612834 0.5441016531493473 0.04210901940066124 0
1699262591.4400325 0.5580656898086871 0.04153850050517534 0
1699262591.6185691 0.5832496180648573 0.0394718443883135 0
1699262591.7873693 0.6317552188737624 0.03273165098625915 0
1699262591.950894 0.6632647005382468 0.027856962855289106 0
1699262592.1254005 0.6758464536353821 0.02580245972766271 0
1699262592.2483687 0.691995682549598 0.023059719404142844 0
1699262592.4320643 0.7365763167443233 0.01420305896408542 0
1699262592.6059632 0.7856855059561071 0.001806381764140642 0
1699262592.773091 0.8028591535340596 -0.003500917442660033 0
1699262592.9623933 0.8180461859330198 -0.00817916242029043 0
1699262593.1620204 0.8450955508361888 -0.016485946367599934 0
1699262593.3342466 0.8927629691562755 -0.031025686524231003 0
1699262593.5243118 0.9333612309132632 -0.04330434257595902 0
1699262593.7104285 0.9506742342656881 -0.05008331077805305 0
1699262593.8703024 0.9608311205347582 -0.05406706949958106 0
1699262594.0422966 1.0034407907667482 -0.06974823311749238 0
1699262594.2214038 1.048935430543452 -0.0852038522215482 0
1699262594.4094114 1.0762578003906396 -0.09388674757399047 0
1699262594.5717697 1.090410154071005 -0.09847142912277232 0
1699262594.7154858 1.0962230743184824 -0.1002497026910273 0
1699262594.8047996 1.1269914367116027 -0.10657650920890135 0
1699262594.9705195 1.165279326803763 -0.11202273910907949 0
1699262595.12501 1.1978262151979353 -0.11588225299923043 0
1699262595.254663 1.2082987499492697 -0.1169309573598812 0
1699262595.3824103 1.2227427463982108 -0.11813223773964554 0
1699262595.47826 1.2425234024524434 -0.11933719327914923 0
1699262595.6226165 1.2848061135979758 -0.11982762277234621 0
1699262595.7730472 1.298664720952625 -0.11945352962139934 0
