1699252452.6111472 55.1527088444301 5.645936854643702 0
1699252452.8697288 55.16828779325261 5.649203058768362 0
1699252452.9856215 55.2040368588909 5.656486165433991 1
1699252453.1006734 55.22552866743515 5.659627162774288 0
1699252453.2180805 55.248231440257 5.660978103536036 0
1699252453.3445635 55.26810368587805 5.660557873091183 0
1699252453.4620829 55.29556722009295 5.658205503562211 1
1699252453.5798724 55.314645954114056 5.6549680755401095 0
1699252453.6972175 55.33694514398133 5.649197836245796 0
1699252453.8211129 55.35422262968673 5.643081697821351 0
1699252453.9397192 55.37761608500229 5.63264869014508 1
1699252454.0610023 55.39842888004352 5.621035102692928 0
1699252454.1864822 55.411847196205855 5.612127318751452 0
1699252454.3040917 55.43028925824199 5.597721868964886 0
1699252454.4251971 55.447893534306935 5.581420797784675 0
1699252454.5659237 55.46293408417286 5.565049002262931 0
1699252454.6872225 55.4724533853035 5.553192695072697 0
1699252454.8092763 55.48467158616115 5.535791232427318 0
1699252454.9270308 55.49328968072149 5.521774291246148 0
1699252455.0639086 55.50523231606943 5.4989269863693195 0
1699252455.1838317 55.51111069548604 5.4855335966778185 0
1699252455.293645 55.51642260238399 5.471655558276718 0
1699252455.4136999 55.52261869926409 5.452582042367849 0
1699252455.5245366 55.52635386835527 5.438855654074895 0
1699252455.6345403 55.530455619681966 5.420519720763352 0
1699252455.755005 55.53298179404542 5.406416368609017 0
1699252455.8686109 55.535562771805985 5.387632456241111 0
1699252455.9810455 55.53723662412274 5.369538522587359 0
1699252456.0997639 55.537985548842244 5.3559959991022765 0
1699252456.243092 55.538336509912845 5.333175620520741 0
1699252456.3734639 55.53818128343454 5.32406841436883 0
1699252456.471565 55.53765433636937 5.311007234520213 0
1699252456.5744452 55.53649908777457 5.293928110048083 0
1699252456.689982 55.53527714432853 5.280836940651969 0
1699252456.8116748 -0.0005501627803986015 -0.00037463548351834137 0
1699252456.929693 0.01343888517554857 -0.0037203497412083065 0
1699252457.121908 0.029205310479595133 -0.005823242490939533 0
1699252457.2452624 0.060067645908972976 -0.011248525183712011 0
1699252457.376385 0.06885049017686572 -0.013187448202708913 0
1699252457.4997318 0.08344304357041221 -0.01716462174518041 0
1699252457.622131 0.09497977813806686 -0.020563525327725398 0
1699252457.7420657 0.11086222902696885 -0.025600607704072832 0
1699252457.8732557 0.1308048478102654 -0.03250407316545781 0
1699252458.0020103 0.13828607967815348 -0.03523704484165668 0
1699252458.1231382 0.1569633396003524 -0.04235968226957588 0
1699252458.2503018 0.1721864718362412 -0.048437981346460726 0
1699252458.3756318 0.183472933295309 -0.05308467922965444 0
1699252458.5031154 0.20522855820756447 -0.062306978760505845 0
1699252458.706494 0.21957128754891284 -0.06853754310535824 0
1699252458.8383074 0.2340258520680005 -0.07488822856820433 0
1699252458.9718878 0.25221965405352775 -0.08290742203161842 0
1699252459.1162488 0.2628185042967034 -0.08758382188110482 0
1699252459.2465556 0.2803183506170832 -0.09529563724295252 0
1699252459.390129 0.29470598292696765 -0.10160249089652246 0
1699252459.519546 0.3054503556999451 -0.10627900482015651 0
1699252459.6506038 0.323031780508255 -0.11383766893988793 0
1699252459.7769618 0.33718246871794594 -0.11980700097820852 0
1699252459.9217706 0.3513915073507884 -0.1256404710816178 0
1699252460.0593193 0.36200316937774607 -0.1299036860909639 0
1699252460.1903503 0.37609303445023223 -0.13539462558235177 0
1699252460.3170462 0.39383719847183807 -0.14201994842313276 0
1699252460.4551544 0.404446513683418 -0.14583847531017857 0
1699252460.5878482 0.418703212660604 -0.15080256050429555 0
1699252460.7158995 0.4366745904308892 -0.15676582800551767 0
1699252460.8558092 0.4474555377713117 -0.1601804470096834 0
1699252460.9923482 0.465535219957642 -0.1656271124645864 1
1699252461.1219285 0.48005485838280837 -0.16976411592914417 1
1699252461.248069 0.49109586627478397 -0.17275763584242823 1
1699252461.371988 0.5060923078195477 -0.17657011200285228 1
1699252461.5057163 0.517675280798953 -0.17933608679877208 1
1699252461.6310854 0.5383625823846625 -0.1838939803130737 1
1699252461.7542808 0.5559373335927189 -0.1876377055873742 0
1699252461.8965845 0.5697874317070515 -0.19048009446856684 1
