1697089483.7709723 0.02332761878519064 0.003079830923860541 1
1699339800.9351506 0.0249374902336469 0.0031027663611448548 1
1699339801.1989844 0.029946378949480608 0.004278091334030793 0
1699339801.313585 0.049419339320833006 0.008773186451413936 0
1699339801.4262536 0.08088361493964147 0.015400351484796636 1
1699339801.5396225 0.10509175388507336 0.019865069828422687 0
1699339801.6563408 0.12168179377692788 0.022526934697810024 0
1699339801.7767856 0.14708342860815418 0.026306282235731348 0
1699339801.889677 0.15977687792742065 0.02806902163362758 0
1699339802.0010092 0.18387473850137517 0.03117760953291248 0
1699339802.1136863 0.20041025060174944 0.03310942261043038 0
1699339802.2252052 0.22278359814082666 0.03538863004534118 0
1699339802.3385956 0.24019787391965222 0.03688440491980119 0
1699339802.454885 0.26246280861555693 0.038505187838077506 0
1699339802.5666895 0.28388506861383006 0.039757332823582694 0
1699339802.6890612 0.3001875325605025 0.04053329643230813 0
1699339802.8014205 0.316674668900963 0.041173100938278716 0
1699339802.9147587 0.3327945049186258 0.04166490570478042 0
1699339803.0296724 0.3538686439418034 0.04209748644008136 0
1699339803.1521788 0.36967827896155825 0.04226030494929684 0
1699339803.262014 0.3907983232827254 0.04225714954937981 0
1699339803.3696122 0.4063844360315129 0.0420937745171805 0
1699339803.4897985 0.4270533356005536 0.04168794349694614 0
1699339803.6047075 0.44253049778854636 0.041256981748386455 0
1699339803.7183194 0.4631848386165705 0.040525077939104245 0
1699339803.8345141 0.48371289324488287 0.03963730341526338 0
1699339803.952348 0.49906545534084 0.038870108594390135 0
1699339804.0682855 0.5093360428876982 0.03830442959284027 0
1699339804.1780229 0.5297343338004133 0.0370646578335498 0
1699339804.2940273 0.5501005878033814 0.0356554190493386 0
1699339804.4082644 0.5651288023309317 0.034512470105763894 0
1699339804.5189435 0.5851331518331561 0.03288603099944776 0
1699339804.6397927 0.6002724931293028 0.03158730551985183 0
1699339804.7564359 0.6154459807290767 0.030232744702827243 0
1699339804.8725982 0.635520635454297 0.028368740209224603 0
1699339804.991323 0.6556963428083069 0.026414315625688297 0
1699339805.1096792 0.6707927372488995 0.024900846560505757 0
1699339805.2315927 0.6908627641547859 0.022825801585865915 0
1699339805.3450403 0.7057926810361541 0.021226678919601012 0
1699339805.461506 0.7255136421453187 0.019066768022629906 0
1699339805.57993 0.7454872702982853 0.01684192404439084 0
1699339805.7003925 0.7604735905551546 0.015156995916575704 0
1699339805.8185883 0.7754583357788386 0.013463396955841112 0
1699339805.9372659 0.7953468987767903 0.011206730370143865 0
1699339806.053138 0.8152425885501562 0.008944694738573405 0
1699339806.1619484 0.8252897072597155 0.0078018822732184405 0
1699339806.2749977 0.8402912195069525 0.006096331866462888 0
1699339806.3833785 0.8600606542637823 0.0038413117158347665 0
1699339806.4992602 0.8798566650577587 0.0015980820333296086 0
1699339806.6259508 0.9096319394750173 -0.0017227975818463843 0
1699339806.8133552 0.9295770892847532 -0.0039031039449035562 0
1699339806.9334495 0.9445381851600508 -0.00551335005583774 0
1699339807.0498843 0.9594460163265249 -0.007092835175343207 0
1699339807.165867 0.9743782841055645 -0.008647510237230037 0
1699339807.2780201 0.9943379768787698 -0.010679936688645758 0
1699339807.3940122 1.0092447971416594 -0.012159997455531287 0
1699339807.513356 1.0339272911657038 -0.01454176268600178 0
1699339807.6345623 1.04388392612114 -0.015471781302214814 0
1699339807.758493 1.0688182752923192 -0.017716635072970784 0
1699339807.8733387 1.0788702892433213 -0.018587867909513608 0
1699339807.989944 1.0987187553898505 -0.020251094333732587 0
1699339808.1068676 1.11366567588662 -0.02145506645318516 0
1699339808.229418 1.1388123453124535 -0.023383325355695442 0
1699339808.3503556 1.1538472733883882 -0.02447459458266042 0
1699339808.4766712 1.173618851938161 -0.025849461212582203 0
1699339808.5933013 1.1934763190025421 -0.027153058161368388 0
1699339808.7173798 1.2084625733737788 -0.028075814862271873 0
1699339808.8295767 1.2284910421269923 -0.029227916011949625 0
1699339808.9429991 1.2434757118776536 -0.030030198685684 0
1699339809.0740383 1.2633711103607632 -0.031019927105463654 0
1699339809.1883423 1.2784109518611357 -0.031712242141816005 0
1699339809.3057091 1.298640654541937 -0.03256822518883528 0
1699339809.4206529 1.318519012277168 -0.033332523866799905 0
1699339809.5379229 1.3334242047646656 -0.033853205586710296 0
1699339809.65441 1.3433707789167533 -0.03418149578178288 0
1699339809.7783127 1.3682028380739266 -0.03489593000669128 0
1699339809.9036577 1.3884152870261197 -0.035372707211665626 0
1699339810.0201833 1.4034268208058178 -0.03566783335464409 0
1699339810.1424587 1.423356810932432 -0.035988170979508224 0
1699339810.2587724 1.438411363305104 -0.036178012061213925 0
1699339810.378179 1.4584863366797676 -0.03636378226215546 0
1699339810.4973047 1.473431486725476 -0.03646282440549497 0
1699339810.612698 1.49339910667685 -0.03653954609282809 0
1699339810.7311249 1.508299703961335 -0.036552672761206814 0
1699339810.8489494 1.5282398761018832 -0.03649825607487468 0
1699339810.9648566 1.5432879426882813 -0.03640635963393736 0
1699339811.0853846 1.563271856912671 -0.03622057860007976 0
1699339811.2034256 1.578279569261827 -0.03603759136891187 0
1699339811.3181407 1.6034241834724836 -0.03565277765191382 0
1699339811.4545143 1.618500998550491 -0.03538110715946545 0
1699339811.5652335 1.6334603647802828 -0.035077731777353155 0
1699339811.683878 1.6531923405137987 -0.034630084923839635 0
1699339811.8046713 1.6681014114057389 -0.03425229101362662 0
1699339811.9229832 1.6882299440304087 -0.03368344514379368 0
1699339812.0369585 1.703276533238087 -0.03321884657886402 0
1699339812.1520548 1.7232337168843503 -0.03255500714962741 0
1699339812.2670856 1.7382380651487503 -0.0320240375323623 0
1699339812.3856769 1.7582661096500802 -0.031279712468624196 0
1699339812.4959497 1.7733287312395152 -0.03069472387825429 0
1699339812.60972 1.7933421858140137 -0.02990545801564477 0
1699339812.7252457 1.8031025491444945 -0.029511325341910862 0
1699339812.8385396 1.828034834035 -0.028460623414017373 0
1699339812.9604867 1.8430957997708068 -0.027797741427776898 0
1699339813.0781515 1.8631344319642897 -0.026887229905671724 0
1699339813.1965384 1.8781069712273168 -0.02618918531701518 0
1699339813.3188407 1.8981938604396345 -0.025233169424436246 0
1699339813.4379294 1.913266330246433 -0.024505977561777834 0
1699339813.563386 1.9332933560350638 -0.023532713058783666 0
1699339813.6730871 1.9482146509590237 -0.022817816404520862 0
1699339813.791731 1.9679540837528182 -0.021866273202243373 0
1699339813.9086816 1.982914913321178 -0.02113597467724132 0
1699339814.0201735 2.0030351100276356 -0.020142381503581958 0
1699339814.1317914 2.0229886422354713 -0.019149899167874337 0
1699339814.2581668 2.0379888354672344 -0.018401594421257196 0
1699339814.373862 2.048052035658735 -0.01789978439173826 0
1699339814.4862485 2.0730349660809737 -0.016663552619382613 0
1699339814.606025 2.093148502504604 -0.015688713029887343 0
1699339814.7414956 2.1080585992185514 -0.01499403765601933 0
1699339814.8581772 2.122892831064662 -0.014299428430453166 0
1699339814.9673288 2.142813764541626 -0.01337648942235758 0
1699339815.0928328 2.162834645966649 -0.01245575887043645 0
1699339815.2083802 2.177831004185756 -0.011772485296343659 0
1699339815.3237295 2.197912910627459 -0.010868148330312043 0
1699339815.443079 2.212959784301364 -0.01020168458435302 0
1699339815.5584464 2.233008895291951 -0.009337726267503515 0
1699339815.6784818 2.248004769459503 -0.008713598882825548 0
1699339815.8054607 2.2677658692525418 -0.007931056269966642 0
1699339815.9208095 2.2826576774076477 -0.007355167274719713 0
1699339816.0379517 2.302795171450893 -0.006592186815545838 0
1699339816.1619697 2.322887449788433 -0.005848756863244134 0
1699339816.27602 2.3378668725622784 -0.0053069579362476724 0
1699339816.3917415 2.357771595369055 -0.004605281613081696 0
1699339816.513061 2.372842957912274 -0.004091210476503465 0
1699339816.6383965 2.3930767417241467 -0.0034348605740259813 0
1699339816.7536702 2.4080389957412787 -0.002979401231080415 0
1699339816.870437 2.4277510074812594 -0.002416830630645226 0
1699339816.9899762 2.4476095205524415 -0.0018735791363511643 0
1699339817.1097803 2.46263923405678 -0.0014770971801532297 0
1699339817.226339 2.482797235925246 -0.0009643831816933035 0
1699339817.3531969 2.497792620679314 -0.0005974944487155044 0
1699339817.4727404 2.502739484749944 -0.0004792516511076927 0
