1699264791.7256548 0.06283189419217676 0.006920306639005888 0
1699264791.9937308 0.06385412586611948 0.006926238377752881 0
1699264792.1393862 0.06458612965171252 0.0070280451644279375 0
1699264792.169997 0.06798273560060984 0.007439917068455989 0
1699264792.2040153 0.06798273560060984 0.007439917068455989 0
1699264792.2360146 0.07158469424628838 0.007871298718111963 0
1699264792.2553544 0.07723439744114964 0.008561666186044042 0
1699264792.293709 0.08585501461876878 0.009647816258544729 0
1699264792.343874 0.09475402287075113 0.010796097083493748 0
1699264792.3939235 0.10215051005725784 0.01174593173911172 0
1699264792.4439125 0.11241045399208603 0.013070882597116033 0
1699264792.495543 0.12133701175690591 0.014202632655771569 0
1699264792.5443528 0.12662861206387385 0.014860919720632764 0
1699264792.5947168 0.14071406643235254 0.0165993521196909 0
1699264792.644856 0.15294562946210064 0.01807399658152068 0
1699264792.6949973 0.16314605329210483 0.01926910972307875 0
1699264792.7447348 0.16795381179220922 0.019810834053743346 0
1699264792.795768 0.17278895739598296 0.02033850745592334 0
1699264792.8455853 0.17844484024636523 0.020963014189898217 0
1699264792.8956542 0.19127055068868384 0.022379967832347865 0
1699264792.9458783 0.20319817537526158 0.023650467090644015 0
1699264792.9959185 0.2083965455633723 0.02418418971684819 0
1699264793.0457835 0.21303988950240707 0.02464804522869915 0
1699264793.0957937 0.21847096394912796 0.02516057327879293 0
1699264793.1457324 0.2305196646950745 0.02629116639529536 0
1699264793.1981325 0.24056427438109637 0.027170117494202464 0
1699264793.2468538 0.24516100857496248 0.027547179797664537 0
1699264793.2967057 0.255791505413473 0.02839580974309455 0
1699264793.3468146 0.26837573833780815 0.029329167337538254 0
1699264793.3973699 0.2748101864744495 0.029781664026215515 0
1699264793.4468226 0.28379105985785197 0.030372964735599552 0
1699264793.4968214 0.28798396621816186 0.030631969115211006 0
1699264793.5469244 0.30022676122535374 0.03132850679637821 0
1699264793.5969994 0.30710530747494297 0.03168774789311374 0
1699264793.6471877 0.3196884445250246 0.03228817076617025 0
1699264793.6974692 0.32442150743737247 0.03246597751532751 0
1699264793.7476401 0.33300677743623014 0.03267532559343492 0
1699264793.7979019 0.3379303377998444 0.032755506464079806 0
1699264793.848102 0.3483942785245213 0.0330020371769173 0
1699264793.8982387 0.3538728928714218 0.03312583664031012 0
1699264793.9484468 0.3585384534664242 0.033219949123728186 0
1699264793.9989483 0.3677333649342726 0.03337405117026585 0
1699264794.0487714 0.3776995016129287 0.03350553482845843 0
1699264794.0992944 0.38323134669692355 0.03356267940043776 0
1699264794.1490824 0.3886958729869117 0.033609296534363904 0
1699264794.1990714 0.39880723668553003 0.03366936430842276 0
1699264794.2493622 0.40725583606668897 0.03368656421688907 0
1699264794.2995794 0.41154383928941235 0.03368817431906025 0
1699264794.3496044 0.41697908708333553 0.03367534284733294 0
1699264794.399851 0.42854211644063617 0.033615775543467195 0
1699264794.4500823 0.4386468933895976 0.033527244471817895 0
1699264794.5001895 0.44254375445226174 0.03348031595089476 0
1699264794.550435 0.44623179823760545 0.03342979700016077 0
1699264794.6007068 0.45514003436533707 0.033278735049420555 0
1699264794.6507635 0.46720714713419575 0.033045372721414196 0
1699264794.7008948 0.4735104953676093 0.032907475733409984 0
1699264794.7514722 0.47890483082522006 0.03275591843880032 0
1699264794.8014379 0.48343751392163753 0.03256115788883774 0
1699264794.8517454 0.49584635188711695 0.031565020401382225 0
1699264794.9031394 0.4999759661981241 0.03120427539298212 0
1699264794.9533584 0.504877816695858 0.030782054339283403 0
1699264795.0032692 0.5154030872887789 0.02987410275976969 0
1699264795.0541015 0.523648346926068 0.029206179853196124 0
1699264795.1039352 0.5273321884031279 0.028902667402954562 0
1699264795.1539524 0.5358949611877418 0.028172800072009358 0
1699264795.2039278 0.5414894161996993 0.027680119609322693 0
1699264795.254263 0.5506423188643433 0.026869508093742278 0
1699264795.304198 0.5576071266068169 0.026248613903414618 0
1699264795.3542302 0.5607545202327927 0.02596662509549722 0
1699264795.4049373 0.5652894526347366 0.02554419470094461 0
1699264795.4553094 0.5771408064444561 0.02442802858308038 0
1699264795.5055118 0.58337988457853 0.023839173653120854 0
1699264795.555859 0.5910843791153836 0.02310190559370849 0
1699264795.606212 0.5938071864545396 0.02284132390932972 0
1699264795.6558208 0.5978462593713076 0.022453629060574857 0
1699264795.705701 0.6075641761859379 0.021501365499019362 0
1699264795.757122 0.620653772972982 0.020216743037514587 0
1699264795.8072646 0.6264048455490215 0.01963219239706425 0
1699264795.8573568 0.6306146551692524 0.01918267585636873 0
1699264795.9081929 0.6360969587603512 0.018518477537108186 0
1699264795.9588947 0.642615602820677 0.017682403523493928 0
1699264796.008665 0.6465141115658508 0.017205670338025503 0
1699264796.0589619 0.6507272309461192 0.016764300721713355 0
1699264796.1095517 0.655415767065738 0.016334966578512983 0
1699264796.1594543 0.666132391157249 0.015409795952447309 0
1699264796.209365 0.6758430349087292 0.014583278338206372 0
1699264796.2596269 0.6788957206089657 0.014329318707082041 0
1699264796.3098783 0.6847266784502747 0.013849307203397887 0
1699264796.3599575 0.6934692475175237 0.013063965730399387 0
1699264796.410153 0.7054593809923246 0.011943042352735567 0
1699264796.4601903 0.7114609899074417 0.011384687896312003 0
1699264796.5103195 0.71607250494632 0.010952117334783646 0
1699264796.5607371 0.7189180483424729 0.01068346523428071 0
1699264796.6108127 0.7230806239441159 0.01029408068444252 0
1699264796.6609156 0.7300950320875057 0.009639624478805203 0
1699264796.7109525 0.7347578487211326 0.009200341345985694 0
1699264796.760915 0.7411800118150336 0.008574974129909702 0
1699264796.810884 0.7537161362858242 0.00735268314956883 0
1699264796.8618615 0.7610065830197835 0.006637741802580075 0
1699264796.9119012 0.7633154020514712 0.006411529291216466 0
1699264796.962289 0.7666756511585606 0.006085025856637868 0
1699264797.0126812 0.771398341143674 0.0056282509494473545 0
1699264797.0630336 0.7883137647082588 0.003990659135496745 0
1699264797.1135712 0.7935160459989626 0.003409772615355251 0
1699264797.1630604 0.8023462258019066 0.002120882876753497 0
1699264797.2138734 0.8023462258019066 0.002120882876753497 0
1699264797.2633824 0.8142699558297842 6.934592261297187e-05 0
1699264797.3139935 0.8174896858208794 -0.00045774223345936016 0
1699264797.364511 0.8211395168710057 -0.0010618137493934082 0
1699264797.4145167 0.8336473886870088 -0.003110037709525953 0
1699264797.4642193 0.8374868360493164 -0.0037329290441290392 0
1699264797.5154564 0.8414253642382427 -0.00436081808816623 0
1699264797.5652893 0.8454363094875328 -0.004992294461869194 0
1699264797.6156678 0.849506892704948 -0.005626548200179746 0
1699264797.6658366 0.8575389408807034 -0.006850761056687501 0
1699264797.7164538 0.8652195960783975 -0.007987847155514809 0
1699264797.766086 0.8692543856571139 -0.008572449443348765 0
1699264797.816238 0.8776563198072074 -0.009764002482903881 0
1699264797.8664167 0.8851899286743521 -0.010799917769527528 0
1699264797.9167538 0.8925859589083676 -0.011785662018018386 0
1699264797.9672036 0.8962156161348096 -0.012258100537082425 0
1699264798.0173976 0.9003941577364827 -0.01279405615208687 0
1699264798.068386 0.9088924087742356 -0.013861219238607399 0
1699264798.1184826 0.9132818658186432 -0.014399927325340713 0
1699264798.168749 0.9201944642732603 -0.01522538540430408 0
1699264798.219003 0.9237761179519138 -0.015643528213756155 0
1699264798.2688875 0.9280902621771477 -0.016136569796942533 0
1699264798.3191674 0.9373362336684524 -0.017170141510276193 0
1699264798.369965 0.946252915643812 -0.018131440544106942 0
1699264798.419545 0.9501310900421411 -0.018540366550424386 0
1699264798.4697313 0.9532603935143854 -0.018868897784253866 0
1699264798.5198689 0.9596765411163096 -0.019514584422665834 0
1699264798.5698657 0.9671578630674339 -0.02014593785082448 0
1699264798.6202514 0.9713043858150675 -0.020429276198694963 0
1699264798.6726294 0.9750673979874421 -0.020691740365617536 0
1699264798.7215872 0.9787211469963544 -0.0209585518507739 0
1699264798.7718318 0.9869124804515739 -0.021530702256710405 0
1699264798.8218765 0.9950291056500223 -0.022067198865682872 0
1699264798.8710904 0.9980885151184204 -0.02225908865225736 0
1699264798.922849 1.0054396665832477 -0.022706325771353203 0
1699264798.9713533 1.015061488700933 -0.02327633488901447 0
1699264799.0225675 1.0234644755540172 -0.023739728784042857 0
1699264799.0716474 1.0275434913364456 -0.023955559235789667 0
1699264799.1217546 1.030422437086504 -0.0241013430633707 0
