1698905203.6242342 -0.004503220387819742 -0.0029832343395213307 1
1698905203.8498964 -0.00027273464831135096 -0.003815293850224295 0
1698905203.9808645 0.004450207442051699 -0.004750801682877005 0
1698905204.00951 0.018334759773049027 -0.007506068615366207 0
1698905204.0803843 0.03073247183375395 -0.009909468429838069 0
1698905204.1070566 0.03073247183375395 -0.009909468429838069 1
1698905204.142235 0.035235560655298995 -0.010762417370217034 1
1698905204.1686006 0.038420648375778424 -0.011356901901354763 1
1698905204.20131 0.038420648375778424 -0.011356901901354763 1
1698905204.248642 0.04074053391132848 -0.011786903264689194 1
1698905204.2989354 0.047145862093403414 -0.012958802895218797 1
1698905204.349146 0.05071089641591074 -0.013601738007779515 1
1698905204.3992941 0.05233022790515114 -0.013891590827821907 1
1698905204.4511156 0.05374551239148248 -0.014146600799473674 1
1698905204.5161788 0.057549163369300084 -0.014818242115847176 1
1698905204.558169 0.06131772399735132 -0.015490067127572237 1
1698905204.6015284 0.06301560900403967 -0.01579307480963785 1
1698905204.6519492 0.06637753261308763 -0.016393471663525793 1
1698905204.7184165 0.06637753261308763 -0.016393471663525793 1
1698905204.7556634 0.06970991788950877 -0.016989204159229467 1
1698905204.8046556 0.07335013624280103 -0.01763924321201614 1
1698905204.85426 0.07518232483179886 -0.01796820187461894 1
1698905204.9039307 0.0770496570249137 -0.018304194394007944 1
1698905204.9546537 0.08219972994374822 -0.01924127738718398 1
1698905205.0042737 0.08573701888842986 -0.0199126866282853 0
1698905205.0558984 0.08772592538747011 -0.020287531537717292 1
1698905205.1058912 0.08970414437825665 -0.020663610312375836 1
1698905205.1559317 0.09159029326912113 -0.021020381687564545 1
1698905205.2058303 0.09542484331285375 -0.021748596447639004 1
1698905205.256085 0.09928986702995549 -0.022485767440324936 1
1698905205.3064337 0.1012439485929819 -0.02286031878051394 1
1698905205.3566108 0.1032206137759887 -0.02323975394035764 1
1698905205.406624 0.10525939766356808 -0.023632211934010817 1
1698905205.456529 0.10922469631326495 -0.024398182733538835 1
1698905205.5067973 0.113299825370613 -0.025189612620877877 1
1698905205.55816 0.1174620985434841 -0.026001952547923035 1
1698905205.6363618 0.11952453289010966 -0.026406013827277048 1
1698905205.6802385 0.12371080051224799 -0.02722923919563345 1
1698905205.725017 0.12792734887400303 -0.028062895252524183 1
1698905205.7674212 0.13012150525479785 -0.028498412832205083 1
1698905205.8122027 0.13227937378122787 -0.02892792161523495 1
1698905205.8608963 0.13442638375552135 -0.02935637669527669 1
1698905205.9108722 0.1387997061402786 -0.030232549106157094 1
1698905205.960928 0.14325131660239313 -0.0311292478333225 1
1698905206.0109162 0.14546727276773433 -0.03157743571260727 1
1698905206.0609627 0.14769809858417454 -0.03202982126249505 1
1698905206.1110048 0.15221067709202826 -0.03294852417264354 1
1698905206.1612756 0.1568001010546635 -0.033887937747971546 1
1698905206.2119114 0.15907273709382677 -0.03435499469925472 1
1698905206.261881 0.16137564412376318 -0.03482959555255596 1
1698905206.3119373 0.1660404048595817 -0.03579575551956711 1
1698905206.3619514 0.1707681162876848 -0.036780746078327195 1
1698905206.412069 0.1731023296016494 -0.03726925829487077 1
1698905206.4621346 0.17546487832505903 -0.037765072347514084 1
1698905206.5124164 0.1802679101214448 -0.0387776497345929 1
1698905206.5628805 0.1851344146850543 -0.039809581358956805 1
1698905206.612942 0.18753745461574786 -0.04032144098889404 1
1698905206.6628413 0.1899625308620139 -0.04083938364076531 1
1698905206.712916 0.19488878025738351 -0.04189626926789758 1
1698905206.7629657 0.19987799160010655 -0.04297261303274924 1
1698905206.813163 0.20234256136929596 -0.04350663466780105 1
1698905206.8633108 0.2048281273494346 -0.04404646404323105 1
1698905206.914359 0.20738623341259002 -0.04460379996628127 1
1698905206.9641094 0.2123715301587072 -0.045693597300127606 1
1698905207.0140653 0.21746870205320737 -0.046813709848871 1
1698905207.0640714 0.2199775048791658 -0.04736665966759382 1
1698905207.1138754 0.22257195354104511 -0.04793916619713682 1
1698905207.1639059 0.22509532764450224 -0.04849681390012053 1
1698905207.2140176 0.23273166210874005 -0.05018501435513928 1
1698905207.2647812 0.2377622655353191 -0.051313655912736046 1
1698905207.3146896 0.2402575678687066 -0.051882801967207876 0
1698905207.3648887 0.2428817122097398 -0.05247758298177654 1
1698905207.4150362 0.2482947520432691 -0.053708296441526915 1
1698905207.4649506 0.25359539812741705 -0.05491635891461 1
1698905207.5152805 0.2561833179468075 -0.055507125381261985 1
1698905207.5655463 0.2587569756203192 -0.056095818967844276 1
1698905207.6157353 0.26413624946915915 -0.057328976911828006 1
1698905207.6658955 0.2696006055186657 -0.05858573476574379 1
1698905207.7160985 0.27231275806363214 -0.059210859651272395 1
1698905207.766127 0.2749879757535419 -0.05982826897153768 1
1698905207.8161142 0.2803641096717774 -0.06107155427913682 1
1698905207.866289 0.28582308984868937 -0.062337715006320474 1
1698905207.9164433 0.28854017774754676 -0.06296931677020629 1
1698905207.9663 0.2912914218830601 -0.06360977658956207 1
1698905208.0165565 0.2940974050999584 -0.064263883816205 1
1698905208.0668654 0.2995589635203329 -0.06553971074119118 1
1698905208.11701 0.3051074401745427 -0.06683948485177016 1
1698905208.1671555 0.30788061267909395 -0.06749054047292115 1
1698905208.2172449 0.3107471591566778 -0.06816448786142934 1
1698905208.2671752 0.31633229010025904 -0.06948056750370134 1
1698905208.3172655 0.3219830114197875 -0.070816788039118 1
1698905208.3673396 0.32476615771533435 -0.07147644879122492 1
1698905208.418049 0.3276657995678095 -0.07216475370869023 1
1698905208.4677627 0.33048434678481914 -0.07283495562209288 1
1698905208.5181367 0.3390597301959889 -0.074880603426185 1
1698905208.5680676 0.3448419168177832 -0.07626544712818686 1
1698905208.6181562 0.34769686065272615 -0.07695090110431206 1
1698905208.668548 0.35055292198940685 -0.07763768723878896 1
1698905208.718361 0.3563697302999914 -0.07903956682732859 1
1698905208.7688432 0.36222893439746445 -0.08045537796530654 1
1698905208.818772 0.36512131349264954 -0.08115578439487309 1
1698905208.8689497 0.368016273041768 -0.0818570681446998 1
1698905208.9190176 0.3709896217485353 -0.08257871818935804 1
1698905208.9693332 0.37675343068866385 -0.08397488244562878 1
1698905209.0215023 0.38258832696315936 -0.08538922682347572 1
1698905209.070962 0.38546845166817706 -0.0860895683425555 1
1698905209.121826 0.3884093742804017 -0.08680531575349598 1
1698905209.1716752 0.3941160456995405 -0.08821223888381931 1
1698905209.2219143 0.4001330675959303 -0.08969339895728279 1
1698905209.271774 0.4030233409381679 -0.0904071243551642 1
1698905209.3219013 0.40599168137153435 -0.09114005679226252 1
1698905209.3721578 0.4117660807494036 -0.09256940443876945 1
1698905209.422059 0.41778318234827955 -0.09406282218993231 1
1698905209.4722772 0.42076099212660006 -0.09480319343515216 1
1698905209.5225065 0.4237936929483161 -0.09555791163078838 1
1698905209.572807 0.4296921680257015 -0.0970280192352937 1
1698905209.62286 0.4357644666036454 -0.09854447146138941 1
1698905209.672954 0.43875943620810914 -0.09929345074205781 1
1698905209.7233486 0.44183470638114164 -0.10006317847515092 1
1698905209.7734635 0.44482014437431916 -0.10081108255808198 1
1698905209.8235917 0.45092649373734583 -0.10234283814309526 1
1698905209.874392 0.4600927982322875 -0.10464702274334534 1
1698905209.9241493 0.4631152227893711 -0.10540800599479935 1
1698905209.9742122 0.46613821451514037 -0.10616973588955149 1
1698905210.0244856 0.4723221945120582 -0.10773019192214855 1
1698905210.0744812 0.4785469381993404 -0.10930395656697828 1
1698905210.124648 0.4816221739524358 -0.11008255541138079 1
1698905210.1746874 0.48469154872236253 -0.11086039824853501 1
1698905210.2249277 0.490906761025597 -0.11243762340353936 1
1698905210.2747796 0.4971602713191301 -0.1140274011927312 1
1698905210.3249571 0.5002514079642424 -0.1148143436542475 1
1698905210.3749437 0.5033574122521569 -0.1156056725641639 1
1698905210.4251766 0.5065485216382556 -0.11641952520837044 1
1698905210.4755328 0.512748794644705 -0.11800218195939384 1
1698905210.5257998 0.5190413415130871 -0.11960964103994151 1
1698905210.5758464 0.5221517880140496 -0.12040431081067864 1
1698905210.6264095 0.52536336086506 -0.12122443472437633 1
1698905210.6765993 0.5347533599452113 -0.12361862159729588 1
1698905210.7264965 0.5378278186408674 -0.12440594460804719 1
1698905210.7768292 0.5408730303400399 -0.12518382018129065 0
1698905210.8267395 0.5471409239686438 -0.12680231532773323 1
1698905210.876893 0.5503172215499574 -0.12762240297162664 1
1698905210.9269652 0.556696130797144 -0.12926608595385033 1
1698905210.9773667 0.5630138929564538 -0.13089455703338007 1
1698905211.0275009 0.566104001698719 -0.1316913701554111 1
1698905211.0776215 0.569236887596808 -0.13249952173306723 1
1698905211.1278672 0.5757074954714616 -0.1341693009914106 1
1698905211.1778083 0.5821836222336311 -0.13584124517284737 1
1698905211.2277665 0.585363069394529 -0.13666237069373285 1
1698905211.2778633 0.5885132311815414 -0.13747613040316864 1
1698905211.3278747 0.5949407007942269 -0.13913724473554853 1
1698905211.3782682 0.6014197676704284 -0.14081277819268234 1
1698905211.4281802 0.6046310042559064 -0.14164365975305804 1
1698905211.4785125 0.6078371656290735 -0.14247349085047536 1
1698905211.5286605 0.6143000147312924 -0.1441470994578793 1
1698905211.5786734 0.6207886041546565 -0.14582867413780423 1
1698905211.628879 0.6239931564886589 -0.14665981745945678 1
1698905211.6790385 0.6272215407222977 -0.14749752544063416 1
1698905211.7293003 0.6305436231298563 -0.14836001436984642 1
1698905211.7795444 0.6370014973923298 -0.15003793560618237 1
1698905211.8298225 0.6435457827120838 -0.15174021763063592 1
1698905211.8798 0.6467735051780948 -0.15258049092034945 1
1698905211.9299219 0.6501151023763425 -0.15345085986164997 1
1698905211.9798872 0.6566125692834257 -0.15514460117681228 1
1698905212.0298722 0.6631949092239608 -0.1568619893383044 1
1698905212.0799255 0.6664337179593298 -0.1577070378785684 1
1698905212.1305177 0.6697819023096584 -0.15858048401834343 1
1698905212.180781 0.6762771646750694 -0.16027367887932575 1
1698905212.230805 0.6828442099249267 -0.16198150651872364 1
1698905212.281161 0.6860727826548468 -0.16282130062607955 1
1698905212.3308032 0.6893847101174314 -0.16368645716649344 1
1698905212.380734 0.6957568564447311 -0.16535856658027484 1
1698905212.43081 0.7024075827937245 -0.16710140150888966 1
1698905212.48142 0.7056337564556171 -0.16794884809334548 1
1698905212.531937 0.7089635295103238 -0.16882298791089528 1
1698905212.5818346 0.7188348349435705 -0.1714183708838439 1
1698905212.6321988 0.7221101210071527 -0.1722803163774315 1
1698905212.682487 0.728754602657051 -0.1740298171169877 1
1698905212.7333012 0.7320170787445491 -0.17488924592043478 1
1698905212.7834992 0.7352789627920507 -0.17574880297517317 1
1698905212.8339162 0.7419533981875405 -0.1775084779312557 1
1698905212.883918 0.7486535526290699 -0.1792759581696453 1
1698905212.933929 0.7519601592218816 -0.18014859152027662 1
1698905212.983937 0.7552541394415213 -0.1810180982504288 1
1698905213.03422 0.758641540964837 -0.1819124808580968 1
1698905213.0845532 0.7652243686468276 -0.18365123597899152 1
1698905213.1346254 0.7719488239907368 -0.18542834570627176 1
1698905213.1849406 0.7752675781355942 -0.18630583183781593 1
1698905213.2349465 0.7786812707158869 -0.1872087581528176 1
1698905213.2852044 0.7853109137622488 -0.1889631843660869 1
1698905213.3354673 0.7920662768611227 -0.19075215035300533 1
1698905213.385335 0.7953990712848324 -0.19163524873857263 1
1698905213.4354334 0.7988308058652807 -0.19254492452068386 1
1698905213.4852576 0.8054981082116157 -0.19431316061673118 1
1698905213.5355217 0.8122772726562246 -0.19611198913865385 1
1698905213.5856347 0.8156144698553355 -0.19699745835950244 1
1698905213.6357496 0.8190520104020417 -0.19790921086484237 1
1698905213.6861832 0.8257194192019118 -0.19967688110993906 1
1698905213.73638 0.8324583245519454 -0.20145731624720323 1
1698905213.7864351 0.8357772527380319 -0.2023342252910122 1
1698905213.8365374 0.8391902076084496 -0.20323950156588508 1
1698905213.8865888 0.8424613979480648 -0.20410386479057546 0
1698905213.9366946 0.8491961980992487 -0.20589775149857267 1
1698905213.986806 0.8559279039507652 -0.20768912833410777 1
1698905214.037031 0.8626964324788262 -0.20948823325759788 1
1698905214.0868025 0.8694364123261669 -0.21127906499826932 1
1698905214.1369069 0.8727839804990484 -0.21216840234520443 1
1698905214.187067 0.8761375146077065 -0.21305918371027724 1
1698905214.2375154 0.8829400675264311 -0.21486585765571672 1
1698905214.2875402 0.8862906783039567 -0.21575564757794274 1
1698905214.3383553 0.8931127149545136 -0.21756724435653269 1
1698905214.3878756 0.8999511293034212 -0.21938317688005138 1
1698905214.438027 0.9033243127963089 -0.22027895189144187 1
1698905214.4881608 0.9066944182006272 -0.22117394167465404 1
1698905214.538365 0.913531241651804 -0.22298974300426708 1
1698905214.5886853 0.9203775552739307 -0.22480838500752554 1
1698905214.6387856 0.9237574743172309 -0.22570640167330983 1
1698905214.6886535 0.9271432498253822 -0.2266061566791372 1
1698905214.739064 0.9340214542929819 -0.22843460572576038 1
1698905214.789262 0.9408996748408849 -0.23026401159785248 1
1698905214.8392186 0.9442890037266902 -0.2311658614303297 1
1698905214.8896277 0.9476800601901313 -0.23206843632349267 1
1698905214.939691 0.9511781642300391 -0.23299975994479766 1
1698905214.9897559 0.9579730113703127 -0.2348095073422419 1
1698905215.0396934 0.9648731530509818 -0.2366477113846467 1
1698905215.0902095 0.9682656064366283 -0.23755119897197424 1
1698905215.1399934 0.9717584632505325 -0.23848099922471525 1
1698905215.1900434 0.982004675887259 -0.24120183880534402 1
1698905215.24013 0.9853758285547931 -0.24209621437387033 1
1698905215.2903183 0.992158637771877 -0.2438980465760714 1
1698905215.3405566 0.9954759086024032 -0.2447886796319849 1
1698905215.3907006 1.0024205943662474 -0.2466403358305827 1
1698905215.4408023 1.0058585738047714 -0.24755732289474316 1
1698905215.4908805 1.0092530321387256 -0.2484623082011375 1
1698905215.5412776 1.0160388581667845 -0.25027037727310125 1
1698905215.5914242 1.0229409664728955 -0.2521095796149905 1
1698905215.6414297 1.026368593520712 -0.253022802606402 1
1698905215.6915703 1.033277979424596 -0.2548634042020087 1
1698905215.7416 1.0366509672733255 -0.2557618131009209 1
1698905215.7917643 1.040022082477972 -0.25665974278167475 1
1698905215.842084 1.0469650477997272 -0.25850916361450177 1
1698905215.8921218 1.0539260438570623 -0.2603635101016272 1
1698905215.9424338 1.0573596026346594 -0.26127825890785045 1
1698905215.9922934 1.0607599279078972 -0.26218423375187166 1
1698905216.042474 1.0676487859108994 -0.26401986628571145 1
1698905216.0987682 1.0745426856641114 -0.26585734109081455 1
1698905216.144487 1.0779678043057503 -0.26677053993656935 1
1698905216.194046 1.0814011921803564 -0.26768614620244247 1
1698905216.2440355 1.0883780231951463 -0.269547438191072 1
1698905216.2938929 1.0953135981603812 -0.2713988476834177 1
1698905216.3439224 1.0987288196635199 -0.2723109007598015 1
1698905216.393925 1.1021434505950565 -0.2732230678977285 1
1698905216.4439936 1.1091142813155863 -0.27508586159652515 1
1698905216.4943104 1.1160869802957023 -0.2769494024555944 1
1698905216.5443432 1.119518835403298 -0.2778661978730067 1
1698905216.5954652 1.1229377937820475 -0.27877984145258755 1
1698905216.6455986 1.129856629658603 -0.2806220634368191 1
1698905216.69566 1.136739535960675 -0.28245600977604246 1
1698905216.745649 1.1401177753141047 -0.2833574299517542 1
1698905216.7958295 1.1434591799183471 -0.28424975183943824 1
1698905216.845885 1.1469480459958747 -0.2851872320789869 1
1698905216.8957386 1.153787233707771 -0.28701683743116235 1
1698905216.9465287 1.160804216508637 -0.28889494492568696 1
1698905216.9964547 1.1641953332674886 -0.2898023131155078 1
1698905217.0467834 1.1676679698528962 -0.29073171310519186 1
1698905217.0968363 1.1744109267336529 -0.29253651160113797 1
1698905217.1469204 1.1813717287461476 -0.294399906919361 1
1698905217.1969414 1.1848175542854915 -0.2953224452756777 1
1698905217.2468922 1.188329859048756 -0.29626280795645105 1
1698905217.2968566 1.195135231122073 -0.298084985979608 1
1698905217.3470945 1.202100572739543 -0.29995037836531896 1
1698905217.397522 1.2055431160480676 -0.3008724640595646 1
1698905217.4476786 1.2090687860374096 -0.30181690628668584 1
1698905217.4977505 1.219443023241632 -0.304596502568637 1
1698905217.5479848 1.222879708358158 -0.30551754758418 1
1698905217.5979319 1.226318119180876 -0.30643926544686534 1
1698905217.6481442 1.2332867586467868 -0.30830789908441486 1
1698905217.6989386 1.2402577100427061 -0.3101780500641593 1
1698905217.749768 1.2471435917674336 -0.31202636295645025 1
1698905217.7997298 1.2506933621189171 -0.3129796000676916 1
1698905217.8500156 1.25413950405403 -0.3139052517621208 1
1698905217.9003794 1.2611242090565846 -0.31578192587692355 1
1698905217.9497192 1.264562806355287 -0.31670586092183595 1
1698905217.9999166 1.2679990681278925 -0.3176287739177971 1
1698905218.0502508 1.2749789609550346 -0.319504651529665 1
1698905218.1001348 1.2784143356496775 -0.32042125039018415 1
1698905218.1506927 1.2853370537936648 -0.322274833507071 1
1698905218.2010176 1.2921976773923394 -0.3241123224810491 1
1698905218.2510695 1.2955453431432684 -0.32501813932522233 1
1698905218.3007777 1.2989780030117477 -0.32593924291870124 1
1698905218.3509843 1.306032441018921 -0.3278375368054762 1
1698905218.402162 1.3130005537324363 -0.32971037948054593 1
1698905218.4514687 1.316426272077655 -0.3306310819563797 1
1698905218.5024896 1.3198093112400555 -0.33154010050562105 1
1698905218.5518694 1.326759733099092 -0.3334074487467254 1
1698905218.6020386 1.3337557424620123 -0.3352867835710977 1
1698905218.6522744 1.3372244849263473 -0.33621856843026443 1
1698905218.7024288 1.340663363189103 -0.33714226434960887 1
1698905218.752742 1.344175786650944 -0.33808567457258937 1
1698905218.8028355 1.3509925230899416 -0.3399166315663358 1
1698905218.8535988 1.357965633117402 -0.341789828637699 1
1698905218.902984 1.3614253804830976 -0.34271934108602 1
1698905218.9537303 1.364973855478162 -0.3436727871690122 1
1698905219.0029547 1.368417917732753 -0.3445982444262752 1
1698905219.0528326 1.3788539099947321 -0.3474033924524177 1
1698905219.10614 1.3822987406472929 -0.3483297171094344 1
1698905219.1563537 1.3893006718901815 -0.350213235221501 1
1698905219.2080498 1.3927503560175751 -0.3511415774079392 1
1698905219.2578068 1.3997570113944326 -0.35302794098983126 1
1698905219.308102 1.406763239211768 -0.35491517260059424 1
1698905219.3581064 1.4102148825614529 -0.35584518825600303 1
1698905219.4082086 1.4136650101043196 -0.35677486882067183 1
1698905219.4591243 1.4206611028484926 -0.35865918672702957 1
1698905219.509567 1.427646039344914 -0.3605380552489899 1
1698905219.5596097 1.4310682419724259 -0.36145522112799267 1
1698905219.6104913 1.4344820965651506 -0.3623726044737574 1
1698905219.6602082 1.4379999291136414 -0.3633167711430734 1
1698905219.7104635 1.444739764991945 -0.3651341941867968 1
1698905219.760655 1.451693797674677 -0.3670114789247408 1
1698905219.8112147 1.4551404171127456 -0.36794095905877355 1
1698905219.8610501 1.4586936528945635 -0.3689000596402281 1
1698905219.9108815 1.4655271881992984 -0.3707447434013666 1
1698905219.960871 1.472444440234894 -0.3726127971204176 1
1698905220.0111065 1.4758722151579808 -0.37353864979045265 1
1698905220.0617313 1.47942182065549 -0.3744975330967925 1
1698905220.1114788 1.4863204736409603 -0.3763614203383435 1
1698905220.162172 1.4932745528756821 -0.37824055956018465 1
1698905220.2118523 1.4966985291434087 -0.37916592959421896 1
1698905220.2621372 1.5002484691687172 -0.38012545795691605 1
1698905220.3120193 1.5071477678478782 -0.3819906004929874 1
1698905220.3619776 1.5141260158896153 -0.3838774641730245 1
1698905220.4128842 1.5175627616535214 -0.3848068934772029 1
1698905220.4629657 1.521105258987716 -0.3857650453352211 1
1698905220.5142314 1.5315695616391316 -0.38859646252216296 1
1698905220.5637648 1.5350279050922944 -0.38953262210594447 1
1698905220.614892 1.5384765328009655 -0.39046640319691506 1
1698905220.664679 1.545480064493365 -0.39236344617813906 1
1698905220.7151155 1.552499298068633 -0.3942657052210034 1
1698905220.765128 1.5559579866339923 -0.3952033578294521 1
1698905220.8142877 1.5594173077029327 -0.3961413305841676 1
1698905220.8652291 1.5629753360133483 -0.3971061933293858 1
1698905220.9147072 1.5734269811554695 -0.39993876417952484 1
1698905220.9646254 1.576876113813893 -0.4008723468035273 1
1698905221.014785 1.583833691574274 -0.40275131183869634 1
1698905221.065483 1.5872501078264574 -0.40367381323820595 1
1698905221.115499 1.5941089449110017 -0.4055349093416578 1
1698905221.165459 1.597528904857458 -0.40646683870942857 1
1698905221.216436 1.6045311275808989 -0.40837031207924473 1
1698905221.2679458 1.6079989442638787 -0.409313565427274 1
1698905221.3189666 1.6114223440203468 -0.41024434135134263 1
1698905221.3690283 1.6183492938133197 -0.41212711818403597 1
1698905221.4189029 1.6252915403399093 -0.4140138610684582 1
1698905221.4687312 1.628734298473047 -0.41494942379238886 1
1698905221.5188553 1.6321947313280198 -0.4158897250023272 1
1698905221.5688808 1.635735303786281 -0.4168517604272307 1
1698905221.6187675 1.6426087237612628 -0.4187193284378992 1
1698905221.66901 1.649564236264427 -0.4206094279159371 1
1698905221.7191706 1.6530115669528438 -0.42154638416474904 1
1698905221.7692373 1.6600261129175427 -0.4234532972881463 1
1698905221.859357 1.6634860410239434 -0.42439418277051544 1
1698905221.9056811 1.6704975591665472 -0.42630169745207946 1
1698905221.9442167 1.6774849910253864 -0.4282042557781821 0
1698905221.993648 1.680921327024612 -0.4291406516071333 0
1698905222.0433924 1.68437082101953 -0.43008065774433024 0
1698905222.0934603 1.6879281417582566 -0.43105010780746844 0
1698905222.143544 1.6948514462349331 -0.4329355924785444 0
1698905222.1944065 1.7018725008794133 -0.43484219141998653 0
1698905222.2449353 1.7053331876180835 -0.4357789198530335 0
1698905222.2946632 1.7089008689998046 -0.4367420759930743 0
1698905222.3450074 1.7158264868648756 -0.43860297972700485 0
1698905222.3949986 1.7228501573835668 -0.44047323581103226 0
1698905222.445738 1.7298693449156057 -0.4423151898107459 0
1698905222.495733 1.7332980600848813 -0.443207231699334 0
1698905222.5639434 1.74022554927874 -0.44499107500484064 0
1698905222.6225803 1.7470424105387248 -0.44673152264773075 0
1698905222.6639578 1.7506050714544277 -0.4476307813502217 0
1698905222.7015374 1.7541048388487386 -0.4485055417843111 0
1698905222.751307 1.761121628791916 -0.4502355870455971 0
1698905222.8007429 1.7645746926115495 -0.45107527118543844 0
1698905222.8511822 1.7715794979592636 -0.45275212184066654 0
1698905222.901254 1.7750553210703857 -0.4535709378999459 0
1698905222.9512715 1.782174947223921 -0.4552199159010636 0
1698905223.0018096 1.789151858917616 -0.4567974030279767 0
1698905223.05176 1.7927507393769475 -0.4575956553259844 0
1698905223.101693 1.7962278648453565 -0.4583566228117633 0
1698905223.1518083 1.799725485662938 -0.45911161919157684 0
1698905223.2025642 1.8068423874560378 -0.4606146511608396 0
1698905223.252439 1.8139948577629499 -0.46207910298596244 0
1698905223.3024366 1.8175163271577368 -0.4627826384304516 0
1698905223.3524516 1.8210408231163708 -0.4634750707553057 0
1698905223.402446 1.8246764699483335 -0.46417711490562685 0
1698905223.4559944 1.8317408186540143 -0.4655049195712405 0
1698905223.5026681 1.838929139363613 -0.46680580315578946 0
1698905223.5532756 1.842475547668564 -0.4674283262531438 0
1698905223.6029673 1.846133988800406 -0.4680571224094871 0
1698905223.655615 1.856922885599759 -0.46983976009202627 0
1698905223.7104359 1.864076429151999 -0.4709638607851914 0
1698905223.7584503 1.8677657283750877 -0.4715232750015669 0
1698905223.8236969 1.874914831453931 -0.4725626890362506 0
1698905223.871206 1.8821159623874446 -0.47355957674133153 0
1698905223.9243877 1.885603047288372 -0.4740148988434855 0
1698905223.9780142 1.889257361718297 -0.4744749432108973 0
1698905224.0306184 1.8928220822830686 -0.47491023604431604 0
1698905224.0888553 1.9036446894170527 -0.4761466099656076 0
1698905224.144936 1.9108464443161886 -0.4768914106830275 0
1698905224.2048125 1.9143877497872186 -0.4772337431542473 0
1698905224.2559774 1.9179511664323607 -0.4775626655434421 0
1698905224.3035145 1.925215543222155 -0.47818497298407053 0
1698905224.3491368 1.9325001925467646 -0.47874360076425854 0
1698905224.3954742 1.9325001925467646 -0.47874360076425854 0
1698905224.4321358 1.9360848097217846 -0.47899417967649066 0
1698905224.475347 1.9469417467190928 -0.4796560559867285 0
1698905224.5327792 1.9505334909665561 -0.4798427344343903 0
1698905224.5745418 1.9542363516108836 -0.48001826192663943 0
1698905224.619366 1.957834017649112 -0.4801726193953867 0
1698905224.6660197 1.9614338544880225 -0.480311049247467 0
1698905224.7180243 1.9687500950491708 -0.48054297422297876 0
1698905224.7673547 1.9760727547894144 -0.4807082356769922 0
1698905224.8169813 1.9796826580019171 -0.4807649287140448 0
1698905224.8683476 1.9832930954735117 -0.4808053406868316 0
1698905224.9178247 1.987015057980736 -0.48082997581700265 0
1698905224.9679437 1.994243899370066 -0.48082877083927356 0
1698905225.0177405 2.001587906927299 -0.4807609672455739 0
1698905225.0677783 2.005205398789945 -0.48070279716071734 0
1698905225.118067 2.0089312891314095 -0.48062627445651457 0
1698905225.169291 2.0161571026280987 -0.48043045558572745 0
1698905225.218659 2.02342828903541 -0.4801757320503269 0
1698905225.2684994 2.0269913092605023 -0.4800398899944371 0
1698905225.3187702 2.030739527800616 -0.4798763331435583 0
1698905225.3688183 2.0380369493002486 -0.47952299585863983 0
1698905225.4188135 2.0453647105111528 -0.4791104615106947 0
1698905225.4690921 2.048931365788561 -0.4788870003757561 0
1698905225.5193179 2.052646548807924 -0.47862664160061946 0
1698905225.5692892 2.0598472008384334 -0.478079209221178 0
1698905225.6202004 2.067113657140311 -0.47747495524570255 0
1698905225.6704097 2.0706782060566535 -0.47715489157014185 0
1698905225.7203321 2.0743725233517605 -0.4768070790317493 0
1698905225.7707198 2.0852445116326472 -0.47568170292184325 0
1698905225.822323 2.0888223840512423 -0.4752784609857304 0
1698905225.871463 2.0960915044462523 -0.4744093061940632 0
1698905225.9223495 2.0996752208474008 -0.4739565513783329 0
1698905225.9732065 2.1032581986248844 -0.47348814051638916 0
1698905226.0223775 2.110522328998196 -0.4724905980314744 0
1698905226.0723674 2.1177759567649104 -0.4714288487696298 0
1698905226.121989 2.1213480856575186 -0.470881081184631 0
1698905226.1736414 2.1249232180843634 -0.4703169738872483 0
1698905226.2236772 2.1321820252442607 -0.46912315735668303 0
1698905226.2745557 2.139433131401776 -0.4678666532939123 0
1698905226.324221 2.1430009843504862 -0.46722496734037794 0
1698905226.3744545 2.146565861093645 -0.4665690613139055 0
1698905226.425622 2.153800964787843 -0.46519314675155604 0
1698905226.4755092 2.1610269922148024 -0.46375576915357075 0
1698905226.5255952 2.164567948922641 -0.4630276170357143 0
1698905226.5760634 2.1680976618762515 -0.46229472120341547 0
1698905226.627048 2.1752689370380547 -0.4607608914309989 0
1698905226.6793885 2.182476114163721 -0.45916847937138533 0
1698905226.7288537 2.1860154297689944 -0.4583676546502421 0
1698905226.7786076 2.1895573428215953 -0.4575541038138867 0
1698905226.828376 2.193206944388233 -0.4567033023975012 0
1698905226.8781714 2.2002689802171886 -0.4550313477186227 0
1698905226.928198 2.2074294358137125 -0.4532884777564925 0
1698905226.9784644 2.210956961554673 -0.45241190506133594 0
1698905227.029633 2.214590744353034 -0.4514963141866166 0
1698905227.0798829 2.225196122857699 -0.4487234791190706 0
1698905227.12936 2.228630979334492 -0.4478027685774557 0
1698905227.1797686 2.2357228238061166 -0.44586586548853757 0
1698905227.229644 2.2392329094724683 -0.4448867255482777 0
1698905227.2798085 2.242712146618338 -0.44390409963034705 0
1698905227.3305779 2.2497198939884275 -0.4418866535924441 0
1698905227.3805568 2.2567248673580353 -0.4398181496687573 0
1698905227.4316797 2.260193975478767 -0.43877484525766053 0
1698905227.4824743 2.263679218540955 -0.4377145279017316 0
1698905227.5323632 2.2707510576811107 -0.43552599018667076 0
1698905227.5823114 2.277776017683974 -0.4333041108648198 0
1698905227.6319702 2.281219589693562 -0.4321976583189452 0
1698905227.6823726 2.2846603394587914 -0.4310813174278059 0
1698905227.7330322 2.2916494074960645 -0.4287812936071314 0
1698905227.783477 2.2986573260705963 -0.4264333301705548 0
1698905227.8330812 2.302093811094936 -0.42525936170408596 0
1698905227.8907611 2.3090348144304143 -0.4228772182070013 0
1698905227.9455616 2.315860500200341 -0.42050094511967234 0
1698905228.0028837 2.322817934515132 -0.41804610788944213 0
1698905228.0593789 2.326246334355903 -0.4168247116779659 0
1698905228.1082811 2.329780084119782 -0.41555802308509815 0
1698905228.1539283 2.3331949536167897 -0.4143269275844024 0
1698905228.2015016 2.3401251415330733 -0.41181016906015067 0
1698905228.2439833 2.3469443506460657 -0.40931034259541055 0
1698905228.295264 2.3504671672975905 -0.4080088740167189 0
1698905228.338041 2.353884707636609 -0.40673991927221453 0
1698905228.3879437 2.3573025612172764 -0.4054644748423001 0
1698905228.4380298 2.3642322889378313 -0.402859453419492 0
1698905228.4881766 2.3711410510176427 -0.4002355454698066 0
1698905228.5381768 2.374534746310665 -0.39893562877051403 0
1698905228.5887928 2.3779122346162462 -0.397622486688186 0
1698905228.6388419 2.38469903862288 -0.39497822640789926 0
1698905228.6926606 2.391545413982722 -0.39228348697964244 0
1698905228.7393572 2.3949196029945883 -0.39094479207540417 0
1698905228.790431 2.398294572327407 -0.38959976693594084 0
1698905228.8407042 2.4085039766611565 -0.3854892819004102 0
1698905228.891822 2.4085039766611565 -0.3854892819004102 0
1698905228.941601 2.4153280693458803 -0.3827081451868122 0
1698905228.9912279 2.422155229630495 -0.37990163695837564 0
1698905229.0419147 2.422155229630495 -0.37990163695837564 0
1698905229.0918233 2.4323335229391647 -0.3756791767828769 0
1698905229.143469 2.4356838297059564 -0.37427956727922485 0
1698905229.1932976 2.442457749025396 -0.3714307513262518 0
1698905229.243123 2.4457948704993493 -0.3700292527243514 0
1698905229.2933092 2.4491433135078178 -0.3686160844260984 0
1698905229.3437543 2.455955439827785 -0.36573629226514515 0
1698905229.3991277 2.4627375954084836 -0.36285986339488857 0
1698905229.4462242 2.466081394798448 -0.3614384204049647 0
1698905229.4967442 2.469414243071346 -0.3600198760644825 0
1698905229.547107 2.476197376825627 -0.35712880683081916 0
1698905229.5982416 2.482996317702649 -0.35422560594653296 0
1698905229.6635206 2.4897166211846904 -0.3513508779836304 0
1698905229.7274017 2.4965153127197968 -0.3484380294020249 0
1698905229.7731853 2.4998656468144866 -0.3470011579443817 0
1698905229.8235211 2.506650466119502 -0.34408910480414084 0
1698905229.8825414 2.5100006796452625 -0.34265019011804293 0
1698905229.9383268 2.516797220829324 -0.3397292525488924 0
1698905229.9999897 2.523589527319747 -0.3368073614456112 0
1698905230.0609796 2.530192698569086 -0.3339516623678199 0
1698905230.125578 2.5336289423279426 -0.3324635342203779 0
1698905230.1788523 2.54028876202231 -0.32958085972573026 0
1698905230.2375379 2.5470719907831763 -0.3266384210109695 0
1698905230.2827516 2.5504152901340524 -0.32518614212192704 0
1698905230.324589 2.553853770409826 -0.3236915505113077 0
1698905230.3673596 2.5605121415146224 -0.32079559647499556 0
1698905230.4034753 2.5605121415146224 -0.32079559647499556 0
1698905230.4413433 2.5639417271121148 -0.3193034315618597 0
1698905230.4670506 2.5706140561055975 -0.3164013769710321 0
1698905230.5111809 2.574054122018076 -0.3149057057115302 0
1698905230.5596313 2.5773893059204447 -0.3134566441048222 0
1698905230.6078348 2.5841263391781655 -0.31053018105650876 0
1698905230.6574407 2.5907803278677304 -0.3076548887709247 0
1698905230.7076445 2.594215071802947 -0.3061744175388584 0
1698905230.7582433 2.597574279195708 -0.30472941743221277 0
1698905230.8078315 2.600919994413121 -0.3032925494678433 0
1698905230.8580534 2.6077157101938204 -0.3003830646591217 0
1698905230.9081326 2.614494570513545 -0.29749391840909784 0
1698905230.9582772 2.617845219860211 -0.29607095945535905 0
1698905231.0086741 2.621196619615624 -0.294651247516394 0
1698905231.0587726 2.6280146529274617 -0.2917743100531704 0
1698905231.1089456 2.634842549055273 -0.2889087456665874 0
1698905231.1593392 2.638210154451507 -0.2875012834892596 0
1698905231.2089841 2.641576141340312 -0.28609851112358503 0
1698905231.260954 2.6484143243882836 -0.2832609574211597 0
1698905231.3089492 2.655252081466154 -0.2804400016339141 0
1698905231.359739 2.658619861907784 -0.27905532088912927 0
1698905231.4106584 2.661984028306887 -0.2776753103700004 0
1698905231.4623246 2.665444686977214 -0.2762621206403802 0
1698905231.511143 2.6721017184078146 -0.27354274874150125 0
1698905231.5610921 2.6789303810084513 -0.2707640748329724 0
1698905231.6108174 2.6823010660261843 -0.26939872295164075 0
1698905231.6611006 2.6857828154193535 -0.26799132840107176 0
1698905231.7110195 2.6960139158715086 -0.2638742442249755 0
1698905231.7608826 2.699383922845069 -0.2625244853049024 0
1698905231.8111544 2.7027593114698383 -0.2611756837772033 0
1698905231.8614995 2.7062485196999826 -0.259784817218863 0
1698905231.9114792 2.7130281099580187 -0.2570923728606595 0
1698905231.961666 2.7198920715769836 -0.25438141114568646 0
1698905232.0120697 2.723272856877953 -0.2530521450668635 0
1698905232.0618055 2.726762209930124 -0.25168662921242474 0
1698905232.1118586 2.7301392254522705 -0.2503660288655314 0
1698905232.1624494 2.736999992952418 -0.24770791635568384 0
1698905232.2124941 2.7473011072140405 -0.24376470392331834 0
1698905232.262813 2.7507108812963805 -0.24247127290139003 0
1698905232.312699 2.754105446338119 -0.24118999089131232 0
1698905232.3629918 2.761012772425123 -0.23860255789540127 0
1698905232.4137135 2.7679473589651575 -0.23603211138334118 0
1698905232.4646971 2.771376598187439 -0.2347711366901804 0
1698905232.51569 2.7748041922445066 -0.23351746641741886 0
1698905232.5669215 2.7783389096546838 -0.23223158783076595 0
1698905232.6170657 2.7851839298108567 -0.22976185272179703 0
1698905232.6666539 2.7921425952857417 -0.22727836946694632 0
1698905232.7164373 2.7955720821518826 -0.22606445948221054 0
1698905232.766459 2.799105152466632 -0.2248202579856036 0
1698905232.8175495 2.8059627479796423 -0.2224206336335144 0
1698905232.8677506 2.8128517274767777 -0.220029574676256 0
1698905232.921315 2.8198329772004507 -0.2176265299270217 0
1698905232.9699526 2.823294677305009 -0.21644431217345586 0
1698905233.0221288 2.83026083787264 -0.21408045983766946 0
1698905233.068855 2.8371238209053447 -0.21177157818473172 0
1698905233.119776 2.8406527074175365 -0.21059170034743796 0
1698905233.1700964 2.844106506485151 -0.20944173480410022 0
1698905233.2221596 2.8475751543130357 -0.20829174104198092 0
1698905233.270398 2.8546286820342255 -0.20596845059439106 0
1698905233.3205323 2.861640788389215 -0.20367975035783087 0
1698905233.3705654 2.865092213380316 -0.20256110363335303 0
1698905233.4205928 2.8685423079321963 -0.20144819830518268 0
1698905233.4707425 2.8721205855889944 -0.20029975088742258 0
1698905233.5210176 2.8790720019980456 -0.19808686191896055 0
1698905233.5709374 2.886109584314343 -0.19587154891436345 0
1698905233.6214783 2.889565294714637 -0.19479592339847912 0
1698905233.6715374 2.896617856756673 -0.19262607359347844 0
1698905233.721861 2.9037167494793206 -0.19047226370288944 0
1698905233.7716389 2.907205212399123 -0.18942553517490812 0
1698905233.821741 2.910692606980054 -0.18838695743526265 0
1698905233.8726702 2.9177574583179577 -0.18630710400814804 0
1698905233.9230988 2.9248672277762626 -0.18424592195799808 0
1698905233.9732692 2.931893350829338 -0.18224022075050195 0
1698905234.0308094 2.9355155963116277 -0.18121813567482115 0
1698905234.0858967 2.939015240732116 -0.18023849055694002 0
1698905234.1442049 2.9495918140982242 -0.17731665175252906 0
1698905234.1973827 2.9530513803049177 -0.17637110044742674 0
1698905234.2457387 2.956601037791552 -0.1754081523564454 0
1698905234.290966 2.9601291646233636 -0.17445341569347322 0
1698905234.3363314 2.963640450758072 -0.1735130254614926 0
1698905234.3797317 2.9672916219310297 -0.17254118027142348 0
1698905234.4257734 2.9779232956177513 -0.16974522773189585 0
1698905234.47544 2.9849524466768087 -0.16792350094777833 0
1698905234.5313487 2.988586025506849 -0.1669898411039032 0
1698905234.5761342 2.988586025506849 -0.1669898411039032 0
1698905234.626158 2.9921145087743555 -0.16608853451446015 0
1698905234.6758173 3.002782793179298 -0.1633955454979431 0
1698905234.7261333 3.0063084547782704 -0.16251615157773383 0
1698905234.7761943 3.0134838438683453 -0.1607425601515404 0
1698905234.8259456 3.0206716160225775 -0.15898765902570547 0
1698905234.8760104 3.024213344761232 -0.15813117420790138 0
1698905234.9262986 3.0277485202913916 -0.1572818463741268 0
1698905234.9765108 3.0349332853179622 -0.1555760226764998 0
1698905235.02742 3.0384744987881724 -0.15474420042657747 0
1698905235.0776913 3.0456463230878974 -0.15308467792909244 0
1698905235.1273654 3.052838398196204 -0.1514539565740741 0
1698905235.1773987 3.0563915977890628 -0.1506589703985684 0
1698905235.227587 3.059948834058885 -0.14987069829096772 0
1698905235.2777033 3.063608841521815 -0.14906761488331818 0
1698905235.3277142 3.0707185964230694 -0.14753100604863137 0
1698905235.3782916 3.0779385105393935 -0.14600139034214732 0
1698905235.428082 3.0815013737576717 -0.14525771644077445 0
1698905235.4783647 3.085173340425503 -0.1444987463253493 0
1698905235.528369 3.0922934872503323 -0.14304585762398964 0
1698905235.5786448 3.0994617534457443 -0.14160459478379223 0
1698905235.6300452 3.1066392632734283 -0.1401808230833499 0
1698905235.6836357 3.110199267802893 -0.13948472537769613 0
1698905235.7370794 3.1174324177218136 -0.1380860117620693 0
1698905235.7972903 3.1245739361693587 -0.13672510981863062 0
1698905235.8458416 3.1282427516116518 -0.13603348219363812 0
1698905235.888432 3.1318053816110796 -0.1353664958881417 0
1698905235.9319994 3.135365011169943 -0.13470467330336536 0
1698905235.982143 3.1426197516152787 -0.13337011063698298 0
1698905236.0323045 3.1498883467655125 -0.1320521035605611 0
1698905236.0826123 3.1534747367022917 -0.131408764481051 0
1698905236.1329296 3.157053874815331 -0.13077123505585514 0
1698905236.1825829 3.1678962378814286 -0.12886707820793347 0
1698905236.2347064 3.171586175919867 -0.12822842821195146 0
1698905236.2849512 3.1751754702420536 -0.127611833767993 0
1698905236.336683 3.1787678269236106 -0.1269992879832247 0
1698905236.385232 3.1896540821617823 -0.1251751337633825 0
1698905236.4368432 3.1933528163245173 -0.12456840745982031 0
1698905236.4860933 3.1969412915968825 -0.12398313435569912 0
1698905236.5360138 3.2005189083001735 -0.12340644953058205 0
1698905236.5859716 3.2042104298979237 -0.12281962407082914 0
1698905236.636225 3.211386952110188 -0.12169958679137967 0
1698905236.6866906 3.218694570690152 -0.12058429418652011 0
1698905236.7368348 3.2222883865124192 -0.1200458796118404 0
1698905236.7874217 3.225989604066957 -0.11949796232883095 0
1698905236.8377562 3.233173154311094 -0.1184533869067586 0
1698905236.8873873 3.240466856249761 -0.11741553306928391 0
1698905236.937306 3.2440508439916456 -0.11691278460705003 0
1698905236.98767 3.2512505112796615 -0.11591338119402872 0
1698905237.06036 3.258529773438453 -0.1149196049884414 0
1698905237.113344 3.265704270649409 -0.11395910947743189 0
1698905237.1690035 3.2694294672322486 -0.11346665201616978 0
1698905237.2154138 3.27302508435723 -0.11299508792212516 0
1698905237.2733202 3.2839268060065248 -0.11158772059412406 0
1698905237.3318338 3.287507745606295 -0.11113246968847779 0
1698905237.380204 3.291215711572471 -0.11066472253602111 0
1698905237.421981 3.294818339727836 -0.1102138157728312 0
1698905237.4527009 3.3021490818458505 -0.1093067270103826 0
1698905237.496297 3.30575779745737 -0.10886523582070086 0
1698905237.5464685 3.309366545481552 -0.10842702422211163 0
1698905237.5963144 3.316674532935489 -0.10754957053025055 0
1698905237.6460567 3.3240171944435937 -0.10668102952580348 0
1698905237.6962721 3.3312659972973493 -0.1058366431893886 0
1698905237.7467403 3.3312659972973493 -0.1058366431893886 0
1698905237.7967882 3.3386160376896274 -0.10499621554536537 0
1698905237.8467906 3.3459468566336645 -0.10417487492292771 0
1698905237.8967254 3.349556468296481 -0.10377664976533209 0
1698905237.9471118 3.3531731734562507 -0.10338329729377324 0
1698905237.997165 3.3605028363066975 -0.10259430362296161 0
1698905238.0476835 3.3678334862914614 -0.10183072790412806 0
1698905238.0981874 3.3714529202861154 -0.10146155451807463 0
1698905238.148308 3.3787939002480405 -0.1007278772265613 0
1698905238.1978695 3.3824055150041117 -0.10037419407939267 0
1698905238.2488685 3.386015049574961 -0.10002529535834419 0
1698905238.2981725 3.3933372775339534 -0.09932818449946261 0
1698905238.3486736 3.400590223106954 -0.09864728675949315 0
1698905238.4040596 3.4041631605795213 -0.0983205411955507 0
1698905238.4643443 3.411482353632838 -0.09764926399205742 0
1698905238.5279753 3.418780920960049 -0.0969943104702483 0
1698905238.5715601 3.4224862649976853 -0.09666571122307144 0
1698905238.6076455 3.4260949552263256 -0.0963481782805162 0
1698905238.6508012 3.4296690846958655 -0.09603590161593875 0
1698905238.7009096 3.433351109029038 -0.09571660890904533 0
1698905238.7509482 3.4405824492969344 -0.09509623222300816 0
1698905238.8010027 3.447979073055073 -0.09447042644083431 0
1698905238.8511903 3.4516009157266825 -0.09416707192875069 0
1698905238.9016798 3.455309470661915 -0.09385851678380709 0
1698905238.951889 3.469895082533821 -0.09266518107654552 0
1698905239.0234466 3.473537272975584 -0.09237213135120494 0
1698905239.068623 3.473537272975584 -0.09237213135120494 0
1698905239.1034434 3.4772913821237776 -0.09207212452790421 0
1698905239.1537683 3.4845214992012723 -0.09150045267089794 0
1698905239.203699 3.491863651643158 -0.09092945251759801 0
1698905239.254031 3.4955019596156305 -0.09065050281314856 0
1698905239.304596 3.4992532908640097 -0.09036551149282175 0
1698905239.354625 3.5102448357144733 -0.08954810709698866 0
1698905239.40501 3.5138659022477996 -0.089279684094909 0
1698905239.4547336 3.521198449977842 -0.08875548203879365 0
1698905239.5050519 3.5248176844037635 -0.0885028483677011 0
1698905239.5570295 3.5358063674718685 -0.08775728420751736 0
1698905239.6522908 3.5431461933071082 -0.08727534692591404 0
1698905239.7261565 3.5503448822486288 -0.08681384855380304 0
1698905239.7866995 3.5540043424443293 -0.08657473555535777 0
1698905239.8468547 3.56120579891373 -0.08611836172174546 0
1698905239.886811 3.5686003217068296 -0.08565524282792608 0
1698905239.9292696 3.5686003217068296 -0.08565524282792608 0
1698905239.9656177 3.572259780119938 -0.0854281345754093 0
1698905240.0090206 3.5759946022137425 -0.08519761547907499 0
1698905240.0520918 3.579576699587009 -0.0849776762810929 0
1698905240.0942318 3.586842641439083 -0.0845349502670586 0
1698905240.126919 3.594033488660511 -0.08410102625997062 0
1698905240.1752057 3.5977892194932726 -0.08387599016592127 0
1698905240.2174845 3.601440003144859 -0.08365826309247806 0
1698905240.2677393 3.6050708584879696 -0.0834426675953649 0
1698905240.3202116 3.612390632676842 -0.08301089641170144 0
1698905240.3749995 3.6233328490332357 -0.0823726090664153 0
1698905240.4460905 3.6269587314000318 -0.08216296825222365 0
1698905240.509526 3.637999607272374 -0.08153041285813353 0
1698905240.58344 3.641748301311986 -0.08131790836868483 0
1698905240.6324186 3.6453875504111863 -0.08111278578414921 0
1698905240.672622 3.649021045521461 -0.08090943709091736 0
1698905240.719154 3.6527648989229413 -0.08070144633972483 0
1698905240.7511027 3.6563968842634544 -0.08050105254479079 0
1698905240.79191 3.6637728528281173 -0.08009864166882302 0
1698905240.8400462 3.6710448754421168 -0.07970491695259405 0
1698905240.8801794 3.6747753232992353 -0.07950714724657863 0
1698905240.9269974 3.678392900223059 -0.07931891095690731 0
1698905240.9777653 3.6820125748157033 -0.07913296883966758 0
1698905241.0405838 3.689373329371737 -0.07876273996589708 0
1698905241.081149 3.696737404813752 -0.07840101957223468 0
1698905241.1319337 3.700352516293108 -0.07822499169349209 0
1698905241.1824098 3.7039495217041445 -0.0780538612072652 0
1698905241.2350678 3.7076171237731073 -0.07787090680360947 0
1698905241.2828326 3.7148187537588395 -0.07752323823249802 0
1698905241.3337305 3.722190329639691 -0.0771684778843336 0
1698905241.3828354 3.725847873284645 -0.07699283328116102 0
1698905241.4330752 3.7295616296486953 -0.07681429598912352 0
1698905241.4829605 3.736767779893871 -0.07646867588032528 0
