1699252810.3213809 0.030407770432374637 0.0025095499090660024 0
1699252810.6054916 0.039401228479223976 0.0032506636002863332 0
1699252810.7657926 0.05339387908430688 0.004387852118075209 0
1699252810.8150263 0.06173513212280636 0.005063801704119806 0
1699252810.8652875 0.07068302541191132 0.00582595996191456 0
1699252810.9157693 0.07903132473668682 0.00653611420800263 0
1699252810.965802 0.10140756568711776 0.008391001430113777 0
1699252811.0162024 0.10855842047229955 0.008964650693591831 0
1699252811.0663145 0.1238946880273066 0.010161016602401523 0
1699252811.1166239 0.1315927247029219 0.010743442093688991 0
1699252811.1665542 0.13915885290864766 0.011301265702705107 0
1699252811.217668 0.15315892618839294 0.012302363296435375 0
1699252811.2674565 0.1671680908761355 0.013255869312182535 0
1699252811.317012 0.17414820229142922 0.01371308637728174 0
1699252811.367227 0.1814604847298676 0.0141802506499245 0
1699252811.417956 0.1954728421313417 0.015037447337021236 0
1699252811.467564 0.20928099318058982 0.015823353371293654 0
1699252811.517974 0.21591696601788551 0.016188583112800085 0
1699252811.568189 0.2226628428326608 0.016544391533714575 0
1699252811.6180098 0.23603752906351003 0.01721376851738124 0
1699252811.6682196 0.2495271708814332 0.017849648150424134 0
1699252811.7187614 0.25613972963258214 0.018146852290035927 0
1699252811.7685046 0.26276156751344776 0.01843508661858659 0
1699252811.8187184 0.2691307329654134 0.018703136456032356 0
1699252811.8701143 0.2819692446892285 0.019216701378867693 0
1699252811.9203851 0.29464253650245265 0.01968887284130645 0
1699252811.9715772 0.3012062629952299 0.01991898315943483 0
1699252812.0212848 0.3137105867802409 0.020329221211997105 0
1699252812.072017 0.3137105867802409 0.020329221211997105 0
1699252812.1215575 0.3323772538187393 0.02087416071586549 0
1699252812.1717176 0.3386594107236625 0.021038689067407617 0
1699252812.2250988 0.3508233093355322 0.02133177082314172 0
1699252812.273745 0.357068792313005 0.021469388144014293 0
1699252812.3256192 0.3690621330104382 0.02171474400759767 0
1699252812.3750525 0.3810130507686581 0.021942424425830637 0
1699252812.4252295 0.38684960220611586 0.022039547880756724 0
1699252812.4756892 0.3928832260159198 0.02213188479741685 0
1699252812.5259078 0.4046850575881441 0.02229172417728381 0
1699252812.575829 0.41649327836700195 0.022423292182790298 0
1699252812.6260922 0.4222722163803754 0.022476923821660607 0
1699252812.6767871 0.4281426473168997 0.022524586063200357 0
1699252812.7268636 0.4338800279695423 0.02256450015901862 0
1699252812.7773724 0.44549640638731103 0.02262550191600993 0
1699252812.8273923 0.4569387015938404 0.022657847562413853 0
1699252812.877423 0.46279392827541016 0.022663780362117244 0
1699252812.927518 0.46847625596102604 0.022662873086257005 0
1699252812.9790537 0.47988607989553234 0.022640663265469773 0
1699252813.027914 0.49102923294748474 0.02259304922807044 0
1699252813.0783515 0.49678186623448894 0.02255882771736746 0
1699252813.1283295 0.5023623693920359 0.022519369130664567 0
1699252813.178293 0.5191140816100056 0.022369383468504957 0
1699252813.2284577 0.5245679581296666 0.022309556416630152 0
1699252813.2785585 0.5302048616191659 0.02224617257974276 0
1699252813.3290348 0.5356830527398152 0.022185384553239443 0
1699252813.3789427 0.5467535699580794 0.022036167910967668 0
1699252813.4296877 0.5575782319879634 0.021871374039270752 0
1699252813.4794126 0.5631473455300885 0.021779065637142877 0
1699252813.5295563 0.5685281243067598 0.021685181932994502 0
1699252813.579736 0.5848168264365766 0.021374040466345657 0
1699252813.629862 0.5901896908022358 0.021262728079857122 0
1699252813.6801803 0.5957008626600198 0.02114316887451925 0
1699252813.730443 0.6063713471258392 0.020897466663845975 0
1699252813.780807 0.6171885660776973 0.020628659744622965 0
1699252813.8308322 0.6225136636870384 0.020489380865141633 0
1699252813.8810852 0.6332737622897602 0.020193846365460493 0
1699252813.93092 0.6385699455815907 0.020041590121390427 0
1699252813.9815507 0.6440225505565081 0.01988019528899235 0
1699252814.0317297 0.6545827906650086 0.019554734477922706 0
1699252814.081711 0.6652374634983903 0.019210593002297556 0
1699252814.1319408 0.6704746989984703 0.019039280521380906 0
1699252814.181786 0.675835206392328 0.018858615203234532 0
1699252814.232088 0.6862311137412561 0.01849917913217122 0
1699252814.2824051 0.6967077796317301 0.018118754113583487 0
1699252814.3324444 0.7019087249936641 0.017926297547548226 0
1699252814.3824842 0.7072549992744591 0.017724634904980874 0
1699252814.4324806 0.7123921412826414 0.017527823026908963 0
1699252814.482627 0.7228262725843524 0.017118941774059565 0
1699252814.5327582 0.7331127185517009 0.01670516020431188 0
1699252814.583321 0.7384358000089858 0.016487074653048626 0
1699252814.6337576 0.7487592072739 0.016056922939129453 0
1699252814.6839247 0.7591772309910706 0.015613562735589618 0
1699252814.7337003 0.7643075271439221 0.015391781476373734 0
1699252814.783799 0.7695817109235968 0.015160923636249057 0
1699252814.8348916 0.7798546614496205 0.014704499111471077 0
1699252814.8846798 0.7851487941599616 0.014465744635366245 0
1699252814.934788 0.7954104650697348 0.013996125891111355 0
1699252814.9851537 0.805769981180892 0.013513344829437599 0
1699252815.035419 0.8108658199505357 0.013273124721135605 0
1699252815.0853198 0.8161172218722387 0.013024276638085223 0
1699252815.1353602 0.8263233773224985 0.012542131555495625 0
1699252815.1867402 0.8365956134216801 0.012051658818141004 0
1699252815.2362323 0.8416349377022428 0.01181076403806385 0
1699252815.286091 0.8467835576920224 0.011564239926387363 0
1699252815.3367047 0.8568702005661523 0.011067544756608755 0
1699252815.3867218 0.8672020113495295 0.010558221009396311 0
1699252815.4375966 0.8723178137338077 0.010304096152825086 0
1699252815.4874318 0.8775219874624681 0.01004504113587337 0
1699252815.5377712 0.887518287567484 0.009545489566666262 0
1699252815.5885656 0.8976903676781905 0.009034316434367745 0
1699252815.6378388 0.902729500356185 0.008780133140799604 0
1699252815.688143 0.9079631553267282 0.008515589227582108 0
1699252815.7380106 0.9130094408835305 0.008260042310135796 0
1699252815.7879808 0.9232480731111965 0.007740386634423454 0
1699252815.838161 0.9332574090936868 0.007230675777924952 0
1699252815.8882878 0.9384408210546877 0.006966165826463428 0
1699252815.9385145 0.9485639185503771 0.006448595266829882 0
1699252815.988912 0.9485639185503771 0.006448595266829882 0
1699252816.0390885 0.9638576308998145 0.005664268757543481 0
1699252816.0892093 0.9690113075706739 0.005400336925955168 0
1699252816.1393178 0.979002080337566 0.004893495243018033 0
1699252816.1894724 0.9841649584239154 0.004634036123465943 0
1699252816.2397084 0.9941770047330467 0.004133551869330721 0
1699252816.2895744 1.0042338760548515 0.0036330328574099677 0
1699252816.341113 1.009212987171158 0.0033855133909013587 0
1699252816.391477 1.014340711302902 0.003130786827569263 0
1699252816.4425015 1.0244007253100018 0.002634326551538078 0
1699252816.4915543 1.0345533467283996 0.002135820928632609 0
1699252816.5415852 1.0395542320834952 0.0018913001681421936 0
1699252816.5920863 1.0446655338759594 0.0016421523796829474 0
1699252816.641988 1.0546333735931313 0.0011586061902844034 0
1699252816.6935897 1.0647535217438449 0.0006708988386948105 0
1699252816.742949 1.0697708291392352 0.00043032691162076355 0
1699252816.7928634 1.0749248398931217 0.00018411472220742535 0
1699252816.8433106 1.0799239622190133 -5.3752927793595054e-05 0
1699252816.8940544 1.0900526185764736 -0.0005328525622069785 0
1699252816.943839 1.1000295174942492 -0.0010008502427763556 0
1699252816.9955046 1.1051912799302237 -0.0012413800354427141 0
1699252817.0442162 1.1101932989945218 -0.0014733259122321762 0
1699252817.0943446 1.1203464437818054 -0.0019399314325544664 0
1699252817.144824 1.1303152710873978 -0.002390838122262185 0
1699252817.194614 1.135449889210523 -0.0026160157516429616 0
1699252817.2445586 1.140421372218905 -0.002833700111440945 0
1699252817.2947206 1.1554002173893032 -0.0034762891982773373 0
1699252817.344857 1.1603090700498422 -0.0036914019874032776 0
1699252817.3950617 1.165431771676303 -0.003906795366818658 0
1699252817.4453578 1.1754419061864474 -0.0043276521195648055 0
1699252817.4955668 1.1855036021208276 -0.0047433617628668484 0
1699252817.545602 1.190438954184719 -0.004944739665743861 0
1699252817.5957994 1.1955197865388965 -0.005150389637326913 0
1699252817.645826 1.205499052534825 -0.005549401804145016 0
1699252817.6959748 1.2156057030604825 -0.005946728171869322 0
1699252817.7462187 1.2256648377244421 -0.006335278395921011 0
1699252817.7964292 1.2256648377244421 -0.006335278395921011 0
1699252817.846884 1.2356064417872312 -0.00671259530087927 0
1699252817.8968 1.2457389315621128 -0.007090252816382701 0
1699252817.9469287 1.2507324829345148 -0.007273757417395999 0
1699252817.9968686 1.2608230874644542 -0.007639060306043496 0
1699252818.0468316 1.2657938468866639 -0.007816150304008649 0
1699252818.0974932 1.2709312396243324 -0.007997058821018936 0
1699252818.1484454 1.2809065931162946 -0.008341573797559615 0
1699252818.198905 1.2910099263246504 -0.008675928941995792 0
1699252818.2488914 1.2959663115544233 -0.008836457000462275 0
1699252818.2991164 1.301041534167423 -0.008997923890931772 0
1699252818.3490465 1.305965379601832 -0.009151592590785388 0
1699252818.399949 1.3159174799392068 -0.009462544962963585 0
1699252818.4496043 1.3258445848963003 -0.009760318348063235 0
1699252818.499549 1.3358578708851547 -0.010053430699498506 0
1699252818.5498543 1.3358578708851547 -0.010053430699498506 0
1699252818.5999405 1.3508905909712945 -0.010477119711501387 0
1699252818.6502504 1.3609740269916661 -0.01075034338703288 0
1699252818.7002714 1.3659434415903025 -0.01088189670430506 0
1699252818.7507684 1.3709017100010619 -0.01101112010125394 0
1699252818.8010616 1.3760079699208403 -0.011142094830440128 0
1699252818.8518338 1.3859206902543522 -0.011390283219427944 0
1699252818.9016323 1.3960111185271435 -0.011634732741215506 0
1699252818.9524305 1.4009857323716002 -0.011752192608410388 0
1699252819.002207 1.406112374280544 -0.011871128780249218 0
1699252819.0524616 1.4362354580256544 -0.012523825550870898 1
1699252819.2304037 1.4461686800547215 -0.012716497340371663 1
1699252819.280237 1.451117454828737 -0.012813960599664997 1
1699252819.3308358 1.4562446664726267 -0.012889410934288258 0
1699252819.3808787 1.4615353522160526 -0.012913808265762206 0
1699252819.4309347 1.4700669354557243 -0.012791073455071059 0
1699252819.4812534 1.476349946339866 -0.012609665532915178 0
1699252819.5317426 1.4845569019692506 -0.012383612805741876 0
1699252819.581413 1.4892230016296104 -0.012250726183766224 0
1699252819.634498 1.4941019109493185 -0.012108901092965597 0
1699252819.6832433 1.4978285937326807 -0.011997233928932583 0
1699252819.732797 1.505569240885612 -0.011770369642122087 0
1699252819.782583 1.512916889102224 -0.011532343336408402 0
1699252819.832719 1.5173804769151547 -0.011389418727377166 0
1699252819.8826272 1.5221274105458291 -0.011237024745463049 0
1699252819.9326541 1.527034666745342 -0.01107648751718939 0
1699252819.9827232 1.5357917895448379 -0.010784029620084514 0
1699252820.0328722 1.543844417822344 -0.010508672841856666 0
1699252820.083137 1.5532705414692185 -0.010178049732722108 0
1699252820.1333299 1.5579863419964304 -0.010011562695302135 0
1699252820.1835341 1.5667871343190003 -0.009697266156836352 0
1699252820.2339087 1.575181744341517 -0.009393735857473507 0
1699252820.2837183 1.5795479837748234 -0.009234463542184147 0
1699252820.3338785 1.5840864877742693 -0.009065719565222709 0
1699252820.3837802 1.5887523296673784 -0.008893014990496849 0
1699252820.4339519 1.5982753993430088 -0.008537484275091815 0
1699252820.4843376 1.6074480034923804 -0.008200720867128801 0
1699252820.534864 1.6118759735047046 -0.00803038425362227 0
1699252820.5857856 1.6162476081141048 -0.00786594460611292 0
1699252820.634962 1.6207492584917964 -0.007686489905254875 0
1699252820.6847072 1.6299218114961695 -0.007328161873600791 0
1699252820.7353861 1.6394408926181343 -0.006950326508938123 0
1699252820.7858565 1.6486119590887316 -0.006581773835242979 0
1699252820.8362668 1.6577593042523293 -0.00621135624201364 0
1699252820.8861396 1.6625786409684458 -0.006015699872041878 0
1699252820.9365292 1.6672804326113466 -0.005824067887993483 0
1699252820.986804 1.6766302897773515 -0.00544208469736594 0
1699252821.0364273 1.6812284565325173 -0.005253884981002784 0
1699252821.0866268 1.6907637083735476 -0.00486297779200148 0
1699252821.1366842 1.7002337337446096 -0.004474545204791753 0
1699252821.1871524 1.705130816434222 -0.004273749721319668 0
1699252821.2371943 1.7098285766011676 -0.004081426963573203 0
1699252821.2877595 1.7145010586853968 -0.003890299472352649 0
1699252821.3373728 1.7239999870567697 -0.003502605932574892 0
1699252821.3873897 1.7336395736133638 -0.003110898943041024 0
1699252821.4376402 1.7384228798611892 -0.0029171360835946493 0
1699252821.4875546 1.7431671068454826 -0.002726008916699458 0
1699252821.5376816 1.7480496289397962 -0.0025290636952670117 0
1699252821.5883806 1.7575161848110443 -0.0021481549823577726 0
1699252821.638194 1.7670395664890166 -0.0017608518406644696 0
1699252821.688555 1.7767478312923537 -0.0013468045673581156 0
1699252821.7383306 1.781473569883979 -0.0011510594817426979 0
1699252821.7890503 1.7910764716917862 -0.0007499565244852565 0
1699252821.839182 1.800629295077449 -0.00035358384348748486 0
1699252821.8893952 1.80557567544038 -0.00014949975825136012 0
1699252821.939851 1.8103895593362074 4.8300362822709846e-05 0
1699252821.9900982 1.815167878909973 0.00024379680474024277 0
1699252822.040274 1.8248770765884053 0.0006382675224857205 0
1699252822.0904732 1.8345991043152592 0.0010293841123918351 0
1699252822.1405163 1.8394281420122716 0.001222173933849656 0
1699252822.1905491 1.844263723586773 0.0014141896658419612 0
1699252822.2406168 1.849248714545402 0.0016110353322054943 0
1699252822.2907276 1.8589253086202733 0.0019891096970047215 0
1699252822.3408096 1.868734656706384 0.002366944531784333 0
1699252822.391028 1.8785899189874489 0.0027406129209912775 0
1699252822.4411414 1.8834500204969746 0.0029225260705216536 0
1699252822.4912555 1.8933077409360402 0.0032864948485495193 0
1699252822.5415025 1.9030282414923239 0.003639318603401946 0
1699252822.5913968 1.9080322000275094 0.0038188136558257616 0
1699252822.641639 1.9128869368896084 0.003991766590165159 0
1699252822.6925898 1.922667627529105 0.004342290793878607 0
1699252822.7422955 1.9323735029934601 0.004700669597393805 0
1699252822.7930305 1.9373493860085664 0.004879692935663393 0
1699252822.8430424 1.9421879193676734 0.005054275080066098 0
1699252822.893463 1.9470429556833329 0.005227449140781436 0
1699252822.9431455 1.9569210933266834 0.0055748015343107474 0
1699252822.992993 1.9668298865840974 0.005916553722104188 0
1699252823.0434158 1.971706162224225 0.0060821881350942445 0
1699252823.0933878 1.9765726065635438 0.00624580220427344 0
1699252823.1435893 1.9815884550807439 0.006412668588595096 0
1699252823.1943467 1.991352617685654 0.006732273146116704 0
1699252823.2444327 2.0012972098408706 0.007050667647233264 0
1699252823.2940934 2.0112270479265426 0.00736039784418838 0
1699252823.3443236 2.016118514116246 0.007509920653773981 0
1699252823.3948994 2.0260830546708966 0.007808171874788974 0
1699252823.444625 2.035917676879047 0.008093707621169179 0
1699252823.494865 2.0409905947398728 0.00823745164989255 0
1699252823.5447311 2.045905859735055 0.008374345346650653 0
1699252823.5951593 2.0508155466139373 0.008508901974635982 0
1699252823.645369 2.0607791453105335 0.008775947002750124 0
1699252823.6957395 2.0707226848280893 0.009033198306070652 0
1699252823.745815 2.075570643780552 0.009164435321057138 0
1699252823.796254 2.08047960765269 0.009296150569462968 0
1699252823.8459656 2.0904338869408314 0.00956023582409119 0
1699252823.896279 2.1004036129586923 0.00981910123433224 0
1699252823.9460802 2.105292199523867 0.009944005931157053 0
1699252823.99605 2.1101807077569363 0.010067209298569035 0
1699252824.0461102 2.1152205500365144 0.010192214931802033 0
1699252824.0963783 2.13010954011279 0.010548820471474232 0
1699252824.1465766 2.135036205953366 0.010662454338515846 0
1699252824.1967945 2.1399470692378983 0.010773453982480589 0
1699252824.2472148 2.1499204803512915 0.0109919555203059 0
1699252824.297338 2.1599333490210717 0.011201687246727694 0
1699252824.3473308 2.1698110999455578 0.01139873111071421 0
1699252824.3976448 2.1749051098445826 0.011496423779286124 0
1699252824.4477763 2.1997218547002944 0.011933472882143135 1
1699252824.6080277 2.2048101776878464 0.01201513203551524 1
1699252824.6578307 2.22257082396497 0.012233662590966825 1
1699252824.7982092 2.2257769672347636 0.012263788241234341 1
1699252824.8296292 2.2257769672347636 0.012263788241234341 1
1699252824.8656845 2.23717152408309 0.012400620102436229 1
1699252825.0193746 2.239179043564108 0.012425548112483815 1
1699252825.0683517 2.2411260545175216 0.01245126928224015 1
1699252825.1185634 2.250799983155406 0.01261411927786257 0
1699252825.3313644 2.2593244391903444 0.012756170820310825 0
1699252825.542543 2.262372439366523 0.0128097575026142 0
1699252825.5913837 2.2793619822248616 0.013028442364221874 1
1699252825.7886136 2.2865409321399603 0.013122686498933356 0
1699252825.8376162 2.29301248459323 0.013209920966938692 1
1699252825.887618 2.3079367685849728 0.013419057208764141 1
1699252826.088968 2.3104185221293587 0.013454202159086453 1
1699252826.1384292 2.3129768627345912 0.013490530465883832 1
1699252826.1885471 2.3309819745784885 0.013768447963450735 1
1699252826.387541 2.3309819745784885 0.013768447963450735 1
1699252826.4370816 2.3356339354412112 0.01384697745228309 1
1699252826.4882052 2.354301513236632 0.014184244763129827 1
1699252826.67605 2.3573763213465617 0.014242899784544022 0
1699252826.7264824 2.3605845950504727 0.014305041417446668 1
1699252826.7765613 2.3820022420898246 0.014754324533501664 1
1699252826.982028 2.3850041904528765 0.014825007182449173 1
1699252827.0309367 2.3912360891806084 0.014970355304764442 1
1699252827.080926 2.4078825538852047 0.0153441037083254 1
1699252827.274193 2.4145897426976917 0.015499894810014398 1
1699252827.3236754 2.4214674728837164 0.01566304980843851 1
1699252827.3735504 2.4248867599733 0.0157453230719203 1
1699252827.4237447 2.4457198835754292 0.01626487308016446 1
1699252827.6266005 2.4492690992293396 0.016356402644955106 1
1699252827.6759274 2.4527158903808317 0.01644608935778293 1
1699252827.7268608 2.4561689048702036 0.01653681140216028 1
1699252827.7767897 2.4841709209446936 0.017304535917822793 1
1699252827.9910579 2.4911342431234043 0.017504170449712923 1
1699252828.0415175 2.4945202049394766 0.017602599992958632 1
1699252828.0913901 2.49754997065773 0.017689796726129497 1
1699252828.1419065 2.5148835500284354 0.018222468403460788 1
1699252828.3532345 2.517817319904822 0.018316343793791934 1
1699252828.40367 2.5234795656259617 0.018501508936054945 1
1699252828.4539785 2.5417248990870065 0.01916577945244147 1
1699252828.6689975 2.546799818046401 0.01936469088417981 1
1699252828.7191901 2.5493858457114986 0.019474045167044245 1
1699252828.7725313 2.5517992803581326 0.019581183633215045 1
1699252828.820093 2.5682781901890532 0.020326107296272516 1
1699252829.0396848 2.5824055431985617 0.021034021247948512 1
1699252829.249674 2.5848120641949013 0.021160672288040368 1
1699252829.2991571 2.6008944514215298 0.022052654391495 1
1699252829.500169 2.6008944514215298 0.022052654391495 1
1699252829.5496664 2.6077434023131794 0.022456338003168527 1
1699252829.5997274 2.6229401147751172 0.023404016073109442 1
1699252829.8111315 2.6229401147751172 0.023404016073109442 1
1699252829.8608656 2.6308130619209966 0.0239227719091675 1
1699252829.9700165 2.634309593002914 0.02415989485757048 1
1699252830.0090415 2.6424393045540326 0.024729694528153157 1
1699252830.213843 2.653535387199253 0.02555161848647241 1
1699252830.4219112 2.655150009737131 0.025675301608046656 1
1699252830.472011 2.664441830601377 0.026412135564745955 1
1699252830.6851873 2.665736429930109 0.026518358817151658 1
1699252830.7348516 2.6670542999846356 0.0266274220042561 1
1699252830.7867916 2.6754606760970847 0.027346679491891547 1
1699252830.9931831 2.6754606760970847 0.027346679491891547 1
1699252831.04238 2.677845656706874 0.02755853375178684 1
1699252831.094357 2.6800026488166147 0.027753184389698055 1
1699252831.1427655 2.6873820652926175 0.028444414595400314 1
1699252831.3509102 2.6935441771897266 0.02905346052368628 1
1699252831.5647824 2.6945468408350877 0.02915386369272143 1
1699252831.61438 2.6998727848392816 0.029718827548211778 1
1699252831.8111115 2.700737520480081 0.02981263959670354 1
1699252831.8615673 2.7016359182888374 0.02991185939307552 1
1699252831.9111564 2.706063259442943 0.030402324110188606 1
1699252832.1226702 2.7072959617599133 0.030541242611399805 1
1699252832.1719916 2.707879537229806 0.03060800452879703 1
1699252832.2219977 2.7105763325456933 0.03092174277834231 1
1699252832.4303453 2.711464224043999 0.03102650327582553 1
1699252832.4794726 2.711884300717199 0.03107671266908421 1
1699252832.530969 2.7122316474699217 0.03111894221627694 1
1699252832.5808635 2.714458474765552 0.031391417683068905 1
1699252832.7853186 2.716257073608773 0.0316164566956487 1
1699252832.9837625 2.716842406481268 0.031690787400757606 1
1699252833.0328183 2.7179817542866376 0.03183984755594902 1
1699252833.241299 2.718164266191046 0.03186400800740593 1
1699252833.2903588 2.7183302645083676 0.0318861908350271 1
1699252833.3400767 2.7185674794890202 0.03191871503550919 1
1699252833.390751 2.719164558100837 0.03200234910586277 1
1699252833.5924394 2.7192617965328996 0.03201606522963204 1
1699252833.6413136 2.719433916501049 0.03204081769557139 1
1699252833.691394 2.719351908301913 0.03203327265327728 1
1699252833.7412949 2.7188799913478707 0.03198185112241062 1
1699252833.950131 2.7182030255822527 0.031904601959096626 1
1699252834.1700919 2.7181051000086467 0.03189330505160838 1
1699252834.2199175 2.7164025175598026 0.031679461922867296 1
1699252834.4400249 2.716141022307905 0.03164642660043066 1
1699252834.4896312 2.7158772905784914 0.03161302507036138 1
1699252834.5393744 2.7152512898410004 0.0315329660262029 1
1699252834.5893924 2.7136040185490424 0.03132110234450848 1
1699252834.7943714 2.712933846597356 0.03123463146693336 1
1699252834.843936 2.7122540991069526 0.031146903483287393 1
1699252834.8935797 2.711874653188471 0.031097765131138086 1
1699252834.944067 2.709475758504303 0.030786395172686085 1
1699252835.1372738 2.7070410912893856 0.030471137609713386 1
1699252835.3370123 2.7066379868454975 0.030419044088535293 1
1699252835.3859484 2.703366185869483 0.02999678625074179 1
1699252835.6002505 2.702890366836091 0.029935587576592506 1
1699252835.6498537 2.701911325637424 0.02981007163169778 1
1699252835.7004476 2.6993815011977973 0.029484142345588025 1
1699252835.8915207 2.698378000259692 0.029353739407644214 1
1699252835.9414198 2.6974170149755157 0.02922912598902919 1
1699252835.992411 2.696943914103295 0.02917153722145623 1
1699252836.0420115 2.6942384643215886 0.028857583729474195 1
1699252836.2392566 2.6937198875170947 0.028790062669920867 1
1699252836.288345 2.6931401134351503 0.028719701605809073 1
1699252836.3391764 2.691400956454705 0.02850189075531082 1
1699252836.390044 2.687774416775691 0.02805186906599629 1
1699252836.594261 2.6871764698276333 0.027978666310371905 1
1699252836.6440904 2.686570173849717 0.02790464126089167 1
1699252836.694131 2.685302508430656 0.027750943668248956 1
1699252836.7443354 2.6812968843442913 0.027273013766277318 1
1699252836.9415534 2.6799545088674184 0.027115602190094068 1
1699252836.99034 2.679286260945621 0.027037721747057923 1
1699252837.0406182 2.677858637150539 0.026872436687236708 1
1699252837.092222 2.6735385530722096 0.026381672407683007 1
1699252837.3050966 2.6684398093282877 0.025818171708961227 1
1699252837.5443316 2.6669645608425476 0.025658314179752208 1
1699252837.5995843 2.6604432421247974 0.024967304886598297 1
1699252837.8455245 2.658764600145177 0.024793701240923945 1
1699252837.9199398 2.6579346133639787 0.024708496869162044 1
1699252837.9854178 2.651879006978479 0.02409908471427761 1
1699252838.2098534 2.6510210542819626 0.02401448674049326 1
1699252838.2600436 2.649274158710538 0.02384353072609427 1
1699252838.3094726 2.6475469849479087 0.023676239434161375 1
1699252838.3598454 2.6422961004466066 0.02317839040326098 1
1699252838.5599852 2.641401380377403 0.023095149761806367 1
1699252838.6091897 2.6405316887475103 0.023014683955541675 1
1699252838.6600976 2.634318919960753 0.022452151277055462 1
1699252838.8638709 2.634318919960753 0.022452151277055462 1
1699252838.91369 2.6325237938499972 0.02229358016001619 1
1699252838.965154 2.625248311591139 0.021668469246673615 1
1699252839.206147 2.624346018052178 0.021592798087817548 1
1699252839.2554777 2.62250876302935 0.021439952895558542 1
1699252839.305772 2.6215955558711412 0.021364615668580358 1
1699252839.3577683 2.6151096542696117 0.020840814127954858 1
1699252839.601262 2.606708395482271 0.02018976853353972 1
1699252839.8776205 2.605752900552201 0.020117508885430856 1
1699252839.927376 2.599114271668385 0.019625811398401388 1
1699252840.15341 2.5981696345947998 0.01955723195387443 1
1699252840.201146 2.5971957255707387 0.0194868828446449 1
1699252840.2513454 2.5904565882180943 0.019009969966447368 1
1699252840.4560032 2.5885101908813777 0.018875332291126194 1
1699252840.5052252 2.5875493763584805 0.01880940014151981 1
1699252840.5554643 2.58167585734351 0.01841375618744022 1
1699252840.7669718 2.5797019226420983 0.0182835056988872 1
1699252840.8162534 2.5787275796476923 0.018219728170054537 1
1699252840.8667681 2.5727746355532375 0.017836196161331468 1
1699252841.0729449 2.571790222224986 0.017773937153604324 1
1699252841.1222086 2.569789352312976 0.017648485180158102 1
1699252841.1726294 2.5627850587055785 0.017221056513607447 1
1699252841.3760614 2.5617623340523195 0.01716019054948612 1
1699252841.4256263 2.560769069403522 0.017101507845288032 1
1699252841.4762616 2.553731756703989 0.0166960323718908 1
1699252841.6951654 2.552706363678179 0.016638230417554797 1
1699252841.7445168 2.551711532041636 0.016582437795675652 1
1699252841.7950816 2.550715789706796 0.016526926306889053 1
1699252841.8455281 2.543631025914015 0.016144044116029172 1
1699252842.0623417 2.537746746469937 0.0158318475691833 1
1699252842.2573237 2.5358722323904574 0.015737319387585012 1
1699252842.3077552 2.528826019668243 0.015386438101249542 1
1699252842.5182586 2.527816934192616 0.015337167902321688 1
1699252842.5683613 2.526806627022598 0.015288142623241394 1
1699252842.6182506 2.5195669405024956 0.01494392870037297 1
1699252842.833054 2.517522625282191 0.014849176894352932 1
1699252842.8836172 2.5164671678945827 0.014800695617913105 1
1699252842.9333882 2.5154339053897528 0.014753521393263485 1
1699252842.9842565 2.5081009217295382 0.014425139470137342 1
1699252843.1999362 2.501777264263317 0.014149503243998492 1
1699252843.39433 2.500699541348989 0.014103193543506864 1
1699252843.4440212 2.493193527483324 0.013785258126396442 1
1699252843.659845 2.492126761341947 0.013740522762125184 1
1699252843.7087483 2.4910270340374976 0.013694514440865587 1
1699252843.75882 2.489958221598908 0.013649925212693651 1
1699252843.8089657 2.4823582786563216 0.013334844242279093 1
1699252844.018295 2.4801664894823805 0.013244156611257158 1
1699252844.0678906 2.477966971856891 0.013153235479387715 1
1699252844.1183143 2.472493335415461 0.012926270001987514 1
1699252844.319481 2.4702796836586502 0.012834032363698816 1
1699252844.3694327 2.469188377600436 0.01278847483750585 1
1699252844.4197824 2.4614310023289114 0.012461660349292098 1
1699252844.6204646 2.4603348452471514 0.012414906913815176 1
1699252844.6700215 2.45923795186318 0.012367996639613622 1
1699252844.7200663 2.4525716250697465 0.012079342305694737 1
1699252844.9279912 2.451436346948088 0.012029414591130475 1
1699252844.978064 2.449230904552693 0.011931793797607018 1
1699252845.0279524 2.446988549799845 0.011831814974550046 1
1699252845.0781457 2.439171874791318 0.01147431377569197 1
1699252845.2949798 2.43802887353687 0.011420781510004129 1
1699252845.3441422 2.4369181706014205 0.011368473899765292 1
1699252845.3941863 2.430151180578578 0.01104041690302993 1
1699252845.6075077 2.4278787766265855 0.010926834515219037 1
1699252845.6578517 2.425637055984509 0.010813135513036027 1
1699252845.7068815 2.424478898480636 0.010753830932934322 1
1699252845.757113 2.416513272831101 0.010332055832736473 1
1699252845.9741135 2.4153824179278307 0.010270180065752683 1
1699252846.0234413 2.414216391200722 0.010205862705037434 1
1699252846.0734007 2.406193191125074 0.009747244594121076 1
1699252846.2996776 2.4038818031658598 0.009609168794604654 1
1699252846.3494174 2.401601835149153 0.009470342647404519 1
1699252846.399511 2.4004261351304024 0.009397627234107359 1
1699252846.449639 2.393517637980948 0.008953908706226456 1
1699252846.6486583 2.386687570539613 0.008498861939449879 1
1699252846.851158 2.3855846659205553 0.00841961915087635 1
1699252846.900266 2.3789934368874768 0.007962903886871712 1
1699252847.0927796 2.377869114170022 0.007880878442953591 1
1699252847.1421816 2.375572703373499 0.007715588880893184 1
1699252847.1925893 2.3732383417859624 0.007544782808350562 1
1699252847.2423034 2.366261743753256 0.007018601574227595 1
1699252847.440481 2.365110992904941 0.00692885427666665 1
1699252847.4916568 2.3639571815095484 0.006838120217062258 1
1699252847.5413034 2.3556621120901693 0.006164392457693993 1
1699252847.750068 2.354489901976801 0.006066145207594987 1
1699252847.8000846 2.3520912775703517 0.005862780519881669 1
1699252847.850147 2.3497112338405435 0.005657851545904315 1
1699252847.9002135 2.3424634462643863 0.0050142780710358105 1
1699252848.1087008 2.3412285212259256 0.004901731841294495 1
1699252848.1579576 2.3400264989923256 0.0047913740324733315 1
1699252848.2082562 2.3388236424603215 0.0046801459871548415 1
1699252848.2586236 2.3301675931416126 0.0038558425040434285 1
1699252848.4659429 2.3227307075623522 0.0031139992481152476 1
1699252848.6620378 2.3215009924907597 0.002988397027282352 1
1699252848.7111895 2.312795292007239 0.0020771792256484107 1
1699252848.9207547 2.310287121613049 0.001808954054894502 1
1699252848.9699898 2.3090515581399367 0.0016759441340101575 1
1699252849.0201657 2.307783605632857 0.0015386431064411342 1
1699252849.0702431 2.2991003014058635 0.0005871759893233528 1
1699252849.2762775 2.2978684589215526 0.0004508067336532227 1
1699252849.32546 2.2965998547858892 0.0003099389621182739 1
1699252849.3756793 2.2953729706465817 0.0001731195226011014 1
1699252849.4257703 2.2867100150760824 -0.000798596224258094 1
1699252849.6299891 2.2867100150760824 -0.000798596224258094 1
1699252849.6796603 2.284214370116569 -0.001079876774213531 1
1699252849.7297988 2.274276161765383 -0.0022057965492453782 1
1699252849.952447 2.2730451382502244 -0.0023452758096056585 1
1699252850.0018237 2.271814159203577 -0.0024848123146633434 1
1699252850.05202 2.263095022011994 -0.003472765068402433 1
1699252850.2561495 2.261862212153604 -0.0036118085239811885 1
1699252850.3062193 2.259362140231839 -0.0038936493006548356 1
1699252850.3581471 2.2506640333946297 -0.004867990249219622 1
1699252850.5704806 2.2506640333946297 -0.004867990249219622 1
1699252850.619907 2.2481630837849695 -0.005145007182692917 1
1699252850.6698432 2.239519556818866 -0.006089318789425374 1
1699252850.8916285 2.238301731465285 -0.006220263146176644 1
1699252850.9407873 2.2370490858960657 -0.006354408315177439 1
1699252850.990737 2.2299575449246594 -0.007103262290210011 1
1699252851.1919956 2.227579845395175 -0.007342092344476866 1
1699252851.2414198 2.225132942992713 -0.007591361370240146 1
1699252851.291387 2.2239026763696312 -0.007712304158796379 1
1699252851.3418615 2.2164533632801886 -0.008440712413511778 1
1699252851.550922 2.209025036445911 -0.00914308562828124 1
1699252851.7430272 2.207760721471481 -0.009260201850457136 1
1699252851.792475 2.1990307621367142 -0.010049736034453126 1
1699252851.9918945 2.1990307621367142 -0.010049736034453126 1
1699252852.041177 2.195264922551492 -0.010379717341036496 1
1699252852.0913892 2.1877025460902084 -0.011022662525314659 1
1699252852.3038855 2.1851624455465566 -0.011232618778789415 1
1699252852.3527913 2.183909824780721 -0.011335056160574161 1
1699252852.40334 2.1762960658594666 -0.01194198155981845 1
1699252852.6019948 2.1750369723767395 -0.012039699992964066 1
1699252852.65184 2.1737391152988024 -0.012139662526979154 1
1699252852.7032154 2.164825718257113 -0.012804397569550858 1
1699252852.9104805 2.163560305735831 -0.01289564439411671 1
1699252852.9600673 2.1609888088514424 -0.013078688087192527 1
1699252853.0110853 2.15202793196565 -0.013691855267330376 1
1699252853.2320337 2.150717216650655 -0.013778327327232966 1
1699252853.2831464 2.148173254812159 -0.013943778757321421 1
1699252853.333081 2.1468628449171114 -0.014027838423721703 1
1699252853.3833385 2.1391479623412195 -0.014508307718711057 1
1699252853.5876446 2.1301304218372104 -0.015041773411485514 1
1699252853.7927823 2.1301304218372104 -0.015041773411485514 1
1699252853.8429058 2.121195195028749 -0.015538946369138915 1
1699252854.04026 2.1198928691405285 -0.015609330095097889 1
1699252854.0901499 2.117396113718595 -0.01574235148034412 1
1699252854.140418 2.1111529838342697 -0.01606791849361335 1
1699252854.329762 2.1086447232052414 -0.016197047594818433 1
1699252854.379071 2.1062179721414696 -0.016320132465353892 1
1699252854.429346 2.1001916605074187 -0.016622319420928316 1
1699252854.626665 2.0977767997256365 -0.016743417946855323 1
1699252854.6766238 2.0965941750660706 -0.016802571021580275 1
1699252854.7267313 2.089629529763004 -0.017155824732608495 1
1699252854.9230347 2.0884836914787837 -0.01721548827906816 1
1699252854.9719849 2.0861622682675756 -0.01733795727495609 1
1699252855.0222766 2.0838696753608588 -0.0174621276952204 1
1699252855.0723646 2.0771451142992245 -0.017823357377554534 1
1699252855.2711136 2.0707897468524044 -0.018186625950616424 1
1699252855.4808743 2.0696975576550183 -0.018247200704022495 1
1699252855.5299323 2.0620010076875275 -0.01871125551918276 1
1699252855.7455158 2.060882501420887 -0.018781564484057427 1
1699252855.7954302 2.0586942810785662 -0.01892265208645353 1
1699252855.8531463 2.0564566611624615 -0.019071176893411777 1
1699252855.896271 2.0508549270917023 -0.019461337903583446 1
