1699256790.5386326 -0.09955147917696149 0.010034312232320612 0
1699256790.8451378 -0.09617161829458576 0.009792265967714472 0
1699256790.9966831 -0.08613083677039747 0.009102902760694823 0
1699256791.046708 -0.06960083065143952 0.008069283504409608 0
1699256791.0972383 -0.06066778459239293 0.007549844653894114 0
1699256791.1468024 -0.05309922993611996 0.007139942184412827 0
1699256791.1968937 -0.04668568123262325 0.006849676113893239 0
1699256791.2471673 -0.03632660009427993 0.0066618825759914655 0
1699256791.2973967 -0.026239109387192684 0.006934112042591561 0
1699256791.3476164 -0.015398225738555787 0.007324370824683415 0
1699256791.3980935 -0.009456203340524584 0.007595187387651819 0
1699256791.4480147 0.001475446770206345 0.008083885758853587 0
1699256791.498108 0.011272960806634985 0.008514723022555059 0
1699256791.5479589 0.015922551048421586 0.008716016694514297 0
1699256791.5983877 0.021796899015290368 0.008974701777310244 0
1699256791.648696 0.034159286209291824 0.009521597026153008 0
1699256791.6990469 0.04527088222808564 0.010005605847258367 0
1699256791.7490063 0.04978220605911318 0.010201666002246014 0
1699256791.7989957 0.054258982172686224 0.010393110042313112 0
1699256791.8488355 0.06626698746648288 0.010906520286547497 0
1699256791.8992276 0.07947875865150582 0.011458609570833955 0
1699256791.94886 0.08611289249606154 0.011728698241256105 0
1699256791.999767 0.09145681634865332 0.011951347451411014 0
1699256792.0494933 0.09547794155795225 0.01212689453669329 0
1699256792.0997548 0.10333734686981126 0.012450063951724459 0
1699256792.1501157 0.1139597405463882 0.012824360617548939 0
1699256792.200306 0.12069924562590659 0.013029566129779131 0
1699256792.2501247 0.12743120454232523 0.01318650941604501 0
1699256792.3003595 0.13446308046306318 0.013305888036361176 0
1699256792.3505006 0.14985057111092476 0.013334424425498648 0
1699256792.4009442 0.1531863965512142 0.013312322377455426 0
1699256792.4511364 0.16298470811977578 0.01325942434951943 0
1699256792.501166 0.1696394296540871 0.013239952744544 0
1699256792.5509138 0.18169602963896583 0.01319718102239906 0
1699256792.6010914 0.19135745797306422 0.013163127583423539 0
1699256792.6513085 0.19416434526479845 0.013152789332544362 0
1699256792.7013214 0.19825847963580423 0.01313827080223803 0
1699256792.7519922 0.2105001461565175 0.013072921962499371 0
1699256792.8019397 0.22635610149030555 0.012972414871418113 0
1699256792.8519974 0.2332598580356497 0.012927801550160815 0
1699256792.902169 0.23905069897982503 0.01289231651415087 0
1699256792.952401 0.24313387379071094 0.012868702065732786 0
1699256793.0028305 0.25040742593132836 0.012831201864996962 0
1699256793.052463 0.2604475245960767 0.012766498432819852 0
1699256793.1032445 0.26614435940020226 0.012691936994688824 0
1699256793.1539273 0.273032278035773 0.012557811196888534 0
1699256793.2035387 0.28005243522530343 0.01238466865019957 0
1699256793.2534287 0.29844013443814194 0.011454202338007036 0
1699256793.3038142 0.30277617114572364 0.011102175288795372 0
1699256793.3535635 0.3069984972080137 0.010778575313087147 0
1699256793.40374 0.32391791038285994 0.009512641060431818 0
1699256793.4536297 0.3303232158381272 0.009049129351309056 0
1699256793.5041947 0.336570207567579 0.008603576219732739 0
1699256793.5539415 0.3414286731305395 0.008263472242404913 0
1699256793.604287 0.34558659864398644 0.007978165476530076 0
1699256793.654017 0.3621416989198025 0.0068652670087443225 0
1699256793.704317 0.3691957448862379 0.006398831466441575 0
1699256793.754589 0.3746881922981894 0.006042228236819659 0
1699256793.8048377 0.387323082543965 0.005253692459449599 0
1699256793.855719 0.39256976726044707 0.004935800768387751 0
1699256793.905631 0.3989828249275453 0.004539548675481038 0
1699256793.9558003 0.4049244003048491 0.004172905632124578 0
1699256794.0059552 0.41548635740771 0.003555861152378093 0
1699256794.0559578 0.42520992597542157 0.003036033116788226 0
1699256794.1062522 0.4302845062378782 0.0027659481841160382 0
1699256794.1559703 0.4416077342377704 0.0020544438615341253 0
1699256794.2067566 0.4475818398012434 0.001676575836050894 0
1699256794.2563488 0.45294874762484594 0.0013074432215915612 0
1699256794.3067303 0.4626822761874562 0.0006540741552765606 0
1699256794.3565793 0.4721809559281767 3.452619878530137e-05 0
1699256794.4070563 0.47774643846715886 -0.0003151699053011461 0
1699256794.4567065 0.4837297522665501 -0.0006835265576797585 0
1699256794.507234 0.4897670793400039 -0.0010485959588216222 0
1699256794.556794 0.5008191256845032 -0.0016940019415092366 0
1699256794.608098 0.5100826119157453 -0.002206393076950418 0
1699256794.657335 0.515402415986621 -0.0024893934590572955 0
1699256794.708133 0.5282084405217907 -0.0031530107473763946 0
1699256794.7578351 0.5383822731763978 -0.0036524146369933098 0
1699256794.8081987 0.5468575630056306 -0.004050383552298898 0
1699256794.858006 0.550665137936998 -0.004221508196840112 0
1699256794.9081442 0.5563187539564957 -0.004480405948026942 0
1699256794.9581666 0.5632826596308117 -0.004800586398119827 0
1699256795.0091658 0.5777910823710668 -0.005441318785578953 0
1699256795.0592146 0.59000062472337 -0.005844163113598922 0
1699256795.1134503 0.5943836999470892 -0.005918183707370794 0
1699256795.1595192 0.5976820695861178 -0.005964766816688903 0
1699256795.209201 0.601705152353892 -0.00603321304865269 0
1699256795.259289 0.6174706761168952 -0.0060864899499831916 0
1699256795.3095345 0.6239856973545793 -0.0060112446253785205 0
1699256795.3601723 0.6333461130925999 -0.005899550261401217 0
1699256795.4107733 0.637277122738005 -0.005849378185740865 0
1699256795.4605749 0.6475385963763085 -0.005711060062110923 0
1699256795.5108962 0.6543372424465131 -0.005605973752763018 0
1699256795.5609622 0.6687923781029805 -0.005383957723812271 0
1699256795.610691 0.6747195907976566 -0.005287478115609402 0
1699256795.6606836 0.6821432460358506 -0.00516862997057457 0
1699256795.7107866 0.6899366202375598 -0.005038579376774723 0
1699256795.7610877 0.6948893825697405 -0.004954550686064242 0
1699256795.8116202 0.7008183799864022 -0.004864475456685736 0
1699256795.8614902 0.7133341305470032 -0.004648818763963579 0
1699256795.9118145 0.7194176569600842 -0.004545893329659504 0
1699256795.9618921 0.7292222494558087 -0.0043320274576315754 0
1699256796.0118027 0.7337849169677119 -0.004211364816833569 0
1699256796.0628765 0.7387876541878292 -0.004107435830045729 0
1699256796.1130455 0.7506635030807254 -0.004009811921499005 0
1699256796.1631157 0.7637220515591527 -0.003932491112920124 0
1699256796.2135363 0.7695579381860235 -0.003910820587246145 0
1699256796.2634735 0.7739253275541883 -0.003891498520561306 0
1699256796.313777 0.77808158636208 -0.0038703752869371174 0
1699256796.3645005 0.7923641193929274 -0.003771745460984476 0
1699256796.4135869 0.7990867896599969 -0.003717337984356647 0
1699256796.4636114 0.810017646887108 -0.0036167247366114767 0
1699256796.5136573 0.8140912517627934 -0.003577629040930716 0
1699256796.5640373 0.8241466274232587 -0.0034842579667398728 0
1699256796.6205893 0.8352078478750561 -0.0033583552115005796 0
1699256796.6678047 0.8418927506489934 -0.0032813756144049007 0
1699256796.7146857 0.8478921511053175 -0.0032081183822183224 0
1699256796.766656 0.8531992204514433 -0.003143188317870548 0
1699256796.8168757 0.8627136776509368 -0.003019244474067616 0
1699256796.8675148 0.8725823402195406 -0.0028774891377207914 0
1699256796.9176064 0.8782138693972517 -0.002795596710270702 0
1699256796.967919 0.8844403319474134 -0.0027202063246340984 0
1699256797.0178382 0.8973879511179118 -0.002634905270996392 0
1699256797.0678666 0.9072239359121623 -0.0026058784471299987 0
1699256797.1179926 0.9115870400054863 -0.0026212354875580785 0
1699256797.168161 0.9160602207224178 -0.002596505156156725 0
1699256797.2183783 0.9212182452811091 -0.0025083799088717255 0
1699256797.2686687 0.9403977994776279 -0.0019044540273081782 0
1699256797.3186483 0.9458867966021071 -0.0017214262458982376 0
1699256797.368887 0.949716283704121 -0.0015936627140265224 0
1699256797.4188762 0.9646038689006998 -0.0010944379865758538 0
1699256797.4689667 0.9714866506089859 -0.0008576982111189828 0
1699256797.519541 0.9791742170174371 -0.0005878400501284188 0
1699256797.569542 0.9852277046181601 -0.0003724159223478584 0
1699256797.6196666 0.9939118834968053 -6.413330085211326e-05 0
1699256797.6697402 1.003287521513048 0.00027042104937511236 0
1699256797.7200387 1.0155497349399407 0.000685473181402569 0
1699256797.769863 1.0233543695319225 0.0009420768463835169 0
1699256797.8202488 1.03046173661976 0.0012088491171007932 0
1699256797.8704038 1.0362674877857276 0.0015028353656881227 0
1699256797.9206703 1.0459058672157724 0.0023484704627231125 0
1699256797.9710207 1.0556372749916105 0.0035353669591346587 0
1699256798.021063 1.0608678286692317 0.004169119008404995 0
1699256798.070911 1.0666486111475666 0.004853210430411966 0
1699256798.121672 1.0789316533967723 0.006264471530077445 0
1699256798.1715422 1.0896966913223922 0.007464101289935223 0
1699256798.2216086 1.0945453362977484 0.007994143681847773 0
1699256798.2720032 1.0995403684678662 0.0085331575668905 0
1699256798.3221447 1.1046122522594148 0.009070609028820021 0
1699256798.37203 1.1215240912806193 0.010819227773286288 0
1699256798.4223204 1.12733257241706 0.011402614907781614 0
1699256798.4721372 1.1320063414014325 0.01186578023117986 0
1699256798.5225093 1.1369142799830951 0.012345561117521144 0
1699256798.5725694 1.1536183973824352 0.013929259411525242 0
1699256798.623253 1.1596700986261783 0.01448489987662421 0
1699256798.6730118 1.1645864442415035 0.014930333335935027 0
1699256798.7238019 1.1799965000796022 0.01626915993468737 0
1699256798.7741184 1.186074650240211 0.016775093677955297 0
1699256798.8242462 1.1923689898142573 0.017288863586984192 0
1699256798.8740952 1.1977565441589342 0.017743457191186744 0
1699256798.9242008 1.202775778883033 0.01818851440081173 0
1699256798.9748368 1.2187569911387457 0.01963748564207523 0
1699256799.0264225 1.2246884051305087 0.02014464728591441 0
1699256799.0748274 1.2351944569173638 0.02097953397301233 0
1699256799.125431 1.2402211497355278 0.0213696366061577 0
1699256799.1753314 1.251186877071697 0.02220340991715715 0
1699256799.2254553 1.2569008640018524 0.022622063988477527 0
1699256799.2754054 1.293973596802458 0.025098833181278098 1
1699256799.4654565 1.293973596802458 0.025098833181278098 1
1699256799.5140224 1.2991465389557644 0.025411040714344125 1
1699256799.564577 1.3137852193460309 0.026266343777938666 1
1699256799.6149945 1.318923006593797 0.026567408948335758 0
1699256799.6647604 1.3245396807353995 0.026899641663847756 0
1699256799.7150812 1.3346643772570392 0.027503481776472133 0
1699256799.7650957 1.3437672933411595 0.02806894446703155 0
1699256799.8184876 1.353925140940485 0.02870602856811342 0
1699256799.8664403 1.3589107775251377 0.029023067555163977 0
1699256799.9157667 1.364037819445912 0.029350221689652702 0
1699256799.9659302 1.3689931955378902 0.029676161744512063 0
1699256800.0160546 1.379002759269441 0.03032761813121712 0
1699256800.0659375 1.3888645195662968 0.030986249334182422 0
1699256800.116008 1.393995865233895 0.03133560087575585 0
1699256800.1664758 1.3989949386102927 0.031675338114682365 0
1699256800.2166786 1.4089250964185802 0.032357177033663795 0
1699256800.2667792 1.4187538530661554 0.03304047683221926 0
1699256800.316907 1.423808377604732 0.033394636067967776 0
1699256800.3672254 1.4288385311156353 0.033748747270771984 0
1699256800.4171662 1.439053147374089 0.034471861728912846 0
1699256800.4705613 1.4491175238330543 0.03518895737489541 0
1699256800.520816 1.454149386083393 0.03554874605051869 0
1699256800.5684307 1.4590358024938481 0.03589889152771272 0
1699256800.6184149 1.4639244958460975 0.03624962576830679 0
1699256800.6685262 1.4740349036349951 0.036976705228479165 0
1699256800.7188761 1.484338707462624 0.03771770168828985 0
1699256800.7721875 1.4894168563084176 0.038082774833908 0
1699256800.8191674 1.494497784902578 0.038447657585173045 0
1699256800.8689926 1.5043619419510392 0.03915198966143707 0
1699256800.9193559 1.514221111075968 0.03985018210635563 0
1699256800.9691052 1.5191961295546654 0.04019541300165292 0
1699256801.0193894 1.5242602050579908 0.040534244645936676 0
1699256801.070667 1.5396274870098758 0.04157313261045744 0
1699256801.1201065 1.5447142949810695 0.04191441858762125 0
1699256801.1706223 1.5495530908357185 0.04223740550024937 0
1699256801.2200236 1.5544070744692933 0.0425612136965657 0
1699256801.2703032 1.5644230180609198 0.04322611159127876 0
1699256801.3202617 1.5747922144914508 0.043909276121657036 0
1699256801.3703775 1.579690862446551 0.04423070712458039 0
1699256801.4206939 1.5844844968876117 0.044543642582222036 0
1699256801.4710143 1.599353063714403 0.04550534006823043 0
1699256801.5209992 1.6046965699134725 0.04584767622867286 0
1699256801.57099 1.6098827473212987 0.04617804472445485 0
1699256801.6211143 1.6146401100667562 0.04647878457143582 0
1699256801.67137 1.6242112872562 0.0470784900616978 0
1699256801.7213593 1.635163583858064 0.047764929296744654 0
1699256801.7713726 1.6457517459119453 0.048417675358880266 0
1699256801.8216214 1.6512095683749206 0.04874941761191398 0
1699256801.8720233 1.6560755442557282 0.04904612570979461 0
1699256801.9220052 1.6606921531559415 0.049324610170639466 0
1699256801.9720502 1.6700463927614417 0.049876542168846495 0
1699256802.022357 1.6801260225998278 0.05040454838593425 0
1699256802.072387 1.6854634589656676 0.05066976160801204 0
1699256802.1225507 1.6907354046945955 0.050916173750864255 0
1699256802.1728084 1.7006790290880067 0.051361365111264545 0
1699256802.2234244 1.7096410253917171 0.05175047714645575 0
1699256802.2730458 1.714973503111881 0.051990181521521704 0
1699256802.323127 1.7206882496140137 0.05224736053043031 0
1699256802.373111 1.7265263386484446 0.05250695799034677 0
1699256802.423511 1.7414479203908841 0.053162209652926964 0
1699256802.4733317 1.7455322906951578 0.053333648793412944 0
1699256802.5235748 1.7510055895395378 0.05357756459104094 0
1699256802.5737925 1.7623821214682363 0.05406400184127175 0
1699256802.624101 1.7711431775467763 0.05442561209471345 0
1699256802.6742632 1.779449578662064 0.05475761566261112 0
1699256802.7241974 1.7832185153018498 0.05490390362279125 0
1699256802.7746437 1.7883018034546136 0.05509737598781128 0
1699256802.8246531 1.7947428157518772 0.0553368652560415 0
1699256802.8746 1.8080982741334326 0.055814525182327074 0
1699256802.925028 1.8185765771970364 0.05620082243037419 0
1699256802.975599 1.822584557895507 0.05636296318996862 0
1699256803.0256119 1.8271090546847562 0.05654284428278684 0
1699256803.0761497 1.8318859677136612 0.05670993269307983 0
1699256803.1262429 1.8529634830656014 0.05732832127632325 0
1699256803.177232 1.8582386451396296 0.05746858309023571 0
1699256803.2265198 1.8631925587849447 0.057599233984438204 0
1699256803.276802 1.8723792163564383 0.05782934395706236 0
1699256803.3270295 1.8771207208506024 0.05794245449696335 0
1699256803.3770447 1.8878332121016244 0.05819492765647238 0
1699256803.427049 1.8934184775640945 0.05831992980965571 0
1699256803.4768713 1.8979876465897438 0.058420914090323565 0
1699256803.5271924 1.906969839430677 0.058610129585214076 0
1699256803.577578 1.9168469984596292 0.058804838578235485 0
1699256803.6273518 1.9226107037135325 0.05891365541040562 0
1699256803.677526 1.9282320538610198 0.059015803880431435 0
1699256803.7280614 1.932699120435588 0.05909484458133239 0
1699256803.7783258 1.9412912109740335 0.059235021754238254 0
1699256803.8282425 1.9498301440403463 0.05935943045957228 0
1699256803.8781986 1.9554259159344896 0.05943571374758424 0
1699256803.9282668 1.961342601429106 0.059507825773086775 0
1699256803.9783297 1.9733561932881256 0.05963917784127734 0
1699256804.0285387 1.9833030336151654 0.059789297453834545 0
1699256804.0785503 1.9876525559822988 0.05988770391248886 0
1699256804.1290517 1.9923351629753723 0.05999319268591432 0
1699256804.1791155 2.0080289613171742 0.060326921586384856 0
1699256804.2289135 2.013079563873803 0.06041814324974308 0
1699256804.2813756 2.022750685453953 0.06059536075472136 0
1699256804.3290908 2.022750685453953 0.06059536075472136 0
1699256804.3790789 2.027994345146275 0.06067866584408787 0
1699256804.429576 2.042720018084125 0.06088507720930455 0
1699256804.4799006 2.0475575897354408 0.060950189449782755 0
1699256804.5298965 2.0527448623917226 0.061011988527951644 0
1699256804.5812905 2.068065100261139 0.06116568469002324 0
1699256804.63093 2.072855919861149 0.061205006442382165 0
1699256804.6806915 2.1041023920227495 0.061338145242497186 1
1699256804.8612988 2.1041023920227495 0.061338145242497186 1
1699256804.910926 2.1276231494176527 0.061304493213070264 1
1699256805.0668733 2.13071856336615 0.06128758987540943 1
1699256805.1166062 2.136213390939931 0.061246101250657374 1
1699256805.167397 2.1441521205678895 0.06119845036160921 1
1699256805.3064516 2.1460271435847864 0.06118600502546654 1
1699256805.340703 2.1479086613699616 0.061175021635460146 1
1699256805.378922 2.159100990320517 0.06106816975484999 0
1699256805.6249468 2.168807401635315 0.061004145047803174 0
1699256805.8623064 2.1701929699112625 0.06099806279887896 0
1699256805.9125073 2.181892211104858 0.0609689757141895 0
1699256806.1013038 2.181892211104858 0.0609689757141895 0
1699256806.1509135 2.187111358912964 0.06096676910990916 0
1699256806.2013059 2.1962592358589235 0.060982788830275955 1
1699256806.4281566 2.1975973280453247 0.06098639047169054 1
1699256806.4779348 2.1990262504955407 0.06099087000784191 0
1699256806.5281866 2.209641595835212 0.061039214258661545 0
1699256806.7490323 2.2111945002002797 0.061048594587656844 0
1699256806.7991624 2.21405311290449 0.061067525631562744 0
1699256806.8489869 2.2204450792601116 0.06111478775633348 1
1699256807.047862 2.2230110475109988 0.061135518028243754 0
1699256807.0981827 2.2258279495971984 0.06115912097728995 0
1699256807.1483557 2.2346998110929763 0.06123701919337493 0
1699256807.348332 2.2362103747544455 0.06125089411270903 0
1699256807.398398 2.237458618804031 0.06126264369844359 0
1699256807.4487662 2.2474080788181934 0.06135850728308999 1
1699256807.6750758 2.2474080788181934 0.06135850728308999 0
1699256807.7244625 2.2500011889780516 0.06138621074984964 0
1699256807.7753534 2.2527875265439588 0.06141378062559221 0
1699256807.8249395 2.2613283995969637 0.06150493583747518 0
1699256808.0637455 2.263787714667191 0.06153183786953359 0
1699256808.1129386 2.2649994236888866 0.06154515926201235 0
1699256808.1632817 2.26784034547143 0.06157612516592408 0
1699256808.2133765 2.2752146790142755 0.061651413014335854 0
1699256808.403703 2.2752146790142755 0.061651413014335854 1
1699256808.4527724 2.276391988550963 0.06166286013566298 0
1699256808.5027645 2.2789130373298048 0.061687228721979716 0
1699256808.5529902 2.28856049974718 0.061765701532031037 0
1699256808.7637808 2.28856049974718 0.061765701532031037 1
1699256808.8136957 2.290848792081494 0.061781941673166495 0
1699256808.8638804 2.299619120417225 0.06184202970057474 0
1699256809.0835145 2.300851771961598 0.06185332858334247 0
1699256809.1409178 2.303289435436252 0.06186919042218753 1
1699256809.1833014 2.3044409447482437 0.061876249605513946 1
1699256809.2328873 2.3108894059901264 0.061916202338402664 1
1699256809.4349067 2.318763191513595 0.061958160533155685 0
1699256809.6570528 2.321057116203825 0.06197080751104972 0
1699256809.7060745 2.328643944690129 0.06200646466341709 1
1699256809.9454875 2.329742942137855 0.06201085831517654 1
1699256809.9953709 2.330806018716478 0.062014873688709685 1
1699256810.045768 2.33937829527691 0.06203987004044611 1
1699256810.2835813 2.340439158062526 0.06204209228646094 1
1699256810.333178 2.3432949896154476 0.06204774277023314 1
1699256810.4436839 2.3441881996076632 0.062049231162202345 1
1699256810.47377 2.3494778223126804 0.06205751974599682 1
1699256810.6796682 2.3547055688717307 0.062064377031124725 1
1699256810.8866293 2.355592367376484 0.06206534371171551 1
1699256810.9364007 2.362278708482964 0.062071913651595326 1
1699256811.1943703 2.3629890884340568 0.06207239598068371 1
1699256811.2432044 2.3643868777183963 0.062073566644570304 1
1699256811.2939513 2.3689711880107653 0.06207727532033531 1
1699256811.544411 2.369619666013528 0.062077716827210194 1
1699256811.5943425 2.371514936828099 0.062079079268578925 1
1699256811.6456807 2.371514936828099 0.062079079268578925 1
1699256811.6963832 2.376102656970531 0.06208256610582713 1
1699256811.9185174 2.3794899538835668 0.062084716252786006 1
1699256812.1308532 2.3800478343406852 0.0620850087808688 1
1699256812.1806235 2.3833358665278666 0.0620863217087946 1
1699256812.398129 2.383783331438143 0.06208635575376501 1
1699256812.447913 2.384215874029429 0.062086389770615494 1
1699256812.4984508 2.386466106385696 0.06208805124479201 1
1699256812.7098145 2.386775517437097 0.06208821867582145 1
1699256812.7594671 2.3873899870644335 0.062088496830432896 1
1699256812.8097308 2.388748896218712 0.06209063197946142 1
1699256813.0150993 2.3891901761412804 0.062091261165699976 1
1699256813.0642717 2.389406683765548 0.06209157600348217 1
1699256813.1142864 2.3895719086742773 0.06209196041074706 1
1699256813.1641798 2.390416318756287 0.0620950400602141 1
1699256813.351416 2.3913454441093 0.0620984218854205 1
1699256813.5965295 2.3914796564143916 0.06209889454588186 1
1699256813.646705 2.391857420728929 0.06210453192718355 1
1699256813.861446 2.391883017819556 0.06210532083417697 1
1699256813.9118795 2.3918990362468096 0.06210700918450398 1
1699256813.962584 2.391891488404242 0.06210802662883942 1
1699256814.0123255 2.3917592999685366 0.062115160246130834 1
1699256814.2449267 2.391739867948039 0.062116183762743395 1
1699256814.294285 2.391683248684781 0.06211833132079289 1
1699256814.3444235 2.391419515820036 0.06212174842113921 1
1699256814.3944397 2.390644608001207 0.06213151537718186 1
1699256814.5900664 2.389354590071191 0.06214897372439447 1
1699256814.8293896 2.3891941973006228 0.06215123635616886 1
1699256814.8717391 2.3873198375133287 0.06217385739006748 1
1699256815.1176445 2.3870442470496336 0.062177306625232166 1
1699256815.1675968 2.386768495073994 0.0621807984780335 1
1699256815.217303 2.385840568202632 0.06219249659356443 1
1699256815.267873 2.383526306976772 0.06222320169126193 1
1699256815.4955518 2.3831989767856716 0.06222773860169167 1
1699256815.5451097 2.3828635655803314 0.062232394881841326 1
1699256815.595239 2.382478944567019 0.0622376141710729 1
1699256815.6447375 2.3797200433537498 0.062277011962855365 1
1699256815.8496892 2.377303782033195 0.06231427073346423 1
1699256816.0454679 2.3769028033033863 0.062320702011690626 1
1699256816.0948086 2.373660643243424 0.062374050815168336 1
1699256816.3216617 2.3727335175450426 0.06239012153933909 1
1699256816.3702178 2.3717401508329794 0.06240759621884638 1
1699256816.4225686 2.3686043656767133 0.06246512446068943 1
1699256816.6506739 2.3680845896967235 0.0624748584597468 1
1699256816.7003727 2.3675486408636908 0.062484999381676246 1
1699256816.751226 2.367024284392714 0.06249503792793181 1
1699256816.8008518 2.363040925608601 0.06257377731816345 1
1699256817.0033557 2.3618850780625555 0.06259766916370833 1
1699256817.0525239 2.36131261637449 0.06260969897285366 1
1699256817.1029603 2.3601052458491534 0.06263531850329815 1
1699256817.1532674 2.356466325843914 0.06271573585232222 1
1699256817.3685775 2.3558643547941482 0.06272950275716627 1
1699256817.4178154 2.3546351412151822 0.06275800932834599 1
1699256817.4676898 2.353345304799607 0.06278839712365479 1
1699256817.5178382 2.3494270283209766 0.06288432659216531 1
1699256817.7120485 2.348778404272643 0.06290075289738811 1
1699256817.7620704 2.3481262634358955 0.06291744914307562 1
1699256817.8119347 2.3474352048861857 0.06293530562667486 1
1699256817.8623977 2.342637535688232 0.06306393110271734 1
1699256818.0882344 2.337778372797301 0.06320243641167121 1
1699256818.3122983 2.337065482285744 0.06322346095461984 1
1699256818.3617039 2.3326019584994424 0.0633587898968529 1
1699256818.5500107 2.331848995302597 0.06338219765186806 1
1699256818.6003048 2.330315512402658 0.06343053950540704 1
1699256818.6502426 2.324891610500508 0.06360905810052529 1
1699256818.858886 2.3241206303169206 0.06363531189656066 1
1699256818.9079156 2.322551735761995 0.06368939428896786 1
1699256818.9579856 2.3217654636906175 0.06371682576727558 1
1699256819.0087178 2.3161578958939244 0.06391948201824432 1
1699256819.2198358 2.3161578958939244 0.06391948201824432 1
1699256819.2682698 2.3153675627804033 0.06394898838814278 1
1699256819.3182864 2.308036467696249 0.06423409579570594 1
1699256819.5471566 2.3072330661117473 0.06426653714928628 1
1699256819.597031 2.3064064578985164 0.06430024474688537 0
1699256819.647581 2.300344684087508 0.06454984359678735 1
1699256819.8838863 2.300344684087508 0.06454984359678735 0
1699256819.9328492 2.297907738733072 0.06464300044977503 1
1699256819.9840353 2.296954658256902 0.06468734134434889 1
1699256820.03434 2.2906036653283164 0.06494890182327542 0
1699256820.252844 2.284148948415583 0.06523466987574023 0
1699256820.4858732 2.2832057283644724 0.06527806137218965 1
1699256820.5354342 2.2767751948780623 0.06558453824688654 1
1699256820.7637486 2.275864388316216 0.06562934718042528 0
1699256820.8141375 2.274012810983505 0.0657216280005892 1
1699256820.8644037 2.267518197310064 0.06605707073783797 1
1699256821.0904655 2.2665682660822064 0.0661075821631402 1
1699256821.1387053 2.265646625457389 0.06615694567146983 0
1699256821.1890645 2.2581994068418894 0.06656777433757842 0
1699256821.4101565 2.2581994068418894 0.06656777433757842 1
1699256821.4602172 2.2572765637353966 0.06662008820861369 1
1699256821.5099456 2.2507252667404125 0.06700007763666174 1
1699256821.7017503 2.2507252667404125 0.06700007763666174 1
1699256821.7510824 2.247906505373683 0.06716801581247811 1
1699256821.801665 2.2422593982954457 0.06751211803750583 0
1699256822.012162 2.2403632681998618 0.06762985855189711 1
1699256822.0620425 2.2394284377974993 0.0676883150261559 1
1699256822.1122339 2.2327897191150683 0.0681107887045647 1
1699256822.3487997 2.23185146393315 0.06817148167451868 1
1699256822.3978028 2.2299448557437933 0.0682955521567509 1
1699256822.4479187 2.228067848753947 0.06841868165278764 1
1699256822.4980335 2.221402821880434 0.06886309115367081 0
1699256822.7176492 2.2147352745870035 0.0693183471703573 1
1699256822.9581487 2.2137887122880278 0.06938378188535174 1
1699256823.008369 2.2070809334975245 0.06985213975526623 1
1699256823.237468 2.206133023720674 0.06991899718962168 0
1699256823.2866127 2.2051846202229832 0.06998605495894786 1
1699256823.3369596 2.1975027551080526 0.07053524436909667 1
1699256823.5663655 2.1955694154097034 0.07067510302705404 1
1699256823.6158252 2.194616278433773 0.07074429646513983 1
1699256823.6658812 2.1936645567581974 0.07081357233678116 1
1699256823.7179208 2.186907822093808 0.07130987695167021 0
1699256823.9542525 2.180140792962524 0.07181463616118644 1
1699256824.1884031 2.178188367614243 0.07196171145859677 1
1699256824.2378414 2.1713604676554503 0.0724806201236674 1
1699256824.477363 2.1703918908302384 0.07255481305025997 1
1699256824.5269537 2.168426231795182 0.0727058738268501 0
1699256824.5770562 2.1674611750587114 0.07278038291612439 0
1699256824.6287444 2.1616128548361586 0.07323496177408192 0
1699256824.814398 2.1606202307481372 0.07331253040188157 0
1699256824.8639915 2.1586908166949863 0.07346349892636794 0
1699256824.9137444 2.151042940429996 0.07406702991291433 0
1699256825.1651776 2.150155395011702 0.07414003334739129 0
1699256825.215505 2.149238873699609 0.07421104585114428 0
1699256825.2653852 2.141824808024367 0.07476399738092238 1
1699256825.4942398 2.139793193432983 0.07490976192295805 1
1699256825.5437012 2.1387834028835484 0.07498466901916372 1
1699256825.5938094 2.1317186133835677 0.07550142771607829 0
1699256825.7974265 2.1306920692152924 0.07557773957376149 0
1699256825.8466246 2.129686636095183 0.07565274648138577 0
1699256825.8965793 2.1276018895365705 0.0758092961395497 1
1699256825.946869 2.1203498274027703 0.07636285522705284 1
1699256826.1788 2.1182653890049545 0.07652482646681821 0
1699256826.2278874 2.117240000829683 0.07660495502526526 0
1699256826.2791069 2.1099740606231947 0.07718101139301256 0
1699256826.5190833 2.1089110526519868 0.07726644151826317 0
1699256826.5676305 2.1068463079034014 0.07743320877628725 0
1699256826.6179392 2.1047629755171653 0.0776026236847829 0
1699256826.668038 2.0975090332237616 0.07820063952137679 0
1699256826.896768 2.0975090332237616 0.07820063952137679 0
1699256826.945272 2.0954107493354233 0.07837591640018389 0
1699256826.9956892 2.089133669735259 0.07890618892292314 1
1699256827.1928873 2.0870267541220895 0.07908603012480278 0
1699256827.2422373 2.085992108528684 0.07917469112485231 0
1699256827.2919188 2.0849559472074413 0.07926370710534576 0
1699256827.342285 2.07654956909087 0.07999342576229156 0
1699256827.594966 2.0702209557883804 0.08055112959821335 0
1699256827.8030026 2.069174340264493 0.08064402278620415 0
1699256827.8526368 2.0618080236987755 0.0813029585577671 0
1699256828.0705533 2.0597307834674736 0.08149023020263867 0
1699256828.1196225 2.057611384674572 0.08168185069971422 0
1699256828.169909 2.056560810688421 0.0817770425948469 1
1699256828.2199194 2.050224710985649 0.08235405601103829 0
1699256828.43318 2.049146809202873 0.08245268666775736 0
1699256828.4830837 2.0481000140728347 0.08254859924345213 0
1699256828.533166 2.038527409077344 0.08343148713179575 0
1699256828.7776895 2.0374709392052424 0.08352955460529164 0
1699256828.8272028 2.0363889483069992 0.0836301263863521 0
1699256828.8777757 2.0342946684209475 0.08382518241255513 0
1699256828.9290621 2.0267768073296044 0.08452932270698633 0
1699256829.183913 2.0246494972680518 0.08472967987901757 0
1699256829.2328527 2.0225062746487814 0.08493203255100013 0
1699256829.283088 2.02146021570349 0.08503100904469527 0
1699256829.3332572 2.0139038889720866 0.08574862493579727 0
1699256829.5611353 2.0085204516117376 0.0862637848595009 0
1699256829.75556 2.007418890073165 0.0863694385981172 0
1699256829.8049781 2.000108297224755 0.08706882248188744 0
1699256830.018156 1.9981246828561776 0.08726490082596784 0
1699256830.0678532 1.9961123919559955 0.08745726679368857 0
1699256830.1178646 1.994978862342353 0.0875598755526506 1
1699256830.1684914 1.9869204862775154 0.0882906535487331 1
1699256830.3937097 1.9869204862775154 0.0882906535487331 0
1699256830.4426746 1.9846819588720435 0.08849527491767856 0
1699256830.4927156 1.9826356751392613 0.08867586356507157 0
1699256830.543449 1.9742696781828875 0.08942665659582716 1
1699256830.7776587 1.973085421636692 0.08953426969761685 0
1699256830.827119 1.9719016646570802 0.08964192780189574 0
1699256830.8770363 1.9624792907696775 0.09051026922871068 0
1699256831.1002223 1.9601092650415508 0.0907316420188792 0
1699256831.1498985 1.958919362723403 0.09084313314741028 0
1699256831.2005622 1.9517100920370587 0.09152537810012346 1
1699256831.4187229 1.950518626154458 0.09163912046820345 0
1699256831.4681842 1.9481107802987592 0.09186987662798245 0
1699256831.5185938 1.9397696857127933 0.09267784961005837 0
1699256831.711457 1.9385500569269976 0.0927970943465262 0
1699256831.7610028 1.9373531193208697 0.09291437624289198 0
1699256831.8111243 1.9301054893309746 0.09363011276496971 1
1699256832.0085998 1.9289075515149154 0.09374929602115564 0
1699256832.0578017 1.927672636726499 0.0938724156852235 0
1699256832.1078591 1.9168791371980674 0.0949594847300221 0
1699256832.3601832 1.9156888258617573 0.09508052356726394 0
1699256832.4087813 1.9144986272312579 0.09520177512578909 0
1699256832.458848 1.9120599726627734 0.09545089490666762 0
1699256832.509156 1.9096192776320806 0.09570111827327323 0
