1699268765.5845966 0.01002007858530974 0.0008751582603431161 0
1699268765.8582985 0.018476355832270544 0.003020118581254234 0
1699268766.0111785 0.03237397798065809 0.006571888202020136 0
1699268766.060273 0.041621710981262966 0.008934084556176298 0
1699268766.110623 0.05078075874153697 0.011336510485116377 0
1699268766.1609337 0.06505957568484387 0.015470595206644667 0
1699268766.2106133 0.06941416316438137 0.016848992055574195 0
1699268766.2609193 0.0772913621824421 0.019296670124195836 0
1699268766.3106894 0.08783252948308151 0.022484857928040135 0
1699268766.360849 0.09510684337463648 0.024674636275991493 0
1699268766.410825 0.10252442019591132 0.026886339006669754 0
1699268766.4611871 0.10993419160294275 0.029076760964977875 0
1699268766.511078 0.12332803728445141 0.03261791327624845 0
1699268766.5615745 0.13196514429078648 0.03458794741745619 0
1699268766.6116712 0.13630543010587967 0.035549710185212365 0
1699268766.6618056 0.14161246719753484 0.03672410901941744 0
1699268766.7117918 0.15692133935342772 0.04027405429640188 0
1699268766.7617745 0.17276307657337855 0.04385249436096907 0
1699268766.8120296 0.17956076234284932 0.04533686216500469 0
1699268766.8622875 0.18467823527441835 0.04642977849898289 0
1699268766.9128256 0.18827329336472176 0.04718526389549308 0
1699268766.9632719 0.20383013528218222 0.05026940496084309 0
1699268767.0130253 0.2109262060813865 0.05152866825126403 0
1699268767.0629447 0.22485570214977696 0.05384708668175396 0
1699268767.113093 0.23079494585978666 0.05477628812199125 0
1699268767.1635048 0.24070642878137766 0.05623653580713042 0
1699268767.213533 0.2517510303464975 0.0577261126494491 0
1699268767.2647703 0.2585431320523722 0.058599171924329715 0
1699268767.31399 0.2658855559592428 0.059527865912762185 0
1699268767.3641224 0.2722295120970902 0.060306369836738025 0
1699268767.4137254 0.2828666695893535 0.06151750028002577 0
1699268767.4638348 0.2918716523811513 0.06245092734356928 0
1699268767.5138996 0.29733631709314584 0.06298718302898823 0
1699268767.564138 0.3042383299874437 0.0636415899251396 0
1699268767.6142395 0.31138694430815184 0.0642827853926108 0
1699268767.6644373 0.32661261204282377 0.0655524381668688 0
1699268767.7151535 0.3370123130698558 0.06632336336767206 0
1699268767.7652183 0.34779807095422405 0.0670232180185981 0
1699268767.8153813 0.3545894563797753 0.06739214331379523 0
1699268767.8656573 0.36820099232090436 0.06807628980413977 0
1699268767.9158654 0.38208787973285796 0.06867102325188335 0
1699268767.966068 0.3882166288989802 0.06894757528469746 0
1699268768.0158553 0.3936457960078777 0.06916491099090588 0
1699268768.0660489 0.39916778943750075 0.06935340356681091 0
1699268768.1164203 0.4106874236210445 0.06968482174869339 0
1699268768.1665423 0.4239526666910668 0.07006728731197473 0
1699268768.2168036 0.43082009488611406 0.07023783505877719 0
1699268768.2675424 0.43724264835181226 0.07036700763450941 0
1699268768.3173354 0.44366701202396236 0.07047142144551095 0
1699268768.367883 0.454660505363243 0.07058203697135755 0
1699268768.4177604 0.4661491124072031 0.07060711855402467 0
1699268768.4678686 0.4726905562320434 0.07058709409979128 0
1699268768.5178053 0.4861524823852419 0.07046575761200183 0
1699268768.5679226 0.4972221996568971 0.0702814142691457 0
1699268768.618194 0.5082425545572674 0.07001534568004934 0
1699268768.6682496 0.513761223340629 0.06985282378926809 0
1699268768.7190154 0.5206624576825262 0.06962488455741064 0
1699268768.768914 0.5274723892142107 0.06937070963471666 0
1699268768.8189034 0.5412633083857115 0.06878526001797072 0
1699268768.8692088 0.5538046562993972 0.06820242878093308 0
1699268768.918868 0.5595416133588678 0.0678675899676679 0
1699268768.9689977 0.5647260585980012 0.06756063451121175 0
1699268769.019793 0.5699293446533393 0.06722676739892708 0
1699268769.0698032 0.5902007282991414 0.06582060363571741 0
1699268769.1201909 0.597524649976357 0.06527264757541756 0
1699268769.1699443 0.6033152845591871 0.0648197128123637 0
1699268769.2200053 0.6191530765238813 0.06349216097979637 0
1699268769.2704365 0.6255436757604743 0.06291994333456165 0
1699268769.3206155 0.6392690311314095 0.06163171471017815 0
1699268769.3718865 0.6392690311314095 0.06163171471017815 0
1699268769.4212265 0.6500929274182304 0.06056198555334684 0
1699268769.471169 0.6619185749244816 0.059334973461276544 0
1699268769.5209687 0.6757839550620944 0.05782501735757945 0
1699268769.5712545 0.6837265650905497 0.056930654966653595 0
1699268769.6212928 0.6911301709823616 0.05608133794063326 0
1699268769.671774 0.7025946617431303 0.05472392368978422 0
1699268769.7218485 0.7129910548622883 0.05340606907240366 0
1699268769.7719667 0.718106795890172 0.05271521292715601 0
1699268769.8221831 0.7238719007710979 0.051905649274846755 0
1699268769.8722854 0.730331856535553 0.050943378340091876 0
1699268769.9227355 0.7443389411671801 0.04883026318754306 0
1699268769.9732764 0.7564474089502337 0.04696863533185133 0
1699268770.0227945 0.7617930932198566 0.04613590998190113 0
1699268770.0726573 0.7676371585598067 0.045217066686438205 0
1699268770.1229403 0.7735759824755839 0.0442783229917528 0
1699268770.1731887 0.7919959337783825 0.041332832505169025 0
1699268770.2236934 0.8042002313134299 0.039355881243227975 0
1699268770.273924 0.8101268522023547 0.03838937947075679 0
1699268770.3241315 0.8223082434502186 0.03638844319767746 0
1699268770.3737955 0.8284160266129706 0.03537811115008767 0
1699268770.4248574 0.8347077720604603 0.03433302411278972 0
1699268770.476901 0.8465054490778061 0.03236164862028587 0
1699268770.5248091 0.858615774335023 0.030331342946295 0
1699268770.5751863 0.8646826220995016 0.029333021942933888 0
1699268770.6254346 0.8767840210795904 0.027299746958759294 0
1699268770.67567 0.8826133070610067 0.026316900496504293 0
1699268770.7253196 0.8886417274552019 0.025299895023757527 0
1699268770.7755756 0.9009625285894949 0.023218025753902912 0
1699268770.825743 0.9134664965740786 0.02110287168866068 0
1699268770.8758023 0.9196121063602782 0.020062685002798467 0
1699268770.9259832 0.9255733211121338 0.019053545316713445 0
1699268770.9773316 0.9313732953253977 0.018072182855791093 0
1699268771.0274067 0.9431592112656877 0.016078956846350776 0
1699268771.077732 0.9556608100219095 0.013967904346265544 0
1699268771.1277587 0.9620794840836894 0.01288512075182448 0
1699268771.1779525 0.9675764404667027 0.01195382521005086 0
1699268771.228978 0.9731859171138171 0.01100318216983021 0
1699268771.278532 0.9920776545863317 0.0078040886843584135 0
1699268771.3289165 0.9987001113006337 0.00668265050398989 0
1699268771.3786216 1.0101770502200613 0.00472144466888502 0
1699268771.4285784 1.0158506026059824 0.00374974954529067 0
1699268771.478605 1.02742888798605 0.0017157573158548315 0
1699268771.528862 1.0404816286372622 -0.000643170993464828 0
1699268771.579439 1.0469939586384658 -0.001809235925168351 0
1699268771.629225 1.0529831028634347 -0.0028839793709895083 0
1699268771.6798875 1.0636233667613757 -0.004775544888790172 0
1699268771.7305794 1.0755155924340891 -0.006877083109347972 0
1699268771.780994 1.0818168245902822 -0.00798668574563667 0
1699268771.830754 1.0891428237908993 -0.009276084298349306 0
1699268771.8811498 1.0950226265565473 -0.010313853845117396 0
1699268771.9318378 1.1064432198262164 -0.012315143060799462 0
1699268771.9816558 1.115611353776112 -0.013914803755493876 0
1699268772.0314484 1.121649872159065 -0.014963496656448744 0
1699268772.0820136 1.1291225555059492 -0.016260688889163825 0
1699268772.1317058 1.1449759232641519 -0.018986024134379997 0
1699268772.18168 1.1581346216679131 -0.021231068694947425 0
1699268772.231583 1.1639879354175946 -0.022219545643235493 0
1699268772.2817497 1.169595896723188 -0.023187914754613414 0
1699268772.3319025 1.1806511822226355 -0.025085112441896557 0
1699268772.3828676 1.1933748045211878 -0.027278295911176653 0
1699268772.4329233 1.199892228669929 -0.02838313150195833 0
1699268772.482567 1.205585799328431 -0.02933552260282037 0
1699268772.5336652 1.2109261921613481 -0.03021691703801189 0
1699268772.5835373 1.2228352369054152 -0.032153076930455014 0
1699268772.6332798 1.2416084371216258 -0.03511769853962203 0
1699268772.683853 1.2467974276876017 -0.03591397924616217 0
1699268772.7333221 1.25198151126357 -0.036699338257401806 0
1699268772.7837453 1.265283078267668 -0.03867457391036673 0
1699268772.8335278 1.2797473095750176 -0.04077518932566183 0
1699268772.8837345 1.2869958569921942 -0.041806761327793956 0
1699268772.9335616 1.2931388951034108 -0.04266460550986912 0
1699268772.9836664 1.3024793781470476 -0.04393745005311845 0
1699268773.0341249 1.3128813099875967 -0.045302345373231925 0
1699268773.0847812 1.3186596321547108 -0.046092627437617016 0
1699268773.1358812 1.3250657741500964 -0.04696930000260126 0
1699268773.1860793 1.3312303023782122 -0.04787580928002134 0
1699268773.2364469 1.3432458172996138 -0.04958669254021345 0
1699268773.2863944 1.3545203611781065 -0.05113388610474428 0
1699268773.336784 1.3611022164163622 -0.052015993433029796 0
1699268773.3867993 1.3675657083231336 -0.05286525099054491 0
1699268773.4366002 1.3806844375839973 -0.05453735738330833 0
1699268773.4870858 1.3916305960002335 -0.055881473078572816 0
1699268773.5367913 1.397224866496891 -0.05654626399846269 0
1699268773.5868316 1.4037028252551127 -0.057303989697550205 0
1699268773.636949 1.4174522082492569 -0.05886245442077475 0
1699268773.6869566 1.428256781686885 -0.06003091906394668 0
1699268773.7391112 1.43342109567427 -0.06057025874582667 0
1699268773.7872994 1.4396968003653658 -0.06121777117923294 0
1699268773.8375854 1.453973293797526 -0.06265095614975014 0
1699268773.8879044 1.4686715999410376 -0.0640597215034992 0
1699268773.9378688 1.475742249014456 -0.06471767182316798 0
1699268773.9880235 1.481592573264115 -0.06530061917180993 0
1699268774.037931 1.487259391352854 -0.06596887349170576 0
1699268774.0880523 1.498045229436431 -0.06729357609925159 0
1699268774.1382055 1.5110851936616023 -0.0688207366101021 0
1699268774.1887758 1.517314865366898 -0.06951906835638028 0
1699268774.2386594 1.5347239616124797 -0.07137075878424419 0
1699268774.2886276 1.5581823983599887 -0.07360727825050513 1
1699268774.4505634 1.570021194912785 -0.07462502165627154 1
1699268774.5002224 1.5795142236603539 -0.07538080221607979 1
1699268774.5504234 1.5832078733995476 -0.07565517421079695 1
1699268774.6015792 1.5863789843980105 -0.07588084928866665 0
1699268774.6511252 1.592608871273875 -0.0762903323341513 0
1699268774.7010765 1.5996363756443985 -0.07670873607211252 0
1699268774.7515323 1.6034807755000255 -0.07692132453028463 0
1699268774.8016353 1.6073493313683997 -0.07712477475922801 0
1699268774.851871 1.6107463049226811 -0.07728228739867225 0
1699268774.9019682 1.6166318650479659 -0.07752426656172104 0
1699268774.952147 1.6223995078358575 -0.07774444601462341 0
1699268775.0028362 1.6257613450385549 -0.07787498278404932 0
1699268775.0525658 1.6297301005021423 -0.07803254343948325 0
1699268775.1029854 1.6338245019260085 -0.07818673089498737 0
1699268775.152926 1.641646509420064 -0.07846351094790043 0
1699268775.203013 1.648091506314061 -0.07869582290265952 0
1699268775.2527087 1.651478445794952 -0.07881913987965648 0
1699268775.302798 1.6590991851885388 -0.07902162418441423 0
1699268775.3531346 1.6657274404218445 -0.07915487369400534 0
1699268775.4034686 1.6686928348209304 -0.07919966644519376 0
1699268775.4533148 1.6753564786775623 -0.07924795550569441 0
1699268775.5036297 1.6794359243396124 -0.079248139162274 0
1699268775.5537484 1.686487078118009 -0.07922014773176676 0
1699268775.604594 1.6885106405627306 -0.07919977624802842 0
1699268775.65493 1.6942138877881012 -0.07911624170124772 0
1699268775.7047772 1.6980917118755126 -0.07904510612957551 0
1699268775.755636 1.7061063785436148 -0.07886779653560691 0
1699268775.805752 1.710741066992551 -0.07874890451410635 0
1699268775.8561747 1.716374612775471 -0.07857434755977925 0
1699268775.9066694 1.7192077594603075 -0.07847540231012337 0
1699268775.9564767 1.7227766243892966 -0.07834225513980234 0
1699268776.006658 1.7312879178600615 -0.07799989310218347 0
1699268776.05679 1.739265481486317 -0.07763796279164903 0
1699268776.107417 1.7426701517563574 -0.0774710554340659 0
1699268776.1569796 1.7450370901719834 -0.07733302997282657 0
1699268776.2070355 1.7515689786644093 -0.0769471492580668 0
1699268776.2570615 1.7587307741714109 -0.07650078326698317 0
1699268776.307224 1.7629229471868388 -0.07626090235787833 0
1699268776.3573818 1.7666794799729917 -0.07605733105462152 0
1699268776.4078023 1.7699788078908676 -0.07586945952382897 0
1699268776.4577615 1.7759827256237954 -0.07551151978038728 0
1699268776.507807 1.783091100346133 -0.07508926041286067 0
1699268776.5581584 1.7876531243859153 -0.0748083527114292 0
1699268776.6083503 1.7942737839708007 -0.07440636506022565 0
1699268776.6588342 1.799918404697865 -0.07406102434601539 0
1699268776.7082872 1.8077638316926992 -0.07353912213736127 0
1699268776.7583957 1.8116440301199968 -0.07326303514222793 0
1699268776.8085644 1.815015490006238 -0.0730370852422377 0
1699268776.859131 1.817910821686706 -0.07282163664519335 0
1699268776.9089653 1.8237223634442772 -0.07239020118013452 0
1699268776.9592519 1.8312669891283766 -0.07177895390973793 0
1699268777.0092654 1.8353799271037357 -0.07143380800754527 0
1699268777.0592418 1.8395615419982958 -0.07107609254454222 0
1699268777.109463 1.843613202512465 -0.07072097284329916 0
1699268777.1597643 1.851928115250907 -0.0699530584242853 0
1699268777.2121644 1.8545565413624527 -0.06970000431898635 0
1699268777.2606108 1.8586970640383191 -0.06929404827790146 0
1699268777.310608 1.8630371900518252 -0.06885750679592423 0
1699268777.3606014 1.8730316441780321 -0.0678162809263243 0
1699268777.411245 1.8753799643293136 -0.0675627733346172 0
1699268777.460918 1.8793802698128061 -0.0671372251019071 0
1699268777.51092 1.8884901621364931 -0.06611126167670837 0
1699268777.561175 1.8957978344123156 -0.06522119776437516 0
1699268777.6116776 1.8985217849122913 -0.06487969511116581 0
1699268777.661712 1.9031323748613935 -0.0642557720739999 0
1699268777.7121208 1.9064436924147112 -0.06385494837133696 0
1699268777.761798 1.9106342282270525 -0.06337370793345978 0
1699268777.8121943 1.9183395019454146 -0.0626074763012589 0
1699268777.86205 1.9245955798865513 -0.06197461569044781 0
1699268777.9121618 1.927079279905722 -0.06172418065609247 0
1699268777.9634087 1.9297284889301247 -0.061450127820981346 0
1699268778.0128658 1.9378539698105692 -0.06063898055242206 0
1699268778.0629508 1.9471190511209102 -0.05970758510258842 0
1699268778.1129246 1.9515731897328017 -0.05925450894240377 0
1699268778.1628556 1.9551706335223904 -0.05890842479537444 0
1699268778.213069 1.9579677649910068 -0.05866149938687552 0
1699268778.262738 1.9626847737661226 -0.0582546988845042 0
1699268778.3127656 1.9685537735867062 -0.0576035237428899 0
1699268778.3640409 1.9721778445232712 -0.057124641518032114 0
1699268778.4138997 1.9756581714735157 -0.056669497907208176 0
1699268778.4639354 1.9856170887791418 -0.05534430935103824 0
1699268778.5139751 1.9887744210812812 -0.054921830769534996 0
1699268778.5637693 1.9960114941398523 -0.05393731326469584 0
1699268778.6137784 1.9997633016420864 -0.05342186599011047 0
1699268778.6637576 2.0066363640574716 -0.05247272316110275 0
1699268778.713851 2.012717763024873 -0.05162498038688536 0
1699268778.7640154 2.015876186807018 -0.051183151974441614 0
1699268778.8146977 2.0196537778765413 -0.05065437836325632 0
1699268778.8646054 2.022982047654097 -0.05018760874280087 0
1699268778.9148586 2.029832631023273 -0.049225321481778106 0
1699268778.96498 2.035786670688619 -0.04838326602490432 0
1699268779.0150125 2.0393391067346585 -0.04788196529534444 0
1699268779.0652654 2.042537161537165 -0.04743159369019555 0
1699268779.116218 2.046425385931784 -0.04687757757349073 0
1699268779.1665628 2.0542675527014285 -0.04574673859238175 0
1699268779.2166219 2.0605294635718123 -0.04472969320058853 0
1699268779.2662768 2.0638008343928855 -0.044186778026603965 0
1699268779.3162475 2.0715589169117905 -0.0429373697304785 0
1699268779.366186 2.078578672688412 -0.04181790749597732 0
1699268779.4162643 2.0841763736593673 -0.04093280327555191 0
1699268779.4666612 2.0868592257142953 -0.040512617976546615 0
1699268779.5167134 2.090588808140403 -0.03994160596232042 0
1699268779.5668721 2.0950064200457312 -0.03926468808804823 0
1699268779.6168094 2.103598275013697 -0.03796348925899558 0
1699268779.6666589 2.1098526698675246 -0.037079545439804934 0
1699268779.7171438 2.1217389502288504 -0.03543582238623259 1
1699268779.8686936 2.124045728964736 -0.03512333834321378 1
1699268779.9183786 2.1300775373283494 -0.03429500471376141 1
1699268780.0387049 2.1335051345738747 -0.03382139062882281 1
1699268780.071011 2.1335051345738747 -0.03382139062882281 1
1699268780.1026692 2.1396128197177773 -0.03296409217159326 1
1699268780.2259183 2.1425729679878165 -0.032540937413403095 1
1699268780.2755797 2.1439993259758148 -0.032334915179456705 1
1699268780.3256407 2.1505332178342735 -0.03137069937340956 0
1699268780.4929018 2.157367092356799 -0.03033136494798782 0
1699268780.6708922 2.160246203212781 -0.029884980943046414 0
1699268780.7205672 2.165787869674106 -0.029015889299048147 0
1699268780.8733406 2.1671615819680037 -0.028798479600916544 0
1699268780.9232159 2.169828617950061 -0.02837430742988488 0
1699268780.9728515 2.177096940060392 -0.02721122745238301 1
1699268781.1303964 2.177096940060392 -0.02721122745238301 1
1699268781.1801472 2.181427074653581 -0.026513055481198283 1
1699268781.2308376 2.187582943339962 -0.025516087183799947 1
1699268781.378494 2.187582943339962 -0.025516087183799947 1
1699268781.4096704 2.18995790790402 -0.025130129574217324 1
1699268781.4448695 2.193550837487209 -0.02454222880103661 1
1699268781.602004 2.195282748152523 -0.024257352878373842 1
1699268781.6517942 2.1961404346847706 -0.024116109234953182 1
1699268781.7018363 2.199359384402463 -0.02358024586221019 1
1699268781.8570263 2.2000000387062166 -0.023472821585102055 1
1699268781.9073055 2.200589156384182 -0.023374108167262056 1
1699268781.9567893 2.2034462756043163 -0.022887130099213247 1
1699268782.1038609 2.2039022141535733 -0.022808728198754118 1
1699268782.1375284 2.2039022141535733 -0.022808728198754118 1
1699268782.1709757 2.204371452532613 -0.02272765459798211 1
1699268782.1887472 2.2060051139354093 -0.022442741261672925 1
1699268782.3453243 2.206327260164372 -0.02238620813048162 1
1699268782.39542 2.20663311088995 -0.0223327706038121 1
1699268782.4457545 2.207199169104401 -0.02222998477753206 1
1699268782.495644 2.208383261836875 -0.022010760582114427 1
1699268782.6738188 2.2088451561515323 -0.021924904886562714 1
1699268782.7220066 2.2088451561515323 -0.021924904886562714 1
1699268782.7717974 2.2093207517348366 -0.02183618125996495 1
1699268782.8217502 2.2096849820600726 -0.02176789581374252 1
1699268782.979496 2.2097541610625715 -0.02175571006854159 1
1699268783.0295672 2.2098325477678333 -0.021741690819033065 1
1699268783.079916 2.2101113511757102 -0.021690754076653496 1
1699268783.227173 2.21015560583608 -0.021683153443840506 1
1699268783.2609553 2.21015560583608 -0.021683153443840506 1
1699268783.2940958 2.210214938918012 -0.021670786921794888 1
1699268783.31452 2.2101912967265163 -0.02166895821614179 1
1699268783.4694455 2.2101227987301058 -0.0216747049941168 1
1699268783.6259265 2.2101056550654614 -0.021676531445621088 1
1699268783.6757455 2.2098105767112077 -0.021724217109427305 0
