1699252600.9661462 0.01425512611501581 0.0003672289365721595 0
1699252601.254216 0.01969676863997078 0.0017564060546048307 0
1699252601.4113123 0.02512661386111358 0.0030923938336762293 0
1699252601.4607983 0.04117116544707941 0.006851642489128465 0
1699252601.5118227 0.05879962043185635 0.010779199123109866 0
1699252601.5621355 0.0671465520284094 0.01260392638294784 0
1699252601.6121461 0.0786580273857035 0.01504219692254985 0
1699252601.662223 0.09033483364054365 0.017382750406345137 0
1699252601.712154 0.10341732591996225 0.01987625987273093 0
1699252601.7621906 0.11043339900215333 0.021227966849570276 0
1699252601.812771 0.11658880643653913 0.02237040900642115 0
1699252601.8631136 0.1221104637227153 0.023367953505754248 0
1699252601.9131255 0.13214684882408687 0.025114942117971762 0
1699252601.9652753 0.1442681849133491 0.027158576659390584 0
1699252602.0130005 0.1503839601455723 0.028148832648840078 0
1699252602.063353 0.15600840425889234 0.029033117827036763 0
1699252602.1135077 0.16645408421387947 0.030605891110246933 0
1699252602.164035 0.17679629608533207 0.032080393837445036 0
1699252602.2139065 0.18229910593334628 0.032833928779135255 0
1699252602.2643797 0.1881489787216682 0.03361107324787695 0
1699252602.314227 0.19937238839730861 0.035035250174807915 0
1699252602.3644946 0.2098881836707294 0.03628565085177068 0
1699252602.4150004 0.21483467596881164 0.036841342232134484 0
1699252602.4656484 0.22021711547860467 0.0374294319168375 0
1699252602.5160553 0.22548374137990404 0.03798994289824005 0
1699252602.566042 0.23599760373127712 0.039035769432971185 0
1699252602.6167972 0.2461530564738201 0.03995228449212596 0
1699252602.6665409 0.25107607855170794 0.04037408221184759 0
1699252602.7163596 0.255848383669961 0.04076292895774615 0
1699252602.766374 0.27049075397281724 0.04185105534843123 0
1699252602.816362 0.27540896271191584 0.042182475993292244 0
1699252602.8675082 0.2848819578699176 0.04277547319193577 0
1699252602.917238 0.289525902145895 0.043043437624030206 0
1699252602.9678223 0.2991693522561269 0.043555956877903514 0
1699252603.0176492 0.3039058565312941 0.04378591796684696 0
1699252603.067849 0.31328704966500304 0.04419874327535046 0
1699252603.117922 0.3178394572997573 0.044378442329593724 0
1699252603.16795 0.32709132465517354 0.04470342333557232 0
1699252603.218258 0.3316757360127027 0.04484494337101997 0
1699252603.268376 0.34080845374745145 0.04509227571325289 0
1699252603.3190155 0.3452691894193331 0.045192763028176056 0
1699252603.3691347 0.34985308818991473 0.04528251822427995 0
1699252603.419848 0.35876514433055595 0.04541887082152932 0
1699252603.4697688 0.3676941806558027 0.04550383388679821 0
1699252603.5197513 0.37207086478815626 0.04552621028590066 0
1699252603.5707479 0.37652397123501463 0.0455358668654513 0
1699252603.620555 0.3851945444193481 0.04551522752602513 0
1699252603.6713893 0.39391486255533636 0.04545187157109672 0
1699252603.7209592 0.3981610235993771 0.045399850956406196 0
1699252603.771118 0.4024993524646364 0.04533188513631337 0
1699252603.821268 0.4108902983337161 0.04517899603436591 0
1699252603.8717074 0.4193586442661025 0.04497864211178622 0
1699252603.9218175 0.4235334624070408 0.044864109080417616 0
1699252603.9721262 0.4278159316174396 0.04473665536200133 0
1699252604.021965 0.4360953585459996 0.04446372357403159 0
1699252604.0722358 0.44438493533648377 0.044153758651396556 0
1699252604.1219857 0.4484605217102978 0.04398858125543957 0
1699252604.1720722 0.4526815251108377 0.04380900241305529 0
1699252604.2222126 0.46085284216494105 0.04343707791897437 0
1699252604.2725842 0.46905731674178186 0.04303139768303719 0
1699252604.3227186 0.47307635584702196 0.04282163654893816 0
1699252604.372885 0.4772210025595238 0.042598550096431445 0
1699252604.4231524 0.4812543048353109 0.04237535612524608 0
1699252604.4736087 0.48942669369198644 0.04190020959766676 0
1699252604.5234735 0.49743217927861477 0.04140407420921371 0
1699252604.5736237 0.5015280999992555 0.0411384271844654 0
1699252604.6233933 0.5054808483859887 0.040875128669679524 0
1699252604.6750534 0.5174788412684109 0.04003476788330388 0
1699252604.7240756 0.5214432744841542 0.039743613303053864 0
1699252604.773855 0.5294515882710643 0.03913478795674648 0
1699252604.8240952 0.5333690280444127 0.03882672744759515 0
1699252604.8742678 0.5373942351748167 0.038503494639953915 0
1699252604.9244635 0.5451707448754558 0.037859901643839976 0
1699252604.9747336 0.5529515311047718 0.03718919816557162 0
1699252605.024689 0.5567730665453561 0.03684382350155723 0
1699252605.0747783 0.5607256927683677 0.03648613391280235 0
1699252605.12494 0.56845090993607 0.03576638971189736 0
1699252605.174907 0.5762143885818409 0.03502535058365595 0
1699252605.224881 0.5800247272532224 0.034655118822272596 0
1699252605.2754521 0.5839165351401693 0.03427281826672683 0
1699252605.3255665 0.591504531341437 0.03351606734796528 0
1699252605.3754108 0.5992258626323321 0.03273123586227979 0
1699252605.428329 0.6030402067329633 0.03233827818047371 0
1699252605.4783895 0.6069459270958208 0.03193269380003766 0
1699252605.5286703 0.6107131938621259 0.03153855857746283 0
1699252605.57854 0.6183505851546542 0.030730578340430727 0
1699252605.6286774 0.6259177454788875 0.02991910676822177 0
1699252605.6788507 0.6335754815192035 0.029087698261921542 0
1699252605.729007 0.6335754815192035 0.029087698261921542 0
1699252605.779212 0.644952287895798 0.02783482333162323 0
1699252605.8291972 0.6487153015889424 0.027415508214105634 0
1699252605.8794665 0.6563283441766786 0.026559870924578868 0
1699252605.9296372 0.6600734206888725 0.02613581743758333 0
1699252605.9797301 0.6639300019571388 0.0256970894810181 0
1699252606.030227 0.671421140494099 0.024839188557074458 0
1699252606.0809462 0.6790065440396684 0.02396294458477975 0
1699252606.1309948 0.6827397908831401 0.023529066806684592 0
1699252606.1807911 0.6865748635047396 0.023081573269174576 0
1699252606.231076 0.6902948391373396 0.022645872445794715 0
1699252606.281378 0.6978325832547393 0.021758777128067775 0
1699252606.3313706 0.7052287786684134 0.020884960662167905 0
1699252606.3811722 0.7089853108462615 0.020444170758139608 0
1699252606.4313323 0.7126047606867764 0.020004434426513916 0
1699252606.4814193 0.7238117344619637 0.018657750503768025 0
1699252606.5321789 0.7274910270476541 0.018215401144618677 0
1699252606.5823662 0.7348852948021601 0.01732598584023926 0
1699252606.6325705 0.7348852948021601 0.01732598584023926 0
1699252606.6836436 0.7460439536037577 0.01598472444590513 0
1699252606.7339735 0.7497233844133824 0.015543091595371535 0
1699252606.783785 0.7571760757570454 0.014649872357330352 0
1699252606.8338528 0.7608414958966793 0.014211281263011967 0
1699252606.884223 0.7682817206483709 0.01332274001077806 0
1699252606.9345243 0.7757365658394677 0.012435039682033801 0
1699252606.9845614 0.7794086103272293 0.011998852241866276 0
1699252607.0351458 0.7830789927403882 0.011563657830086721 0
1699252607.0847971 0.7868550574686172 0.01111686489763687 0
1699252607.13477 0.7941788793363551 0.010253201410361585 0
1699252607.1847599 0.801616646888906 0.009380286454149218 0
1699252607.2351282 0.8052833359722348 0.008951624690115616 0
1699252607.285282 0.8090612770218316 0.008511186347396059 0
1699252607.3358545 0.8127302301303329 0.008084666609238724 0
1699252607.3865037 0.8201714216643174 0.007223573354314217 0
1699252607.4359882 0.8275017532743525 0.006380927381581804 0
1699252607.485948 0.8312786002152345 0.005949164475163292 0
1699252607.5358522 0.8386102909608101 0.0051152529291685865 0
1699252607.5860367 0.8460336190918352 0.0042785150176004256 0
1699252607.6360648 0.8534356116539213 0.0034534259397849595 0
1699252607.6865065 0.8570693949305895 0.003051187845559319 0
1699252607.7365606 0.860688819495257 0.0026524265666840333 0
1699252607.7867646 0.8643592324528371 0.0022509981555625482 0
1699252607.8369954 0.8715910463038674 0.0014567675653482889 0
1699252607.8873248 0.879013335222799 0.0006533150923119344 0
1699252607.9375575 0.8826933343043744 0.0002588154782207611 0
1699252607.9876091 0.8864376405529888 -0.00013928681607400337 0
1699252608.0379095 0.8936142746947568 -0.0008939599164480806 0
1699252608.088024 0.900892240505779 -0.00164845881491599 0
1699252608.1381474 0.9045133825624505 -0.0020197358655053626 0
1699252608.188093 0.9082819202271881 -0.00240321864057331 0
1699252608.238336 0.9156174614279358 -0.003141222152035032 0
1699252608.288629 0.9229876080810834 -0.0038708269006120085 0
1699252608.3388824 0.9266032088176103 -0.00422448272669561 0
1699252608.3889923 0.93034328451604 -0.004587320407364126 0
1699252608.4391599 0.9339766832018481 -0.0049369796357603525 0
1699252608.4892387 0.9413995110778106 -0.005642856107243574 0
1699252608.5400245 0.9487083582975498 -0.006326755918850841 0
1699252608.5896852 0.9524492941834625 -0.006672423246275971 0
1699252608.6397662 0.9560808726277701 -0.007005155763277108 0
1699252608.6899493 0.9671280890602756 -0.007999780655872602 0
1699252608.7400422 0.9707848151901862 -0.008323031257426922 0
1699252608.7899547 0.9745371539636578 -0.008651530860646663 0
1699252608.8406196 0.9781786039742884 -0.008967244923004755 0
1699252608.8904269 0.9892450594414437 -0.009909013747732613 0
1699252608.9409611 0.9929009825550862 -0.010213686836742526 0
1699252608.990727 0.9966558804966726 -0.01052303051638897 0
1699252609.0417058 1.0039337985416064 -0.011112154216663485 0
1699252609.0916314 1.0113036664480768 -0.011697393826090606 0
1699252609.1417902 1.018587838481482 -0.012263033804362684 0
1699252609.191423 1.022201656881001 -0.0125358147113149 0
1699252609.2417104 1.0258150319284824 -0.012813605233925189 0
1699252609.2919068 1.0331486186730838 -0.013358795484156862 0
1699252609.3417563 1.036784171013506 -0.013624202275981056 0
1699252609.391896 1.0441032290429193 -0.014145673183464004 0
1699252609.4422722 1.0477058663704746 -0.014396584601643597 0
1699252609.492273 1.0514402800347111 -0.014652721038065562 0
1699252609.5430334 1.0587123480191292 -0.015140080250608392 0
1699252609.5932596 1.0660880331941105 -0.015619029433902972 0
1699252609.6431413 1.0697145277801896 -0.015848939064239027 0
1699252609.6934872 1.0917411292075052 -0.017168599190214 1
1699252609.876089 1.0954951664195376 -0.017380654046293218 1
1699252609.9246042 1.098913091587322 -0.017570126256944412 1
1699252609.976526 1.1032873632216649 -0.017828087655327826 0
1699252610.0261722 1.1090363632376827 -0.018194584059918598 0
1699252610.0772004 1.1129089548170508 -0.01845319812492093 0
1699252610.1268518 1.1161291573970373 -0.01868716513834292 0
1699252610.1766882 1.1231937359459048 -0.01915171475226101 0
1699252610.2272155 1.1286479340476276 -0.019529994462723733 0
1699252610.2771418 1.1312509336779393 -0.019704963275237596 0
1699252610.3276594 1.137228816831091 -0.020107147638901743 0
1699252610.3783164 1.1406741432803413 -0.02034213904790817 0
1699252610.4282022 1.1440449370589538 -0.020567020235551767 0
1699252610.4794157 1.1496694472384255 -0.020950518918485445 0
1699252610.529813 1.1552446881135376 -0.021312810120038 0
1699252610.5799847 1.1581075094130315 -0.021493129971877332 0
1699252610.630773 1.1614109756503608 -0.02170385838794613 0
1699252610.681078 1.1681907373782465 -0.02214544531856934 0
1699252610.730974 1.174588992383399 -0.022548114989096698 0
1699252610.7809262 1.177503013223911 -0.022720546288645876 0
1699252610.831209 1.1803993055089455 -0.02290301469569755 0
1699252610.8815553 1.1869753967284007 -0.02327604882207647 0
1699252610.9320095 1.193979398734314 -0.02365570160897027 0
1699252610.9820585 1.197399727691986 -0.0238311552786296 0
1699252611.0324204 1.2005788396943622 -0.02398839352256153 0
1699252611.0820024 1.2035691310275929 -0.024131000624791857 0
1699252611.1321628 1.2097759878891092 -0.024412404643856682 0
1699252611.1824057 1.216440004956645 -0.024692868234918074 0
1699252611.2323458 1.2198987370165952 -0.024830080228908258 0
1699252611.2827933 1.2265490462675164 -0.025077164481894072 0
1699252611.3328996 1.2328388437625295 -0.025290940285334962 0
1699252611.3834352 1.236243548054088 -0.02539918690436233 0
1699252611.4332006 1.2430450713453387 -0.02560047747905542 0
1699252611.483452 1.2466242611624123 -0.025698733884355247 0
1699252611.5334477 1.2499768852640858 -0.025785795343723505 0
1699252611.5835724 1.2565977676544782 -0.02594344893826048 0
1699252611.6352966 1.263240959210913 -0.026083728313505316 0
1699252611.684094 1.266733210678386 -0.026151297919115416 0
1699252611.7340496 1.2702024381707433 -0.02621364310593246 0
1699252611.784116 1.2771908704738328 -0.02632649895891419 0
1699252611.8348894 1.2840215927189844 -0.026419259999379933 0
1699252611.8863974 1.2874910158661164 -0.026460063070286994 0
1699252611.9362836 1.2909232151823384 -0.026496164048342777 0
1699252611.985851 1.2979074391678027 -0.026557122667477808 0
1699252612.0360148 1.3048544577551284 -0.026600086188280338 0
1699252612.0863175 1.3084095535141325 -0.026616180866003637 0
1699252612.137415 1.3118637574495444 -0.02662693031997126 0
1699252612.1871347 1.315305617836965 -0.02663869625705695 0
1699252612.236456 1.3222204310476247 -0.026649750344092796 0
1699252612.2865932 1.3326928284978428 -0.026636471140484334 0
1699252612.3368855 1.3326928284978428 -0.026636471140484334 0
1699252612.3874838 1.3431616327325793 -0.026597738473199357 0
1699252612.4372396 1.3431616327325793 -0.026597738473199357 0
1699252612.487547 1.3501888104294129 -0.02655350141760313 0
1699252612.5382705 1.3536733291260665 -0.026525119027140706 0
1699252612.5887542 1.3642652239810886 -0.026414204310845308 0
1699252612.6389887 1.3677592042206126 -0.02636967666939993 0
1699252612.6892076 1.3713527124500924 -0.02631993135206571 0
1699252612.739362 1.3748520357346978 -0.026267806142871393 0
1699252612.7897453 1.381978232855432 -0.02615071080982225 0
1699252612.8401225 1.3890125666779192 -0.02602118585954951 0
1699252612.889646 1.392639850564296 -0.025949096046591263 0
1699252612.9400659 1.3996981490595142 -0.02579879733667099 0
1699252612.989986 1.4033379310105343 -0.025716280182282468 0
1699252613.0400755 1.4068714355473202 -0.025633037257111246 0
1699252613.090175 1.4140576761461032 -0.02545485624681839 0
1699252613.1406832 1.4211576427544677 -0.025267453755083946 0
1699252613.1906033 1.4248213832271375 -0.025166757743292193 0
1699252613.2411263 1.4283797253356436 -0.025066622749058298 0
1699252613.291024 1.431935316228786 -0.02496377255091558 0
1699252613.341583 1.4391627780985532 -0.02474480858885626 0
1699252613.3913631 1.44640668367376 -0.02451454027329979 0
1699252613.4417946 1.4499766048906801 -0.02439691177158553 0
1699252613.491937 1.4535469963156855 -0.02427663643578645 0
1699252613.5419972 1.4607977324501114 -0.024024531588397416 0
1699252613.5919044 1.4680584049152987 -0.023764376413736032 0
1699252613.642337 1.471633736929285 -0.023628957051544438 0
1699252613.6925168 1.4751841789636464 -0.02349762233007889 0
1699252613.742441 1.482410403343595 -0.023223402649908843 0
1699252613.792688 1.4896453893076502 -0.022945553551326946 0
1699252613.8438993 1.493167131831332 -0.02279910164204081 0
1699252613.8934526 1.4966759344343208 -0.022658753306873967 0
1699252613.9437842 1.5039034206077604 -0.022354837236020587 0
1699252613.9938798 1.51115316261906 -0.022042769938241228 0
1699252614.04405 1.5147150167523475 -0.021885908423840833 0
1699252614.0939898 1.518278047905078 -0.02172680009855684 0
1699252614.1441953 1.5291107257623853 -0.021229860124823394 0
1699252614.194228 1.5328039445346962 -0.021056227364303737 0
1699252614.2445097 1.5363924582019062 -0.020885576561746045 0
1699252614.294501 1.543665090896346 -0.020534245979898922 0
1699252614.3448834 1.5508393318034517 -0.020180886588123313 0
1699252614.3948638 1.5545430506941242 -0.01999597020125158 0
1699252614.4451904 1.5617350723531853 -0.019632329118435054 0
1699252614.4950871 1.5654397029473455 -0.019442788495001105 0
1699252614.5451438 1.5726370563622247 -0.019070625440539415 0
1699252614.5972607 1.576350512583527 -0.0188767461922913 0
1699252614.6469355 1.5835626599487111 -0.018496804534636566 0
1699252614.6991322 1.5872791232432037 -0.01829937289212934 0
1699252614.748926 1.5908860645264002 -0.018106770080851726 0
1699252614.7987442 1.5982195796161989 -0.017712461160294825 0
1699252614.8487382 1.60545229738673 -0.01732122394247654 0
1699252614.8993266 1.6091800742705487 -0.01711856425755142 0
1699252614.949228 1.612793830710783 -0.01692182917845759 0
1699252614.9997592 1.6201248948941864 -0.01652416021441411 0
1699252615.0496812 1.6273330688027703 -0.016128167273512444 0
1699252615.0997455 1.6454916740244472 -0.015156346518265279 1
1699252615.2689457 1.6490355471869116 -0.014962000236814672 1
1699252615.3179893 1.6619508714765452 -0.014298804650802152 1
1699252615.468365 1.6642560689917605 -0.014179834939455734 1
1699252615.500161 1.666504946651263 -0.014063232836383301 1
1699252615.5321445 1.6714490398072042 -0.013798386834157128 1
1699252615.6801348 1.6746118556748495 -0.01362471822479398 1
1699252615.7315195 1.677765754345882 -0.013447354084204147 1
1699252615.7805245 1.6857096009267534 -0.012969961831309407 0
1699252615.9952173 1.6932693066566167 -0.01248959360448132 0
1699252616.2081928 1.6945889775749456 -0.012402352668569682 0
1699252616.2574131 1.7106197477263545 -0.0113603535244318 1
1699252616.45408 1.7160530094538569 -0.010998210284205273 0
1699252616.503106 1.7189316202653073 -0.010804449343336298 0
1699252616.5532527 1.7345294545405217 -0.009729352413310355 1
1699252616.7907734 1.7345294545405217 -0.009729352413310355 0
1699252616.840325 1.7386837966231705 -0.009436825592891891 1
1699252616.8907456 1.7519212810381437 -0.008486374314418524 0
1699252617.1055152 1.7541276028299861 -0.008325531505549783 0
1699252617.1550205 1.758625279258514 -0.007996218886172182 0
1699252617.2055113 1.776736065743233 -0.006660883210746764 0
1699252617.405226 1.7793885577626605 -0.0064649882675895 0
1699252617.454994 1.781826432330311 -0.0062853375191419605 1
1699252617.5055163 1.800746770614898 -0.004926821250220416 0
1699252617.704658 1.8035125608360063 -0.0047263535971599595 0
1699252617.7538388 1.8060939490761427 -0.004536487215339555 0
1699252617.804158 1.8229392317260051 -0.0033129320314359547 1
1699252617.9977767 1.825762097279069 -0.003106521121893854 0
1699252618.0475516 1.8316259893246194 -0.002676543274738795 0
1699252618.0982535 1.8376547699822512 -0.002234541268489985 0
1699252618.1482072 1.8554966112428357 -0.0009286960441129687 0
1699252618.347709 1.8584339530514453 -0.0007142751660316698 0
1699252618.3967924 1.861388811292427 -0.0004988254707211227 0
1699252618.446856 1.8646307470971952 -0.00026293251900574215 0
1699252618.4980087 1.884152853510685 0.0011457669670692228 0
1699252618.691685 1.8906419789304436 0.0016089405316283183 1
1699252618.741022 1.897088658801583 0.002065651701211483 1
1699252618.7918437 1.9002291566762892 0.002286983132943411 1
1699252618.8422143 1.9227673168747124 0.0038387263041883596 0
1699252619.0545697 1.9259540087234281 0.0040522522921408516 1
1699252619.1052759 1.9291245398597334 0.004261507320367783 1
1699252619.1546826 1.950589362865995 0.0056497450617784654 1
1699252619.3543231 1.950589362865995 0.0056497450617784654 1
1699252619.4039085 1.9565146692450044 0.006013126875759707 1
1699252619.4544244 1.96220721023443 0.006362608951700004 1
1699252619.5050218 1.981808117427408 0.007542406552391515 1
1699252619.7314074 2.0015872647860737 0.00872371814807947 1
1699252619.935708 2.0015872647860737 0.00872371814807947 1
1699252619.9850683 2.0209106013149594 0.009867631620100617 1
1699252620.1880996 2.023634315492012 0.010027935174442221 1
1699252620.237923 2.0264230341523297 0.010191835425623935 1
1699252620.288813 2.044869375511098 0.011271596744842665 1
1699252620.4930027 2.050172907481765 0.011580040548452616 1
1699252620.5426414 2.0527342240999205 0.01172844483955337 1
1699252620.5928087 2.0550689253776504 0.011863376237981525 1
1699252620.643141 2.073184384361132 0.012909915948159958 1
1699252620.9192238 2.086588821747653 0.013674080352544905 1
1699252621.1124122 2.088786213527191 0.01380047067410453 1
1699252621.1617856 2.1001013411441942 0.014432137047862474 1
1699252621.3625438 2.103663033291101 0.014628286805312985 1
1699252621.411533 2.1071505969925264 0.014817963572963722 1
1699252621.4614644 2.1152780758202723 0.015278987784155894 1
1699252621.6537254 2.11859841253527 0.015472003351162935 1
1699252621.7022736 2.1202322638085334 0.015566219217587794 1
1699252621.7524316 2.1219154295027525 0.01566507329389122 1
1699252621.8026593 2.133386989119685 0.016354574887634345 1
1699252621.9965158 2.1431884595782957 0.016970542811744958 1
1699252622.2032027 2.1448067245164353 0.017074555657501943 1
1699252622.2528594 2.154061706634241 0.017683479044309135 1
1699252622.4553084 2.1556022574992797 0.017787087186301592 1
1699252622.5045311 2.158565819649687 0.01798829730344467 1
1699252622.5543518 2.167902595835273 0.018641558192411298 1
1699252622.7489543 2.167902595835273 0.018641558192411298 1
1699252622.7990348 2.170500693246858 0.0188282759139994 1
1699252622.8492198 2.17879195282381 0.019441839935293373 1
1699252623.0593174 2.179958668823314 0.019530188327587843 1
1699252623.1081734 2.181107937033893 0.019617738963685245 1
1699252623.1580825 2.1832594065125206 0.019783400603083482 1
1699252623.2092197 2.1904619475985765 0.020352941120554423 1
1699252623.4238095 2.195562510658685 0.020769852238987918 1
1699252623.6290545 2.197605780885676 0.02094000712557377 1
1699252623.6782594 2.202776458109984 0.021381127428218384 1
1699252623.882442 2.204453302549069 0.021527255392687943 1
1699252623.9310634 2.2053019349059553 0.02160172086883978 1
1699252623.9810221 2.206067105834863 0.02166919902849609 1
1699252624.0320966 2.211245468915979 0.022136675449663128 1
1699252624.2408984 2.2119978593025458 0.02220587337383079 1
1699252624.290524 2.213407984770661 0.022336526949676253 1
1699252624.3410614 2.214020187331449 0.022393574744642254 1
1699252624.3908484 2.2178082102565404 0.022755934158666925 1
1699252624.597692 2.2214398949739937 0.02311371792070376 1
1699252624.8155227 2.2214398949739937 0.02311371792070376 1
1699252624.8649623 2.2238887238799254 0.02336627131728988 1
1699252625.0730686 2.224183875918144 0.023397270226342692 1
1699252625.1224902 2.224463014222857 0.023426590223091206 1
1699252625.172722 2.2248951334532943 0.02347197975646018 1
1699252625.2228215 2.2259871027082543 0.02358844256625819 1
1699252625.4294894 2.2263465911585305 0.02362717424649651 1
1699252625.4797332 2.2265076413314775 0.023644760952350276 1
1699252625.5298686 2.2265971410102807 0.023655427180308677 1
1699252625.580632 2.2269816250110686 0.023701656482046536 1
1699252625.7751787 2.2271591905971095 0.02372514018091384 1
1699252625.969522 2.2271923214304405 0.023729642900306647 1
1699252626.0184526 2.2266238700660823 0.023674965460937284 1
1699252626.2298565 2.2266238700660823 0.023674965460937284 1
1699252626.279517 2.226413814646108 0.023653549647863505 1
1699252626.329456 2.225056612128745 0.023508939251234876 1
1699252626.5288627 2.2248531005619268 0.02348702800906489 1
1699252626.5782175 2.2246444161453405 0.023464135851178743 1
1699252626.6285117 2.2241020488670213 0.02340356785979445 1
1699252626.6786501 2.222365427009091 0.023208278114295596 1
1699252626.877282 2.2220767151072156 0.023175396485917165 1
1699252626.9268937 2.2217784159213805 0.02314104687154977 1
1699252626.9768114 2.2210819670148947 0.02305999364204688 1
1699252627.0274 2.218894353267756 0.022801857631877153 1
1699252627.232702 2.2185319669181465 0.022758523036034397 1
1699252627.2830658 2.2177828893875633 0.02266818875270437 1
1699252627.333111 2.2168960842521233 0.022559344517603275 1
1699252627.3836055 2.2140680032304925 0.022206668081177015 1
1699252627.5819283 2.213598073389449 0.022147220967878148 1
1699252627.6313248 2.2131163988340252 0.022085967077971832 1
1699252627.681111 2.2125693460320397 0.022015670051720438 1
1699252627.7316465 2.208646931751854 0.02150351897870816 1
1699252627.9392474 2.2051924406872603 0.021038971036380198 1
1699252628.140987 2.2046175081189094 0.02096041652284963 1
1699252628.1908314 2.200529602623959 0.02038943995711486 1
1699252628.3849657 2.199084898827078 0.020184066069834704 1
1699252628.434913 2.1975824540568047 0.019968289552484343 1
1699252628.484784 2.192906535994845 0.019284780116692626 1
1699252628.6904507 2.1921317314285758 0.01916991197435929 1
1699252628.7401016 2.191347127599453 0.01905307814616728 1
1699252628.789885 2.1896683068148026 0.018801064658150447 1
1699252628.8402839 2.185390533423132 0.018149316537948098 1
1699252629.0354955 2.183694038843923 0.017887133719522223 1
1699252629.085618 2.1819624033849165 0.017617290468979162 1
1699252629.1357808 2.1756244390795567 0.01661216290179525 1
1699252629.346304 2.1756244390795567 0.01661216290179525 1
1699252629.3959088 2.174696246267296 0.016463235799175725 1
1699252629.446081 2.167552233481821 0.015304892548228958 1
1699252629.648022 2.1666396453898096 0.015156274613846709 1
1699252629.6977258 2.164878818413055 0.01486824406304806 1
1699252629.748013 2.1639761854702497 0.01472022465932472 1
1699252629.7982852 2.1586744015991477 0.013851523400682027 1
1699252629.9966524 2.1533587918990604 0.012984566663058974 1
1699252630.2015696 2.1524799509639925 0.012841749667399103 1
1699252630.250367 2.1471450442931928 0.011974857190669964 1
1699252630.4459498 2.1462627562051697 0.01183250397612665 1
1699252630.4954078 2.1444696897881332 0.011544319296734992 1
1699252630.5464916 2.1382121345971 0.010551256287400182 1
1699252630.742483 2.1382121345971 0.010551256287400182 1
1699252630.7930522 2.1364067322499882 0.010269279083462157 1
1699252630.842537 2.131002674894535 0.009439787419953287 1
1699252631.034982 2.130110326027752 0.009305662392897136 1
1699252631.0848784 2.129190914719689 0.009168254758977284 1
1699252631.135376 2.122880371464719 0.00824687250820226 1
1699252631.3355763 2.122880371464719 0.00824687250820226 1
1699252631.3849308 2.1201692788851765 0.007865374115084964 1
1699252631.4353008 2.114696192900471 0.007142768114187481 1
1699252631.6330953 2.1138060717421117 0.00702847093376504 1
1699252631.6837826 2.112903747340492 0.0069123187943628366 1
1699252631.732662 2.106562856073707 0.006123060047681138 1
1699252631.9321957 2.1056602878285595 0.006015802424937107 1
1699252631.9822385 2.1047283009698607 0.005906300768615966 1
1699252632.0321476 2.102894560124856 0.005694812520412207 1
1699252632.084797 2.0963763010743794 0.004986600363069939 1
1699252632.2885456 2.091763039490237 0.004529352300687551 1
1699252632.4940138 2.08990665264584 0.004356306858320461 1
1699252632.5441043 2.0842853732962907 0.0038710230894144233 1
1699252632.7347383 2.0834090446170777 0.0038011310934208233 1
1699252632.7844236 2.081478355767166 0.0036383129540134944 1
1699252632.834136 2.074321797635429 0.0030733362379885107 1
1699252633.0500283 2.074321797635429 0.0030733362379885107 1
1699252633.098875 2.073277986823403 0.0029955319562859637 1
1699252633.1490383 2.070196762923875 0.002773075071570446 1
1699252633.1993363 2.064009402046665 0.002358281634664848 1
1699252633.4154742 2.0577899989007227 0.001982650925304768 1
1699252633.614087 2.0567607251178575 0.001924344953627384 1
1699252633.663461 2.050391819481907 0.001587148695104748 1
1699252633.8623824 2.0482439563092094 0.0014823209998905003 1
1699252633.9124196 2.0471828539869215 0.0014321755795911628 1
1699252633.9629757 2.046114271720262 0.001382739591822852 1
1699252634.0124176 2.0384902238945117 0.0010610785826849762 1
1699252634.2169197 2.0384902238945117 0.0010610785826849762 1
1699252634.267728 2.0352160018868743 0.0009393913662653955 1
1699252634.3171937 2.0285520197341693 0.0007214287061759986 1
1699252634.528546 2.026345916393082 0.00065767007049671 1
1699252634.577833 2.025205688822799 0.000626356022064253 1
1699252634.6280677 2.0172862152397495 0.0004385790259540288 1
1699252634.8307498 2.0161612413795456 0.0004160326908417038 1
1699252634.8807065 2.0149996359266082 0.00039381445520549535 1
1699252634.9312942 2.0080826482995104 0.0002835876923633053 1
1699252635.1366744 2.0057927278890872 0.0002551064887667204 1
1699252635.1858096 2.003479679132828 0.00023018342181051166 1
1699252635.2365143 2.0023447379727726 0.00021829580444038358 1
1699252635.2862375 1.9943360384127236 0.0001566797281027373 1
1699252635.5052128 1.9943360384127236 0.0001566797281027373 1
1699252635.5553439 1.9920795075293 0.00014584068099639954 1
1699252635.6055462 1.9833224745583857 0.00013019349284908123 1
1699252635.8196495 1.9833224745583857 0.00013019349284908123 1
1699252635.869812 1.982239374881485 0.00013018268556685161 1
1699252635.9197047 1.9800920823713375 0.0001323546811845361 1
1699252635.9696677 1.9738862829486779 0.00014807608918503525 1
1699252636.1702492 1.9718095114456164 0.0001547478888713615 1
1699252636.2198977 1.9697956266067738 0.00016266565210895005 1
1699252636.2704504 1.9638014437671323 0.00018937382241729684 1
1699252636.480328 1.9627841896452496 0.00019375612425967048 1
1699252636.5296187 1.961797289645567 0.0001979553997084362 1
1699252636.5801451 1.9608302919117366 0.00020376222097205426 1
1699252636.6302466 1.953111803313622 0.0002307338852921734 1
1699252636.8292325 1.947489666487395 0.0002610133946755503 1
1699252637.027567 1.947489666487395 0.0002610133946755503 1
1699252637.077193 1.9408618814973018 0.00028091020850501067 1
1699252637.278341 1.939894633058978 0.0002825702851652348 1
1699252637.3280425 1.9380084885339786 0.00028530023829900357 1
1699252637.38078 1.9380084885339786 0.00028530023829900357 1
1699252637.4285347 1.9314354595152086 0.0002973874304325491 1
1699252637.6318464 1.9314354595152086 0.0002973874304325491 1
1699252637.6814525 1.9277310872211795 0.0002892289910761817 1
1699252637.7322366 1.9221466721365192 0.00025652213252139633 1
1699252637.9426003 1.9212254279378331 0.00024857922657276464 1
1699252637.9926667 1.920274825814689 0.00023962469403656728 1
1699252638.0431614 1.9193474871497385 0.00023014111346945687 1
1699252638.0937798 1.9118258356345965 0.00012209375072894002 1
1699252638.3100355 1.9108944443143097 0.00010472771064746672 1
1699252638.3609018 1.9099615648453996 8.667416421071938e-05 1
1699252638.412363 1.9080442122847407 4.6986368062443344e-05 1
1699252638.459927 1.901337813250662 -0.00012142322634485489 1
1699252638.6916566 1.8955593215221924 -0.0003041030512115027 1
1699252638.9097533 1.894575134770577 -0.0003387129606596403 1
1699252638.9596336 1.887672034793588 -0.000610600715555882 1
1699252639.1656137 1.887672034793588 -0.000610600715555882 1
1699252639.2145731 1.8846820263125752 -0.000744710942970927 1
1699252639.2647045 1.883680506371479 -0.0007918616213299931 1
1699252639.315707 1.8765032197932663 -0.001162736069975038 1
1699252639.530209 1.87548737675252 -0.0012198523612605527 1
1699252639.5800328 1.8744709109704691 -0.0012781472996025993 1
1699252639.63006 1.8723861598578315 -0.0014014033613132678 1
1699252639.6799064 1.865023869720366 -0.001881490009008511 1
1699252639.8977132 1.8639467711661892 -0.0019574734458903203 1
1699252639.9467776 1.862900829594468 -0.002032644800318226 1
1699252639.996738 1.8552717072469664 -0.0026224145357236434 1
1699252640.2108111 1.853061788556808 -0.0028067651157296734 1
1699252640.2606235 1.8519693303887015 -0.002900120046959685 1
1699252640.3107274 1.8451653973326352 -0.003515523429430102 1
1699252640.5224288 1.8428784023149196 -0.0037356384732477946 1
1699252640.570862 1.8417442480567683 -0.0038472901620487878 1
1699252640.6212628 1.8334490106038903 -0.004713880591237904 1
1699252640.8428497 1.832275495004764 -0.004843650234033912 1
1699252640.892548 1.829886110257764 -0.005113349633142134 1
1699252640.9425845 1.8212318171875534 -0.00615140153176672 1
1699252641.1493537 1.8212318171875534 -0.00615140153176672 1
1699252641.1988623 1.8187356824683252 -0.0064672829367830855 1
1699252641.249836 1.8097836135800918 -0.007658878265152181 1
1699252641.473977 1.8085342081590654 -0.007834864011951829 1
1699252641.522971 1.8072801286580351 -0.00800498858588132 1
1699252641.573261 1.8061188714480625 -0.00816682731233815 1
1699252641.6237044 1.7974743556745494 -0.009399713007538385 1
1699252641.845411 1.7875268736390015 -0.010870356297285529 1
1699252642.0602179 1.7862989451945428 -0.01105483351795608 1
1699252642.1098425 1.7778514483116303 -0.012330367728842228 1
1699252642.3189445 1.7778514483116303 -0.012330367728842228 1
1699252642.3701227 1.7754845390744922 -0.012688917734636939 1
1699252642.4193094 1.768413476886049 -0.013758227993713868 1
1699252642.640616 1.7660958319525768 -0.014107819822796639 1
1699252642.69076 1.7637422265372191 -0.014465991867259085 1
1699252642.7410002 1.755537382115578 -0.015715826774171052 1
1699252642.9625106 1.7543755820400841 -0.015892596411405332 1
1699252643.0127754 1.75317901257706 -0.016074815070623322 1
1699252643.0630376 1.7461431485476042 -0.017143590906323485 1
1699252643.2690847 1.744980842112663 -0.017319332791799407 1
1699252643.3182325 1.742619938171681 -0.017675716108997944 1
1699252643.3701227 1.734407915562718 -0.018906691823642116 1
1699252643.5977106 1.7320406414059608 -0.019257955204647834 1
1699252643.645765 1.730873700065778 -0.019430573589099734 1
1699252643.6961813 1.7297077684371842 -0.019602854692631167 1
1699252643.7480104 1.7214260732995326 -0.020811266340612002 1
1699252643.9685464 1.7131410916978431 -0.02199149253638721 1
1699252644.1891685 1.7131410916978431 -0.02199149253638721 1
1699252644.2387097 1.7048231772724813 -0.023153416216964273 1
1699252644.44531 1.702425561267589 -0.023482468404261297 1
1699252644.4953446 1.7000250632029972 -0.02380926003107419 1
1699252644.5454402 1.6916494496331367 -0.024924213037243997 1
1699252644.7635903 1.6904595405540246 -0.025079233942735445 1
1699252644.813231 1.6892318462944045 -0.025238309705898805 1
1699252644.8634615 1.6819690417273427 -0.02616078844326587 1
1699252645.0882852 1.6807670049194012 -0.026310454137796563 1
1699252645.1373127 1.6783239978655722 -0.026611758926861337 1
1699252645.1875536 1.6697842793471211 -0.027633728845152323 1
1699252645.4019768 1.6673223752583282 -0.027917641162504295 1
1699252645.4513526 1.6661084821410264 -0.028055910362033115 1
1699252645.50131 1.664892843855918 -0.02819345968488575 1
1699252645.5521998 1.6562694420486068 -0.029134182527518922 1
1699252645.7729015 1.6488970932097182 -0.02986981823847272 1
1699252645.9732893 1.647693336262431 -0.029984153272275892 1
1699252646.023622 1.6391519064213342 -0.030772838032758317 1
1699252646.2298238 1.6391519064213342 -0.030772838032758317 1
1699252646.2791169 1.635470041582078 -0.031089168657202567 1
1699252646.329042 1.632969972384081 -0.03129494623345039 1
1699252646.3788853 1.624295329665543 -0.03195172067485559 1
1699252646.6108658 1.6230616589957816 -0.032039346414792294 1
1699252646.6614747 1.6206895340833927 -0.032195049893060095 1
1699252646.7117574 1.6143660841503036 -0.03262101732760889 1
1699252646.9266381 1.611813621494949 -0.032785090997378974 1
1699252646.9762356 1.6092837445358148 -0.03294286519114835 1
1699252647.0262752 1.607970697402821 -0.03302294830007219 1
1699252647.0763156 1.5989159149922685 -0.03353967788468228 1
1699252647.2989123 1.5910946216989652 -0.033940359122409856 1
1699252647.5099108 1.5898000121211866 -0.034002776996054924 1
1699252647.5596623 1.5795972686552644 -0.0344605671828245 1
1699252647.7743142 1.5795972686552644 -0.0344605671828245 1
1699252647.8232949 1.5770592552823373 -0.034567287103205765 1
1699252647.8733678 1.5758637234096007 -0.03461470874430423 1
1699252647.9234316 1.5675525156845058 -0.034946082231990874 1
1699252648.1224074 1.5663413543605682 -0.03499332882736532 1
1699252648.1714182 1.5651726058509101 -0.03503860843367329 1
1699252648.2217631 1.5628644550648547 -0.03512703124397313 1
1699252648.271233 1.5572138560740512 -0.03534419862519989 1
1699252648.4760728 1.5549328182887725 -0.035432884017063064 1
1699252648.5260375 1.5526530840670745 -0.03552205449235631 1
1699252648.5758722 1.544851859258255 -0.035833671094793046 1
1699252648.7885785 1.5437457740461535 -0.035879699461951645 1
1699252648.837249 1.5426078333850601 -0.03592748616067831 1
1699252648.8875816 1.5359758437906443 -0.03621686957888605 1
1699252649.09063 1.5337849350623043 -0.03631778554836085 1
1699252649.1404307 1.5315602712739362 -0.03642267360094144 1
1699252649.1907222 1.5304635556159392 -0.03647550832317902 1
1699252649.240764 1.5226601524296448 -0.0368767268670235 1
1699252649.446151 1.5159651905337348 -0.037258082485783564 1
1699252649.6494627 1.514858866131153 -0.03732452256728252 1
1699252649.7002392 1.5079988008539218 -0.0377582562160814 1
1699252649.898266 1.5068646812386546 -0.037833999217448455 1
1699252649.947316 1.5056951803443173 -0.037912868702761754 1
1699252649.9976327 1.4964738322384115 -0.03858242946930637 1
1699252650.2039058 1.495315838207013 -0.03867519471435845 1
1699252650.2521467 1.494224397943675 -0.0387560446220672 1
1699252650.3025467 1.4931774955329353 -0.03883722502637945 1
1699252650.3527243 1.4848720313666355 -0.03951103490389065 1
1699252650.5616887 1.4776371767995702 -0.040149009174138106 1
1699252650.7611306 1.4764439298106613 -0.04025844127401507 1
1699252650.8102453 1.4676194972840915 -0.04110563164207388 1
1699252651.0260842 1.4676194972840915 -0.04110563164207388 1
1699252651.075612 1.4637843927844074 -0.041498975068413275 1
1699252651.125277 1.457376210287899 -0.042182469599976305 1
1699252651.3348255 1.4548016714357699 -0.04247336925283418 1
1699252651.38455 1.45220879233351 -0.042775272844574955 1
1699252651.4370074 1.4427821157831415 -0.04394724669722053 1
1699252651.6580467 1.4427821157831415 -0.04394724669722053 1
1699252651.707453 1.4414494802944455 -0.04412204486890048 1
1699252651.7575262 1.437430597440463 -0.04466216713428864 1
1699252651.8075051 0.014664175479033478 0.00028926729051385663 0
1699252652.0303197 0.01379527019382549 -0.0002674075528599018 1
1699252652.2170706 0.01379527019382549 -0.0002674075528599018 0
1699252652.2659569 0.014052839705766358 -0.00029563985638203944 0
1699252652.4742675 0.014027270821701084 -0.00034065150197123707 0
1699252652.5235605 0.014582698115558927 -0.00026951425030382063 0
1699252652.5737576 0.01682588353799938 0.00011436408040180548 1
1699252652.7672288 0.01707515922220921 0.00016941518094446277 1
1699252652.8170545 0.018155903066172357 0.00038103998475968147 1
1699252652.867647 0.025145492290768793 0.0017723589013333783 0
1699252653.1025066 0.026081737076169335 0.00196649618573197 0
1699252653.152217 0.028153430730633616 0.002400554526049132 0
1699252653.2024393 0.030887135195351884 0.0029780478450757986 0
1699252653.2527523 0.0459804978299105 0.006196237327373441 1
1699252653.4765122 0.05792410279819172 0.008834854212476739 0
1699252653.6789987 0.059811469705697395 0.009257382082439357 0
1699252653.7294364 0.07790078460865894 0.013304603931941134 0
1699252653.945876 0.07790078460865894 0.013304603931941134 0
1699252653.9951203 0.08338017235581832 0.014530669645770225 0
1699252654.0453274 0.08841359514481448 0.015664340447981307 0
1699252654.0952067 0.10081083144019787 0.018432459493172255 0
1699252654.2927969 0.10583431624566873 0.01955412014257228 0
1699252654.3425636 0.11131915125689291 0.020783359376725565 0
1699252654.3930008 0.11431171368997665 0.021451154430987596 1
1699252654.443991 0.1348579366466325 0.026011631634298277 0
1699252654.6610572 0.13779835436629706 0.026659608496331914 0
1699252654.7100997 0.1406541664263183 0.02728783385715048 0
1699252654.7612312 0.14671751144404727 0.02861659580509749 0
1699252654.8114169 0.1728919815953307 0.03425100853547082 1
1699252655.0277627 0.18917220716029373 0.03766243741744068 1
1699252655.2389662 0.19568131136526906 0.03900373268905962 0
1699252655.289421 0.21928871588906 0.043710778772890764 1
1699252655.498746 0.21928871588906 0.043710778772890764 1
1699252655.5474062 0.2226520245802702 0.044357152226494764 1
1699252655.5977895 0.2340514823913891 0.046515664653380265 1
1699252655.6478508 0.25860251551259755 0.05109157811332846 1
1699252655.8620117 0.2824441017884608 0.05543536992091833 1
1699252656.0764072 0.29038484360681116 0.05686543410419153 1
1699252656.1256604 0.3142133016224794 0.061088802147566804 1
1699252656.3250155 0.31816651059395673 0.06177843978779112 1
1699252656.3743021 0.32228833969293313 0.06249388642212934 1
1699252656.4248257 0.33502441258443993 0.06468700140748315 1
