1699263310.9665291 0.03743680791458294 -0.004408336601329877 0
1699263311.9292846 0.1687046077523619 -0.01942219151009568 0
1699263312.5007186 0.20893781641492837 -0.02371059599364654 0
1699263312.595212 0.25791032733288705 -0.028554518877980682 0
1699263312.7684538 0.28596163152718546 -0.031216305560825892 0
1699263312.9465137 0.28801830118301314 -0.03142543331851597 0
1699263313.0958855 0.30182220878590105 -0.03257336083869437 0
1699263313.252443 0.34652936981830273 -0.03571252530748151 0
1699263313.4069064 0.3895254223586026 -0.03865499778260487 0
1699263313.5996172 0.4190204692895788 -0.040556215460785756 0
1699263313.718303 0.43074467942657313 -0.041151109089042265 0
1699263313.862073 0.4500535109823404 -0.04189479711715571 0
1699263314.0129588 0.487879452262182 -0.04320569289190211 0
1699263314.1596413 0.5159364880120143 -0.04391406991886409 0
1699263314.2654636 0.5471035129968844 -0.043259159892662914 0
1699263314.4311023 0.5607679364495401 -0.042611707283652336 0
1699263314.597588 0.5850343613603413 -0.04108181161312097 0
1699263314.7244265 0.6128750602152937 -0.03886788019429028 0
1699263314.8603263 0.6519744416474552 -0.03544593958149731 0
1699263315.0410573 0.6658569897817717 -0.034062348513645625 0
1699263315.1920834 0.6753511979061352 -0.033068526333393966 0
1699263315.3191955 0.7112950817351835 -0.030139689893037763 0
1699263315.4796011 0.7394629677971111 -0.028326684378911504 0
1699263315.6032302 0.7718049511384952 -0.026164801078246546 0
1699263315.810659 0.7885339055725441 -0.02495160119495476 0
1699263315.9953659 0.8040475832594639 -0.02378198738275858 0
1699263316.0948305 0.8214968294642336 -0.022449558568993916 0
1699263316.1862211 0.8556595250997598 -0.019960347728732543 0
1699263316.2869985 0.8729762927592373 -0.01969464801982311 0
1699263316.3894866 0.8885148832067886 -0.019857049350469985 0
1699263316.5558054 0.9122909498493692 -0.019997171045084007 0
1699263316.7035098 0.9380692601603193 -0.020047368952969546 0
1699263316.7922459 0.9594772885921451 -0.019969540558806044 0
1699263316.8800159 0.9728673500745525 -0.019817863599010825 0
1699263316.975662 0.9885795201336021 -0.019622778023079785 0
1699263317.0699375 1.0182390946654176 -0.019434587526259303 0
1699263317.2129672 1.0335695266933838 -0.01937939885323778 0
1699263317.299962 1.0536179314995824 -0.019239254806050116 0
1699263317.4422784 1.0766647102572178 -0.018871791245556744 0
1699263317.6165478 1.0907334297308564 -0.018582649115626692 0
1699263317.7189426 1.1339187235434913 -0.017370774440961845 0
1699263317.8353214 1.1463238317017685 -0.01667437822324495 0
1699263317.9299417 1.1657098873012153 -0.01502039353596491 0
1699263318.0644503 1.1822904973114656 -0.013531859829277846 0
1699263318.195613 1.210462820464541 -0.010459032818684042 0
1699263318.293727 1.2252452164168357 -0.008783111181468437 0
1699263318.3857725 1.2419817277271834 -0.006871562771173994 0
1699263318.476848 1.2620183668061933 -0.004586631567046829 0
1699263318.6115532 1.2987917652313574 -0.00047229709691477655 0
1699263318.7774992 1.3140818343937772 0.0011919373602018051 0
1699263318.8669055 1.3443055573354776 0.004037813684709348 0
1699263319.0463204 1.3674876943883372 0.0056516537865502646 0
1699263319.2277875 1.4005398930645845 0.007961742590132962 0
1699263319.3971539 1.4391156553422162 0.010707111176683036 0
1699263319.5739372 1.4634795698038245 0.012821801886843434 0
1699263319.7241073 1.4828618967489948 0.015360473443330518 0
1699263319.8898532 1.4982856296839766 0.01745931997466217 0
1699263320.025703 1.5280059660986782 0.022542012568111974 0
1699263320.1680832 1.5623846379147293 0.02834266353325879 0
1699263320.3513882 1.5902224555241091 0.032807523631778496 0
1699263320.549919 1.6085885186637134 0.0354233236854467 0
1699263320.6695874 1.6292173556304994 0.03780406256906868 0
1699263320.8073473 1.6610715928147715 0.04075768939528763 0
1699263320.9172761 1.6757618125578133 0.0419856057335239 0
1699263321.0316088 1.6838810834137268 0.04261898586352758 0
1699263321.124894 1.7112539834343414 0.044578801393086884 0
1699263321.2239347 1.728325342830207 0.04572930607697548 0
1699263321.3125956 1.7554018592129195 0.04747145231173816 0
1699263321.4349136 1.7635782068220753 0.04812763296723145 0
1699263321.52476 1.783033013018707 0.04941346480931458 0
1699263321.6385517 1.8055416711702368 0.05038087950152072 0
1699263321.7287545 1.8207231544385247 0.05098497948666336 0
1699263321.8585324 1.8426324047412386 0.05171988222324149 0
1699263321.9381917 1.8506652519744335 0.05193922706244097 0
1699263322.037006 1.867906231625751 0.052332540270533696 0
1699263322.124192 1.8923094855894345 0.052776220704451086 0
1699263322.2225924 1.906679223712215 0.05298561497757062 0
1699263322.3009512 1.9228853559458923 0.05320165692364749 0
1699263322.3748477 1.9329012132633812 0.05334592741864178 0
1699263322.443343 1.959388022443677 0.05370037012604318 0
1699263322.5761116 1.9875133791733188 0.05397421965669445 0
1699263322.7530856 2.0139514612106986 0.054045679757758584 0
1699263322.9160688 2.034295669588259 0.05392541837379105 0
1699263323.073324 2.06782238367622 0.053448912139573625 0
1699263323.2507334 2.106163977496406 0.05249177558701406 0
1699263323.429587 2.133808920135597 0.05151569129558824 0
1699263323.6198559 2.1606660192164897 0.05034013406169797 0
1699263323.8031092 2.1979963552552912 0.04841867155472835 0
1699263323.966537 2.2147200612874505 0.04748270474908016 0
1699263324.0777562 2.255318276234242 0.045016415557159024 0
1699263324.2472365 2.2685758973272603 0.043944596066349366 0
1699263324.3897386 2.3056612865199537 0.04068135407236528 0
1699263324.5727837 2.327689501209027 0.038684871977918714 0
1699263324.7266705 2.363410545949444 0.03540172628142656 0
1699263324.8955092 2.3725923005672014 0.03454770561509203 0
1699263325.0107796 2.39898163610149 0.03205478517831601 0
1699263325.1366258 2.43022677990923 0.029018964261893862 0
1699263325.3077755 2.4614961656328638 0.025983167666277434 0
1699263325.4916697 2.477608138378587 0.024436070529599542 0
1699263325.5786412 2.4863174399634036 0.023608994108446454 0
1699263325.6729548 2.5107126643428783 0.02124542300254986 0
1699263325.7581768 2.540422119069421 0.018392376933875455 0
1699263325.907157 2.567328474479123 0.015939177608020695 0
1699263326.0897312 2.59165776280174 0.01354315079417899 0
1699263326.2406077 2.6202409886175064 0.010660629117932556 0
1699263326.4200206 2.662452005896589 0.006537790869454584 0
1699263326.5960405 2.6781964618734575 0.005058703483281376 0
1699263326.725342 2.696313107781122 0.003427792784465121 0
1699263326.8480904 2.733890325372098 -6.959865178985238e-05 0
1699263327.0075006 2.756737852244418 -0.0023175129874877212 0
1699263327.1516902 2.7823008595746472 -0.0047197225786979 0
1699263327.310737 2.794889422513092 -0.005833180799110072 0
1699263327.4358056 2.831102487510043 -0.008880953102283075 0
1699263327.5855012 2.878134616303037 -0.012475169984801604 0
1699263327.7907434 2.898228307905247 -0.013882665376264258 0
1699263327.9969077 2.9126254687321222 -0.014758639391255735 0
1699263328.123641 2.95328077176635 -0.017056166862775182 0
1699263328.299784 2.9911259082024353 -0.01898903344990496 0
1699263328.442935 3.0171886370933843 -0.01993824251626418 0
1699263328.7030418 3.036145255443072 -0.019006258942744648 0
1699263328.9643428 3.0866577334318013 -0.014318017252337216 0
1699263329.2129903 3.147937292282427 -0.006670053911794115 0
1699263329.4361613 3.185399650206167 -0.0017932895787006434 0
1699263329.6091259 3.204692952212634 -0.000684765001488009 0
1699263329.806025 3.221849897288054 -0.0004638756236706083 0
1699263329.9738812 3.2855388458935755 0.0011827892503752852 0
1699263330.201829 3.3108637444805384 0.001825379291217703 0
1699263330.3194733 3.339140122627002 0.002893724337595448 0
1699263330.5347576 3.365715157670173 0.0064867693662190576 0
1699263330.7840846 3.4004949642098596 0.011959703171971706 0
1699263330.9232404 3.4540209457804263 0.020029345002341836 0
1699263331.1652808 3.4797838671466623 0.023604831951573188 0
1699263331.3834805 3.4937945972197695 0.02534000778546984 0
1699263331.5465398 3.5167183182817894 0.02765906027904282 0
1699263331.7136636 3.5783207391903256 0.03419513941078882 0
1699263331.9413407 3.6128434953024775 0.03737070618108755 0
1699263332.106228 3.629171343981181 0.038670673931248595 0
1699263332.2750826 3.760890382110192 0.04557379854125789 0
1699263333.0673685 3.799391592711491 0.04660808658552778 0
1699263333.2390802 3.8353523382743493 0.04776799345107727 0
1699263333.4163427 3.853826901350401 0.04818451539425138 0
1699263333.5022788 3.860071048991558 0.048273740088020316 0
1699263333.595621 3.876616850195746 0.04838572217449038 0
1699263333.6864243 3.9102942143327857 0.0482659950617735 0
1699263333.845372 3.9501524906411167 0.04741633476175656 0
1699263334.0116458 3.975068685515183 0.04639406634058153 0
1699263334.2033627 3.9933339841196536 0.04537525243247335 0
1699263334.374667 4.014102134201909 0.044032693453596436 0
1699263334.4647012 4.049536603698321 0.041416504249726656 0
1699263334.6126664 4.0782726748030536 0.03898604052791698 0
1699263334.7902453 4.10035745856356 0.03703408074978238 0
1699263334.9805033 4.1254666470363555 0.0345537231581752 0
1699263335.1594884 4.171173939512511 0.028746862895778953 0
1699263335.3254173 4.184365666519759 0.027016813429347187 0
1699263335.4528177 4.206590942407277 0.02406335466729346 0
1699263335.6013844 4.228217187471685 0.021176147575293593 0
1699263335.754129 4.268085526560353 0.016023699114817998 0
1699263335.891716 4.296662180014201 0.012391864159652505 0
1699263336.0675604 4.312774171819217 0.01038269387661511 0
1699263336.2299347 4.345784678884987 0.006188315013141717 0
1699263336.385573 4.371064805179945 0.003000565752251343 0
1699263336.5347824 4.402939717044455 -0.001114037800288641 0
1699263336.6386058 4.414239966996941 -0.002734451132706282 0
1699263336.7657702 4.424458796256433 -0.004164869259610551 0
1699263336.874978 4.448372947159535 -0.008408645030986298 0
1699263336.997195 4.465814492556149 -0.011956968209234715 0
1699263337.1211762 4.506001186879566 -0.01995558717296683 0
1699263337.2734885 4.519415771602447 -0.022536765418786152 0
1699263337.4109876 4.539267973493301 -0.02606345125974666 0
1699263337.5873446 4.564367211753122 -0.02960078937251431 0
1699263337.7396102 4.587760648998823 -0.032595330026334114 0
1699263337.8720493 4.598335349397626 -0.03385417339459483 0
1699263338.0251343 4.60726261392958 -0.03485048183793994 0
1699263338.1610942 4.630278912354714 -0.037230690577582576 0
1699263338.2618904 4.647604920294702 -0.03903055124909926 0
1699263338.3681576 4.680330831892209 -0.04223214253348082 0
1699263338.46402 4.691445431295948 -0.04334196219509814 0
1699263338.54946 4.705470050191549 -0.04507639096199837 0
1699263338.6340005 4.720133124837336 -0.046958065676288026 0
1699263338.747215 4.740687068258313 -0.05001701223944512 0
1699263338.8648891 4.754569070831426 -0.05199560322047793 0
1699263338.9992995 4.772637588962905 -0.054433514095101006 0
1699263339.1264682 4.787489190258519 -0.0562815965082403 0
1699263339.2611282 4.813169728645716 -0.05920655192957654 0
1699263339.390576 4.841650507677609 -0.06210729667710869 0
1699263339.5423982 4.870633430430625 -0.06467247148526876 0
1699263339.6900198 4.885291175048972 -0.06579238205491426 0
1699263339.8319426 4.911545342730831 -0.06752792201680297 0
1699263339.951023 4.941157424746918 -0.06913187176134475 0
1699263340.0787296 4.960300018069338 -0.06991731648747752 0
1699263340.2179148 4.979745635906508 -0.07046693237760807 0
1699263340.400903 5.004706642611166 -0.07097559583805488 0
1699263340.525398 5.035393619805733 -0.07217944876796491 0
1699263340.6968238 5.063234603340948 -0.07312779167679756 0
1699263340.8598154 5.080750085327947 -0.07344951438499991 0
1699263341.0127358 5.1057381785878535 -0.07360980284102174 0
1699263341.1483092 5.130592947032894 -0.07351492849104345 0
1699263341.2752635 5.15710811268196 -0.07299146493979566 0
1699263341.3836095 5.170795462114146 -0.07211219872718419 0
1699263341.5216048 5.20530381214803 -0.06889904123345786 0
1699263341.6867394 5.2438033394247645 -0.06429595942345899 0
1699263341.8683846 5.267237917567145 -0.06126173737944379 0
1699263342.022798 5.287652191802811 -0.05849822648484276 0
1699263342.1857216 5.303063622060856 -0.05645157207904059 0
1699263342.3066037 5.325181381867148 -0.0542145567135665 0
1699263342.420355 5.35497399899405 -0.05141152967229969 0
1699263342.5837748 5.377380761650243 -0.049259450561529 0
1699263342.7271137 5.390876777973262 -0.04788796766615257 0
1699263342.8551905 5.424034101828262 -0.04436292176147879 0
1699263343.0716856 5.460128732174235 -0.040213164552390296 0
1699263343.2161493 5.474358398164231 -0.03815777417776061 0
1699263343.358964 5.488733312258695 -0.036162411844921354 0
1699263343.546815 5.5014785751818644 -0.03441549714021128 0
1699263343.6973248 5.5221552626750565 -0.030630931090121254 0
1699263343.8395832 5.542891541255213 -0.02664261974388698 0
1699263343.985964 5.564502754058427 -0.022512782428548296 0
1699263344.2091353 5.572908080587368 -0.020936824890447993 0
1699263344.3463767 5.59517408199287 -0.01686084883868549 0
1699263344.481823 5.628647610763462 -0.010963846548989527 0
1699263344.591034 5.6476168019324104 -0.007937510132791066 0
1699263344.7205656 5.661525783751918 -0.006099486875179276 0
1699263344.8676403 5.791653842371793 0.010372133266287218 0
1699263345.6770368 5.815858516294693 0.013190181848950567 0
1699263345.859583 5.884017299673256 0.020535324283846204 1
1699263346.5937479 5.8956725430011385 0.021640416997907492 0
1699263346.7552085 5.9106415488039525 0.02295017709426391 0
1699263346.961501 6.067883883554757 0.029963814732943347 1
1699263347.6815567 6.104037840802389 0.0307464341973698 0
1699263347.804928 6.131086088419652 0.03081876799009421 0
1699263347.9670475 6.2921470918185065 0.029644791694296586 0
1699263348.856075 6.483521985263056 0.0254439545818657 0
1699263349.6519737 6.519098888822782 0.024409271287324726 0
1699263349.780046 6.62893609314606 0.024051720547171796 0
1699263350.584047 6.639579234875479 0.024078409294455462 0
1699263350.6952353 6.673508564525615 0.024155306178138047 1
1699263350.8138156 6.8895598828131694 0.02324325640985551 1
1699263351.5796561 6.920354051296688 0.022884360739140776 0
1699263351.6966865 6.965894741800169 0.022259341647911823 0
1699263351.828737 7.196350287337975 0.017356450262842674 0
1699263352.6355348 7.240663129802186 0.016116716187106146 0
1699263352.839746 7.272200021051738 0.01519479901715387 0
1699263352.9716258 7.422327188070212 0.010440818870500206 0
1699263353.7063253 7.441683453382376 0.009795576004721472 0
1699263353.8001506 7.463820082725247 0.00903561762288262 1
1699263353.8934577 7.625954157561203 0.0020855212114149918 0
1699263354.411626 7.655486790642305 0.0007856757721670586 0
1699263354.4983172 7.67568300819933 -0.0001058580346421544 0
1699263354.5985298 7.833534564356897 -0.00638565964967412 1
1699263355.07886 7.86605798721531 -0.007539025844285419 0
1699263355.1428654 7.885317380035182 -0.008190667822753168 0
1699263355.2345676 7.904294091904947 -0.008809168098534475 0
1699263355.312935 8.091074029172756 -0.014084924854718552 0
1699263355.8447187 8.126251481374721 -0.014879380598214052 0
1699263355.9412296 8.14796292479395 -0.015344715268620586 0
1699263356.0573995 8.165908133011799 -0.015706127321986407 0
1699263356.1508915 8.331774063524408 -0.018147865219237166 0
1699263356.6911414 8.354837097249133 -0.018359171551731175 0
1699263356.7688613 8.3905704093968 -0.018618200613579584 0
1699263356.83694 8.400331289320235 -0.018650046260703303 0
1699263356.891328 8.541400605987981 -0.018254001361288193 0
1699263357.352139 8.563124892373448 -0.018097370576858878 0
1699263357.424346 8.596939043240992 -0.01794866165454381 1
1699263357.5451822 8.712545257941256 -0.017345658656704774 0
1699263357.9350464 8.731755681382896 -0.01720813903726655 0
1699263358.0037847 8.753331662083346 -0.017119814250903594 0
1699263358.1103842 8.788553306971076 -0.016720388230098516 1
1699263358.1929734 8.922333161848586 -0.014498078727541837 0
1699263358.632851 9.024688904396687 -0.012062085448171481 0
1699263358.9934053 9.034971986548099 -0.011789849514720249 0
1699263359.0459085 9.214000979445116 -0.005573719330479043 0
1699263359.5791714 9.24777324684678 -0.004327490114208054 0
1699263359.6842568 9.2701116100089 -0.0034875308763014905 0
1699263359.7826886 9.443984218738557 0.0027837931127582057 0
1699263360.3102186 9.464526809952458 0.003493231001843352 0
1699263360.3931942 9.485833009972175 0.004213064014086799 0
1699263360.4840868 9.531983739565902 0.005696072336131517 1
1699263360.5707986 9.65310086235526 0.009254223726544327 0
1699263361.0128517 9.803941586114155 0.012900395548914355 0
1699263361.5258913 9.835989595742806 0.013569085162791617 0
1699263361.6362016 10.023326004248219 0.017205510481746573 0
1699263362.18656 10.034903427818334 0.01738095362309674 0
1699263362.2527785 10.065020839000534 0.01781205162476673 0
1699263362.3263533 10.172763996250257 0.018891262498504837 0
1699263362.7359872 10.203550104277362 0.019085578356422196 0
1699263362.830719 10.251884549878563 0.019324550313974863 1
1699263362.948208 10.275775360469401 0.01943622903377692 0
1699263363.0386486 10.42031455429405 0.02076435476200987 0
1699263363.4841914 10.615110975949907 0.019404358519891272 0
1699263364.0890384 10.65248858081647 0.01883836572879038 0
1699263364.1744227 10.826353649830367 0.014901599995986527 0
1699263364.7428098 10.84592718495954 0.014330431409498398 0
1699263364.8568366 10.889888225635305 0.012972327554348469 0
1699263364.9725611 11.084080102835287 0.006446842268102521 1
1699263365.4891052 11.10966362350272 0.005562589851985287 0
1699263365.576809 11.153308444454074 0.004062663042254185 0
1699263365.6916 11.301341981241812 -0.0008235608228049425 0
1699263366.2564094 11.345350469045169 -0.0021940038521176494 0
1699263366.3304608 11.35841075149193 -0.002620254074194433 1
1699263366.4082797 11.3853269023528 -0.0034916023132333537 0
1699263366.4747784 11.52435556460209 -0.007646896384116085 0
1699263366.9370098 11.673006509238046 -0.011231788854614998 0
1699263367.406729 11.705529090651734 -0.011886154820689433 0
1699263367.4938145 11.940485224568384 -0.013976111356048444 0
1699263368.091298 11.967475361504672 -0.014063224262237257 0
1699263368.1788409 11.992453847437021 -0.014069617443832502 0
1699263368.254455 12.014137325446297 -0.014208965320172576 0
1699263368.3223557 12.167641411250179 -0.014841141680948293 0
1699263368.7424397 12.191770167676854 -0.014882770833573122 0
1699263368.8314526 12.217709182094312 -0.014893238274312713 0
1699263368.9052467 12.254407058332783 -0.014863780320198564 0
1699263368.9742029 12.421917835694106 -0.014033714792626283 0
1699263369.4815407 12.62138289881115 -0.013302966164175829 0
1699263370.0300012 12.634187844995111 -0.013221496673253473 0
1699263370.0978522 12.77592873117261 -0.011898025217264702 0
1699263370.4638412 12.787351879815175 -0.011761248348801009 0
1699263370.5273464 12.798781298729526 -0.011618844068278336 0
1699263370.5850348 12.84865804663215 -0.010926207699585128 1
1699263370.6461985 12.97728764285462 -0.0088568000250214 0
1699263371.0275536 13.000598924614101 -0.008434878984669568 0
1699263371.0951042 13.012104289434575 -0.008221162869048964 0
1699263371.1611745 13.038167029604985 -0.007729699999644792 0
1699263371.2264924 13.18151886050598 -0.004922502208347849 1
1699263371.5906408 13.278001834165593 -0.002305821648912292 0
