1699251640.6680062 0.06198498079677022 0.007537972216177786 0
1699251640.9467552 0.062046932048740996 0.007570766809382731 0
1699251641.0809038 0.06339378553598198 0.007752288026319641 0
1699251641.1361682 0.06339378553598198 0.007752288026319641 0
1699251641.1699033 0.06903084739122486 0.00841594906397051 0
1699251641.212594 0.08353498791626707 0.010160176791878549 0
1699251641.2439299 0.09424312175036316 0.011456520834243936 0
1699251641.2802658 0.09424312175036316 0.011456520834243936 0
1699251641.3165724 0.11175580427017956 0.013522240536143194 0
1699251641.3644316 0.11175580427017956 0.013522240536143194 0
1699251641.3985643 0.12285179300985188 0.014787818347925627 0
1699251641.448566 0.13269516894242575 0.015868694611997258 0
1699251641.498637 0.13826971564768903 0.016462367395067706 0
1699251641.550102 0.1447622235437325 0.017138361233830866 0
1699251641.6005576 0.15196866527095154 0.01787016807694525 0
1699251641.6515067 0.17117841749173396 0.019688604280418055 0
1699251641.700289 0.18295544829944368 0.02074510337315342 0
1699251641.7539976 0.18886809620472278 0.02126386332204443 0
1699251641.8097029 0.19519275144011808 0.021785925539869692 0
1699251641.8532913 0.20761976499214177 0.022784040001278174 0
1699251641.9025874 0.21943524403523193 0.023678111577318448 0
1699251641.9528675 0.22504050951514593 0.02408428451861537 0
1699251642.0020773 0.23087326007165662 0.02449356465456787 0
1699251642.0523486 0.24282798665937294 0.02529644982713566 0
1699251642.103836 0.25473390546143043 0.02604806545614684 0
1699251642.154055 0.2605346213998629 0.026396542193995984 0
1699251642.2036326 0.266197045337862 0.0267227876827741 0
1699251642.2536569 0.2772806942971695 0.02732916959170526 0
1699251642.3032885 0.2885537593489584 0.027897704912081933 0
1699251642.3537552 0.29420656597013384 0.02816476755692796 0
1699251642.405672 0.29991611507277544 0.028421735427315582 0
1699251642.4537344 0.30531211654278706 0.028652897275984874 0
1699251642.5047235 0.3161668855109199 0.029084897414785163 0
1699251642.5559037 0.3268023628032383 0.02946725552264008 0
1699251642.6062381 0.3322602693629248 0.02965073386202102 0
1699251642.655947 0.3375652665841338 0.029819330976113313 0
1699251642.706142 0.3483769616696588 0.030150776396518007 0
1699251642.757528 0.35879486909037317 0.030427249968755742 0
1699251642.8098953 0.36403711103643016 0.03055193576841128 0
1699251642.860049 0.3691158826292591 0.030662855522480187 0
1699251642.9108818 0.3794352258019111 0.03086071260840393 0
1699251642.9604099 0.38969326683208066 0.031021389680231964 0
1699251643.0100129 0.39492844310290964 0.031089985863582224 0
1699251643.0626295 0.3999237287501891 0.031147153125364004 0
1699251643.1129317 0.4100047409734531 0.031237682913000202 0
1699251643.1646595 0.41986097692855745 0.03129222021594402 0
1699251643.2148576 0.4249954219664987 0.03130773625904914 0
1699251643.2656403 0.43490388126685564 0.03131261951991079 0
1699251643.3214374 0.4448132563769585 0.031284366452824945 0
1699251643.3713505 0.4496593179916566 0.03125874426004681 0
1699251643.4267163 0.4594385202850699 0.03118345273369656 0
1699251643.4751737 0.4642753256987216 0.031134555782588107 0
1699251643.5244308 0.4692494393240883 0.031076641520825087 0
1699251643.5745845 0.47874485229062613 0.030947863114540057 0
1699251643.6249974 0.4882122875367575 0.03079496069263746 0
1699251643.6742795 0.4928521904446867 0.03071325143692801 0
1699251643.724799 0.49765071382016585 0.030623965305162128 0
1699251643.7754796 0.5023378197949062 0.030531176635161163 0
1699251643.8253489 0.5118221693403348 0.030329834181719938 0
1699251643.8761232 0.5209865554642904 0.03010859878737992 0
1699251643.9256506 0.5256423969252586 0.029987857160300332 0
1699251643.9757483 0.5301751875277084 0.029864250330196202 0
1699251644.0252979 0.5439407934347924 0.029456075446766677 0
1699251644.0759237 0.548499054470907 0.029310486982892948 0
1699251644.1261947 0.5531474401796558 0.029157889694541916 0
1699251644.1787505 0.5576116224532024 0.02900483904663158 0
1699251644.2301896 0.5666405193289908 0.028679799695443504 0
1699251644.2794232 0.5755144180396752 0.02833894210103493 0
1699251644.32897 0.5801162853263837 0.028154355301842272 0
1699251644.3788764 0.5845550429757541 0.027971164707913273 0
1699251644.4301672 0.5978983157817966 0.02739078204174482 0
1699251644.4792128 0.6022559757364438 0.027191633754759335 0
1699251644.529198 0.6067623005056086 0.02698096105718825 0
1699251644.5818226 0.6111498848956032 0.026771315175792676 0
1699251644.6298604 0.6155396684561976 0.026557068160152433 0
1699251644.680267 0.6286485444243516 0.025893342232057585 0
1699251644.7331765 0.6330675791153212 0.025661860447896045 0
1699251644.7837098 0.641666311039936 0.025207094433662536 0
1699251644.8344605 0.646069195521442 0.024968640314068875 0
1699251644.8853853 0.6545209118660008 0.024504800828150465 0
1699251644.9376197 0.6630490280481373 0.02402598652764508 0
1699251644.9859235 0.6671879581410125 0.023787124507731218 0
1699251645.0358777 0.6715238969835796 0.023533689754023097 0
1699251645.0859947 0.6757473086749543 0.02328400477657037 0
1699251645.1362941 0.6843254997243757 0.02276905861228174 0
1699251645.185987 0.6926236695275875 0.02226062219408221 0
1699251645.2395117 0.6968696492282804 0.021996549810683143 0
1699251645.2899559 0.7009748195362525 0.02173897229581011 0
1699251645.3398833 0.7135065591788151 0.020939033336654218 0
1699251645.3941941 0.7176691821498399 0.020669148902127878 0
1699251645.441963 0.72603218797931 0.020120665289007633 0
1699251645.491852 0.730119730458468 0.019849364954981564 0
1699251645.5411706 0.7384343263774674 0.019291825172994024 0
1699251645.5912795 0.7425474765488599 0.019013202327695343 0
1699251645.6415262 0.7508350802874391 0.018446253442055024 0
1699251645.6926682 0.7548990863632176 0.018165708766865258 0
1699251645.74204 0.7590816032760997 0.01787528484642156 0
1699251645.793534 0.767220231736743 0.017305650962846454 0
1699251645.843313 0.7754382509114771 0.016724889189101335 0
1699251645.8928578 0.7794758164110925 0.01643849285727047 0
1699251645.9428349 0.783612221736386 0.016143781104653313 0
1699251645.9938653 0.7876235657877909 0.015860848419804053 0
1699251646.0458295 0.7997225976775538 0.01500481141966051 0
1699251646.0964615 0.8037073301094246 0.014723538914701533 0
1699251646.144977 0.8077903522790878 0.01443640498617455 0
1699251646.1945179 0.8117557542671743 0.014158352663356024 0
1699251646.2445724 0.8197612388300257 0.01359770250790949 0
1699251646.29448 0.8276065681177226 0.013037648539937052 0
1699251646.3450603 0.8316575759664825 0.012748337734736215 0
1699251646.3989215 0.8356216102970749 0.01246633169578437 0
1699251646.446168 0.8475296974001888 0.011615772889638548 0
1699251646.4975317 0.8514334272501122 0.011336629643784355 0
1699251646.5473592 0.8554439463745074 0.011049760444061205 0
1699251646.5971446 0.8633064257737711 0.010487270136168273 0
1699251646.6495175 0.8673588501186628 0.010197419283723193 0
1699251646.6986327 0.8751508047207653 0.009640506438387545 0
1699251646.7481942 0.883028845899611 0.00907814698390003 0
1699251646.7978573 0.8869053800044759 0.008801760176406057 0
1699251646.8488002 0.8909185036977412 0.008515888838473883 0
1699251646.899136 0.8987288418711217 0.007960499220709953 0
1699251646.94949 0.9066216721651054 0.00740069666684248 0
1699251647.0000238 0.9104977507406723 0.007126448818734873 0
1699251647.051999 0.9144762410674825 0.006845406113527909 0
1699251647.1011305 0.918351560699992 0.00657223795891199 0
1699251647.1506822 0.9262155756920788 0.0060198836231401005 0
1699251647.2008317 0.9339563890163074 0.005479999218801223 0
1699251647.2519798 0.9379199235455332 0.005205374149698307 0
1699251647.3012276 0.9417630589336884 0.004941758657301114 0
1699251647.351485 0.9456109379270652 0.004684181863649938 0
1699251647.401325 0.9571752009053833 0.003907883443823249 0
1699251647.4513466 0.961095724468642 0.003649839550316306 0
1699251647.5018568 0.9649050750482263 0.0034016416055948537 0
1699251647.551724 0.9726210482302567 0.0029040943056668914 0
1699251647.6016023 0.9801374979132 0.002417921747635458 0
1699251647.6518185 0.9878686208812885 0.0019253374085069007 0
1699251647.7022219 0.9916796090016867 0.0016835776680830567 0
1699251647.7523847 0.9955684262079362 0.0014383190457753093 0
1699251647.8027492 1.0031265966426528 0.0009651842276313259 0
1699251647.855342 1.01079113505748 0.0004905607499002564 0
1699251647.9043682 1.0145905867581013 0.00025719336784001346 0
1699251647.9542549 1.0184975906022533 1.861388782858377e-05 0
1699251648.0056717 1.0260813859118756 -0.00044038980539862937 0
1699251648.0556362 1.033738535939056 -0.000898242984546457 0
1699251648.105244 1.0375126006743094 -0.0011218137740713042 0
1699251648.156805 1.0413957259894957 -0.0013503700629294482 0
1699251648.2061882 1.048957765209562 -0.0017911674805795009 0
1699251648.256167 1.0566286606625903 -0.0022323713349885867 0
1699251648.3059883 1.060409293279122 -0.0024475744652634746 0
1699251648.35619 1.0642911134418898 -0.0026669294713942207 0
1699251648.406454 1.071825553427696 -0.003087893497187813 0
1699251648.4561603 1.0794723477960162 -0.0035082340914707514 0
1699251648.5068126 1.0832433327701625 -0.0037127051998202534 0
1699251648.5570564 1.0871223905791783 -0.00392087156417388 0
1699251648.609367 1.0908797684721177 -0.004120371051208759 0
1699251648.656747 1.0984970313066669 -0.004513706184212717 0
1699251648.707937 1.105976051307116 -0.004885788609721622 0
1699251648.758001 1.109806747316275 -0.005075068476720357 0
1699251648.808612 1.113525245165235 -0.00525460510292679 0
1699251648.8587854 1.1248146548954645 -0.005781965637855155 0
1699251648.9085443 1.1284984731205805 -0.005948056986953838 0
1699251648.9587622 1.13601582767722 -0.0062911306651818495 0
1699251649.0109513 1.139738041240911 -0.006457743342425749 0
1699251649.059106 1.1435663328534216 -0.006626426588329873 0
1699251649.1092103 1.1509996492207413 -0.006948168256598204 0
1699251649.1601007 1.1585354393813165 -0.007266420611864296 0
1699251649.2096744 1.1622518503667008 -0.007420392875747167 0
1699251649.26066 1.1660777705124725 -0.007576824565140382 0
1699251649.3119702 1.1697923958137144 -0.007726834533486366 0
1699251649.3619816 1.1923210739836307 -0.008598106502846405 1
1699251649.5539384 1.1998813003539135 -0.008875748187407646 1
1699251649.6029334 1.2065945384659114 -0.009114684846181316 1
1699251649.6532764 1.2097374266018162 -0.009220301751657953 1
1699251649.7038138 1.2126947191256796 -0.009317148221801283 0
1699251649.7540913 1.2156442316686853 -0.009410442834286919 0
1699251649.8042881 1.222134861901679 -0.009601933732968316 0
1699251649.854192 1.2288833828394912 -0.00978234752688377 0
1699251649.9041808 1.235595365532584 -0.009943451134591998 0
1699251649.9543574 1.235595365532584 -0.009943451134591998 0
1699251650.0076802 1.2449866489031807 -0.010135228035764266 0
1699251650.055711 1.2481663017245 -0.010190513211558175 0
1699251650.105714 1.2514475145731663 -0.010238654793577374 0
1699251650.1556952 1.2547366331893484 -0.010285963883177119 0
1699251650.2061143 1.2644969487307358 -0.010378121787520077 0
1699251650.2559762 1.2677651649061086 -0.010401050694583703 0
1699251650.3141956 1.2741893699992661 -0.010432502426497323 0
1699251650.3612309 1.277594995652213 -0.010443582560664822 0
1699251650.4094903 1.284119477256632 -0.010453065753380817 0
1699251650.4591236 1.2906454909420584 -0.010441308833238254 0
1699251650.5080225 1.2938695420475628 -0.0104322756343381 0
1699251650.557562 1.2971836659566542 -0.010418545348700316 0
1699251650.6078506 1.3004785494462177 -0.010401044490399018 0
1699251650.6574254 1.3072137489009734 -0.010354070333631995 0
1699251650.7071717 1.3138987826306627 -0.010292551127306735 0
1699251650.7576423 1.3172957208566267 -0.010255614625779818 0
1699251650.8099446 1.323888807127307 -0.010173938772153182 0
1699251650.866189 1.3306197428791668 -0.010077221006748648 0
1699251650.921875 1.337424813501678 -0.00996659320669894 0
1699251650.9993284 1.3407848932459818 -0.00990751845984029 0
1699251651.057371 1.3509134634485447 -0.009712471947532768 0
1699251651.108297 1.3542621753779274 -0.009642555538273437 0
1699251651.1685233 1.361123829562203 -0.009491368285252594 0
1699251651.2366152 1.3645096890283857 -0.009412933776299757 0
1699251651.3019762 1.3782993745919565 -0.009067585904050544 0
1699251651.3769367 1.3816934672555754 -0.008976558643579899 0
1699251651.4447012 1.385099703229893 -0.00888311171884908 0
1699251651.4960032 1.395460700148743 -0.008582952527051305 0
1699251651.5511856 1.4024244803792139 -0.008366963444890392 0
1699251651.6132445 1.4058525257615866 -0.008256424602050822 0
1699251651.6654003 1.409373167995853 -0.008139920271039089 0
1699251651.7274354 1.416205244730681 -0.007904500831672656 0
1699251651.7855847 1.4230805418237793 -0.007643360312488767 0
1699251651.8489223 1.4300263758258933 -0.007377330105167163 0
1699251651.9056692 1.4334511007585056 -0.007234272957765594 0
1699251651.960211 1.4403984527087141 -0.006946124720497721 0
1699251652.0161197 1.447242221662859 -0.006652376890331096 0
1699251652.082668 1.454212014748788 -0.006344921195882408 0
1699251652.1452365 1.4576538558079513 -0.006190163124205601 0
1699251652.2003033 1.468115876295176 -0.005709331764061083 0
1699251652.2750328 1.4751438188415422 -0.005378535728543794 0
1699251652.3299341 1.4786097260758473 -0.005213244128978049 0
1699251652.3865807 1.482180763611307 -0.0050416718389431035 0
1699251652.450837 1.49270263437125 -0.004529109402363717 0
1699251652.5056398 1.499667756606493 -0.004184715927861682 0
1699251652.5668437 1.5032664255704344 -0.004005403071261536 0
1699251652.6208456 1.5067610001772962 -0.0038305546865004046 0
1699251652.669253 1.5138617431014514 -0.0034731025093069686 0
1699251652.729263 1.5208600190743435 -0.0031183285072322047 0
1699251652.7845275 1.527979945208371 -0.0027551077971337983 0
1699251652.8444335 1.5314923085166066 -0.0025751581263675164 0
1699251652.900044 1.5386379610089558 -0.002207782051830381 0
1699251652.9627318 1.5457902104252672 -0.0018385778194835065 0
1699251653.0161178 1.549316362030322 -0.0016560684241437036 0
1699251653.0753667 1.5564758517272548 -0.0012846627565839491 0
1699251653.1298287 1.5635293985829704 -0.0009180493672695641 0
1699251653.188221 1.5706792767544238 -0.0005446580880410401 0
1699251653.2496572 1.5741804108089459 -0.0003634654705893082 0
1699251653.3107877 1.5847587299515344 0.00021089683106416702 0
1699251653.3700953 1.5918851762827424 0.000601146657945845 0
1699251653.4275765 1.595415665531075 0.0007957920877945319 0
1699251653.4814649 1.599030442930815 0.0009936068134172487 0
1699251653.538656 1.6060104777764388 0.0013752540278726421 0
1699251653.5938692 1.613130763932935 0.0017632047421913648 0
1699251653.6521683 1.616661929096989 0.0019550692683426426 0
1699251653.7049642 1.6238777011403212 0.0023455672833629917 0
1699251653.7632427 1.6310868787121031 0.0027333960377970176 0
1699251653.8268654 1.6381548349766744 0.0031111786947593447 0
1699251653.8852618 1.641790643224054 0.0033044870500175635 0
1699251653.9395227 1.6453280119341953 0.0034918358409193793 0
1699251653.9950635 1.6561052169653185 0.004058123036928582 0
1699251654.0501919 1.663354762527666 0.0044346606857697465 0
1699251654.1131666 1.6669270171905286 0.004618700462644344 0
1699251654.1686132 1.6704842107367015 0.004800920902103048 0
1699251654.225283 1.6777093685325761 0.005167811961861019 0
1699251654.2785661 1.6849447798322819 0.0055304394880828734 0
1699251654.3362193 1.6921109745627316 0.005884617019314394 0
1699251654.394957 1.6958062435863397 0.0060651763252824635 0
1699251654.4497669 1.7029826920691589 0.006411678482136996 0
1699251654.5122652 1.7102469932375 0.006756780790489683 0
1699251654.563932 1.7175091859249625 0.0070964454752725555 0
1699251654.627479 1.7246551631416263 0.007426915045670955 0
1699251654.6810176 1.7283240128756732 0.0075912278667866415 0
1699251654.7323618 1.735382769687626 0.00792205016181973 0
1699251654.7888474 1.7570051861799305 0.00892445914370338 1
1699251654.988757 1.7570051861799305 0.00892445914370338 1
1699251655.0371866 1.7757918095650305 0.009725896058229582 1
1699251655.189772 1.7779067626991432 0.009810383648768012 1
1699251655.2407422 1.7797527627703174 0.00988413114507603 1
1699251655.2910006 1.7877464842539887 0.010221086046744791 1
1699251655.4565804 1.789297823857253 0.010289101386218955 1
1699251655.504846 1.793906854680386 0.010499577438843073 1
1699251655.5548131 1.8038713719211936 0.011004541712781158 0
1699251655.7915719 1.8132077805351015 0.011533086976308268 0
1699251656.012186 1.8164020129803045 0.011724966852579573 0
1699251656.0621037 1.8317401394712134 0.01268874217332338 0
1699251656.283671 1.8317401394712134 0.01268874217332338 0
1699251656.3337626 1.8363097877313692 0.0129890965253875 0
1699251656.3835018 1.8511137275076968 0.013993542253181859 0
1699251656.621321 1.853285056882999 0.01414461799283273 1
1699251656.6707811 1.8574953685386812 0.014440354379232783 1
1699251656.7211273 1.8743611942419158 0.015660705244101788 0
1699251656.9456987 1.8791817867708593 0.016020564132964533 0
1699251656.99768 1.881685766369895 0.016209606947305843 0
1699251657.0489938 1.8984978922569402 0.017528201941482812 0
1699251657.267763 1.8984978922569402 0.017528201941482812 0
1699251657.3177724 1.9033905739210164 0.017918122586670023 0
1699251657.3674083 1.9197644969834942 0.019226513816312907 0
1699251657.582971 1.9224933870018146 0.01944536594961935 0
1699251657.6325169 1.9280396758450569 0.01989027990178887 0
1699251657.6825097 1.9497361601393655 0.021613480826975322 1
1699251657.9114048 1.9525239726622745 0.021832845260110954 0
1699251657.9601989 1.9553051780279558 0.022051233514843876 0
1699251658.0100696 1.9582090364670566 0.02227844023602624 0
1699251658.0603669 1.9789729385318726 0.023876351512773158 0
1699251658.281713 1.9848374682800785 0.02431837475971272 1
1699251658.3312614 1.9907257688021096 0.024757402632370487 0
1699251658.3814504 1.9936940209012883 0.02497646596587957 0
1699251658.4375923 2.01495393838762 0.026501749493998195 1
1699251658.665889 2.0179583236505008 0.026710907013271515 1
1699251658.715384 2.0209404301697083 0.026916838627493896 1
1699251658.765206 2.026874500107105 0.027322522738437535 1
1699251658.8155508 2.0493939215981145 0.028865518119717166 1
1699251659.0598855 2.0578095057593386 0.029444062031278403 1
1699251659.186301 2.060602359105297 0.02963587374309605 1
1699251659.222407 2.077396352799498 0.03078780508611437 1
1699251659.436221 2.08016241987141 0.03097766728437054 1
1699251659.4855397 2.085773828571802 0.03136282869215564 1
1699251659.5357916 2.0913186901801297 0.03174391494710084 1
1699251659.5859895 2.1102173439195737 0.03305377377021998 1
1699251659.809414 2.1292573640955843 0.03439072220871471 1
1699251660.0214744 2.132048275953931 0.03458826792157382 1
1699251660.0726726 2.148071037775064 0.03573408485725591 1
1699251660.2949905 2.150710051266941 0.035924824816410704 1
1699251660.346875 2.156063493383799 0.03631352667998714 1
1699251660.3967545 2.174472844817991 0.03767436647136945 1
1699251660.6227636 2.179768917337638 0.03807372267525392 1
1699251660.674939 2.182336210650516 0.03826874991688519 1
1699251660.7226784 2.1847042962446035 0.038448473096169944 1
1699251660.7726586 2.2006063894577066 0.039719094787953296 1
1699251660.9972289 2.2166798185231937 0.04111004068674708 1
1699251661.2133496 2.2189797325415412 0.041314416093883165 1
1699251661.262229 2.234414471080637 0.04273407033559496 1
1699251661.4858198 2.234414471080637 0.04273407033559496 1
1699251661.534856 2.240935103944706 0.043357917440679 1
1699251661.584838 2.2558877341177186 0.04484665682446645 1
1699251661.816789 2.2580072204588584 0.0450642029408572 1
1699251661.8666365 2.2622859955594445 0.04550837891162139 1
1699251661.9206333 2.2643222966080447 0.045722330813502216 1
1699251661.9866343 2.278549579657928 0.04726273221017132 1
1699251662.2227776 2.2927514932592574 0.04887847584871216 1
1699251662.4323044 2.2927514932592574 0.04887847584871216 1
1699251662.4812076 2.3083300045673862 0.050738439335947134 1
1699251662.7043707 2.312095147367961 0.05120308334965989 1
1699251662.7536633 2.3139891678435016 0.051439014867645176 1
1699251662.8035362 2.3254774695143863 0.05291176200694689 1
1699251663.0217597 2.327098280823816 0.053125596430526084 1
1699251663.073462 2.3287530544015618 0.05334555176649508 1
1699251663.1207678 2.339441069373581 0.05481063607811335 1
1699251663.3505862 2.3424612762358024 0.05524005655064125 1
1699251663.4026737 2.345334151030894 0.055653699662248396 1
1699251663.453679 2.3467563086714205 0.05586417026508845 1
1699251663.5036492 2.354876221829011 0.0570889837807883 1
1699251663.7147293 2.363914059129617 0.05854427464644504 1
1699251663.9282224 2.365198874456533 0.0587564288615507 1
1699251663.9784777 2.3740282594147097 0.060255723884913605 1
1699251664.2115512 2.376503235411927 0.06068899146758459 1
1699251664.2623265 2.3777703362281444 0.060913136426467514 1
1699251664.3124442 2.3801019976788327 0.06133035229919695 1
1699251664.3626792 2.3871019374672033 0.06261363337245711 1
1699251664.5897057 2.388293860132535 0.06283693297071893 1
1699251664.639051 2.389451243972098 0.06305508605247774 1
1699251664.6902802 2.3915840123437238 0.06346203361174943 1
1699251664.7402327 2.3991018840182465 0.06494313435100026 1
1699251664.9684525 2.404659523010033 0.06608531490120963 1
1699251665.1696694 2.405601910378005 0.06628300129095312 1
1699251665.2189968 2.410529211094786 0.06734644104527887 1
1699251665.435389 2.411209321924951 0.06749655995486008 1
1699251665.4853902 2.4119090269692505 0.06765191093872186 1
1699251665.53516 2.4125308487100123 0.06779121478538713 1
1699251665.5853345 2.4167504191100506 0.06875793032883663 1
1699251665.8010907 2.417955003407752 0.06904074119848974 1
1699251665.8506808 2.4190482238640243 0.06930155903900344 1
1699251665.9006467 2.4195442660465982 0.06942064941647068 1
1699251665.956404 2.422850103679552 0.0702313738295699 1
1699251666.1854768 2.426047390193579 0.0710413037910195 1
1699251666.4097338 2.4264954999992514 0.0711567415873892 1
1699251666.459973 2.4280286257849752 0.07156861926534115 1
1699251666.6766858 2.428260785046751 0.07163230388396646 1
1699251666.7262423 2.428705467548772 0.07175556705939547 1
1699251666.7757883 2.4293293595977747 0.07195301982956633 1
1699251666.997124 2.429398185141657 0.07197561283424034 1
1699251667.0461164 2.4294658528283053 0.07199804878112424 1
1699251667.0973644 2.4294466062488405 0.07199704884655043 1
1699251667.1475875 2.4289924402096346 0.0719031867537123 1
1699251667.3787615 2.428929566902501 0.0718895463675361 1
1699251667.4276533 2.4288697631377727 0.07187666437880351 1
1699251667.4776278 2.428607689557723 0.07180978103549193 1
1699251667.5319278 2.427726092568787 0.0715784288497034 1
1699251667.7470338 2.4275814656526093 0.07153988894401167 1
1699251667.7965922 2.427436815187308 0.07150117032345232 1
1699251667.8468525 2.4268431881639008 0.0713365467228045 1
1699251667.8965533 2.425409916440003 0.07092600474450865 1
1699251668.1118534 2.4249292210560593 0.07078595589066904 1
1699251668.1609426 2.4246903112721396 0.07071590606858726 1
1699251668.2111464 2.4244300862430377 0.07063921663961413 1
1699251668.261315 2.4223323519829525 0.07000738284373696 1
1699251668.470222 2.4206572742650625 0.06948593943151175 1
1699251668.6879938 2.420368891792125 0.06939476449163517 1
1699251668.7395563 2.417016770795695 0.06829518514759837 1
1699251668.9627898 2.4165254755855017 0.06813144749947257 1
1699251669.0144322 2.4160218126750963 0.06796304280414157 1
1699251669.0630257 2.412287147159313 0.06669296701175192 1
1699251669.2686357 2.412287147159313 0.06669296701175192 1
1699251669.3192165 2.410656428857784 0.0661271825593766 1
1699251669.368739 2.4100696917696154 0.06592186534732512 1
1699251669.4198625 2.4057562709118154 0.06438587559404327 1
1699251669.6379652 2.4051452628841927 0.06416488650618882 1
1699251669.6879992 2.4038979964969767 0.06371117961312327 1
1699251669.7379122 2.3991564760888338 0.06195311726082003 1
1699251669.9664805 2.3984830277687217 0.0616993846568373 1
1699251670.016191 2.3977923228928946 0.06143817596927517 1
1699251670.0671191 2.39283772387568 0.05953322242501908 1
1699251670.2909727 2.3922070867070357 0.05928591080831625 1
1699251670.340356 2.391594546171731 0.05904465835287641 1
1699251670.3909564 2.3904606311709595 0.05859632239253918 1
1699251670.441112 2.3873089454872374 0.05732925657051033 1
1699251670.6598437 2.3835819737209385 0.05578520582974543 1
1699251670.878471 2.3824404056355255 0.0553027166077472 1
1699251670.9280806 2.37797005429416 0.05336828586961259 1
1699251671.165985 2.3773379725781663 0.05308887307064744 1
1699251671.2150323 2.376695771635213 0.052802809567294426 1
1699251671.2650738 2.3718274834677433 0.050618164112154376 1
1699251671.4875667 2.3718274834677433 0.050618164112154376 1
1699251671.5371382 2.3705324071203306 0.05002598776473435 1
1699251671.590174 2.3656635314782886 0.04774451903722667 1
1699251671.8082862 2.3649589789434926 0.04740823027310855 1
1699251671.8576896 2.3634902438444554 0.04670217439012089 1
1699251671.9075556 2.357995828071025 0.04400195388795872 1
1699251672.1538808 2.3572207629417306 0.04361424536701922 1
1699251672.20313 2.3564459320450486 0.043225005302978216 1
1699251672.2534702 2.3486845504157987 0.0392555386276506 1
1699251672.4801679 2.3486845504157987 0.0392555386276506 1
1699251672.5306184 2.3476962184544 0.03874249470920678 1
1699251672.5808873 2.3394934540703676 0.03443578281979212 1
1699251672.78739 2.3384759997999813 0.033897106305410346 1
1699251672.836872 2.336384403996109 0.03278546628764987 1
1699251672.8874872 2.3353464330783305 0.0322330197410636 1
1699251672.9387114 2.3279569364130364 0.02828228605181158 1
1699251673.1588364 2.3218002568935354 0.024966324021949853 1
1699251673.3811173 2.3207712066414237 0.02440770051662595 1
1699251673.4315152 2.313288929785692 0.020327914190424397 1
1699251673.6543214 2.31218714672785 0.01972711901240695 1
1699251673.7059147 2.3100427911233252 0.018557633521520924 1
1699251673.7571907 2.3023009262948637 0.014344851798378353 1
1699251673.9731116 2.3001096477060416 0.013157919708023765 1
1699251674.0224636 2.2989760525172587 0.01254467883302816 1
1699251674.0746973 2.2967550026728776 0.011344520400469108 1
1699251674.1302328 2.2899833527756916 0.007710879094479068 1
1699251674.3455255 2.2819868936178196 0.0034733255490122053 1
1699251674.568587 2.2808535765107107 0.0028760825895002896 1
1699251674.6180434 2.2738888943065323 -0.0007730842821036931 1
1699251674.821462 2.2715382673932414 -0.001992611930353462 1
1699251674.8730261 2.2692162195839924 -0.00319139325700678 1
1699251674.9248693 2.2680181710614256 -0.0038072701655578285 1
1699251674.975413 2.259790135285077 -0.007984563928944144 1
1699251675.1935635 2.259790135285077 -0.007984563928944144 1
1699251675.2429395 2.257408099066143 -0.009176111944082108 1
1699251675.2929776 2.2479324038170354 -0.013832963887071125 1
1699251675.5135505 2.2479324038170354 -0.013832963887071125 1
1699251675.5638433 2.2455399552050386 -0.014985470009315644 1
1699251675.6137311 2.2374357398297717 -0.01877204317362724 1
1699251675.8387058 2.23634081967666 -0.019274049574136 1
1699251675.8889806 2.235270962669118 -0.019765250335709666 1
1699251675.938608 2.2268724353734246 -0.0234993742347905 1
1699251676.1675067 2.225641044847167 -0.024034784802809146 1
1699251676.216734 2.2232490775422606 -0.025064946472869307 1
1699251676.2666552 2.2208741473395994 -0.02607474425590283 1
1699251676.317504 2.2126557131697724 -0.029469629326897333 1
1699251676.534702 2.211454117275674 -0.029953142877328996 1
1699251676.5843492 2.2102899045320745 -0.030418472802140484 1
1699251676.6343617 2.203298865717968 -0.03314870994979604 1
1699251676.8489594 2.2009589353063843 -0.03403817918826389 1
1699251676.8990946 2.19866386369664 -0.034895296862247675 1
1699251676.9516177 2.1974991568823317 -0.03532568709269195 1
1699251677.0027575 2.1895073917414423 -0.038226695370148875 1
1699251677.217181 2.1895073917414423 -0.038226695370148875 1
1699251677.2652965 2.18606104717988 -0.03944301735351747 1
1699251677.3150756 2.1803104716819597 -0.04142401184281752 1
1699251677.5288267 2.1780299459262205 -0.04219318224955813 1
1699251677.5789933 2.1757121269857067 -0.04296552328110649 1
1699251677.6297731 2.1745770684705445 -0.043340386693363445 1
1699251677.679243 2.166543108161028 -0.045930417553533026 1
1699251677.9008946 2.158495013110983 -0.04841841430367685 1
1699251678.112444 2.158495013110983 -0.04841841430367685 1
1699251678.1632392 2.150485537192597 -0.050790471032696176 1
1699251678.382079 2.1481798396181824 -0.051454624662347334 1
1699251678.4317093 2.145877280931785 -0.052109666369348426 1
1699251678.4819257 2.14474508995798 -0.05242875165574637 1
1699251678.5317345 2.1367462034016946 -0.05462765774049822 1
1699251678.7492962 2.1355747651522456 -0.054941749689229866 1
1699251678.8033845 2.134436705530143 -0.05524498676595248 1
1699251678.848797 2.1263977557796454 -0.057333769585825034 1
1699251679.0840378 2.124076984788076 -0.05791997544626931 1
1699251679.133434 2.1217617444515606 -0.058497961870414006 1
1699251679.183263 2.1206235296527303 -0.05878128256241226 1
1699251679.2335787 2.1125721707003837 -0.060739457106349676 1
1699251679.4721713 2.1113906402858587 -0.06101994344601831 1
1699251679.5221207 2.1102427755356468 -0.06129137413314141 1
1699251679.5729282 2.1079175032949933 -0.06183676305234313 1
1699251679.6233184 2.0998428079954468 -0.06367679844965889 1
1699251679.845335 2.091727402513615 -0.06544463626172053 1
1699251680.0637393 2.090540395971676 -0.06569642128435245 1
1699251680.1135585 2.0824953738238206 -0.06735532751856345 1
1699251680.3337553 2.0813589033642894 -0.06758304087563612 1
1699251680.3831913 2.0801887077398042 -0.06781574789867337 1
1699251680.4332252 2.077927531961477 -0.06825972056647771 1
1699251680.484289 2.069108125011155 -0.06990314521770637 1
1699251680.7191567 2.0680198658923055 -0.070099945110364 1
1699251680.7686036 2.0668857661948814 -0.07030159640152939 1
1699251680.8192427 2.06466181608873 -0.07068977404686773 1
1699251680.8703485 2.056861182811733 -0.0720036697334427 1
1699251681.1117618 2.054658583417869 -0.07236440207183965 1
1699251681.1614792 2.0535200495324037 -0.07254866890238164 1
1699251681.2136898 2.045557163247872 -0.07379761384812455 1
1699251681.4571097 2.0444283138217716 -0.07396934218397436 1
1699251681.5066361 2.0421328876814893 -0.0743147722037626 1
1699251681.5570977 2.0340350997960277 -0.07549237640307038 1
1699251681.7903738 2.0316980144491246 -0.07582099079042555 1
1699251681.8391538 2.0305436337509963 -0.07598141130759645 1
1699251681.8889067 2.0222950885909743 -0.07709471980188667 1
1699251682.1039484 2.0222950885909743 -0.07709471980188667 1
1699251682.153996 2.0187551754160875 -0.0775556727570022 1
1699251682.2046955 2.011633597448915 -0.07845347869525515 1
1699251682.4339542 2.0092766204211325 -0.07874253983964538 1
1699251682.4826133 2.0080612993111893 -0.07889003140249105 1
1699251682.5329525 1.9997072628116226 -0.07987609440615721 1
1699251682.751382 1.9985210363323616 -0.08001233385178011 1
1699251682.8007007 1.9961100965266314 -0.08028634175113643 1
1699251682.8507667 1.993699973148126 -0.08055640349893074 1
1699251682.9010694 1.9852974044496634 -0.08146978958962352 1
1699251683.122854 1.9780525913140536 -0.0822232840612348 1
1699251683.3336246 1.9768545393194323 -0.08234498521619515 1
1699251683.383105 1.969572824548563 -0.08307092560756456 1
1699251683.5858054 1.9683316189803588 -0.08319219140845768 1
1699251683.6349564 1.964675713525712 -0.08354497937985297 1
1699251683.699694 1.9573399083730345 -0.08423346745531628 1
1699251683.919134 1.954910929993799 -0.08445576410147725 1
1699251683.969366 1.953657204823728 -0.08456941262786012 1
1699251684.0192466 1.9462719406016993 -0.08522455074705139 1
1699251684.237001 1.9450506704466928 -0.08533047263232137 1
1699251684.285958 1.9425699163535535 -0.08554347029672497 1
1699251684.3363907 1.9339513625323215 -0.08626057716423723 1
1699251684.5543501 1.9314707400538815 -0.08646037922248713 1
1699251684.6034951 1.930248618387623 -0.08655770047560385 1
1699251684.6534724 1.9228539414415653 -0.0871316332351744 1
1699251684.8640027 1.9216360107142405 -0.08722388876270189 1
1699251684.9139273 1.9191606995892467 -0.087412158053316 1
1699251684.963797 1.916679108826167 -0.08759346973392632 1
1699251685.0141094 1.9084035738743725 -0.08817810136700517 1
1699251685.233578 1.9024641383013607 -0.08857886534487874 1
1699251685.4482276 1.900113857647472 -0.08873371808425755 1
1699251685.498455 1.8914868646700926 -0.0892814972528794 1
1699251685.7270954 1.8902661044391664 -0.0893565923563218 1
1699251685.776562 1.889042387818475 -0.08943124423773316 1
1699251685.8288183 1.8802715865692134 -0.08994926583859583 1
1699251686.0488439 1.8790297487394858 -0.09002035036230709 1
1699251686.098573 1.8765045526848383 -0.09016319972919694 1
1699251686.1489308 1.867647947020897 -0.09064698238508737 1
1699251686.3646624 1.866390238874438 -0.09071357561429097 1
1699251686.4136922 1.8638327157522507 -0.09084737357122132 1
1699251686.4638546 1.8561516699664216 -0.09123687771770261 1
1699251686.6861534 1.8548814693223825 -0.09129959289388068 1
1699251686.7349515 1.8523005600619749 -0.09142556486856361 1
1699251686.784925 1.8497166068803368 -0.09154972947819241 1
1699251686.8357508 1.8407027009826467 -0.09196777407398617 1
1699251687.0673602 1.8329369234692878 -0.09230984804625758 1
1699251687.2858624 1.831653174175924 -0.09236482216311825 1
1699251687.3355973 1.822521996091099 -0.09274399880090953 1
1699251687.5535882 1.8212308935780581 -0.0927960688723931 1
1699251687.6030443 1.8186067692341306 -0.09290070543212377 1
1699251687.6532273 1.816015691260608 -0.09300233419285178 1
1699251687.708085 1.8068339983691484 -0.09335276747967924 1
1699251687.9240735 1.8055374764741943 -0.09340127664196837 1
1699251687.9745386 1.8042486492379164 -0.0934491361462657 1
1699251688.0240555 1.7953971200958354 -0.0937725324700461 1
1699251688.2518942 1.794149118320803 -0.09381845837219378 1
1699251688.3011136 1.7916295788324876 -0.09391131979791123 1
1699251688.3510423 1.7893158957824762 -0.09399638209057552 1
1699251688.4010882 1.7812732593975902 -0.09430833513031885 1
1699251688.6273904 1.774450817319169 -0.09459866297556768 1
1699251688.8307955 1.7733273903591027 -0.0946490428016531 1
1699251688.8801036 1.7662519245059929 -0.09498954597888098 1
1699251689.0973928 1.7652259429146915 -0.09503989728894541 1
1699251689.1470008 1.7642322611774415 -0.09509115392878695 1
1699251689.2019904 1.7622712029897716 -0.09519392770399583 1
1699251689.2478976 1.7560331986452604 -0.09555571197304825 1
1699251689.4684434 1.7552195327741897 -0.09560174844244398 1
1699251689.517232 1.7544369972432856 -0.09565017162614095 1
1699251689.567366 1.7536515051864698 -0.09570520372775153 1
1699251689.6175675 1.7467781573535528 -0.09616339559184345 1
1699251689.8449848 1.7447715906789056 -0.09630998593389845 1
1699251689.8939831 1.742824794569277 -0.09645791429648579 1
1699251689.9442856 1.7365552763512575 -0.09698323530167972 1
1699251690.1606812 1.735670112145808 -0.09706318036342686 1
1699251690.2105608 1.7347641735358479 -0.0971464000373435 1
1699251690.2606642 1.7288622156679014 -0.09772703155009181 1
1699251690.4824913 1.7288622156679014 -0.09772703155009181 1
1699251690.5317109 1.72637085658441 -0.09799242494787595 1
1699251690.5821552 1.7247458026709677 -0.09817240208865351 1
1699251690.632694 1.7207377398004198 -0.09864059487827975 1
1699251690.8318827 1.7150740733454497 -0.09936080419995268 1
1699251691.0551705 1.713474001220586 -0.0995766982556682 1
1699251691.104049 1.7088302618498208 -0.10023480609945955 1
1699251691.316681 1.7080428845763074 -0.10035158459978295 1
1699251691.3658226 1.7065342332621622 -0.1005793450078343 1
1699251691.418108 1.7020570589278043 -0.10128907482914606 1
1699251691.6361544 1.700558722048618 -0.10153830133846631 1
1699251691.687832 1.699078942982401 -0.10179000748353352 1
1699251691.7374396 1.698361131383183 -0.1019141218067793 1
1699251691.7884042 1.693985157895657 -0.10270151127002845 1
1699251692.001143 1.6889004540924486 -0.10368204038103274 1
1699251692.228762 1.6881594682925194 -0.10383089607250076 1
1699251692.2780015 1.6831369149512307 -0.10488429406469262 1
1699251692.48412 1.6831369149512307 -0.10488429406469262 1
1699251692.5344741 1.6810158274499225 -0.10535369450992797 1
1699251692.584361 1.6775697845828461 -0.1061480887889087 1
1699251692.8004532 1.6762115133544386 -0.10647278905800217 1
1699251692.849933 1.6748275688926997 -0.10681053207028048 1
1699251692.9001207 1.6701131061516987 -0.1080128528807546 1
1699251693.1115913 1.6694265835543918 -0.10819496512344896 1
1699251693.1604955 1.668769698839475 -0.10837076694096993 1
1699251693.2108989 1.6681116460370644 -0.10854857608970774 1
1699251693.2611346 1.6635329847049733 -0.1098331248000446 1
1699251693.4858098 1.6597000868947902 -0.11097539827046139 1
1699251693.7011397 1.6584456992706635 -0.11136310976681099 1
1699251693.7540152 1.654178305239302 -0.11273393215461003 1
1699251693.9655032 1.653582488622091 -0.11293229688828114 1
1699251694.0141323 1.6530021214586093 -0.11312699962090515 1
1699251694.0643697 1.6490889235362656 -0.11448396448880624 1
1699251694.2791204 1.648542524794971 -0.11468021588041895 1
1699251694.3283455 1.646953908150387 -0.11525961055053607 1
1699251694.3889577 1.6440538550234889 -0.11635455919917424 1
1699251694.6175802 1.6430933097236116 -0.11672996627805003 1
1699251694.6665907 1.6426059921410303 -0.11692269807484788 1
1699251694.7178867 1.6421967255696808 -0.117084815858653 1
1699251694.7672894 1.6381701039313397 -0.1187472523635762 1
1699251695.1037269 1.6357584699805567 -0.11981345565473939 1
1699251695.3317711 1.6354207460612162 -0.11996829213645319 1
1699251695.3823366 1.6347496734914069 -0.12023344648545406 1
1699251695.5915875 1.6347496734914069 -0.12023344648545406 1
1699251695.642876 1.634865892222836 -0.12015960340035235 1
1699251695.6914687 1.634737875407443 -0.12022474088505532 1
1699251695.7418501 1.6318250686423874 -0.12170021143843616 1
1699251695.9578528 1.6318250686423874 -0.12170021143843616 1
1699251696.008238 1.6309996329690386 -0.12212913603960762 1
1699251696.0615022 1.6318099677142313 -0.12166699747140747 0
1699251696.1106648 1.6290696108628093 -0.12312036284176676 1
1699251696.3500347 1.6278341950050608 -0.12379432324683735 1
1699251696.400611 1.6254875194694074 -0.12509113248626605 1
1699251696.45081 1.62335525166502 -0.1262888884612946 1
1699251696.5009623 1.6160590082508677 -0.1305552046861876 1
1699251696.741631 1.6086545894374062 -0.13513466349912767 1
1699251696.9776692 1.6076102847406806 -0.13580028309731065 1
1699251697.027024 1.59991693990262 -0.14082878977680355 1
1699251697.2660704 1.5987915141871176 -0.14157904216989933 1
1699251697.3147385 1.5966185020863144 -0.14303845416756797 1
1699251697.3656745 1.59452724677229 -0.1444568043977479 1
1699251697.4159074 1.5874221938455364 -0.1493444774387267 1
1699251697.666962 1.5803857918521973 -0.1542757970003383 1
1699251697.9093373 1.579401006469705 -0.15497407817891523 1
1699251697.959523 1.5721357385244454 -0.1601880758843565 1
1699251698.2045138 1.5704902987600435 -0.16137299232668714 1
1699251698.2535717 1.56962820544857 -0.1620018248847154 1
1699251698.3035853 1.5626483448782171 -0.16712738928202772 1
1699251698.5424476 1.5617569112053706 -0.16778326612524513 1
1699251698.5925584 1.5608954730616458 -0.16841748831157477 1
1699251698.6423962 1.5600533201408584 -0.1690383271629511 1
1699251698.6929207 1.553293405640252 -0.17400904163751651 1
1699251698.9308329 1.5482328559222074 -0.177710158243049 1
1699251699.1487644 1.5465340647567873 -0.1789489031067842 1
1699251699.1973307 1.543268500338852 -0.18133344497731022 1
