1697188820.6694508 -0.17837628509514772 0.005770770302507757 0
1697188821.3439558 -0.12571258082781053 -0.007317488144262551 0
1697188821.7603493 -0.11850729925304222 -0.009170979339257033 0
1697188821.8215556 -0.10388655784838516 -0.012892084292327721 0
1697188821.8844998 -0.08737872002103107 -0.017345073224281547 0
1697188821.9893389 -0.07938401384054265 -0.020181616192367857 0
1697188822.0576222 -0.07230703587805022 -0.023318985704673882 0
1697188822.1178365 -0.0647922637173908 -0.027066678632083285 0
1697188822.1931858 -0.05921990289793701 -0.029825835678066927 0
1697188822.2553113 -0.053972740325727235 -0.032300927481606484 0
1697188822.3192933 -0.04503492030202533 -0.03632455711078812 0
1697188822.4235678 -0.03806956852990312 -0.0392960302330837 0
1697188822.4949424 -0.031231067614331746 -0.0420643649853191 0
1697188822.5607688 -0.025617989669029013 -0.04424673957861247 0
1697188822.6257463 -0.022705201330764944 -0.045336908557718505 0
1697188822.6839268 -0.013736637877340398 -0.04855400829939428 0
1697188822.7504866 -0.007009516254534571 -0.05087012680634968 0
1697188822.8168693 -0.0002648158082708381 -0.05306235315004799 0
1697188822.8878257 0.002971615037968643 -0.054069273626317645 0
1697188822.9496288 0.012414153754579892 -0.056834646233969284 0
1697188823.0247939 0.01899761944594123 -0.058620630066593994 0
1697188823.0965555 0.022258855776080222 -0.05946313566007898 0
1697188823.1585367 0.03232247102176849 -0.06189693644883034 0
1697188823.2200713 0.03912511954505361 -0.06340361509975653 0
1697188823.28379 0.04249299428323696 -0.0641090093489331 0
1697188823.3429127 0.049295384942276255 -0.06545460576538155 0
1697188823.3998287 0.05612773340173541 -0.06670203837443607 0
1697188823.4822128 0.0628913384155479 -0.06783625378624593 0
1697188823.5461755 0.06983841558440408 -0.06890018816853329 0
1697188823.6083813 0.07327433856913565 -0.06938960289757208 0
1697188823.6760943 0.08367925294528954 -0.07072817792560741 0
1697188823.7420843 0.09065035574946279 -0.07150964706743528 0
1697188823.8000126 0.09406394090767045 -0.07187228134046497 0
1697188823.8657022 0.10448691738564868 -0.07283061107738613 0
1697188823.9271593 0.11155515982179715 -0.07335969077011928 0
1697188823.9907763 0.11502998078090099 -0.0735929888114947 1
1697188824.0577154 0.12200417501911437 -0.07399530739743558 1
1697188824.1230621 0.13070061671758446 -0.07439811880206675 1
1697188824.1813416 0.13540421871181244 -0.07459720243851842 1
1697188824.264935 0.13376791768576643 -0.07452395090847086 1
1697188824.3267307 0.1255612171806486 -0.0741561766620216 0
1697188824.388142 0.10699365658641967 -0.07350121395808805 0
1697188824.458118 0.10151921063032526 -0.07341526912905182 0
1697188824.5231845 0.09157439173656604 -0.07343345688929562 0
1697188824.5882473 0.08941145341768371 -0.07346522880993042 0
1697188824.6472208 0.08457449477981405 -0.07354436845312884 0
1697188824.7132418 0.08068038223895074 -0.07363383450602727 0
1697188824.7768602 0.06932333620610898 -0.07388187450048803 0
1697188824.8354282 0.06634719015899763 -0.07392349473891278 0
1697188824.896394 0.06563993420258185 -0.07393311961512977 0
1697188824.9542727 0.058878381802955446 -0.07421189329457249 0
1697188825.0225222 0.055765070662444266 -0.07438829519436063 0
1697188825.0821226 0.05092112502402468 -0.07468952510652274 0
1697188825.1590278 0.0494674083166519 -0.07477707442766511 0
1697188825.2204697 0.048354527200136846 -0.07485002744046958 0
1697188825.2824097 0.04525758362084505 -0.07512711416855489 0
1697188825.3492699 0.04159294059195231 -0.07548708322151865 0
1697188825.4132664 0.039868453226864255 -0.0756669953253638 0
1697188825.4807081 0.03862736044824218 -0.0757823690201704 0
1697188825.547277 0.0382362690707014 -0.07581126027855974 0
1697188825.607432 0.0381898591029533 -0.07580736432410685 0
1697188825.680126 0.035341362117437956 -0.07618227320884623 0
1697188825.7392015 0.0335998338388953 -0.0764265595974743 0
1697188825.8001907 0.03285036365009671 -0.0765344832956718 0
1697188825.861174 0.032575970122422554 -0.07656819843556255 0
1697188825.9206057 0.03321577384989209 -0.07643402391335093 0
1697188825.9909005 0.03376273426653877 -0.0763220312925288 1
1697188826.050135 0.03391905135248546 -0.0762858779976829 1
1697188826.1168525 0.031463317556870325 -0.0767179190933287 0
1697188826.1810956 0.02978471817323145 -0.07702787090949703 0
1697188826.25087 0.02901384517692871 -0.07717234972028786 0
1697188826.3115642 0.02916486588405605 -0.07712558784857249 0
1697188826.3716683 0.029900176403184063 -0.07695913432976739 0
1697188826.4340997 0.031022001627918308 -0.07670752083305192 1
1697188826.5004058 0.0298712617700644 -0.0769441299752212 1
1697188826.5586357 0.02904056816629507 -0.07712143242999382 0
1697188826.6205363 0.025610970914738754 -0.07788248759220272 0
1697188826.6847174 0.023669941814621683 -0.078309659008843 0
1697188826.7500541 0.023215046072731248 -0.07841053197537537 0
1697188826.8140345 0.023588207323188178 -0.07831594106891866 0
1697188826.881277 0.023553365028359467 -0.07830353412233085 0
1697188826.9467232 0.02347461168361214 -0.07831814074895936 0
1697188827.0082664 0.0235345318678056 -0.078298641452372 1
1697188827.0708206 0.023795198595594702 -0.07821918224447405 1
1697188827.131197 0.02400598708761872 -0.0781567716810597 1
1697188827.2001867 0.023785306808389875 -0.07820575865719387 1
1697188827.2636242 0.023504151775030624 -0.07827451666865694 0
1697188827.322711 0.02283527010984847 -0.07844083374891854 0
1697188827.38819 0.022947803414939568 -0.07840357875295566 1
1697188827.4531503 0.023418347574033452 -0.07827182100631559 1
1697188827.5201292 0.023625607642118292 -0.07820989969712787 1
1697188827.5775638 0.022891980452766164 -0.0784005462911539 1
1697188827.6370692 0.0220865982252988 -0.07861481376710612 0
1697188827.6971347 0.01998100861359376 -0.07917288209052004 0
1697188827.7605498 0.01955408766018186 -0.07928433625531119 0
1697188827.8208432 0.019628588177551094 -0.07926196790659185 1
1697188827.883198 0.018627338946705367 -0.07953330184170436 1
1697188827.9464774 0.01736316644382644 -0.07987706901620502 0
1697188828.0099285 0.016591471283507565 -0.08008758327455008 0
1697188828.076092 0.016323792477892365 -0.08015680648544382 0
1697188828.142451 0.01643569918627379 -0.08012506119906138 1
1697188828.2081747 0.016038758862261533 -0.08022750090269071 0
1697188828.2859035 0.016083698430100973 -0.08021331174851427 1
1697188828.3596556 0.01607476140473458 -0.0802126479512212 1
1697188828.4273164 0.015848747238820713 -0.08027301224673222 1
1697188828.490608 0.015636800728434975 -0.08032992927989144 1
1697188828.551785 0.01544908698855329 -0.08038054115964297 0
1697188828.6172705 0.015555386707282917 -0.08035060410064516 0
1697188828.6820536 0.016393432152934883 -0.08011520381030525 1
1697188828.7453172 0.01651170849018919 -0.08008043834621496 1
1697188828.8051128 0.016353313657976765 -0.0801266261246236 1
1697188828.8679888 0.01358652612453201 -0.08089459584403533 0
1697188828.9339604 0.01307774195379132 -0.08103742581386088 0
1697188829.0003867 0.01279412345566541 -0.08111631802944938 0
1697188829.0664957 0.013010719369398243 -0.08106130763442343 1
1697188829.1407251 0.014064822616617824 -0.08077583008505491 1
1697188829.2250683 0.0143383366971985 -0.0807020920242339 1
1697188829.2893188 0.013836262397525726 -0.0808409914285667 1
1697188829.3481314 0.01076213108046378 -0.08167750992589316 1
1697188829.4137955 0.008352760257211177 -0.08233093514570768 0
1697188829.4723442 0.007373895138715567 -0.08259348507454221 0
1697188829.529329 0.007698009019937708 -0.0825093590477591 1
1697188829.5938897 0.007300244430931033 -0.08261768867158341 0
1697188829.6589248 0.006048500794247622 -0.08295643022201307 1
1697188829.7256055 0.0026781513803395963 -0.08383926672382219 0
1697188829.7872605 0.00037739310789897985 -0.08444192231800256 0
1697188829.8538775 -0.0006534141033638649 -0.08471210301798608 0
1697188829.9224129 -0.0005641385310995511 -0.08469676924723965 0
1697188829.9913495 -0.0006356226542682279 -0.0847166666702645 1
1697188830.057112 -0.0011221016100177008 -0.08484751528672366 1
1697188830.1178336 -0.0022394952625037785 -0.08513503324481166 0
1697188830.1809552 -0.0028434913112541076 -0.08529194780927106 0
1697188830.271543 -0.003173902594394043 -0.08537961420558972 0
1697188830.3298202 -0.002843005117984747 -0.08530271620378174 0
1697188830.396389 -0.0023580684104232853 -0.08518921354419354 1
1697188830.4572294 -0.0019677273059144056 -0.08509676390940989 1
1697188830.5199957 -0.0025212963780079246 -0.08523842650374225 0
1697188830.5857413 -0.003540812052415538 -0.08548822719877462 0
1697188830.6511638 -0.004026859915656908 -0.08560722213987677 0
1697188830.7097566 -0.0035479113190783297 -0.0855018834581327 0
1697188830.7713275 -0.002420029050578935 -0.08524264286833316 1
1697188830.8378327 -0.0009588435180492771 -0.08490760310572526 1
1697188830.8928375 -0.003166803100946535 -0.08542498049480432 1
1697188830.9900663 -0.012840055175656792 -0.08763563283106424 0
1697188831.0949113 -0.018330096984116882 -0.08885829381119896 0
1697188831.1850893 -0.02004109399029551 -0.0892300455552007 0
1697188831.3092105 -0.01908210282882722 -0.089001089805479 1
1697188831.384221 -0.020139248586032242 -0.08925730505711639 1
1697188831.4675055 -0.024793818189636593 -0.09035102046768995 0
1697188831.5389862 -0.03037776443178249 -0.09164186324012587 0
1697188831.603395 -0.034783662861245804 -0.09262406774590046 0
1697188831.663132 -0.037805196486726256 -0.09333033182929686 0
1697188831.7255342 -0.04082910392823802 -0.09415851061069869 0
1697188831.7888138 -0.04213493696296161 -0.09453769228054881 0
1697188831.8489048 -0.045964854585724774 -0.09577125838711903 0
1697188831.923783 -0.04805057782764145 -0.09650213923354171 0
1697188831.9832706 -0.049667011569985195 -0.09710102846392886 0
1697188832.0496135 -0.05066816607836933 -0.09748404688088783 0
1697188832.1639252 -0.050799942466673915 -0.09752993637678449 0
1697188832.2329612 -0.05004530251549136 -0.09722240084497577 1
1697188832.3275416 -0.04919953096394976 -0.0968909433207661 1
1697188832.403673 -0.05572084711080613 -0.09955272168854887 0
1697188832.5340312 -0.05765864687610171 -0.10031481860186485 0
1697188832.5927873 -0.061211960371655286 -0.10167228878991542 0
1697188832.6576588 -0.06265049209145312 -0.10220897141608559 0
1697188832.7179174 -0.06222227852078164 -0.1020433936418421 1
1697188832.7861023 -0.06218456263883211 -0.10203661579678115 1
1697188832.8526177 -0.06237301055945455 -0.1021511987231721 1
1697188832.9148934 -0.0630265263358329 -0.10241569471085614 0
1697188832.9844034 -0.06343241477871843 -0.10256572947867 0
1697188833.041227 -0.0646698447986292 -0.10298337224555953 0
1697188833.1219952 -0.06489032177667574 -0.10306094654215604 0
1697188833.185294 -0.06480421685230353 -0.10305336077610949 0
1697188833.2461748 -0.06470008967573433 -0.1030322192675814 1
1697188833.3114276 -0.06441257527226518 -0.10297075016285684 1
1697188833.3758745 -0.06450103872624098 -0.10300789310613426 1
1697188833.436638 -0.06466014215917686 -0.10305660759243744 1
1697188833.4992135 -0.06514203280195932 -0.10319329192632173 0
1697188833.560825 -0.06554084256424524 -0.10329898954295234 0
1697188833.623195 -0.06559304154803075 -0.10331124306241254 0
1697188833.6814575 -0.06542561996008833 -0.10326540478801761 1
1697188833.7473416 -0.06471770540149424 -0.10308957293090565 1
1697188833.8082285 -0.06359682651704417 -0.10282970648578794 1
1697188833.878557 -0.06357615841318676 -0.10283776125538795 1
1697188833.9338746 -0.06584428713223481 -0.10338665600922123 1
1697188833.9939187 -0.06764906100899389 -0.1038051898449089 0
1697188834.0572467 -0.06910137743962086 -0.10412204195353365 0
1697188834.129654 -0.06939676016290548 -0.10417806549647639 0
1697188834.1841 -0.06955487115469809 -0.10421749876516447 0
1697188834.2469227 -0.06948431420212661 -0.10421335452663855 1
1697188834.3105717 -0.06943830722674019 -0.104219687567821 1
1697188834.373395 -0.06948677431300741 -0.10423482357422495 1
1697188834.4424891 -0.06979677499971557 -0.10431978857536511 1
1697188834.50338 -0.07020324516909444 -0.10441203141319176 0
1697188834.595198 -0.06992973433304206 -0.10439166789086995 1
1697188834.657262 -0.06945947871168469 -0.10431880016460644 1
1697188834.7176163 -0.0693407721872077 -0.10430665469942789 1
1697188834.7770176 -0.07024118483149192 -0.10447634514643239 1
1697188834.842477 -0.07138641770168296 -0.10467001925429638 0
1697188834.9017642 -0.07266657713440362 -0.1048746306631268 0
1697188834.9671028 -0.07286070018327462 -0.10492335462357212 0
1697188835.0363355 -0.07273884280436972 -0.10490614375837778 1
1697188835.1169817 -0.0728155705137753 -0.10494058506933945 1
1697188835.186666 -0.07301529660180053 -0.10497689637117856 0
1697188835.2477243 -0.07383063765346481 -0.10509998171140728 0
1697188835.3135102 -0.07393532206379204 -0.10512464999333511 0
1697188835.3769808 -0.07363478582537397 -0.105099150781428 0
1697188835.4451268 -0.07272912757730339 -0.10499654428145629 1
1697188835.5054862 -0.07232816590809273 -0.10495423826552237 1
1697188835.568663 -0.07295935096609792 -0.10503544576927504 1
1697188835.6439145 -0.07470635243926387 -0.10525094946725061 0
1697188835.7122083 -0.07556217091715875 -0.10534780168097431 0
1697188835.7696273 -0.0770770630169307 -0.10552523473888117 0
1697188835.8323228 -0.07684900835476301 -0.10551633855522849 0
1697188835.8932395 -0.07634984224530458 -0.10545648965862835 1
1697188835.9566524 -0.0762468726567547 -0.10544429187182815 1
1697188836.0219483 -0.07903031492387907 -0.10572639887247427 1
1697188836.088415 -0.08200670605920751 -0.10600612819905757 0
1697188836.178705 -0.08467013023508024 -0.10626136399568581 0
1697188836.2442763 -0.08618041920226557 -0.10638161364617894 0
1697188836.3036742 -0.08675390250152237 -0.10643349321997421 0
1697188836.371415 -0.08771764192155508 -0.1065384185923731 0
1697188836.4372752 -0.08840484109402462 -0.10662400383478604 0
1697188836.4988906 -0.08868898437302279 -0.10666649871950888 0
1697188836.5650258 -0.08867415593725386 -0.10666775202456236 0
1697188836.626953 -0.08860759184190103 -0.10665635794058194 1
1697188836.6890152 -0.08812525424369366 -0.1066058266625142 1
1697188836.753428 -0.08801898488862346 -0.10660329624982341 1
1697188836.8155417 -0.08831447393963728 -0.10663501892146438 1
1697188836.8779507 -0.08946559194890365 -0.1067779115024452 0
1697188836.9383585 -0.08959598695002674 -0.1067957830856278 0
1697188837.0015063 -0.08947137078949458 -0.10678729699756716 1
1697188837.0660968 -0.08875212223636181 -0.10671375413342876 1
1697188837.1313782 -0.08880837904848521 -0.10672906868091861 1
1697188837.1964574 -0.08908271842438273 -0.10675861123165173 0
1697188837.253443 -0.08936328925719957 -0.1067934153902904 0
1697188837.3209128 -0.08909400901830494 -0.10677309272135187 0
1697188837.3801475 -0.08837232445918165 -0.10670393304326764 1
1697188837.443076 -0.08785392170732777 -0.10664948309646394 1
1697188837.5043752 -0.08786667326965443 -0.10664830267252505 1
1697188837.5646634 -0.09122283316681302 -0.10700433028396497 1
1697188837.6367927 -0.09301558342553508 -0.10719102698891016 0
1697188837.7007396 -0.0960123094483176 -0.10749223258823902 0
1697188837.7776725 -0.09742722424611995 -0.10762207109641891 0
1697188837.8427348 -0.09795217183982094 -0.10764065406870016 0
1697188837.9036214 -0.09872712020427732 -0.10772038251778918 0
1697188838.0158007 -0.0990092778063745 -0.1077694159754278 0
1697188838.1024792 -0.09904767379837057 -0.10777924149215619 0
1697188838.1715705 -0.09827696300536931 -0.10767332859098096 1
1697188838.2489812 -0.09796440972231811 -0.10762977913398328 1
1697188838.3188927 -0.09810673703818187 -0.10766084555577655 1
1697188838.3799467 -0.099380360923112 -0.10783965264112244 1
1697188838.4440792 -0.1019060150796222 -0.10820196250394301 0
1697188838.5133753 -0.10453752490167355 -0.108547737139878 0
1697188838.5824003 -0.10539722171527602 -0.1086603982287996 0
1697188838.6400905 -0.10584415458899912 -0.10871530620928647 0
1697188838.7036686 -0.10528238165269785 -0.1086465658263073 1
1697188838.7714183 -0.10505781063750215 -0.10862735687726627 1
1697188838.8351092 -0.10519950491303091 -0.10867038793467786 0
1697188838.892405 -0.10670992789917137 -0.10886380628572534 0
1697188838.9623728 -0.10744522545742495 -0.10893317716119937 0
1697188839.0255566 -0.10815004900759692 -0.1089904888828315 0
1697188839.083888 -0.10773803581274174 -0.10896117462823682 0
1697188839.1407013 -0.10682740227688718 -0.10889675114332241 1
1697188839.2031505 -0.10660753648307188 -0.10889144311601649 1
1697188839.2813385 -0.10680336841136688 -0.10890854988053833 1
1697188839.3431532 -0.10943515946516293 -0.10909039813313567 0
1697188839.439253 -0.11003050395336408 -0.10912475950766427 0
1697188839.5055494 -0.11060999770125596 -0.10916230913717294 0
1697188839.5659747 -0.1110655372069451 -0.1091947842154933 0
1697188839.6321385 -0.11068300911412113 -0.10917455932369433 1
1697188839.6962938 -0.10989599315971413 -0.10913491928256736 1
1697188839.758962 -0.10960292463033658 -0.10912328971776761 1
1697188839.8200176 -0.11038281295715457 -0.10917486779291263 1
1697188839.8813298 -0.11147179259868017 -0.10922624086943813 0
1697188839.943279 -0.11474442702765333 -0.10936051753233447 0
1697188840.0049484 -0.11632039502883895 -0.10942385523703473 0
1697188840.0721886 -0.11559991622190216 -0.10939477770476352 0
1697188840.137598 -0.11522607081504804 -0.1093818974824836 1
1697188840.2009413 -0.11653981846337803 -0.10943952454785565 1
1697188840.2742496 -0.12227729007300693 -0.10961185841209964 0
1697188840.337343 -0.1247855640701759 -0.1096806213451833 0
1697188840.397714 -0.12638268719883117 -0.10972407948504855 0
1697188840.4633098 -0.1261807964959416 -0.10971800194256234 0
1697188840.5217717 -0.12515056212819234 -0.10968982590840036 1
1697188840.5938601 -0.12575448997677427 -0.10971066957536393 1
1697188840.6564298 -0.13372901551616878 -0.10987737809266611 0
1697188840.730133 -0.13657050407019292 -0.10993211875269544 0
1697188840.7874506 -0.13770319785127166 -0.10995444922803703 0
1697188840.8510792 -0.13664541478659853 -0.1099297355950563 0
1697188840.915118 -0.13673586486608896 -0.10993258556737223 1
1697188840.9862676 -0.13746691772179673 -0.10994555677096364 0
1697188841.0469553 -0.14116718153532884 -0.11001585474334984 0
1697188841.109795 -0.1425566975127594 -0.11003939734227929 0
1697188841.1656888 -0.14164425670580538 -0.11001704277943614 0
1697188841.227905 -0.1411782532420444 -0.11000649303830756 1
1697188841.2933483 -0.14133980304609542 -0.11000849245458534 1
1697188841.365876 -0.1449034465491208 -0.11008064592045085 0
1697188841.4265597 -0.14545459569817704 -0.11009014450725899 1
1697188841.485964 -0.14573579051581945 -0.11009553861995541 0
1697188841.5467217 -0.14564792660234033 -0.11009183410583942 0
1697188841.6060944 -0.14558432906754531 -0.11008657760352755 1
1697188841.6700764 -0.14552475195862624 -0.11008245265665953 1
1697188841.7323003 -0.14592465281974026 -0.1100907062542176 1
1697188841.8194394 -0.14658274143231076 -0.11010630565592772 0
1697188841.8847091 -0.14695989309254 -0.11011417938162447 0
1697188841.9496887 -0.1464670005455037 -0.11009666598964318 1
1697188842.008773 -0.14602769922294348 -0.11008199636569199 1
1697188842.0721095 -0.14649868998559543 -0.11009395612499659 1
1697188842.1436975 -0.14750258780796519 -0.11012292482196229 0
1697188842.2093344 -0.14893634747526507 -0.110169474718354 0
1697188842.269275 -0.15024080428062642 -0.11020786616151723 0
1697188842.3400517 -0.1499619633595874 -0.11019420761464004 0
1697188842.4070525 -0.14917199992779295 -0.11016369820760495 1
1697188842.4658082 -0.1493057844791546 -0.11016664817959328 1
1697188842.5264213 -0.15442626215482236 -0.11036059499800673 0
1697188842.6108599 -0.15709922945483742 -0.11046270676416682 0
1697188842.6707184 -0.15922134741281574 -0.11054110211189726 0
1697188842.7292037 -0.1574914300478076 -0.11046424918317752 0
1697188842.7944384 -0.15651059581184823 -0.1104206275705035 1
1697188842.856366 -0.15731609245686776 -0.11045633622121695 1
1697188842.9160602 -0.16538060938231708 -0.11080210844998153 0
1697188842.9782362 -0.17353922253719964 -0.11116462632489442 0
1697188843.0399985 -0.1767507181384292 -0.1113103822167119 0
1697188843.1038656 -0.18045801246380022 -0.11147242013023467 0
1697188843.171523 -0.18184876348364548 -0.11152973323257585 0
1697188843.2421625 -0.1823114085126027 -0.11154943827936573 0
1697188843.3013964 -0.18862884294677384 -0.11185615783949598 0
1697188843.365266 -0.192899812227277 -0.11206736659612443 0
1697188843.4326 -0.1948421880278465 -0.11216531212544767 0
1697188843.490666 -0.19626168591375043 -0.1122357424605421 0
1697188843.5637162 -0.19683591576653792 -0.11225987414448069 0
1697188843.6311169 -0.1969295458201594 -0.11225870113791797 0
1697188843.69234 -0.1980968728523948 -0.11232142289671128 0
1697188843.7487423 -0.19994734311046544 -0.11242235262764282 0
1697188843.815873 -0.20223864491867194 -0.11254756740831666 0
1697188843.8906631 -0.20217058320123654 -0.11253815139374765 0
1697188843.948732 -0.20202377138252864 -0.11252621146571441 0
1697188844.0066066 -0.20218185687603177 -0.11252713160045667 1
1697188844.0840557 -0.2029124790934993 -0.11256870620475146 0
1697188844.152928 -0.20341281762660957 -0.11259920957471443 0
1697188844.2132995 -0.2034014839401991 -0.11259529459789269 0
1697188844.2725925 -0.20203925314883814 -0.11248993484134187 1
1697188844.336939 -0.20144763110661035 -0.11244532862821698 1
1697188844.3998551 -0.20216560668377584 -0.11249014788598394 1
1697188844.4673443 -0.20615854624086427 -0.11277930468103144 1
1697188844.5314503 -0.21057004815339161 -0.11310813705150517 0
1697188844.5966709 -0.21371600262771703 -0.11335128835885153 0
1697188844.6633334 -0.21394697614754143 -0.11336365867080964 0
1697188844.728318 -0.21466487410085427 -0.11341275073121351 0
1697188844.787444 -0.21549760868884027 -0.11347474505160471 0
1697188844.849486 -0.21765054302474562 -0.113638885994987 0
1697188844.911346 -0.2184701613197642 -0.11370404891146334 0
1697188844.9758523 -0.21885141466453162 -0.11372922211924798 0
1697188845.0376284 -0.2184035766383979 -0.11368961637590777 0
1697188845.0965128 -0.21835859767706156 -0.11368309152374463 1
1697188845.1610165 -0.2184657835346321 -0.11368557275221346 1
1697188845.2239537 -0.2200322052208827 -0.11381024707865166 0
1697188845.2984977 -0.22062357096227378 -0.11385908371868082 0
1697188845.3595047 -0.22104769469812874 -0.1138969091117866 0
1697188845.4625432 -0.21998774527795048 -0.11379302364525135 1
1697188845.5644858 -0.21904334325123745 -0.1137028254302649 1
1697188845.629483 -0.22289638865844438 -0.11404930706142433 1
1697188845.743553 -0.2272447108123165 -0.11445629706861993 0
1697188845.8133223 -0.2300522387277352 -0.11472817185807047 0
1697188845.8754208 -0.2338388796609082 -0.11512152324048092 0
1697188845.9357944 -0.23569379312817643 -0.11534814820435814 0
1697188846.0064056 -0.23565254539078892 -0.11536697772859282 0
1697188846.0679045 -0.2373096676083912 -0.1154384989059185 1
1697188846.1313734 -0.2401534782119642 -0.11553856549635827 0
1697188846.207452 -0.2412750256105366 -0.11558331118284436 0
1697188846.2665088 -0.2420619471399169 -0.11562877004459807 0
1697188846.3305936 -0.24316294018325596 -0.11571613046367651 0
1697188846.3955696 -0.24319219869735897 -0.11573676664016017 0
1697188846.45834 -0.24313443912389143 -0.11573446584752338 1
1697188846.5278156 -0.24291525054239574 -0.11571508454939602 1
1697188846.6118343 -0.24281543104785008 -0.1157039797124491 1
1697188846.6715636 -0.24293154213235818 -0.11569584766099997 1
1697188846.7337952 -0.2431513532566142 -0.1156964170610733 1
1697188846.8016834 -0.24385746349030854 -0.1157194394956663 0
1697188846.8640735 -0.2441866664799374 -0.11573195035751939 0
1697188846.9288094 -0.2440735992634008 -0.11572157287259956 1
1697188846.9893 -0.24344350253479274 -0.11567030404290973 1
1697188847.0499027 -0.2434748340130679 -0.11566115111988969 1
1697188847.1093946 -0.24367222658680765 -0.11567328315839291 0
1697188847.1673017 -0.24389101608095162 -0.11567654860809116 0
1697188847.229791 -0.24363441630001187 -0.11565690940645099 1
1697188847.289709 -0.24331215089629066 -0.11562328134759406 1
1697188847.3566093 -0.2432186045779435 -0.11561593734441139 1
1697188847.4184124 -0.24378852342194313 -0.11564785184491298 1
1697188847.4882116 -0.2446499061351403 -0.11570232048690214 0
1697188847.5505917 -0.24592128495253932 -0.11579588140886656 0
1697188847.6143477 -0.24644302264937507 -0.11583466383954041 0
1697188847.6857765 -0.2464029312484951 -0.11583715560313912 0
1697188847.7570145 -0.2450512523572452 -0.11569663345326456 1
1697188847.8386006 -0.24471510217876058 -0.11566632547547383 1
1697188847.8969707 -0.24627674215443707 -0.11581339338488925 0
1697188847.9578145 -0.24892129027848892 -0.11605246424247039 0
1697188848.0225952 -0.25134682068246644 -0.11628126831584186 0
1697188848.0828116 -0.25243727831851914 -0.11637131236178823 0
1697188848.1427164 -0.25423918772442017 -0.11648351861281922 0
1697188848.2099671 -0.25527011622820805 -0.11656077073646644 0
1697188848.2940826 -0.25491661199102555 -0.11652896347548734 1
1697188848.3538995 -0.254280999988262 -0.11646536035487663 1
1697188848.4185524 -0.25462895032814087 -0.11648987007234392 1
1697188848.4833424 -0.25627737692615227 -0.11664145394015027 0
1697188848.5445952 -0.2567885067815996 -0.11668941965682898 0
1697188848.6145012 -0.2571770229613557 -0.1167173627789809 0
1697188848.6779737 -0.2565306302484098 -0.11663104910068148 1
1697188848.7510817 -0.25611741114781245 -0.1165726389417934 1
1697188848.8163588 -0.25594413940828864 -0.11655114855965541 1
1697188848.8791854 -0.2569432369826547 -0.11665783774061181 0
1697188848.9478686 -0.2582823761055786 -0.11682174964037152 0
1697188849.0129766 -0.2588617041607964 -0.11688790363428644 0
1697188849.0755193 -0.25959737394777554 -0.1169628702780018 0
1697188849.1311777 -0.25970366325093247 -0.11694228350686973 0
1697188849.1904497 -0.25941487191021223 -0.11687340903529396 1
1697188849.267162 -0.2587163387266889 -0.11675991216090001 1
1697188849.3337975 -0.25823981368606624 -0.11668010370030592 1
1697188849.3892813 -0.2576525532510575 -0.11658456475975694 1
1697188849.448366 -0.2599361347781715 -0.1169519325887807 1
1697188849.5133727 -0.2614022234561024 -0.11718489321439557 0
1697188849.572738 -0.26544758354709147 -0.11780674107518241 0
1697188849.6537213 -0.2665951923241436 -0.11797754620320604 0
1697188849.717536 -0.26689982752732344 -0.11802099278121429 0
1697188849.7873054 -0.26732200644994913 -0.11807856595831144 0
1697188849.852979 -0.2679667418788259 -0.11816101071419115 0
1697188849.9122288 -0.26874654440805745 -0.11827071541179299 0
1697188849.9698298 -0.26907308433688215 -0.11832123311128252 0
1697188850.0297375 -0.269044550294613 -0.11832386886469716 0
1697188850.0931165 -0.2686193492382738 -0.11827302546099629 1
1697188850.1691422 -0.2682891354225052 -0.11823257730911713 1
1697188850.229308 -0.26800768783407486 -0.11818774156942857 1
1697188850.2924716 -0.26881216004251873 -0.11829489456565206 1
1697188850.3536308 -0.27035834545377885 -0.11849488500297782 0
1697188850.4139347 -0.2718307411106167 -0.1186907732712317 0
1697188850.493169 -0.2724566939754162 -0.1187685872537575 0
1697188850.5647023 -0.27199055651131254 -0.11870524447097298 0
1697188850.6256378 -0.271636608447936 -0.1186539507016669 1
1697188850.6865487 -0.27169578925289917 -0.11864941642272214 1
1697188850.7576106 -0.2727254980443647 -0.11879797206971734 0
1697188850.8243442 -0.27344264063998175 -0.1189127383840567 0
1697188850.891454 -0.2737477465149304 -0.11895267953455582 0
1697188850.9516034 -0.27264669582324563 -0.11877017539645231 0
1697188851.0583568 -0.2716417430645126 -0.11859029165373526 1
1697188851.1322267 -0.2716348147765112 -0.11858661209399518 1
1697188851.2028084 -0.27521260717409884 -0.1192124136097379 0
1697188851.2671206 -0.2772234696541498 -0.11959534924288528 0
1697188851.326878 -0.27932724257800967 -0.11999401681148279 0
1697188851.3969405 -0.2796286228180369 -0.12005000290281778 0
1697188851.463719 -0.27919962337827836 -0.1199688042613825 0
1697188851.5267737 -0.27959240767074506 -0.12004289278512482 0
1697188851.5908356 -0.28011910527085127 -0.12014085869251447 1
1697188851.6512074 -0.28175837210373966 -0.12045603350587746 0
1697188851.7068312 -0.2826536984224186 -0.12062663101911886 0
1697188851.7895913 -0.2826578683286398 -0.12062679711111392 0
1697188851.850387 -0.2818246689492111 -0.1204671365498895 1
1697188851.9144423 -0.2818040565120478 -0.12046406889569758 1
1697188851.9769971 -0.28179160367023764 -0.12046191440913447 1
1697188852.0403156 -0.28177859147797296 -0.1204595884020805 1
1697188852.0994112 -0.2817934549752374 -0.12046449321224661 1
1697188852.1595511 -0.2818708977451641 -0.12048042484454823 1
1697188852.2515612 -0.281976837963966 -0.12050203899749509 1
1697188852.3231535 -0.28186436275892535 -0.12048043896930362 1
1697188852.3841972 -0.2817333443882524 -0.12045666408732043 1
1697188852.452699 -0.2814754388510281 -0.12040970070279679 1
1697188852.513378 -0.2816687483574919 -0.12044872909496306 1
1697188852.5767162 -0.28239610147523103 -0.12058115330155403 1
1697188852.6392372 -0.2834012170740423 -0.12076617558924024 0
1697188852.7026284 -0.28381709833183455 -0.12084234993292402 0
1697188852.760767 -0.28389259289201246 -0.12085810880836632 0
1697188852.8180554 -0.283537076019002 -0.1207928248016913 0
1697188852.8830254 -0.28282591962951453 -0.12066458692994056 1
1697188852.9456499 -0.28258630291421655 -0.1206218510441089 1
1697188853.0218644 -0.2859136460534188 -0.12121874783096243 0
1697188853.140542 -0.28703923603494663 -0.12142135931319703 0
1697188853.2048357 -0.28869809225104065 -0.12171804905066963 0
1697188853.2712317 -0.2873471269395469 -0.12147679330014266 0
1697188853.346128 -0.2867080291728998 -0.12136543739474097 1
1697188853.4176152 -0.2868520711621529 -0.12138647674739643 1
1697188853.4762096 -0.290663518280485 -0.1220666841027743 0
1697188853.5489686 -0.291893153435504 -0.12228615562426008 0
1697188853.6100826 -0.292712075164152 -0.1224319561568802 0
1697188853.6701057 -0.29298280685365424 -0.12248000535152245 0
1697188853.7297618 -0.29272555073197787 -0.12243376076275483 0
1697188853.7929785 -0.29240219192639216 -0.12237721326107548 1
1697188853.854525 -0.29258656667537225 -0.12241012491153266 1
1697188853.9169252 -0.2942934992480839 -0.12270704129109543 1
1697188853.9879167 -0.29671361082560777 -0.12312795864602996 0
1697188854.0484118 -0.29805674961625933 -0.12336004485887878 0
1697188854.112542 -0.2980254169942206 -0.12335434731602606 0
1697188854.1702993 -0.297799632120607 -0.12331522453811829 1
1697188854.2355309 -0.29883070173114484 -0.12349081240963539 1
1697188854.2985346 -0.2997600715450363 -0.12364878358327035 0
1697188854.36294 -0.30112289345926246 -0.12388027666154097 0
1697188854.4222846 -0.30125087855496496 -0.12390083338231106 0
1697188854.4783745 -0.3006734241790593 -0.12380250470375506 0
1697188854.5537689 -0.3001927577709907 -0.12372161997652499 1
1697188854.6190264 -0.3011120644678809 -0.12387400224325934 1
1697188854.6848786 -0.3033411259423658 -0.12424566349016737 0
1697188854.7461886 -0.3044198975307765 -0.1244238678684476 0
1697188854.8073852 -0.30342667728075606 -0.12425854312909569 0
1697188854.872192 -0.30212899667251464 -0.12404323809160386 0
1697188854.938375 -0.30137247815405244 -0.12391840663531947 1
1697188855.000475 -0.30222092047327753 -0.12405617522827231 1
1697188855.0687444 -0.30560008650193615 -0.12460964666189757 1
1697188855.126752 -0.3113278244836845 -0.1255454749592936 0
1697188855.1846306 -0.31378175454385093 -0.12594488193096323 0
1697188855.243232 -0.316259599040114 -0.1263463898660311 0
1697188855.3122764 -0.3171603538589196 -0.12649051748692933 0
1697188855.3769732 -0.3174541239999973 -0.1265376210998941 0
1697188855.4419448 -0.3194982011695664 -0.12686487719726097 0
1697188855.5077255 -0.3229361486383081 -0.12741190329215665 0
1697188855.6175447 -0.3233706735121437 -0.12748035558948415 0
1697188855.6852765 -0.3241095692541784 -0.12759622985329186 0
1697188855.7662356 -0.32563424522931 -0.1278341630638199 0
1697188855.8635228 -0.32609149052108777 -0.1279050387856319 0
1697188855.995121 -0.32602213112804085 -0.1278904852853685 0
1697188856.087075 -0.3258962834498947 -0.12787006773917692 1
1697188856.1695302 -0.3252723721884097 -0.12777120622199864 1
1697188856.2506335 -0.32633392655614585 -0.12793390471155244 1
1697188856.3166296 -0.3280841595302612 -0.1282023126826741 0
1697188856.3869576 -0.32882476261656474 -0.12831639801342432 0
1697188856.4428196 -0.3297407801381054 -0.1284576692904 0
1697188856.50342 -0.32872253703457127 -0.12829799704887995 1
1697188856.5928268 -0.3282971410453678 -0.12823202615330587 1
1697188856.6574697 -0.32958778731692245 -0.12842682018938406 0
1697188856.7217963 -0.33204633155293617 -0.1287979450400696 0
1697188856.7882054 -0.33313459943669316 -0.12896240042665583 0
1697188856.8477705 -0.3322325026391582 -0.1288240094576253 0
1697188856.91071 -0.3310075503758845 -0.12863681176348013 0
1697188856.9756846 -0.33028913338064725 -0.12852735338296126 1
1697188857.048153 -0.3341982577080861 -0.1291134198252416 0
1697188857.1593826 -0.33597612707443314 -0.1293798277769766 0
1697188857.2340975 -0.3372596983752921 -0.12956892326963604 0
1697188857.30629 -0.33535469182439304 -0.1292831966723276 0
1697188857.3730333 -0.3345335520218859 -0.12915886475927313 1
1697188857.4342227 -0.33447407259630285 -0.12914889535744103 1
1697188857.4955149 -0.3360571056497338 -0.12938353059795835 1
1697188857.5597217 -0.34216482248462854 -0.1302859816120928 0
1697188857.6269107 -0.34360372258201194 -0.13049826448912574 0
1697188857.7036853 -0.3444071116473811 -0.13061581609066233 0
1697188857.7669256 -0.3442503139196839 -0.13059182135134556 0
1697188857.8267467 -0.34339813377336426 -0.13046387950386928 1
1697188857.8943217 -0.34466669874255196 -0.1306501090467615 1
1697188857.9574769 -0.348993633568331 -0.13128457016775794 0
1697188858.0199006 -0.35234964729754653 -0.13177712946314638 0
1697188858.0894327 -0.35287547015975335 -0.13185235706024734 0
1697188858.1518664 -0.35308739004548023 -0.1318815069959952 1
1697188858.2171793 -0.3552896018183898 -0.13220019498355332 0
1697188858.2789164 -0.35663610450841776 -0.13239600792450595 0
1697188858.3389754 -0.3576260675271357 -0.13253970158649922 0
1697188858.4014852 -0.3594491968289845 -0.13280362628733128 0
1697188858.470452 -0.35961339018741606 -0.13282568711099144 0
1697188858.5352135 -0.36053578084942234 -0.13295709772727612 0
1697188858.6083488 -0.3616296145726342 -0.1331136328590341 0
1697188858.6725328 -0.36206958813485285 -0.13317663485829698 0
1697188858.7308002 -0.3620805193153507 -0.13317844698535455 0
1697188858.7948387 -0.36117851985164606 -0.13304421242229783 1
1697188858.8631945 -0.360756512498772 -0.1329801668890034 1
1697188858.9275017 -0.36080670149791894 -0.1329854342115618 1
1697188858.986328 -0.3624931399859682 -0.1332283239812264 0
1697188859.0488117 -0.36410117997662633 -0.1334605974682964 0
1697188859.112282 -0.36542863024043043 -0.13365171441571852 0
1697188859.1706307 -0.3651527862905706 -0.1336108906519616 0
1697188859.2366264 -0.3644245572829897 -0.13350284718000888 1
1697188859.300323 -0.3648298371823953 -0.1335574882706162 1
1697188859.4102716 -0.3650815200656764 -0.13359374294545143 0
1697188859.4738805 -0.3653437296257207 -0.1336306288831497 0
