1697470282.098833 -1.6576097257765408 -8.211055386587393 0
1697470282.4225488 -1.6401352142715704 -8.25837126616927 1
1697470282.6575127 -1.637596534812202 -8.265333072810426 0
1697470282.7148046 -1.631666910658566 -8.280848245878078 0
1697470282.791665 -1.6290198654247394 -8.286653090253074 0
1697470282.8558614 -1.6280411542843305 -8.288443176359666 0
1697470282.9087522 -1.6236506789397858 -8.295455637573248 0
1697470282.9632049 -1.6174966697457336 -8.30356387225568 1
1697470283.0211556 -1.6100623161197252 -8.311982562546335 1
1697470283.0863326 -1.6058364406108891 -8.316185929825888 1
1697470283.1419408 -1.5968999565668258 -8.323946675953335 1
1697470283.1976423 -1.5873151197148927 -8.330868749441734 1
1697470283.2533355 -1.5772407930294068 -8.336873961497623 1
1697470283.315472 -1.5718288917474956 -8.33964048410266 1
1697470283.366122 -1.5663882295744693 -8.342134222825356 1
1697470283.4197 -1.5607182387646292 -8.344456782633506 1
1697470283.4739807 -1.542711759110011 -8.350141114838731 1
1697470283.5362496 -1.5363215923255285 -8.35159744160748 1
