1697192004.3400984 -0.0019496249345585023 -0.000540196085150887 1
1697192004.5884533 -0.0019505131199234593 -0.0005364420023827337 1
1697192004.7263699 -0.0019510994034553468 -0.0005339642907047455 1
1697192004.7594812 -0.0019510994034553468 -0.0005339642907047455 1
1697192004.7935905 -0.0005869851965527402 -0.0005284218852284135 1
1697192004.812005 0.0024050820762405003 -0.000518306928214659 0
1697192004.8428288 0.007082124048611182 -0.0005029970730225218 1
1697192004.9003656 0.019528771006787012 -0.00046424596556807586 1
1697192004.9683664 0.02442550882537233 -0.00044844022786110014 1
1697192005.0219688 0.028038598821324298 -0.0004375127558328088 1
1697192005.0620086 0.03045780294016505 -0.0004297925256259709 1
1697192005.1024902 0.0264563817749951 -0.00043929859594691434 1
1697192005.150061 0.02205379314320355 -0.0004502612584613746 0
1697192005.1985025 0.0158498337593196 -0.0004657157595819599 0
1697192005.2476368 0.006345072077550646 -0.000488773276382607 0
1697192005.297257 0.002562958626395044 -0.0004974712835124123 0
1697192005.3470495 -0.0025764929303450377 -0.0005081913029595627 0
1697192005.39728 -0.00561064529077148 -0.0005146084193535092 0
1697192005.447267 -0.009940889497199058 -0.0005237534506529045 0
1697192005.4972968 -0.017819390246980753 -0.0005413050514157753 0
1697192005.5473876 -0.02530689102536314 -0.0005582628133743411 0
1697192005.597931 -0.028831823585167938 -0.0005783161730893826 0
1697192005.663734 -0.030800191653848247 -0.000586189105906104 0
1697192005.7137542 -0.03245833260378584 -0.0005898997854574674 0
1697192005.7610178 -0.03714930599569761 -0.000595179460660374 0
1697192005.8095047 -0.043091557852973035 -0.0006089099127179895 0
1697192005.8586814 -0.04518821887526476 -0.000615235073413216 0
1697192005.9076784 -0.0465858173713992 -0.000614813989386941 0
1697192005.9571242 -0.052612871067767755 -0.0006230173028097372 0
1697192006.00696 -0.05495083366311991 -0.000625067749859066 0
1697192006.0572655 -0.05701428797116241 -0.0006268388100321152 0
1697192006.1069937 -0.059878881100667664 -0.0006322754901114185 0
1697192006.1589327 -0.0620760169765924 -0.0006321086591095658 0
1697192006.2084851 -0.06336544259337529 -0.0006309127389475414 0
1697192006.2588012 -0.06602586776260452 -0.0006309157444512366 0
1697192006.3088841 -0.06732387013869433 -0.0006304404950738326 0
1697192006.3604448 -0.06912214297947475 -0.000629122823548048 0
1697192006.40999 -0.07051159088405112 -0.0006367384408876264 0
1697192006.4608016 -0.07107041798954579 -0.0006296590357998534 0
1697192006.5123441 -0.07177814716504693 -0.0006278268868431795 0
1697192006.5630622 -0.07256949557168821 -0.0006268352140224375 0
1697192006.6131165 -0.0741242178225327 -0.0006357405216081558 0
1697192006.6634245 -0.07489334022983171 -0.0006390873217231879 0
1697192006.7133384 -0.07505597850680926 -0.0006394192923965773 0
1697192006.7638333 -0.07513339513656873 -0.000637930200942556 0
1697192006.814497 -0.07529063829468233 -0.0006375228495871944 0
1697192006.8646247 -0.07584632824672176 -0.0006309110851927846 0
1697192006.9147863 -0.0762254182662438 -0.0006276477068491401 0
1697192006.965 -0.07623859907464309 -0.0006255147479800823 1
1697192007.0151675 -0.0760093613840943 -0.0006274354035541936 1
1697192007.0653188 -0.07558485784415486 -0.0006236732757535006 1
1697192007.1153626 -0.07547418908326747 -0.0006230173406051323 1
1697192007.1660547 -0.0759299430897232 -0.0006172979424110859 1
1697192007.2162492 -0.07650268572077751 -0.0006103382704165518 0
1697192007.2662735 -0.07762757352220831 -0.000575722470149598 0
1697192007.3162217 -0.07809956787496594 -0.0005518162373286581 0
1697192007.3662643 -0.07873059388339454 -0.0005064313104237506 0
1697192007.41637 -0.07885248675489301 -0.0004964965885534566 0
1697192007.466451 -0.07867521935872653 -0.0004903492502972109 0
1697192007.5172951 -0.07787844904138004 -0.0004960926802238038 1
1697192007.5670836 -0.07729070516541159 -0.00048889518481243 1
1697192007.6172547 -0.07720578058367086 -0.0005154262075193224 1
1697192007.667062 -0.07766302812557602 -0.0005230583377367581 1
1697192007.7171118 -0.0790928425716752 -0.000586253882485878 0
1697192007.7694194 -0.08069937986816372 -0.0005704074884967477 0
1697192007.8196354 -0.08166293774289891 -0.0005614570437578971 0
1697192007.87152 -0.08232289647340976 -0.0005540200327818947 0
1697192007.921974 -0.08287231486995524 -0.0005616255181416208 0
1697192007.9719677 -0.08395509478979025 -0.0005436983016608568 0
1697192008.021729 -0.0841918017832299 -0.0005489520514621411 0
1697192008.0718415 -0.08432022283105865 -0.0005435693017713041 0
1697192008.1217678 -0.08452401252293298 -0.0005484792806903782 0
1697192008.1719446 -0.08490335554393805 -0.0005396015115419196 0
1697192008.222326 -0.08485107091538996 -0.0005418694201881353 1
1697192008.2721496 -0.08469223948792208 -0.000540484004787924 1
1697192008.322897 -0.08460476928952695 -0.0005450743113324394 1
1697192008.3728218 -0.08491729876418058 -0.0005444560753426538 1
1697192008.4229248 -0.08518922020970614 -0.0005438529680930849 1
1697192008.4730422 -0.0855715750879105 -0.0005472935481043845 0
1697192008.5231886 -0.08560132371676057 -0.0005401954911730318 0
1697192008.5734959 -0.08535285818835611 -0.000536919394866748 1
1697192008.6234617 -0.08521148242051543 -0.0005399641660404497 1
1697192008.6740873 -0.0853840269781879 -0.0005509852077051332 1
1697192008.7242622 -0.08581695105189736 -0.0005381887176208508 0
1697192008.774319 -0.08629493379476845 -0.0005404177170962637 0
1697192008.824695 -0.08714569475329588 -0.0005444764723560904 0
1697192008.8746076 -0.08727885895849555 -0.000533180592741678 0
1697192008.9247267 -0.08567522166527394 -0.0005326276799213328 1
1697192008.9748812 -0.08509591836209877 -0.000532493349712375 1
1697192009.0316496 -0.08615272194323154 -0.0005290475766084345 0
1697192009.0866559 -0.08778671193942286 -0.0005265190779616774 0
1697192009.1346924 -0.0903570915275156 -0.000518778294163988 0
1697192009.183056 -0.09142359517124839 -0.0005163588415237108 0
1697192009.2324042 -0.09112972287039743 -0.0005174058439592363 1
1697192009.283063 -0.09142112616298531 -0.0005222816827451019 0
1697192009.3328025 -0.09173809885151116 -0.0005160042362502288 0
1697192009.382716 -0.09248185574518103 -0.0005150278514054809 0
1697192009.4327977 -0.0928560776341964 -0.0005174085409985521 1
1697192009.482723 -0.0931234359960649 -0.0005181218309278382 0
1697192009.5329938 -0.09313754496448227 -0.0005175241073673304 0
1697192009.5830326 -0.0929296168802082 -0.0005162362077940104 1
1697192009.6332252 -0.09263489927394807 -0.0005160574096341306 1
1697192009.6831503 -0.09278711136474141 -0.0005164087948224485 1
1697192009.7331736 -0.09316073290968649 -0.0005179771215352587 0
1697192009.7833226 -0.09356142824879658 -0.0005171714581018536 0
1697192009.833185 -0.09337743543282573 -0.0005170930888890329 0
1697192009.8833232 -0.09300503008640276 -0.0005158791811571163 1
1697192009.9361675 -0.0929715054693096 -0.0005165406712544278 1
1697192009.9842398 -0.09338327421399933 -0.0005172946812446733 1
1697192010.0342326 -0.09437104566513178 -0.0005189184915723896 0
1697192010.0840538 -0.09548319305567105 -0.000520799734706957 0
1697192010.1341896 -0.09550548137800097 -0.0005166399320217899 0
1697192010.1963837 -0.09520706216692504 -0.0005165621552641935 0
1697192010.2630284 -0.09486606937288848 -0.0005149857129444819 1
1697192010.3134308 -0.09451879119054207 -0.0005142054636395481 1
1697192010.362282 -0.09480754219306109 -0.0005160400075192209 0
1697192010.4107747 -0.09560018980309308 -0.0005145619067842346 1
1697192010.459827 -0.09629087852680988 -0.0005197212774554383 0
1697192010.5102692 -0.0965821198869097 -0.0005195135444319249 0
1697192010.56005 -0.09653306659373063 -0.0005182821554850598 0
1697192010.610187 -0.09642894716426449 -0.000517652399064484 1
1697192010.6605632 -0.09660507461025797 -0.000518480577610465 1
1697192010.7110481 -0.09672242021971023 -0.0005187315060062683 0
1697192010.7612114 -0.09684199346622016 -0.0005189406933353037 0
1697192010.8112555 -0.09668281493491565 -0.0005168333889130481 1
1697192010.8617592 -0.09605837204707489 -0.0005148124624207729 1
1697192010.9113717 -0.0959864332542766 -0.0005143484432163072 1
1697192010.9616413 -0.09669073574317434 -0.0005198385940917951 0
1697192011.0115075 -0.09689013583212495 -0.0005140580428053778 0
1697192011.0674756 -0.0964271059845027 -0.0005127565948538889 1
1697192011.1312442 -0.09616981462215846 -0.000511902058689642 1
1697192011.1736643 -0.09592179222761929 -0.0005118760019255718 1
1697192011.2170358 -0.09719102135138712 -0.0005184687742439512 1
1697192011.2665744 -0.09885037669144828 -0.0005178907791016676 0
1697192011.316775 -0.1007945202197068 -0.0005233435469833165 0
1697192011.3672237 -0.10179900109777282 -0.0005236927069481381 0
1697192011.4195402 -0.10183046657599333 -0.0005235262903489169 0
1697192011.4779298 -0.10175118494680038 -0.0005238240110242606 0
1697192011.5283914 -0.10402414153363755 -0.0005254952725744583 0
1697192011.57699 -0.10503480496611389 -0.0005268272140105662 0
1697192011.6260917 -0.10507479208187448 -0.0005257493598667427 0
1697192011.6756465 -0.10516926407159866 -0.000526044084816736 1
1697192011.7258196 -0.1062628912211234 -0.0005275266513007671 1
1697192011.7760255 -0.10688290161685592 -0.0005264115447025545 0
1697192011.831335 -0.10732759853970514 -0.0005250266326630345 0
1697192011.8978496 -0.10732759853970514 -0.0005250266326630345 0
1697192011.9414377 -0.1065921705043373 -0.0005217898203635399 1
1697192011.9917135 -0.10642218125499936 -0.0005207507198462683 1
1697192012.0415092 -0.10656093306479408 -0.000520503538465551 1
1697192012.0872343 -0.10695652169479429 -0.0005210433191356932 1
1697192012.1366482 -0.10759574676433739 -0.0005218062854365458 0
1697192012.1861982 -0.10804342778264829 -0.0005215880306021101 0
1697192012.2362554 -0.10808203865863379 -0.000518672159221739 1
1697192012.2911067 -0.10814483970202193 -0.0005182474776050316 1
1697192012.3484473 -0.10879484763059448 -0.0005183911822298725 0
1697192012.397348 -0.10961045268792902 -0.0005199525549407272 0
1697192012.4390628 -0.11081729771686467 -0.0005189615298345159 0
1697192012.490317 -0.11047279526496784 -0.000515982440333271 0
1697192012.5479772 -0.11015654472617624 -0.0005148985846480254 1
1697192012.5897589 -0.10999836649744549 -0.0005143190461959058 1
1697192012.6394694 -0.11150762398842104 -0.0005139488914272361 1
1697192012.689566 -0.11235951684142964 -0.0005141920467870613 0
1697192012.739651 -0.11344826208883656 -0.0005129785022108362 0
1697192012.7899642 -0.11353554763168086 -0.000512736525357027 0
1697192012.8399968 -0.11337352234286696 -0.0005114598977835228 1
1697192012.8902712 -0.11441339352105523 -0.0005115685815814696 1
1697192012.9406393 -0.11532066429022958 -0.0005096916568410541 0
1697192012.9925077 -0.115938632032192 -0.0005092136678142615 0
1697192013.044928 -0.11601981604246488 -0.0005079260920202414 0
1697192013.094365 -0.11599414250337732 -0.0005069417960566119 1
1697192013.1441014 -0.11567336823399196 -0.0005047581222890063 1
1697192013.1932292 -0.11568167292782734 -0.0005028517872510983 1
1697192013.2427957 -0.11572562960042969 -0.0005019733119982659 1
1697192013.29287 -0.11573712898573192 -0.0005010230227217293 1
1697192013.3430245 -0.1156314378942532 -0.0004981658471270583 1
1697192013.3931534 -0.11556283382644944 -0.0004971372517624386 1
1697192013.4431398 -0.11549497295015991 -0.0004952180814077112 1
1697192013.4933448 -0.11551293869536144 -0.0004942912970986927 1
1697192013.544982 -0.1156383723088199 -0.0004936518960106481 1
1697192013.59581 -0.11599995320455184 -0.0004910449283231514 1
1697192013.651904 -0.11608705627682142 -0.0004901451566295793 1
1697192013.7016413 -0.11602457079368758 -0.0004889741359344042 1
1697192013.7476153 -0.11594980741939134 -0.0004879979032221069 1
1697192013.7980263 -0.11574861127954317 -0.000486654345956602 1
1697192013.8480723 -0.11561910566448885 -0.0004851529764168877 1
1697192013.8976812 -0.1162436014140352 -0.0004839783863896024 0
1697192013.9476535 -0.1165615954110804 -0.000483190928046315 0
1697192013.9981565 -0.11653147200315017 -0.0004819258930156637 0
1697192014.0480154 -0.11626876913710717 -0.00047957605713590224 1
1697192014.0984237 -0.11613540012357593 -0.0004779203907992697 1
1697192014.1483548 -0.11636852531988667 -0.0004772084224394544 0
1697192014.1982584 -0.11670417157605521 -0.0004767576645203616 0
1697192014.2480714 -0.11682990740311416 -0.0004733101892579743 0
1697192014.299448 -0.11619022908699399 -0.0004708271030336357 1
1697192014.3501878 -0.11579234691375126 -0.0004697100024127656 1
1697192014.3999255 -0.11573838985601802 -0.00046893424939132975 1
1697192014.450698 -0.11747957372180354 -0.00046824480845446807 1
1697192014.5018878 -0.11869930775682257 -0.0004684454951285808 0
1697192014.5520008 -0.12012722830166649 -0.0004660275821650877 0
1697192014.6019247 -0.12020829477873982 -0.00046550506651128125 0
1697192014.6518779 -0.12014722679137367 -0.0004644585699378803 1
1697192014.7054553 -0.12262600950667345 -0.00046102706636462406 0
1697192014.7901647 -0.12313740132580103 -0.0004600712523358189 0
1697192014.838855 -0.12361621873938866 -0.00045912382760674765 0
1697192014.8976693 -0.12355171886288395 -0.0004563105941637659 0
1697192014.9701588 -0.12324857764741785 -0.00045515578926004567 1
1697192015.029463 -0.12238017269730023 -0.0004525853620979014 1
1697192015.0657876 -0.12238017269730023 -0.0004525853620979014 1
1697192015.0927668 -0.12324809328122294 -0.00045068514299237655 1
1697192015.1352413 -0.12441219136951605 -0.0004496428038713816 0
1697192015.1840215 -0.12507023029801995 -0.0004493760603350198 0
1697192015.23343 -0.1266574737264975 -0.0004477709998058399 0
1697192015.282947 -0.12733649291861407 -0.0004453586476721641 0
1697192015.3329482 -0.12759764733796905 -0.00044430413567611056 0
1697192015.3829775 -0.12756120183139374 -0.0004430977351033788 0
1697192015.4329963 -0.12773048682270693 -0.00044207872402117173 1
1697192015.4835184 -0.12820792568316833 -0.00044011977102313194 0
1697192015.534131 -0.12825568386551 -0.00043763821600331247 0
1697192015.5854168 -0.1280667709407506 -0.000436416285979702 1
1697192015.6348855 -0.12792412171077752 -0.00043534370249891487 1
1697192015.684827 -0.1283037426427733 -0.00043240414792613467 1
1697192015.735227 -0.1286961045642312 -0.00043138175233929004 0
1697192015.7855604 -0.12926609925066754 -0.00043057944048067917 0
1697192015.8350532 -0.1294290382731557 -0.0004279090759344816 0
1697192015.8853452 -0.12916940165603952 -0.0004257805428852241 1
1697192015.9352136 -0.12916187480000854 -0.0004246255974974592 1
1697192015.985514 -0.12908912967928066 -0.0004233406395204789 1
1697192016.0356205 -0.12894929787217022 -0.0004210149522307265 1
1697192016.0893688 -0.12903347956472488 -0.00041874239420086574 1
1697192016.1362653 -0.12942982470792835 -0.00041679287827803366 1
1697192016.1860657 -0.12968999877028423 -0.00041573570381808376 0
1697192016.2373316 -0.12989580079367355 -0.0004145829158687468 0
1697192016.286883 -0.12981618077874327 -0.00041335706474600434 0
1697192016.3392396 -0.12931618755875907 -0.0004107525348676567 1
1697192016.388366 -0.1286304621147426 -0.0004081845171274584 1
1697192016.4383261 -0.12842439138831008 -0.00040714149330979446 1
1697192016.4885397 -0.12893635143768736 -0.0004061231073645411 1
1697192016.5384393 -0.13040214210272208 -0.0004048830224217341 0
1697192016.5886652 -0.13270549087876338 -0.0004031702939548674 0
1697192016.6392841 -0.1331976052397309 -0.00040238010403496476 0
1697192016.6895 -0.13307418267891277 -0.00040079143943019867 0
1697192016.7399373 -0.13288107648919925 -0.000399089164989593 1
1697192016.7898324 -0.1335765600724201 -0.00039584152753248435 0
1697192016.8425882 -0.13432054511648053 -0.0003926371502149407 0
1697192016.9477112 -0.1337624791489969 -0.00038875264208649494 0
1697192017.0248258 -0.13347847874503616 -0.00038750177640543604 1
1697192017.0870667 -0.13397295770264006 -0.0003859705791207439 1
1697192017.1446528 -0.13462057902545452 -0.00038463628103812083 1
1697192017.1943812 -0.1351618549777077 -0.0003834235135852695 0
1697192017.2463691 -0.13505640443574582 -0.0003825795717610601 0
1697192017.3073628 -0.13469466184344014 -0.00038069512819592763 0
1697192017.3586986 -0.1339077168816396 -0.0003782821223636758 1
1697192017.403418 -0.1333889605575377 -0.0003765812873259163 1
1697192017.4534273 -0.13378796857758926 -0.00037545932200737847 1
1697192017.4949152 -0.13435173207585752 -0.00037412521336837256 0
1697192017.5291302 -0.13435173207585752 -0.00037412521336837256 0
1697192017.5555568 -0.13651678544205187 -0.0003717966450278201 0
1697192017.58456 -0.1371030270758251 -0.00037103976517992396 0
1697192017.6342869 -0.13750668228133886 -0.0003682974873841657 0
1697192017.6835675 -0.13734061578209084 -0.0003662827914684696 0
1697192017.7335925 -0.13803024393291746 -0.0003639512893603837 1
1697192017.7837107 -0.1385264879835923 -0.0003625565668910679 0
1697192017.833682 -0.13877723251886037 -0.0003602418469223415 0
1697192017.8835397 -0.13879604516604088 -0.0003596884273335083 1
1697192017.9338176 -0.13860095976343495 -0.0003594919047469729 1
1697192017.9844723 -0.14035746732196702 -0.00035555819979176675 0
1697192018.048883 -0.1416836521897475 -0.00035181581949770044 0
1697192018.1011198 -0.14246821566591855 -0.00035021573010329316 0
1697192018.1541169 -0.1436285137375357 -0.00034786186189638774 0
1697192018.2046745 -0.14327255378806059 -0.00034478737486876677 0
1697192018.2545993 -0.1424767308883253 -0.00034251516144911167 1
1697192018.313405 -0.14216214306676814 -0.00034139011538330687 1
1697192018.358901 -0.1421300318662932 -0.0003404422141950919 1
1697192018.4121761 -0.14243238464122362 -0.00033985034367068896 1
1697192018.461297 -0.14426770571874173 -0.0003363906600488327 0
1697192018.5105255 -0.14523759497648528 -0.0003342205322031814 0
1697192018.5598733 -0.14616724407755247 -0.0003317163946406657 0
1697192018.609897 -0.14612360731923707 -0.0003299141706879263 0
1697192018.6597445 -0.14623274918323373 -0.0003271480263656895 0
1697192018.709632 -0.14630888076304427 -0.00032581472267871863 1
1697192018.7597973 -0.146672507230849 -0.0003231771593563789 0
1697192018.8095207 -0.14680518304043025 -0.0003218024317296328 0
1697192018.8595605 -0.14669267547300766 -0.00032071901752430375 0
1697192018.9098287 -0.14630310385582485 -0.00031828494595064686 1
1697192018.9597886 -0.14583302200963894 -0.0003159794012888506 1
1697192019.0141373 -0.14640862930868587 -0.0003136861086964959 1
1697192019.0800946 -0.14685782582307147 -0.0003152536120427082 0
1697192019.1222434 -0.1472388771394408 -0.0003104842051372841 0
1697192019.1704276 -0.1477750640145829 -0.0003085883192483958 0
1697192019.2234442 -0.14737798300972538 -0.0003054453137416858 0
1697192019.2737856 -0.14710219236681985 -0.00030426633609179754 1
1697192019.3269706 -0.14730584464057103 -0.0003020564927019486 1
1697192019.3932836 -0.14730584464057103 -0.0003020564927019486 0
1697192019.4272027 -0.14797946327219433 -0.0002989141376246418 0
1697192019.476632 -0.148104295143194 -0.00029658324951491226 0
1697192019.5260053 -0.14810422051538427 -0.0002952875976917184 0
1697192019.5763316 -0.1479763692035741 -0.0002939221405908999 1
1697192019.6275191 -0.1480748399849249 -0.00028996807713850277 1
1697192019.6767642 -0.14825503510580318 -0.0002886864113168222 1
1697192019.7269478 -0.1484795775146618 -0.00028732302998693446 0
1697192019.777031 -0.14846266963324764 -0.0002862941276535314 0
1697192019.8306603 -0.14804278379309307 -0.0002837032010157281 1
1697192019.8979828 -0.1477280997393274 -0.0002812555156893931 1
1697192019.950485 -0.14817360616626657 -0.00027756649238780764 1
1697192020.0221784 -0.14867055860881653 -0.0002759824077326823 0
1697192020.0708852 -0.1493461814316563 -0.0002746125587683258 0
1697192020.121491 -0.15003857538282145 -0.00027325806080007463 0
1697192020.1671743 -0.14929749006084042 -0.000271715895125365 0
1697192020.2009366 -0.14888979395481503 -0.0002704722720374613 0
1697192020.2569437 -0.1485506779527143 -0.0002681519500897371 1
1697192020.3155384 -0.1485536788307741 -0.00026944393153007325 1
1697192020.392145 -0.15100950542763397 -0.00026204713790659056 0
1697192020.4513748 -0.15021250043872508 -0.000258253168410354 0
1697192020.5487285 -0.14944052975169225 -0.0002570614646912721 1
1697192020.6073425 -0.1489345531702393 -0.00025597975084813864 1
1697192020.661508 -0.1499754108755247 -0.0002548836125023473 1
1697192020.717612 -0.15374528518054947 -0.0002517077765018158 0
1697192020.7675796 -0.1603395385044686 -0.00024749362963935335 0
1697192020.8280814 -0.16247974616084063 -0.0002461790339602179 0
1697192020.8872755 -0.16326584272495365 -0.00024051266286128487 0
1697192020.9526951 -0.1627900626593881 -0.00023852785728168533 0
1697192021.0301151 -0.1641168754572971 -0.0002359984136331322 0
1697192021.0842893 -0.16729636507551757 -0.00023139315528384892 0
1697192021.147765 -0.16827148893837937 -0.00023036934778422085 0
1697192021.2048223 -0.1692693316890531 -0.00022881873694239403 0
1697192021.259523 -0.1708514447179601 -0.00022612916502844795 0
1697192021.307656 -0.17154400570851588 -0.00022356278953017373 0
1697192021.3478138 -0.17167943315042325 -0.00022247113883179515 0
1697192021.395944 -0.17199838778955573 -0.00022095481609846296 0
1697192021.4503627 -0.17236558609946653 -0.0002196415500676076 0
1697192021.4993536 -0.17310508729497387 -0.00021702932099866977 0
1697192021.5425138 -0.173589338748536 -0.0002147356103920568 0
1697192021.5946364 -0.1735093706041281 -0.0002138654757690849 0
1697192021.643817 -0.17327004077981628 -0.00021276025622978917 1
1697192021.702007 -0.17285907689519822 -0.0002089749067761028 1
1697192021.7649229 -0.17320887113790503 -0.0002060046525317518 1
1697192021.8373787 -0.17359741973175064 -0.00020470282338134292 0
1697192021.8990173 -0.17397552895693047 -0.00020347080869928454 0
1697192021.9486637 -0.17401869332541683 -0.00020057280974954242 0
1697192022.0063412 -0.1733134808243356 -0.0001981473358486428 1
1697192022.0718133 -0.17289103237694847 -0.0001968581326731062 1
1697192022.1257777 -0.17289421133710817 -0.0001959065638803729 1
