1699096754.1752646 0 0 0
1699096754.3170586 0 0 0
1699096754.3721402 0 0 0
1699096754.425188 0 0 0
1699096754.4811275 0 0 0
1699096754.5356643 0 0 0
1699096754.5879593 0 0 0
1699096754.6426835 0 0 0
1699096754.6991546 0 0 0
1699096754.757191 0 0 0
1699096754.8134859 0 0 0
1699096754.8684661 0 0 0
1699096754.9235668 0 0 0
1699096754.9776878 0 0 0
1699096755.029497 0 0 0
1699096755.0853012 0 0 0
1699096755.140079 0 0 0
1699096755.194314 0 0 0
1699096755.246985 0 0 0
1699096755.3017225 0 0 0
1699096755.3541968 0 0 0
1699096755.4733136 0 0 0
1699096755.5285363 0 0 0
1699096755.5806088 0 0 0
1699096755.633784 0 0 0
1699096755.6875522 0 0 0
1699096755.7429674 0 0 0
1699096755.796602 0 0 0
1699096755.8505752 0 0 0
1699096755.9051373 0 0 0
1699096755.9599714 0 0 0
1699096756.0127335 0 0 0
1699096756.0668216 0 0 0
1699096756.1221192 0 0 0
1699096756.1751256 0 0 0
1699096756.2305555 0 0 0
1699096756.2838557 0 0 0
1699096756.336798 0 0 0
1699096756.391708 0 0 0
1699096756.4457796 0 0 0
1699096756.5011046 0 0 0
1699096756.5565488 0 0 0
1699096756.6217651 0 0 0
1699096756.6773243 0 0 0
1699096756.7321675 0 0 0
1699096756.7878015 0 0 0
1699096756.8414578 0 0 0
1699096756.8960593 0 0 0
1699096756.950505 0 0 0
1699096757.005573 0 0 0
1699096757.0590892 0 0 0
1699096757.11344 0 0 0
1699096757.168408 0 0 0
1699096757.223634 0 0 0
1699096757.2794707 0 0 0
1699096757.3329332 0 0 0
1699096757.385531 0 0 0
1699096757.4401975 0 0 0
1699096757.4953341 0 0 0
1699096757.550827 0 0 0
1699096757.6046371 0 0 0
1699096757.6583006 0 0 0
1699096757.712615 0 0 0
1699096757.7688859 0 0 0
1699096757.8224568 0 0 0
1699096757.8777661 0 0 0
1699096757.9462035 0 0 0
1699096758.0014327 0 0 0
1699096758.0544462 0 0 0
1699096758.1083746 0 0 0
1699096758.1636996 0 0 0
1699096758.2176764 0 0 0
1699096758.2725646 0 0 0
1699096758.3255048 0 0 0
1699096758.3784728 0 0 0
1699096758.4346929 0 0 0
1699096758.488202 0 0 0
1699096758.541656 0 0 0
1699096758.5941062 0 0 0
1699096758.6478863 0 0 0
1699096758.7009554 0 0 0
1699096758.7542708 0 0 0
1699096758.8092208 0 0 0
1699096758.8637395 0 0 0
1699096758.916822 0 0 0
1699096758.9700344 0 0 0
1699096759.0236843 0 0 0
1699096759.0762746 0 0 0
1699096759.1277792 0 0 0
1699096759.19364 0 0 0
1699096759.246965 0 0 0
1699096759.3018486 0 0 0
1699096759.3551779 0 0 0
1699096759.409282 0 0 0
1699096759.4603996 0 0 0
1699096759.514099 0 0 0
1699096759.5665722 0 0 0
1699096759.6197577 0 0 0
1699096759.6727533 0 0 0
1699096759.7257006 0 0 0
1699096759.780133 0 0 0
1699096759.8341832 0 0 0
1699096759.8884275 0 0 0
1699096759.9414687 0 0 0
1699096759.9957924 0 0 0
1699096760.0481546 0 0 0
1699096760.1020865 0 0 0
1699096760.1566484 0 0 0
1699096760.209922 0 0 0
1699096760.2634788 0 0 0
1699096760.3174849 0 0 0
1699096760.3703353 0 0 0
1699096760.4255161 0 0 0
1699096760.4888785 0 0 0
1699096760.5425317 0 0 0
1699096760.5943317 0 0 0
1699096760.6470788 0 0 0
1699096760.7008157 0 0 0
1699096760.755893 0 0 0
1699096760.8082588 0 0 0
1699096760.8629217 0 0 0
1699096760.9171598 0 0 0
1699096760.9700735 0 0 0
1699096761.0228043 0 0 0
1699096761.074683 0 0 0
1699096761.1279953 0 0 0
1699096761.181509 0 0 0
1699096761.2356458 0 0 0
1699096761.2892618 0 0 0
1699096761.3429835 0 0 0
1699096761.3967166 0 0 0
1699096761.450509 0 0 0
1699096761.505436 0 0 0
1699096761.558621 0 0 0
1699096761.610351 0 0 0
1699096761.6641407 0 0 0
1699096761.719713 0 0 0
1699096761.7840557 0 0 0
1699096761.8364592 0 0 0
1699096761.8916276 0 0 0
1699096761.9458315 0 0 0
1699096761.9993901 0 0 0
1699096762.0547545 0 0 0
1699096762.1073108 0 0 0
1699096762.158484 0 0 0
1699096762.213753 0 0 0
1699096762.2674408 0 0 0
1699096762.3210099 0 0 0
1699096762.3733525 0 0 0
1699096762.4267704 0 0 0
1699096762.4808228 0 0 0
1699096762.534761 0 0 0
1699096762.5885925 0 0 0
1699096762.6429293 0 0 0
1699096762.7011807 0 0 0
1699096762.7547398 0 0 0
1699096762.8077567 0 0 0
1699096762.8612182 0 0 0
1699096762.916464 0 0 0
1699096762.9692926 0 0 0
1699096763.0226867 0 0 0
1699096763.0881848 0 0 0
1699096763.14396 0 0 0
1699096763.197782 0 0 0
1699096763.2503169 0 0 0
1699096763.3036826 0 0 0
1699096763.3581197 0 0 0
1699096763.4109294 0 0 0
1699096763.4643087 0 0 0
1699096763.5205765 0 0 0
1699096763.5735521 0 0 0
1699096763.6250248 0 0 0
1699096763.680805 0 0 0
1699096763.733843 0 0 0
1699096763.7864497 0 0 0
1699096763.8400116 0 0 0
1699096763.8947053 0 0 0
1699096763.94624 0 0 0
1699096764.001473 0 0 0
1699096764.0546045 0 0 0
1699096764.1083775 0 0 0
1699096764.1605709 0 0 0
1699096764.2155058 0 0 0
1699096764.2700434 0 0 0
1699096764.3221197 0 0 0
1699096764.3755589 0 0 0
1699096764.4415264 0 0 0
1699096764.4940612 0 0 0
1699096764.5469565 0 0 0
1699096764.6034396 0 0 0
1699096764.6582572 0 0 0
1699096764.717882 0 0 0
1699096764.7737393 0 0 0
1699096764.825032 0 0 0
1699096764.8778644 0 0 0
1699096764.9316716 0 0 0
1699096764.9880466 0 0 0
1699096765.052833 0 0 0
1699096765.107039 0 0 0
1699096765.1616533 0 0 0
1699096765.2151778 0 0 0
1699096765.2691853 0 0 0
1699096765.3204515 0 0 0
1699096765.3745804 0 0 0
1699096765.4285989 0 0 0
1699096765.479547 0 0 0
1699096765.5324295 0 0 0
1699096765.5854254 0 0 0
1699096765.636662 0 0 0
1699096765.689901 0 0 0
1699096765.7436867 0 0 0
1699096765.795 0 0 0
1699096765.849615 0 0 0
1699096765.9037702 0 0 0
1699096765.9585032 0 0 0
1699096766.0103889 0 0 0
1699096766.0633764 0 0 0
1699096766.1162572 0 0 0
1699096766.1699114 0 0 0
1699096766.2241175 0 0 0
1699096766.2779193 0 0 0
1699096766.3351424 0 0 0
1699096766.3979795 0 0 0
1699096766.4528866 0 0 0
1699096766.5098248 0 0 0
1699096766.563401 0 0 0
1699096766.6177197 0 0 0
1699096766.7385457 0 0 0
1699096766.7914412 0 0 0
1699096766.8440752 0 0 0
1699096766.898168 0 0 0
1699096766.951512 0 0 0
1699096767.0054815 0 0 0
1699096767.0591083 0 0 0
1699096767.1137688 0 0 0
1699096767.1670296 0 0 0
1699096767.2211406 0 0 0
1699096767.2748985 0 0 0
1699096767.3280954 0 0 0
1699096767.3827431 0 0 0
1699096767.4381897 0 0 0
1699096767.4914644 0 0 0
1699096767.5443494 0 0 0
1699096767.5995476 0 0 0
1699096767.6649923 0 0 0
1699096767.7174885 0 0 0
1699096767.7720468 0 0 0
1699096767.8252118 0 0 0
1699096767.879678 0 0 0
1699096767.931731 0 0 0
1699096767.9874413 0 0 0
1699096768.0405426 0 0 0
1699096768.0942817 0 0 0
1699096768.1475184 0 0 0
1699096768.2031796 0 0 0
1699096768.25538 0 0 0
1699096768.309403 0 0 0
1699096768.364457 0 0 0
1699096768.4168668 0 0 0
1699096768.4717271 0 0 0
1699096768.5255225 0 0 0
1699096768.579612 0 0 0
1699096768.6334922 0 0 0
1699096768.6886125 0 0 0
1699096768.7406554 0 0 0
1699096768.7944543 0 0 0
1699096768.8474786 0 0 0
1699096768.900656 0 0 0
1699096768.9658725 0 0 0
1699096769.019284 0 0 0
1699096769.0720305 0 0 0
1699096769.1273463 0 0 0
1699096769.180625 0 0 0
1699096769.2322195 0 0 0
1699096769.285847 0 0 0
1699096769.3382928 0 0 0
1699096769.389816 0 0 0
1699096769.4454226 0 0 0
1699096769.4998963 0 0 0
1699096769.5520556 0 0 0
1699096769.6062117 0 0 0
1699096769.6601875 0 0 0
1699096769.7122984 0 0 0
1699096769.7650728 0 0 0
1699096769.8177414 0 0 0
1699096769.8705869 0 0 0
1699096769.9238415 0 0 0
1699096769.9755495 0 0 0
1699096770.028032 0 0 0
1699096770.0834558 0 0 0
1699096770.1378999 0 0 0
1699096770.190241 0 0 0
1699096770.2583437 0 0 0
1699096770.3119733 0 0 0
1699096770.3642206 0 0 0
1699096770.4236507 0 0 0
1699096770.4770658 0 0 0
1699096770.5296512 0 0 0
1699096770.5854366 0 0 0
1699096770.6383982 0 0 0
1699096770.7022767 0 0 0
1699096770.7572873 0 0 0
1699096770.8155324 0 0 0
1699096770.873909 0 0 0
1699096770.9310443 0 0 0
1699096770.9891453 0 0 0
1699096771.0452065 0 0 0
1699096771.1020164 0 0 0
1699096771.156228 0 0 0
1699096771.2140243 0 0 0
1699096771.2781527 0 0 0
1699096771.3362904 0 0 0
1699096771.391561 0 0 0
1699096771.445978 0 0 0
1699096771.5019999 0 0 0
1699096771.5584507 0 0 0
1699096771.6127877 0 0 0
1699096771.6663258 0 0 0
1699096771.7221866 0 0 0
1699096771.7770126 0 0 0
1699096771.8301868 0 0 0
1699096771.8866408 0 0 0
1699096771.941351 0 0 0
1699096771.9959447 0 0 0
1699096772.0537736 0 0 0
1699096772.1109066 0 0 0
1699096772.1669815 0 0 0
1699096772.2214184 0 0 0
1699096772.276484 0 0 0
1699096772.331087 0 0 0
1699096772.3880587 0 0 0
1699096772.4441519 0 0 0
1699096772.497282 0 0 0
1699096772.5548854 0 0 0
1699096772.611612 0 0 0
1699096772.6785715 0 0 0
1699096772.7358294 0 0 0
1699096772.7921252 0 0 0
1699096772.848453 0 0 0
1699096772.9045653 0 0 0
1699096772.9574847 0 0 0
1699096773.0135036 0 0 0
1699096773.0693378 0 0 0
1699096773.126116 0 0 0
1699096773.1812923 0 0 0
1699096773.2376306 0 0 0
1699096773.2900205 0 0 0
1699096773.3448188 0 0 0
1699096773.399482 0 0 0
1699096773.4541101 0 0 0
1699096773.507375 0 0 0
1699096773.561599 0 0 0
1699096773.6154957 0 0 0
1699096773.6705098 0 0 0
1699096773.7391677 0 0 0
1699096773.7949615 0 0 0
1699096773.8501046 0 0 0
1699096773.9084423 0 0 0
1699096773.9631898 0 0 0
1699096774.0175083 0 0 0
1699096774.074038 0 0 0
1699096774.1291394 0 0 0
1699096774.1834998 0 0 0
1699096774.2407498 0 0 0
1699096774.2979486 0 0 0
1699096774.3526802 0 0 0
1699096774.409987 0 0 0
1699096774.462247 0 0 0
1699096774.5174088 0 0 0
1699096774.5735555 0 0 0
1699096774.6278255 0 0 0
1699096774.6845074 0 0 0
1699096774.739197 0 0 0
1699096774.7945654 0 0 0
1699096774.853009 0 0 0
1699096774.9092796 0 0 0
1699096774.9656246 0 0 0
1699096775.019473 0 0 0
1699096775.0741143 0 0 0
1699096775.1303189 0 0 0
1699096775.196648 0 0 0
1699096775.2546344 0 0 0
1699096775.30897 0 0 0
1699096775.3634307 0 0 0
1699096775.4196813 0 0 0
1699096775.4734645 0 0 0
1699096775.5284085 0 0 0
1699096775.5824523 0 0 0
1699096775.635019 0 0 0
1699096775.6891067 0 0 0
1699096775.745371 0 0 0
1699096775.7984915 0 0 0
1699096775.8549507 0 0 0
1699096775.911385 0 0 0
1699096775.9651198 0 0 0
1699096776.0203598 0 0 0
1699096776.0747454 0 0 0
1699096776.130121 0 0 0
1699096776.183831 0 0 0
1699096776.2394505 0 0 0
1699096776.2942028 0 0 0
1699096776.349209 0 0 0
1699096776.4069095 0 0 0
1699096776.4607472 0 0 0
1699096776.5273864 0 0 0
1699096776.583651 0 0 0
1699096776.6395993 0 0 0
1699096776.6960218 0 0 0
1699096776.7474048 0 0 0
1699096776.8019166 0 0 0
1699096776.8570926 0 0 0
1699096776.9116275 0 0 0
1699096776.9661632 0 0 0
1699096777.0221686 0 0 0
1699096777.0744727 0 0 0
1699096777.1300461 0 0 0
1699096777.1854815 0 0 0
1699096777.2392783 0 0 0
1699096777.2931662 0 0 0
1699096777.345172 0 0 0
1699096777.3990793 0 0 0
1699096777.4530513 0 0 0
1699096777.5074394 0 0 0
1699096777.5639832 0 0 0
1699096777.6180065 0 0 0
1699096777.6706672 0 0 0
1699096777.7256236 0 0 0
1699096777.7804222 0 0 0
1699096777.8457994 0 0 0
1699096777.901156 0 0 0
1699096777.9549 0 0 0
1699096778.0074065 0 0 0
1699096778.0611155 0 0 0
1699096778.1149678 0 0 0
1699096778.1697354 0 0 0
1699096778.2262695 0 0 0
1699096778.2823548 0 0 0
1699096778.340636 0 0 0
1699096778.3958986 0 0 0
1699096778.4498482 0 0 0
1699096778.5099642 0 0 0
1699096778.5678766 0 0 0
1699096778.6250587 0 0 0
1699096778.6824436 0 0 0
1699096778.7389472 0 0 0
1699096778.7994187 0 0 0
1699096778.8583367 0 0 0
1699096778.916954 0 0 0
1699096778.9724715 0 0 0
1699096779.0291452 0 0 0
1699096779.0835135 0 0 0
1699096779.1368535 0 0 0
1699096779.1927285 0 0 0
1699096779.2597773 0 0 0
1699096779.3195417 0 0 0
1699096779.3766077 0 0 0
1699096779.4317534 0 0 0
1699096779.4851942 0 0 0
1699096779.5435708 0 0 0
1699096779.5980222 0 0 0
1699096779.6539085 0 0 0
1699096779.7091365 0 0 0
1699096779.7644656 0 0 0
1699096779.820621 0 0 0
1699096779.876691 0 0 0
1699096779.930842 0 0 0
1699096779.9856274 0 0 0
1699096780.040757 0 0 0
1699096780.0941718 0 0 0
1699096780.1482735 0 0 0
1699096780.2026644 0 0 0
1699096780.257953 0 0 0
1699096780.312161 0 0 0
1699096780.3697443 0 0 0
1699096780.4237356 0 0 0
1699096780.4774442 0 0 0
1699096780.533355 0 0 0
1699096780.5991204 0 0 0
1699096780.6518624 0 0 0
1699096780.7075467 0 0 0
1699096780.7623975 0 0 0
1699096780.8158112 0 0 0
1699096780.8701298 0 0 0
1699096780.9240665 0 0 0
1699096780.9779975 0 0 0
1699096781.0361147 0 0 0
1699096781.091405 0 0 0
1699096781.145788 0 0 0
1699096781.2016764 0 0 0
1699096781.2565243 0 0 0
1699096781.3140628 0 0 0
1699096781.371354 0 0 0
1699096781.4299574 0 0 0
1699096781.4866247 0 0 0
1699096781.5433712 0 0 0
1699096781.6003077 0 0 0
1699096781.657128 0 0 0
1699096781.714075 0 0 0
1699096781.7666688 0 0 0
1699096781.8234246 0 0 0
1699096781.8784258 0 0 0
1699096781.9454274 0 0 0
1699096781.99928 0 0 0
1699096782.060161 0 0 0
1699096782.1191857 0 0 0
1699096782.176305 0 0 0
1699096782.2360175 0 0 0
1699096782.2911959 0 0 0
1699096782.3473809 0 0 0
1699096782.4107504 0 0 0
1699096782.4673026 0 0 0
1699096782.5229852 0 0 0
1699096782.580703 0 0 0
1699096782.637877 0 0 0
