1697089521.6291587 2.472935187895908 -1.324848081358502 0
1697089521.9990485 2.479629790297459 -1.353352480985351 0
1697089522.1402366 2.4806107031778204 -1.357437718774964 0
1697089522.17296 2.481270280694422 -1.3601982680809463 0
1697089522.2108562 2.4816343830315595 -1.3616600894898587 0
1697089522.245995 2.4817149945060195 -1.3618383876942617 1
1697089522.290191 2.4817149945060195 -1.3618383876942617 1
1697089522.326365 2.4817384305728942 -1.3618807655523384 1
1697089522.3516002 2.481752944337548 -1.361897260900975 0
1697089522.4007692 2.4817600418586845 -1.3619134338116854 1
1697089522.4521 2.481765459532847 -1.3619292339700895 1
1697089522.5009766 2.481771977872586 -1.3619508527726287 1
1697089522.5506089 2.481879647468676 -1.3623814734781878 1
1697089522.6039853 2.4827581198078224 -1.3661445195429571 0
1697089522.6807265 2.483952366521237 -1.3712716102794726 0
1697089522.762035 2.4853962761800585 -1.3777116872997182 0
1697089522.8400095 2.486388206358202 -1.3828614377689283 1
1697089522.8834949 2.486808998244701 -1.3851632348433434 1
1697089522.9292521 2.4872891287899 -1.3878888779417202 1
1697089522.9736216 2.4885384015815566 -1.3951680230766406 1
1697089523.0117548 2.4893976652361083 -1.4000080697786175 0
1697089523.0503438 2.490364587205848 -1.4048888063652825 0
1697089523.0920558 2.491297837337804 -1.4091280109866182 0
1697089523.1324477 2.492021680389873 -1.412246016547259 0
1697089523.171213 2.493018092321367 -1.4165304974056545 0
1697089523.2196548 2.4933227396485624 -1.417782457347644 0
1697089523.2643316 2.4934794545359558 -1.4184215879638156 0
1697089523.3148339 2.4935067078713 -1.4185606241434257 1
1699339833.7847683 -0.007279086118745368 -0.0009970937647108768 1
1699339834.0389166 0.0015085469010643754 -0.001652305044384175 0
1699339834.2092564 0.03364011672041121 -0.0040782459374460135 1
1699339834.2837322 0.05094178934243016 -0.005345006983723369 1
1699339834.3647895 0.05898574993213454 -0.005927609284007641 0
1699339834.4476967 0.08598111293868135 -0.007904734316809853 0
1699339834.5199728 0.09291567138141704 -0.008449915589770086 0
1699339834.5971134 0.10677877390319837 -0.009609136608813651 0
1699339834.6759026 0.13476575632395035 -0.011967171210368822 0
1699339834.7506678 0.14180445883246978 -0.012562812897404303 0
1699339834.8207636 0.1552736261208686 -0.013704240001241836 0
1699339834.9007473 0.18129303560931984 -0.015912423019750713 0
1699339834.9813166 0.18759762549082928 -0.01644752139949722 0
1699339835.0579605 0.20634984373391116 -0.018038597275465147 0
1699339835.138045 0.2189031234306303 -0.019102063180646806 0
1699339835.2175243 0.23109915665681918 -0.020133779692886676 0
1699339835.2975268 0.24906484282185956 -0.021662489664297388 0
1699339835.3788402 0.2608786464924378 -0.022666445555898158 0
1699339835.4656057 0.27822220749007903 -0.024131123697985975 0
1699339835.5476487 0.28980527136339007 -0.025096455904417884 0
1699339835.6218655 0.3012737553518701 -0.026041638757633215 0
1699339835.6976018 0.31838260149010605 -0.02743046234148441 0
1699339835.7845607 0.3352207146854041 -0.028772282642499473 0
1699339835.8652496 0.3408738343850189 -0.029216944939114968 0
1699339835.9451165 0.35753770327065204 -0.030509412458585475 0
1699339836.024471 0.3741567156801642 -0.03176943897070755 0
1699339836.0996995 0.37959850096126363 -0.03217587336200347 0
1699339836.1774235 0.40110751607344436 -0.033752003262455754 0
1699339836.257106 0.4065999945391596 -0.03414547051034167 0
1699339836.3368673 0.42249379402725756 -0.03526993439356839 0
1699339836.4133973 0.4329940286278751 -0.03599045097288467 0
1699339836.4903798 0.4436138586273073 -0.036700939069494815 0
1699339836.5661306 0.45944857256882354 -0.03772598307741048 0
1699339836.6441863 0.47002594677626663 -0.03838756984508209 0
1699339836.7228556 0.48041711025534545 -0.03901946590359383 0
1699339836.8044055 0.4960964116024627 -0.039940332473956994 0
1699339836.8841505 0.5117141210697616 -0.04081769592791305 0
1699339836.961848 0.5170185413663815 -0.041106234484347984 0
1699339837.0445912 0.5326000020755816 -0.04192718371673813 0
1699339837.1302679 0.548121666745491 -0.042706184188225284 0
1699339837.2077627 0.5582369660720945 -0.04319265179102984 0
1699339837.2865229 0.5685115556595768 -0.04366523374454678 0
1699339837.3736918 0.5838288107490245 -0.04434212841425219 0
1699339837.4568622 0.5991456953923232 -0.04496908209268396 0
1699339837.5344167 0.6094020587231509 -0.045361529310501185 0
1699339837.614684 0.6194951043816808 -0.045726814727451826 0
1699339837.6944504 0.6297392572140553 -0.0460769093147119 0
1699339837.77271 0.6450152061889671 -0.04656116727015052 0
1699339837.8502045 0.6500566340313436 -0.046711473316025494 0
1699339837.9231756 0.6705117052081604 -0.047273031076493804 0
1699339838.0014918 0.68058324738519 -0.047521417729818806 0
1699339838.0873842 0.6958143299442788 -0.04786123943014262 0
1699339838.1748204 0.7059233686900043 -0.04806753124278453 0
1699339838.2573326 0.7160522548846588 -0.04826452703950499 0
1699339838.3378918 0.7311610537884299 -0.048518870948867095 0
1699339838.418284 0.7411440601081666 -0.048665132613968876 0
1699339838.4994175 0.7562257564734159 -0.048846016011486755 0
1699339838.5791855 0.7663350395342168 -0.04894087942250076 0
1699339838.6670866 0.7764704692127393 -0.04901543959299261 0
1699339838.7490814 0.7965980616424402 -0.04910460748486125 0
1699339838.830694 0.8015906020061948 -0.04911521699387385 0
1699339838.9063373 0.8117180757012987 -0.049123222928452226 0
1699339838.989017 0.8318337578880645 -0.04908676570570392 0
1699339839.0687454 0.8369797297584116 -0.04906675507662821 0
1699339839.142538 0.8469606028793806 -0.049014695525829106 0
1699339839.221347 0.8670794048314405 -0.04887248118658475 0
1699339839.3002796 0.8769786051776285 -0.04878138626761378 0
1699339839.3814454 0.8820634687534897 -0.04873130658380878 0
1699339839.4592822 0.9019995789496404 -0.04849304103819372 0
1699339839.541023 0.9069483923858366 -0.04842249054263862 0
1699339839.6185453 0.9220288042087872 -0.048180677206278506 0
1699339839.6952775 0.9370965593268675 -0.04790153501057816 0
1699339839.7780182 0.9422230190465944 -0.04779852387223427 0
1699339839.8514206 0.9572668333886931 -0.04746992740773548 0
1699339839.9350033 0.972318611018525 -0.04710222842885411 0
1699339840.012946 0.9923831706793981 -0.046558347017115816 0
1699339840.1548564 1.002498301326098 -0.04626560831801288 0
1699339840.2300851 1.012447982102309 -0.0459632544050838 0
1699339840.3073769 1.0274006678788417 -0.04550054085383862 0
1699339840.3904712 1.0373417926492223 -0.04517650344883731 0
1699339840.467368 1.0522700850388849 -0.04466296719321465 0
1699339840.543397 1.0623353705642027 -0.044298284311078205 0
1699339840.6243525 1.072266536249538 -0.04392422763573617 0
1699339840.7054167 1.0872597971888922 -0.043335264169489976 0
1699339840.7925098 1.0972966420053727 -0.04292555426992962 0
1699339840.87161 1.1073613522801629 -0.04250297120575724 0
1699339840.9487355 1.127393133618306 -0.041630441295978725 0
1699339841.0391555 1.1323639262804766 -0.04140811007150482 0
1699339841.1163547 1.142454892937636 -0.04095051689079089 0
1699339841.1887245 1.1574930935636583 -0.04025450555071742 0
1699339841.2628844 1.1675477851357292 -0.03978056303342287 0
1699339841.3422203 1.1774148785521843 -0.03931790292301428 0
1699339841.4245644 1.192311032534181 -0.03860927518049184 0
1699339841.496553 1.202312628547757 -0.0381251132790617 0
1699339841.5783768 1.2172939916672016 -0.03738250681571896 0
1699339841.6574771 1.2273724452456156 -0.036872379876896524 0
1699339841.7317252 1.2372535343834383 -0.036365296507175716 0
1699339841.8209848 1.2522085586226221 -0.03558650018887851 0
1699339841.899059 1.267247204641939 -0.0347911759787228 0
1699339841.9773421 1.2723723409522414 -0.034517706977128616 0
1699339842.053777 1.2874074923348149 -0.033709652778020856 0
1699339842.1330702 1.2973142318467004 -0.03317389289727025 0
1699339842.2157466 1.3073706082231429 -0.0326292260601812 0
1699339842.293238 1.3273524676726154 -0.031548859132005044 0
1699339842.369083 1.332443723832366 -0.03127766723743638 0
1699339842.4472427 1.3473444114898037 -0.030484449763570905 0
1699339842.529806 1.3571664063739926 -0.029960044654126584 0
1699339842.6144176 1.3671572072391287 -0.029423523980260723 0
1699339842.6969535 1.3871727238070475 -0.028339717216834478 0
1699339842.779282 1.392285354450004 -0.02806165855351489 0
1699339842.8517952 1.402217341419521 -0.02752073882612164 0
1699339842.9322412 1.4223079595145183 -0.026425658876527678 0
1699339843.0146708 1.432209256115977 -0.02588621610579914 0
1699339843.097339 1.4422756052465702 -0.02533894355761937 0
1699339843.1693275 1.4523640490547975 -0.024792813688274226 0
1699339843.2504966 1.4623070633463322 -0.02425911376436702 0
1699339843.3304405 1.4824019085472986 -0.023197988884409274 0
1699339843.4127262 1.4922550838630324 -0.022693901670193285 0
1699339843.4927232 1.4973150821117722 -0.0224383816377495 0
1699339843.567473 1.5121910795005336 -0.021680600521607973 0
1699339843.6414802 1.527165161933072 -0.02092376402211994 0
1699339843.729875 1.5421599007859015 -0.02016958949851395 0
1699339843.8128235 1.552045428566654 -0.019675333482209397 0
1699339843.8914468 1.5620824305088556 -0.019176288172840648 0
1699339843.9717216 1.5721414614031197 -0.018679305036629134 0
1699339844.0497444 1.587177378732358 -0.017942872140313818 0
1699339844.1270185 1.5970992280846834 -0.017462260956169328 0
1699339844.2091353 1.6071748358422977 -0.01697969835529865 0
1699339844.2834246 1.6222147658160893 -0.016273962365655446 0
1699339844.3604517 1.6271779817381735 -0.016045736188277614 0
1699339844.44225 1.647229834096968 -0.01515019687318989 0
1699339844.517569 1.652147066881015 -0.014939227174056288 0
1699339844.5966897 1.6669911435675855 -0.014300861741648964 0
1699339844.678512 1.6819440030773791 -0.013670951152987058 0
1699339844.758775 1.68689563650153 -0.013464360119089622 0
1699339844.835287 1.7018784832903782 -0.012846034565354167 0
1699339844.9162595 1.716853231859449 -0.012238504739051267 0
1699339844.9982946 1.7219485616115258 -0.012034258743335644 0
1699339845.078083 1.7419437791849604 -0.011245453456126436 0
1699339845.1632082 1.752028168571964 -0.010856462245250737 0
1699339845.2414167 1.756999130143074 -0.010667210994741218 0
1699339845.3225365 1.7769988859978672 -0.009928027289235607 0
1699339845.408568 1.7870649368299392 -0.009568736818337054 0
1699339845.486122 1.8020083035824979 -0.009064985512148538 0
1699339845.568752 1.8119609467070033 -0.008739395605998209 0
1699339845.6500914 1.8268520660190888 -0.00826498296888019 0
1699339845.7303054 1.8367563453673927 -0.007956261555221866 0
1699339845.8134196 1.8468453556892253 -0.007646891232376646 0
1699339845.8981588 1.861835608712955 -0.007197261798420156 0
1699339845.9753656 1.8718573157338476 -0.006903463662857571 0
1699339846.0537663 1.8817576244217795 -0.006618705717181256 0
1699339846.1342745 1.9019428160245966 -0.00605556144742929 0
1699339846.2190936 1.906914982795879 -0.005920923880570191 0
1699339846.2951167 1.9170126156522511 -0.005653029028025892 0
1699339846.36992 1.932054555862654 -0.005271711654929442 0
1699339846.4495294 1.9419738376580995 -0.0050332604705976645 0
1699339846.526681 1.9569284872726327 -0.004694807766103649 0
1699339846.6106544 1.966876419784819 -0.004481422023328733 0
1699339846.6880434 1.9768378438702154 -0.004275108875631595 0
1699339846.7601166 1.9918251967646834 -0.003973432270986219 0
1699339846.845204 2.001779711971009 -0.0037795911487701387 0
1699339846.9207273 2.011873653941586 -0.003588173468267425 0
1699339847.002028 2.0268201727038435 -0.003314132516932231 0
1699339847.080995 2.0368494565654887 -0.0031366989815719277 0
1699339847.1589384 2.0467324612397992 -0.002966937140504781 0
1699339847.2471635 2.066923406435829 -0.002637572879164945 0
1699339847.3289926 2.0719053060899464 -0.0025603784232507117 0
1699339847.4072957 2.0869839728337527 -0.0023400304404547112 0
1699339847.4868643 2.097047489554212 -0.0022063711887371096 0
1699339847.5632477 2.10692042845123 -0.0020810783990623007 0
1699339847.6393635 2.1218018658095685 -0.00191291270437416 0
1699339847.7188032 2.1317870987254235 -0.0018072205086762255 0
1699339847.797973 2.146774113963206 -0.00165518074167192 0
1699339847.8765016 2.1568628498006936 -0.0015581293995550387 0
1699339847.9524605 2.1667443552045356 -0.0014670525459310594 0
1699339848.0337164 2.181695964773658 -0.0013367177698383297 0
1699339848.110407 2.19176895161666 -0.001254024007675654 0
1699339848.1915984 2.2018752483094097 -0.0011751682915665258 0
1699339848.2692142 2.2118135338276117 -0.0011018898565428586 0
1699339848.3434305 2.2268333151848583 -0.001000588548419569 0
1699339848.4258118 2.236900443310226 -0.000940582152793089 0
1699339848.4998462 2.251942366385771 -0.0008679893980052663 0
1699339848.583844 2.2620005412117448 -0.0008257928128427019 0
1699339848.66065 2.2718545016008656 -0.00080002045493683 0
1699339848.736548 2.2817776247607435 -0.0007713156512664324 0
1699339848.8104978 2.2967195709313866 -0.0007358688067006025 0
1699339848.887709 2.311739454579147 -0.0007063110166773881 0
1699339848.9734247 2.3217935968184866 -0.0006896736729271037 0
1699339849.046867 2.3316772700351067 -0.0006757373566854278 0
1699339849.1219082 2.3466855626913383 -0.0006591767031791236 0
1699339849.2021708 2.3567645574987113 -0.0006511793823291374 0
1699339849.2828474 2.366844014461255 -0.0006458978575151858 0
1699339849.3664196 2.3818847451855243 -0.0006442145253003542 0
1699339849.4570527 2.3969417889613784 -0.000653142485803439 0
1699339849.5395389 2.401912321972315 -0.0006592203025922121 0
1699339849.6211495 2.41693611326731 -0.0006844417506065351 0
1699339849.700363 2.4318072669905217 -0.0007214109952917929 0
1699339849.780065 2.436708008866262 -0.000739960026890369 0
1699339849.8609736 2.456796294960849 -0.0008028373542962739 0
1699339849.9418914 2.4667343414674536 -0.0008387445919693678 0
1699339850.0219748 2.4718582622506684 -0.0008582183254676744 0
1699339850.1000772 2.4917586808033065 -0.0009393720468004348 0
1699339850.1847951 2.4917586808033065 -0.0009393720468004348 0
