1699256854.6289027 -0.020581931335428048 -0.0011172779416882858 0
1699256854.915057 -0.012087041083102957 -0.002595609900885546 0
1699256855.092372 0.0020425429823762425 -0.00508237771269426 0
1699256855.141705 0.01152290696522955 -0.006759674098526885 0
1699256855.1919947 0.020287424676999746 -0.00831262913450442 0
1699256855.242169 0.03269126124594609 -0.010512537106981447 0
1699256855.293667 0.03915625002561231 -0.011664694597527196 0
1699256855.344179 0.047497559365870454 -0.013123919808551583 0
1699256855.3941722 0.05277656741432372 -0.01403208361431206 0
1699256855.44433 0.05899740416863998 -0.015080144518701351 0
1699256855.4942439 0.06495142717196088 -0.016075146060485906 0
1699256855.5447512 0.074729358762124 -0.01770035357464675 0
1699256855.5945249 0.08442046297389401 -0.019205640513304943 0
1699256855.6448975 0.08927599356579831 -0.019930338349353937 0
1699256855.695568 0.0945152148023697 -0.020704562762476324 0
1699256855.7455347 0.10576056436729743 -0.02230592026119429 0
1699256855.7957397 0.11740181295914157 -0.023884241861227253 0
1699256855.8457475 0.12289711852294642 -0.024598658534244526 0
1699256855.895596 0.12754736283577578 -0.025187509295295542 0
1699256855.945999 0.13698825077758742 -0.026333260353086134 0
1699256855.9961336 0.14782100389035213 -0.027577413473302954 0
1699256856.0462224 0.1541342441374623 -0.028272640259988668 0
1699256856.0965066 0.15997667599726217 -0.02889739349262556 0
1699256856.1470473 0.16491101622473958 -0.029407803258833794 0
1699256856.1967225 0.17802124666171013 -0.03067761907246338 0
1699256856.2469432 0.18339986909525452 -0.031168566395541258 0
1699256856.2969153 0.1902923801434425 -0.03177827876384101 0
1699256856.3470619 0.19715272209220436 -0.03236667471996188 0
1699256856.3970275 0.21038375991643124 -0.03343999034761439 0
1699256856.447076 0.21851583699695545 -0.03403540601273674 0
1699256856.4974854 0.22349514195535242 -0.03437207647819582 0
1699256856.547613 0.22875828034675544 -0.03472285045274256 0
1699256856.5977387 0.2389608683366988 -0.03537581333479666 0
1699256856.6480494 0.24983363396435818 -0.03604997694620824 0
1699256856.6978598 0.2554151675223614 -0.03636831938836455 0
1699256856.74794 0.2604541200410042 -0.036639464452303254 0
1699256856.7981322 0.2708119022878918 -0.037153153249353955 0
1699256856.848755 0.28263099999733093 -0.037674558982789014 0
1699256856.8989313 0.2883021412379154 -0.037899047471324415 0
1699256856.9489458 0.29785736776932065 -0.03823751769008601 0
1699256856.9990828 0.3082545058893505 -0.03854927857724448 0
1699256857.0493288 0.31394455241962405 -0.0386975788240788 0
1699256857.0994341 0.32620387117571475 -0.03897143365367882 0
1699256857.1494918 0.3317401249308694 -0.039072593246431 0
1699256857.199896 0.3410266284236938 -0.03920066620861264 0
1699256857.2498672 0.3461354716119097 -0.03925651822229668 0
1699256857.3005006 0.35713719161308455 -0.039339007742142766 0
1699256857.351035 0.3628556562529124 -0.03936524659296305 0
1699256857.400928 0.37365738025367207 -0.039362876236486065 0
1699256857.4507835 0.3837299943324143 -0.03926282768933321 0
1699256857.5012007 0.38862642086509 -0.03920388988300206 0
1699256857.5516863 0.3938623140246035 -0.03912692768961036 0
1699256857.6013398 0.3996048463848985 -0.03899437257858905 0
1699256857.6517954 0.41124164470899344 -0.03870951121405696 0
1699256857.7018864 0.42145022862439974 -0.038408369632960584 0
1699256857.7523518 0.42644128072323395 -0.03824748500327164 0
1699256857.8021445 0.43133227036135957 -0.038078666177664776 0
1699256857.8524258 0.44167863302339877 -0.03768870879004255 0
1699256857.9031322 0.45341022121529545 -0.037200137832746026 0
1699256857.952807 0.45945954656637505 -0.03692934934560618 0
1699256858.003049 0.4644161361954823 -0.0366942615834965 0
1699256858.0528677 0.4739873107929193 -0.03621767630534566 0
1699256858.1029043 0.4844865584427201 -0.035654895543271545 0
1699256858.1537664 0.49070248153761264 -0.035307517108340576 0
1699256858.203987 0.4971468060613037 -0.03493581784622656 0
1699256858.2541752 0.5065518358663957 -0.03435253824187565 0
1699256858.304385 0.5152392254827837 -0.033792149821871245 0
1699256858.355135 0.5194166382513787 -0.0335111347039877 0
1699256858.4050968 0.524903289845111 -0.033179361264097235 0
1699256858.4550245 0.5307775141714373 -0.03285127690398203 0
1699256858.5049994 0.5436054507476453 -0.032266507921831715 0
1699256858.5552378 0.5552226617807181 -0.03186382216460837 0
1699256858.6053007 0.5651368784421027 -0.03170475391456705 0
1699256858.6559978 0.5651368784421027 -0.03170475391456705 0
1699256858.7058258 0.5819893357117045 -0.031346845569647445 0
1699256858.7560909 0.588032285481588 -0.03119149015749826 0
1699256858.8060606 0.5929783204238187 -0.03105349934459876 0
1699256858.8562422 0.597516546271519 -0.030917257413167063 0
1699256858.9063382 0.6142186476709844 -0.03034806183802248 0
1699256858.9567199 0.6205804033726297 -0.030111599696961797 0
1699256859.007412 0.6300305397150852 -0.029726408633301993 0
1699256859.0572882 0.6300305397150852 -0.029726408633301993 0
1699256859.1071978 0.6465519582427501 -0.028986041000223315 0
1699256859.1572065 0.6601579750051182 -0.02832858222810611 0
1699256859.2075758 0.6601579750051182 -0.02832858222810611 0
1699256859.257613 0.6728359605526438 -0.027641670512832627 0
1699256859.3076997 0.6826010442286217 -0.02681017502393345 0
1699256859.3588886 0.6923112856887784 -0.025701071638322817 0
1699256859.4083307 0.6975767285168872 -0.025084990424439388 0
1699256859.4587014 0.7033460155872144 -0.024412664219673783 0
1699256859.508497 0.7146249370871313 -0.023089122953375833 0
1699256859.5583732 0.7254059646484601 -0.021830822907790978 0
1699256859.6083863 0.7300374170083406 -0.021284025143679206 0
1699256859.6584237 0.7349545723132181 -0.020702175456155627 0
1699256859.7087004 0.7469147684280434 -0.01924755014085388 0
1699256859.759507 0.7586603668052373 -0.01781031455680784 0
1699256859.8091724 0.7642405264491017 -0.01712865749953848 0
1699256859.8596106 0.7684160016234685 -0.01660196243239132 0
1699256859.9107623 0.7736905898688651 -0.015941251388367265 0
1699256859.9605954 0.783925776430898 -0.014663148809341886 0
1699256860.0108013 0.7975157428946426 -0.012960027938736898 0
1699256860.0634775 0.8032840423837189 -0.012231556546505288 0
1699256860.1114519 0.809282170929331 -0.011473875125744852 0
1699256860.1621711 0.8150448101220591 -0.010756191870286529 0
1699256860.2118723 0.8298246387521687 -0.008817253212018043 0
1699256860.2623606 0.8347615259977528 -0.008172119877984895 0
1699256860.3120432 0.8403287141774263 -0.007466018031431584 0
1699256860.3621469 0.8566319505310281 -0.0055123020294374405 0
1699256860.4126968 0.8617237888856893 -0.004909450969107449 0
1699256860.462562 0.8666923542170013 -0.004327273342397653 0
1699256860.5125592 0.87227575983807 -0.003634243695377909 0
1699256860.5629578 0.8832480206672643 -0.0022275349382059 0
1699256860.6140838 0.8932245603050135 -0.0009721181340147391 0
1699256860.6632617 0.9034466303851284 0.00031203060224434633 0
1699256860.7132866 0.9084415927088901 0.0009330539148313436 0
1699256860.7628992 0.91412162622341 0.0016381505538449837 0
1699256860.8131528 0.9200021601953594 0.0023610733715924274 0
1699256860.8632298 0.9314098985486338 0.0037535031495289444 0
1699256860.9136138 0.9412583890609822 0.0049362979466078295 0
1699256860.9639025 0.9461040577591033 0.0055136538478902245 0
1699256861.0142128 0.951122091175043 0.006105224220529076 0
1699256861.0638788 0.961947239890042 0.007368618744282782 0
1699256861.114034 0.9739198173371054 0.008736617546842906 0
1699256861.1639688 0.9798114861840508 0.009401082342283738 0
1699256861.2145753 0.9852881989664075 0.010029119742837538 0
1699256861.264447 0.9902393206078316 0.010606501378428647 0
1699256861.3147812 0.9999257762385765 0.011767836399498514 0
1699256861.3649397 1.0110543450620448 0.012981872919468073 0
1699256861.4150958 1.0174204905016428 0.013661770312122156 0
1699256861.4649415 1.0236404783954263 0.014304768575509044 0
1699256861.5149632 1.037910771075836 0.015672589430670063 0
1699256861.565109 1.0420737864123457 0.016053896344504787 0
1699256861.6156392 1.0472547819281606 0.016555435489830635 0
1699256861.6657083 1.0536463145332295 0.017174783582479633 0
1699256861.7160614 1.0697844164551633 0.01869787474427039 0
1699256861.767184 1.0773972508368268 0.019391446799061643 0
1699256861.8177958 1.0810814009866414 0.019721594566151857 0
1699256861.8661802 1.0858351256214804 0.020119771985774842 0
1699256861.9162264 1.0997900336744748 0.02137950887689951 0
1699256861.966438 1.107160028236778 0.02202622004159737 0
1699256862.0163758 1.1175355619289462 0.022937282219547817 0
1699256862.0665815 1.120793535593063 0.02322363594530216 0
1699256862.1167552 1.1312993372846032 0.024112000964085674 0
1699256862.167325 1.1454019495429295 0.025191807830743367 0
1699256862.2177937 1.153120931736467 0.025737541245115424 0
1699256862.2677429 1.1601395521590967 0.026190924119176354 0
1699256862.3177836 1.166079351943626 0.02651701670346769 0
1699256862.3677673 1.175164628136136 0.026778418687002384 0
1699256862.4179451 1.1849983574385263 0.026730996239772185 0
1699256862.468201 1.190020831522909 0.026712953638844985 0
1699256862.518657 1.1961547240000376 0.02670308696634812 0
1699256862.5686178 1.208395218500356 0.026682017909573384 0
1699256862.6188586 1.2202405852713494 0.026651563086522626 0
1699256862.669899 1.2244445457851194 0.02664040062613789 0
1699256862.7194216 1.2289966181100251 0.026627049155994433 0
1699256862.7693872 1.2387076601706954 0.02659585241063162 0
1699256862.8195782 1.2519059580598322 0.026549949105913784 0
1699256862.8696299 1.2584032222446628 0.026525368218480283 0
1699256862.9196362 1.2639705751731003 0.026504410890593078 0
1699256862.9696825 1.2722409979263771 0.026473659544562902 0
1699256863.0197785 1.2802286500941318 0.026441518939712968 0
1699256863.0699797 1.2851980729058752 0.026413630420514 0
1699256863.1202114 1.2921095389069737 0.026370479419691357 0
1699256863.170748 1.3062562682581802 0.026272183768881963 0
1699256863.2212837 1.3186613633667377 0.026297124747449382 0
1699256863.2709763 1.32287460273826 0.026378713387054005 0
1699256863.3208125 1.3273117502894627 0.0264587578028359 0
1699256863.3709722 1.3688456797939355 0.028352852232859053 1
1699256863.5795228 1.3688456797939355 0.028352852232859053 1
1699256863.6288614 1.3904520016774686 0.029559146392427314 1
1699256863.679059 1.3955445509047961 0.029837484601071895 1
1699256863.7294583 1.4022486541747863 0.030199467774003542 0
1699256863.7796829 1.4067572394376195 0.030441457566924107 0
1699256863.8296192 1.4198317511978484 0.03110998022270688 0
1699256863.8802454 1.4350188534614936 0.031922472941356944 0
1699256863.9301813 1.441311955703866 0.032267911448674386 0
1699256863.9802165 1.4465592027531178 0.03256417573983164 0
1699256864.0304039 1.455400810499601 0.03307153901420053 0
1699256864.0806103 1.4649106136680037 0.033575049913793745 0
1699256864.1312528 1.470037228700384 0.03377101586814429 0
1699256864.1811366 1.4757996431563332 0.033912237246332716 0
1699256864.231283 1.4884858885285372 0.034112324671967134 0
1699256864.281475 1.4988701040207297 0.03427945266060072 0
1699256864.3314488 1.5033863951178144 0.03434932086420017 0
1699256864.3814018 1.5078191990557066 0.03442242809152455 0
1699256864.431447 1.5198239018811586 0.03463906840313964 0
1699256864.4823968 1.5330200829929042 0.03488488387976243 0
1699256864.5324345 1.5395428606683665 0.03500874483430485 0
1699256864.5826304 1.5444969407674671 0.03510537799908491 0
1699256864.6328895 1.5528250006166417 0.03526769045566644 0
1699256864.6829202 1.5621208574288623 0.035442890121438975 0
1699256864.732784 1.5681930300943876 0.03556871875120431 0
1699256864.783317 1.5751246906509588 0.03570371790798818 0
1699256864.8330429 1.5813029541326709 0.03582707654363699 0
1699256864.8832338 1.5917831785136363 0.036037225824142045 0
1699256864.9339116 1.5989235035510903 0.036197080344059794 0
1699256864.983798 1.603353413778832 0.03628071384152088 0
1699256865.0352006 1.6093954928624923 0.0363848529351318 0
1699256865.0853744 1.6236083132953432 0.0364843684707972 0
1699256865.1356528 1.6373579233582127 0.036358613616147686 0
1699256865.1856687 1.6431700171616637 0.03620236587063784 0
1699256865.2360036 1.6479270206940728 0.036026034312597675 0
1699256865.2857263 1.6516980703387307 0.03589670170206978 0
1699256865.3361359 1.6654903026500691 0.03543442999646886 0
1699256865.3859568 1.6718021285037643 0.03523188007503029 0
1699256865.436128 1.6847122919659825 0.03483997381809084 0
1699256865.4863951 1.6900244655679195 0.03468259164749083 0
1699256865.5371425 1.698308308499726 0.034448097108900094 0
1699256865.5870917 1.7078898490179142 0.034183045194274495 0
1699256865.6370616 1.7135030755223375 0.034036631588777004 0
1699256865.6869106 1.7201247208041717 0.03386069154534655 0
1699256865.7375617 1.7257624727126668 0.03371671708050014 0
1699256865.7872066 1.7359269466404463 0.03346459426443107 0
1699256865.8376174 1.7436252523339062 0.033291408742853884 0
1699256865.8879066 1.7485517413423632 0.03317864652756786 0
1699256865.9379933 1.7544833823967207 0.03304048766177155 0
1699256865.9880629 1.7669266084704778 0.032746680014708436 0
1699256866.0380716 1.7791883206722388 0.032538973008502156 0
1699256866.0883262 1.7836542416534482 0.03250271910457588 0
1699256866.1387596 1.7881842726900499 0.032458840040368586 0
1699256866.1888242 1.8027912153648145 0.03241386079475963 0
1699256866.2397547 1.8087534679997548 0.03248339631975559 0
1699256866.2899315 1.8150962040385588 0.0325622657753762 0
1699256866.3402286 1.827087698748646 0.032719885338666765 0
1699256866.3900845 1.8357839107405585 0.03283652447568513 0
1699256866.440227 1.8450121727734934 0.032960274583934086 0
1699256866.4906497 1.8506178227837984 0.03303879539261985 0
1699256866.5406628 1.8571973831043118 0.03313073225519969 0
1699256866.5911205 1.8627595096665663 0.03320870869301661 0
1699256866.6411612 1.8735431938581644 0.03335673262467247 0
1699256866.6914065 1.882596637433343 0.033483812390697774 0
1699256866.7411904 1.887997268423269 0.03355837149897714 0
1699256866.7912743 1.8935491167738359 0.033636000978945035 0
1699256866.8414624 1.8992261610458605 0.033713666779481816 0
1699256866.891666 1.9101150078022917 0.03386062553442761 0
1699256866.9418674 1.9206560600957319 0.03399527790156499 0
1699256866.9924166 1.9258763269175745 0.034060941758334254 0
1699256867.0423212 1.9314822093571697 0.034116703654893145 0
1699256867.0925238 1.9427158341685697 0.03421560313628932 0
1699256867.142655 1.9539945611870813 0.03430715358809053 0
1699256867.1924617 1.9592005379461501 0.03434919620700597 0
1699256867.242725 1.9645110262574015 0.034389640673209106 0
1699256867.292581 1.9748399586852134 0.03446928696031311 0
1699256867.3435047 1.9862873506905765 0.034559284397692513 0
1699256867.3930762 1.9918985300337744 0.03460329185264084 0
1699256867.443492 1.9968511423812176 0.03464136698572444 0
1699256867.4936948 2.0068560182660513 0.03471709685295623 0
1699256867.543778 2.0172233720441963 0.03479510912589937 0
1699256867.593625 2.0225911864536745 0.03483428648720736 0
1699256867.6437068 2.0284489140056867 0.034876641483550866 0
1699256867.6938505 2.0341670991932923 0.034917149605141445 0
1699256867.7441628 2.0454546670159592 0.03499315952324151 0
1699256867.7941527 2.061399493909841 0.035095788143601814 0
1699256867.8441956 2.06680903033985 0.03512672194413584 0
1699256867.8948493 2.0726533864038417 0.035160488974046854 0
1699256867.9448266 2.08417816520202 0.03523733956664467 0
1699256867.9947166 2.094356407370045 0.03532596811866635 0
1699256868.0447671 2.0990494903536034 0.035348815547673544 0
1699256868.0954063 2.1040418296909253 0.03538517476114698 0
1699256868.1452723 2.115557933552613 0.03557260583557601 0
1699256868.1958997 2.127598053219279 0.035787516917094045 0
1699256868.2461684 2.1333727736926025 0.03589191787484715 0
1699256868.2965124 2.1385588952782326 0.03598522351474468 0
1699256868.3467648 2.148491845047714 0.03615196863615624 0
1699256868.3963974 2.1584407658254086 0.036313857434835395 0
1699256868.446619 2.1642247650157045 0.03640692079908697 0
1699256868.4971745 2.1701875634884393 0.03649733259913303 0
1699256868.547388 2.1822913715966106 0.036675399905361464 0
1699256868.597492 2.1920498195911753 0.0368108196200081 0
1699256868.6475034 2.1966709371757007 0.03686340222170034 0
1699256868.697812 2.201372181780233 0.03692823008194633 0
1699256868.7477164 2.207539550598492 0.0370015214603144 0
1699256868.7979722 2.245360033970444 0.03735312358284248 0
1699256868.9706697 2.2515564318078614 0.03739411360049631 1
1699256869.0202217 2.2720931738115704 0.03730698971589677 1
1699256869.1752656 2.2743202319433125 0.0372773502268657 1
1699256869.2246902 2.2784656987292653 0.037221853460067046 1
1699256869.2745745 2.288114822974679 0.03715684931666017 1
1699256869.437195 2.288114822974679 0.03715684931666017 1
1699256869.4876456 2.2960631255426778 0.03716238145265158 1
1699256869.5379384 2.3071324507138433 0.037276194833068786 0
1699256869.757158 2.318713015791994 0.03751976763360875 0
1699256869.9592423 2.3206467154527783 0.037572226954930905 0
1699256870.0087962 2.3339423036323463 0.038003565712332356 0
1699256870.2059317 2.3339423036323463 0.038003565712332356 0
1699256870.2553031 2.337664622048301 0.03814649247897709 0
1699256870.3066614 2.3514343345731263 0.03873565557322808 1
1699256870.5506725 2.355407921725762 0.03892301437020137 0
1699256870.6002867 2.357412597034497 0.03902052428576645 0
1699256870.649962 2.368428391515546 0.03958346968709122 1
1699256870.8412557 2.3703006517933356 0.03968343263955997 0
1699256870.8909004 2.3740865317228192 0.039891090162902876 0
1699256870.9409754 2.388169393720714 0.04070218485055169 0
1699256871.1662505 2.388169393720714 0.04070218485055169 0
1699256871.2165804 2.393750004271148 0.04103302975301062 0
1699256871.266782 2.4063890441247167 0.041781858779894876 1
1699256871.4994211 2.408179272294962 0.041887979992375396 0
1699256871.5483937 2.410182421442996 0.042008489987699564 0
1699256871.5988116 2.4237339990746767 0.04282672875384699 0
1699256871.8123891 2.427660190379519 0.043072109432496224 0
1699256871.8601406 2.429405326646064 0.04318267620415943 0
1699256871.9107747 2.4311527674905578 0.04329329153053305 1
1699256871.96107 2.4445599071587005 0.044142905998581054 0
1699256872.1780627 2.446510024154934 0.0442683195520466 0
1699256872.2276027 2.448461217667923 0.04439419407199128 0
1699256872.2774782 2.450452719602839 0.04452301289372425 0
1699256872.3275542 2.4643685780650486 0.0454210380741094 1
1699256872.5190418 2.4661560252574395 0.04553607350719516 0
1699256872.5678117 2.4680348354179977 0.04565720722478593 0
1699256872.6184764 2.4718159783522378 0.04590052364919522 0
1699256872.6744068 2.483835983557242 0.04666973342789141 1
1699256872.9056456 2.483835983557242 0.04666973342789141 1
1699256872.9557936 2.489098159444276 0.047003963563625385 0
1699256873.005868 2.5019521924696138 0.047810308209966915 0
1699256873.2177196 2.5019521924696138 0.047810308209966915 1
1699256873.2672052 2.505494103440293 0.048029300857958264 1
1699256873.3170028 2.507095775440158 0.04812780586466096 1
1699256873.3674169 2.517013310919832 0.04873186717180533 1
1699256873.5715213 2.52724360827234 0.04934335520855038 1
1699256873.7749968 2.5289941722824962 0.04944644912935357 1
1699256873.8240752 2.540032795714258 0.050075941864984604 1
1699256874.017961 2.540032795714258 0.050075941864984604 1
1699256874.0668354 2.543138105365891 0.050251552744021454 1
1699256874.1176865 2.554896085044712 0.05087501248449095 1
1699256874.3361824 2.556389685571544 0.05094973745009842 1
1699256874.385462 2.5577913966505745 0.05101904581782403 1
1699256874.4357677 2.5588993169963117 0.05107157505548519 1
1699256874.4859915 2.569573017710048 0.05159295560703154 1
1699256874.7907095 2.5744264807051316 0.05184488992822252 1
1699256874.9973454 2.575384540349589 0.0518964253722338 0
1699256875.046636 2.583576994141958 0.052323437617791006 1
1699256875.275658 2.5845919792647245 0.052377247382431345 1
1699256875.3251894 2.5855719367969145 0.05242963305657736 1
1699256875.3759165 2.590545806072844 0.05269689427205346 1
1699256875.5830803 2.5913810957379897 0.052742262471323 1
1699256875.630883 2.5929872052102976 0.05282990530964342 1
1699256875.681208 2.594468401451688 0.05291161247451642 1
1699256875.731754 2.5994469132432307 0.053191228511516385 1
1699256875.959652 2.6043649152001853 0.053474437455872374 1
1699256876.187871 2.6050542059827246 0.053514661058577294 1
1699256876.2377963 2.6087742058022148 0.053733583336760066 1
1699256876.4610977 2.6087742058022148 0.053733583336760066 1
1699256876.5099435 2.6100505640982425 0.05380977517508558 1
1699256876.5608997 2.6112151642811914 0.05388443237892683 1
1699256876.782734 2.6113706595680406 0.053894506233436376 1
1699256876.8321972 2.611528256103366 0.05390512626442231 1
1699256876.8829668 2.611859646892193 0.053932172263692256 1
1699256877.101768 2.6119371046129727 0.053938900754552856 1
1699256877.151584 2.6119621422388635 0.053941335117023315 1
1699256877.2017212 2.61193907178711 0.05394081070065853 1
1699256877.2520335 2.611575591384322 0.05392678485124055 1
1699256877.4752557 2.6112466673408323 0.053912415419851166 1
1699256877.6661425 2.6112466673408323 0.053912415419851166 1
1699256877.7159255 2.6103249451443777 0.05386099457213921 1
1699256877.946389 2.610180782611514 0.05385289092769737 1
1699256877.9953 2.6100321574887544 0.05384456280295742 1
1699256878.045899 2.6096813242581236 0.05382475010442635 1
1699256878.0962248 2.6079804436778127 0.05372980719793533 1
1699256878.3373816 2.607550810747407 0.05370638776457316 1
1699256878.396628 2.6069995044869416 0.05367678058763467 1
1699256878.447484 2.6066621565082024 0.05365872378077563 1
1699256878.4947212 2.603784071350125 0.05350966234053802 1
1699256878.748447 2.6011571168814354 0.053380220406712975 1
1699256879.010123 2.600409955686027 0.05334463538282098 1
1699256879.0691009 2.596916640614533 0.05318453715158307 1
1699256879.2988513 2.596401253736047 0.05316182465155492 1
1699256879.348722 2.5953377329865006 0.05311557011153513 1
1699256879.4097013 2.594247156632278 0.05306931651005099 1
1699256879.468383 2.5902940925536613 0.05291039336721261 1
1699256879.7008226 2.5891672358684232 0.052867679838761235 1
1699256879.7555354 2.588582815379163 0.05284601087728841 1
1699256879.814929 2.587390687113983 0.05280271188639382 1
1699256879.867712 2.5830676090959526 0.05265696364728072 1
1699256880.0921113 2.578732963514313 0.05252868736088523 1
1699256880.3329308 2.5781190252751034 0.052512014282718705 1
1699256880.3828537 2.5734662030432114 0.052399875314244275 1
1699256880.6027176 2.5728038242543496 0.05238590370776007 1
1699256880.6573436 2.5721377460591865 0.05237192333054742 1
1699256880.7042925 2.5678873318172264 0.052307580127685396 1
1699256880.902892 2.5658602180481926 0.05228249596564996 1
1699256880.9614213 2.564476075225114 0.05226482710002333 0
1699256881.0162385 2.5637568005059745 0.052257739102360715 1
1699256881.077531 2.5581721228216256 0.05221503337715281 0
1699256881.325603 2.556603577204944 0.05220887131766559 1
1699256881.3765528 2.555011426021328 0.05220585765013579 0
1699256881.4377265 2.554236851462885 0.05220549446841064 0
1699256881.4933808 2.5488019155246193 0.05222694238714943 0
1699256881.7331176 2.547370551469023 0.05224123150296202 0
1699256881.7883563 2.545205511469526 0.052256349554669033 0
1699256881.8603132 2.544379496592562 0.05226070755733929 1
1699256881.9204605 2.5383249935141263 0.05231065376911953 1
1699256882.1762233 2.5357355372417607 0.052340060419152054 1
1699256882.2329297 2.5340274551825064 0.052362374773385116 0
1699256882.2841158 2.5331976793981985 0.052374161420258934 0
1699256882.33786 2.531477983570068 0.05240009553359458 0
