1697176606.3244386 0.4232653355296453 -0.23988706467096588 0
1697176606.6241612 0.40964515950840574 -0.23036612512262195 0
1697176606.7577488 0.4078791705917208 -0.2288279052499652 0
1697176606.7967088 0.40867796207097346 -0.2295018097023158 0
1697176606.8348246 0.4107816581674906 -0.231292088559904 0
1697176606.8767838 0.4135122254083322 -0.23358876367949205 0
1697176606.917824 0.41578010020425327 -0.2354286891227701 0
1697176606.949111 0.41578010020425327 -0.2354286891227701 0
1697176606.9807808 0.4178039002420895 -0.2370457188451259 0
1697176607.0306847 0.4200985168659316 -0.23871006220220223 1
1697176607.0811024 0.4210603945464072 -0.23936164884327732 0
1697176607.132316 0.42677311094891884 -0.24324695537516042 0
1697176607.182317 0.4318359686813825 -0.24656249790336823 0
1697176607.2331276 0.44018228565062406 -0.251582057494359 0
1697176607.2834606 0.44536029712187764 -0.25433155784258293 0
1697176607.3346894 0.4476114549595686 -0.25539988305997163 0
1697176607.3851027 0.45041896995229685 -0.2566516210461787 1
1697176607.4351954 0.45439560683013597 -0.25831769865796333 0
1697176607.4854178 0.46413598067132456 -0.26199185370846495 0
1697176607.5356333 0.4737082984548308 -0.26498157257385657 0
1697176607.5859363 0.477743326984917 -0.26606203341980594 0
1697176607.63604 0.48165975584480936 -0.26699384870928805 1
1697176607.6863327 0.49183586018592224 -0.2688307180434562 1
1697176607.7370408 0.495662112766905 -0.26933652096416466 1
1697176607.7884378 0.5022037293884076 -0.2702033243093895 0
1697176607.8400168 0.5022037293884076 -0.2702033243093895 0
1697176607.8893938 0.5040541994091061 -0.27056635557306474 0
1697176607.9380562 0.5084593435936315 -0.27194760453883954 0
1697176607.9881408 0.511017108020586 -0.27291600982146325 0
1697176608.0407937 0.5167173847934025 -0.2754594725404835 0
1697176608.0939121 0.5195687447908361 -0.2768796562857657 0
1697176608.1417344 0.5240670431603062 -0.27936139721512115 1
1697176608.1923811 0.5273159156140941 -0.2815540854496462 0
1697176608.2405903 0.5283703314562083 -0.28237490737466975 1
1697176608.2901895 0.5298598663332994 -0.2835595188971821 0
1697176608.339825 0.5324423588747271 -0.2858059292688072 1
1697176608.3928277 0.534922836285511 -0.2882374961133312 0
1697176608.4429142 0.5350875788016889 -0.2885083845983353 0
1697176608.492643 0.5359335149426748 -0.28951850790284084 0
1697176608.542418 0.5366056203486731 -0.290415418114135 1
1697176608.5929608 0.5386060185749681 -0.2932271396471254 0
1697176608.642387 0.539429104015083 -0.2945846370182055 1
1697176608.6955245 0.5395275449064104 -0.29485924629646704 0
1697176608.7460256 0.5388868674765646 -0.29386650120113317 0
1697176608.796524 0.5382653274186645 -0.29283397047209586 0
1697176608.8460789 0.537412936183657 -0.29153717299137305 0
1697176608.8968484 0.5374551512254219 -0.29188556390458037 1
1697176608.9496799 0.5378094869868567 -0.29359162484584017 1
1697176608.9970555 0.5377856301689331 -0.2937899501161671 1
1697176609.047249 0.5376706598868659 -0.2934564483002605 0
1697176609.099651 0.5373986542071583 -0.29230017358241966 0
1697176609.1531239 0.5366827553240697 -0.28881247080096367 0
1697176609.215252 0.5363291391822083 -0.28674821179609083 0
1697176609.253993 0.5362240586835343 -0.28610200368054284 0
1697176609.3028748 0.5361384417468071 -0.2857288717209253 1
1697176609.3544242 0.5361031655341599 -0.2849682408033478 1
1697176609.4049869 0.5355288018364093 -0.28612157536898636 1
1697176609.4543083 0.5350524629768794 -0.2876473015214241 1
1697176609.5046437 0.5343743394127397 -0.28957484979466075 1
1697176609.5539563 0.533596867107651 -0.291349699265735 1
1697176609.604052 0.5295981126186454 -0.2978202376070377 1
1697176609.6543946 0.5266367002232101 -0.3017744417681702 1
1697176609.7057762 0.522606824233658 -0.3065988800565122 1
1697176609.7566147 0.5125015696770002 -0.31665565351112196 1
1697176609.808368 0.5063349711082166 -0.32165964498244276 1
1697176609.8574755 0.49256877111045444 -0.3304743117558548 1
1697176609.9102 0.4778394384941568 -0.33704226304701695 1
1697176609.9604714 0.4699057009984946 -0.339553931049663 1
1697176610.0097175 0.46203823399725874 -0.3414043480846422 1
1697176610.0630891 0.4540507852377822 -0.3426648932120327 1
1697176610.112767 0.4376923060113166 -0.34338546289015054 1
1697176610.162614 0.4214625225777757 -0.3416469426217542 1
1697176610.212819 0.4135970756964045 -0.33989904615222954 1
1697176610.2634616 0.4058932630689646 -0.33759389417651986 1
1697176610.3166409 0.3908529642800702 -0.33126739824676504 1
1697176610.3630443 0.3768636807661798 -0.3229243644004996 1
1697176610.413098 0.3704352907715955 -0.31816851603709795 1
1697176610.4670227 0.36432544008852796 -0.31304773132831254 1
1697176610.5200822 0.3478086213404007 -0.2955445979725234 1
1697176610.5690675 0.3478086213404007 -0.2955445979725234 1
1697176610.6185608 0.3385183857178181 -0.2825848430557989 1
1697176610.6686366 0.33051698638211796 -0.2689108580672192 1
1697176610.7211444 0.32702075509777023 -0.261965195227614 1
1697176610.769763 0.3207690241231611 -0.24749650227844566 1
1697176610.8208854 0.3156515698780966 -0.23301175524383305 1
1697176610.8707833 0.31337551009415565 -0.22547058168298934 1
1697176610.9213192 0.31137707886794663 -0.21809496771387613 1
1697176610.9714031 0.30955659618746906 -0.2106813078274198 1
1697176611.021066 0.3063771079382002 -0.19549421907537395 1
1697176611.0714207 0.30382904367653435 -0.18034401979856002 1
1697176611.1217341 0.302766910978384 -0.17287799751529032 1
1697176611.171801 0.3018110869775848 -0.165413331975443 1
1697176611.2250159 0.2994856775507913 -0.14274820327376284 1
1697176611.2778785 0.29886148124431267 -0.13503236805581967 1
1697176611.33365 0.2983257923349472 -0.127544693560323 1
1697176611.3807535 0.29784949303417974 -0.12005906011039938 0
1697176611.4294753 0.29741787653547147 -0.11233988169462747 0
1697176611.4784045 0.2967403841969413 -0.09756891592922262 0
1697176611.5281837 0.29623262854167326 -0.08286316408893742 0
1697176611.5785446 0.29585849250646973 -0.06832478682929322 0
1697176611.6290221 0.29571400114667656 -0.061199892862511054 0
1697176611.6795602 0.2954747154333804 -0.04695420703578499 0
1697176611.7300494 0.29528207204609935 -0.03343776865165976 0
1697176611.779965 0.29518695485725344 -0.02653068482182506 0
1697176611.8296616 0.29509195182425546 -0.01982183558177287 0
1697176611.87979 0.2949885094050981 -0.013064736585046493 0
1697176611.930908 0.2947545012927154 0.0005602041162864847 0
1697176611.9816937 0.29446177888209724 0.013813951112505869 0
1697176612.0321262 0.2940927007129754 0.02661829473058807 0
1697176612.0848527 0.29386148882659685 0.033249371960149085 0
1697176612.137235 0.2930093048559657 0.0523779253268767 0
