1697524846.375021 0.04781554820434007 0.002244858432940441 1
1697524846.6367025 0.0520252676523982 0.002514178917021792 1
1697524846.756963 0.056641224481871304 0.002805127616706414 0
1697524846.795322 0.056641224481871304 0.002805127616706414 0
1697524846.8311799 0.06837601295061435 0.003563612456864783 1
1697524846.8729162 0.07768888110830957 0.0041899347507039645 0
1697524846.9143867 0.08069087623566559 0.004384752196500772 1
1697524846.9566398 0.08339358863811018 0.004561080796695518 1
1697524847.014959 0.08560710360253243 0.004702988000494555 1
1697524847.0540366 0.08967943487778776 0.004955953517207065 1
1697524847.0904756 0.09127671925408601 0.0050421179253125024 1
1697524847.1388233 0.09462820040044989 0.005250862668028331 1
1697524847.1887393 0.0962230631621984 0.005343297011874058 1
1697524847.2386885 0.09770901864957665 0.005428169180719916 1
1697524847.2889361 0.10061041983384686 0.005589386247595123 1
1697524847.339 0.10309700672905295 0.005722004731239696 1
1697524847.3890936 0.10427148747813825 0.005782531758795028 1
1697524847.4392605 0.10539356230483196 0.005838930759024309 1
1697524847.489571 0.1076016562560794 0.00594570486755955 1
1697524847.5397346 0.10970979920030227 0.006042250238909817 1
1697524847.5898128 0.11175687986135767 0.006130937483510302 1
1697524847.6696165 0.11280416641043463 0.006174420179025754 1
1697524847.723093 0.1148286783272571 0.006254506890210313 1
1697524847.758596 0.1158676786460457 0.006293499838938695 1
1697524847.7964764 0.11687462542725775 0.006329844880820441 1
1697524847.8459141 0.11787505438042031 0.006364572284439195 1
1697524847.8957062 0.11891158879579389 0.006399090492441698 1
1697524847.9458256 0.12198115670239991 0.006492727642046151 1
1697524847.9958503 0.12403683836605804 0.006548115531810118 1
1697524848.0456107 0.125103059951567 0.006574552269286958 1
1697524848.0981576 0.12614040325395004 0.006598752777968068 1
1697524848.146154 0.12718203017866062 0.006621547553655442 1
1697524848.1966631 0.12931536533670906 0.0066635737764025585 1
1697524848.2465768 0.1314995863386263 0.006700118409949254 1
1697524848.2967033 0.13259185490095898 0.006715987200721597 1
1697524848.3461654 0.1336891271512705 0.006730307958228594 1
1697524848.3962061 0.13592301014615232 0.006754453272103001 1
1697524848.4471543 0.13819190430183514 0.006772074910099979 1
1697524848.4980989 0.13932716428037029 0.006778198297375281 1
1697524848.5474565 0.1404715472789065 0.006782387056135376 1
1697524848.5973601 0.14280332056674866 0.0067847795592387355 1
1697524848.6490774 0.14519171660755 0.006778984380473818 1
1697524848.6992917 0.14638007395711056 0.006772951907229667 1
1697524848.7501013 0.14757726178630814 0.0067648036201706325 1
1697524848.800246 0.1488144138167766 0.00675422055857849 1
1697524848.8511052 0.1512390184354968 0.006727073708504595 1
1697524848.9004755 0.1537468818613339 0.006690060670133416 1
1697524848.950676 0.15498821094782397 0.006668432060748539 1
1697524849.0010164 0.156289428993166 0.006643455039616212 1
1697524849.0512524 0.16015920510835657 0.006555121765068761 1
1697524849.101126 0.16145258497166312 0.00652095149377208 1
1697524849.1524851 0.16413086186579942 0.006442944291294831 1
1697524849.202042 0.16545454187843917 0.006400762737288347 1
1697524849.252302 0.16815391313733552 0.006307437646649149 1
1697524849.301883 0.16950473879471226 0.006257103582429554 1
1697524849.352527 0.17230936721877327 0.006144901569837624 1
1697524849.4030352 0.17369809321283738 0.0060855042973549 1
1697524849.4530008 0.1750861804997595 0.006023655919752547 1
1697524849.5030804 0.1779456331522309 0.005888544292162041 1
1697524849.5533063 0.1808780427165428 0.005739360953062412 1
1697524849.6035526 0.18233721678199652 0.005661018713233026 1
1697524849.653447 0.18380059461669648 0.005579875893185437 1
1697524849.703413 0.1867693189779387 0.005407132229207813 1
1697524849.7537963 0.1897780122990236 0.005221533638315712 1
1697524849.8040771 0.1912801972407678 0.005125132697109333 1
1697524849.8540146 0.19279235362594382 0.00502521002797715 1
1697524849.9042885 0.19586477296418825 0.004814281258594218 1
1697524849.954532 0.19897685397281667 0.004591524866624564 1
1697524850.0049686 0.20051766080582945 0.004476938284122502 1
1697524850.0548995 0.20205800803112894 0.004361218835944976 1
1697524850.1050682 0.20364159880850166 0.004239818857324405 1
1697524850.1553931 0.2066921476247752 0.003995967698977852 1
1697524850.20526 0.2097433510348118 0.003757139510822681 1
1697524850.2552965 0.21124052931452986 0.0036318722984955806 1
1697524850.3055234 0.21282325735924576 0.0034966808121906614 1
1697524850.355843 0.21736093861771846 0.0030992164284863403 1
1697524850.405989 0.21884917472935614 0.0029639430735877385 1
1697524850.4560573 0.22192685869693402 0.0026780161426541074 1
1697524850.5060387 0.2234486653532441 0.0025326471404433864 1
1697524850.5562468 0.2265335043335797 0.002230675821136239 1
1697524850.6062913 0.22806221517617192 0.002077714383951893 1
1697524850.6568365 0.23120934582880898 0.001754990185888617 1
1697524850.706505 0.23277015446880758 0.001590692951540116 1
1697524850.7569041 0.23592379968903274 0.00125572254384804 1
1697524850.8069556 0.2374708397779796 0.0010898524007860865 1
1697524850.857236 0.24061052686889484 0.0007360767442072584 1
1697524850.907284 0.24216770742473814 0.0005570250424732737 1
1697524850.9572356 0.24539099941329048 0.0001767991067903415 1
1697524851.0080473 0.24700038834304253 -1.7029149810965176e-05 1
1697524851.0583122 0.2503593382904957 -0.00043105297474353975 1
1697524851.1082673 0.2520244321183996 -0.0006405583967428778 1
1697524851.158076 0.25368888260345024 -0.0008528195421129369 1
1697524851.2083044 0.2571484652056275 -0.0012975051118816533 1
1697524851.258056 0.26071778192616785 -0.0017692926947745907 1
1697524851.3082514 0.26249825956901607 -0.002008984646428128 1
1697524851.3582282 0.264283203981977 -0.002252219440202472 1
1697524851.4083264 0.26789841111707663 -0.002754188685987949 1
1697524851.4587183 0.27159595581211915 -0.0032798865815150836 1
1697524851.50854 0.27343588193409296 -0.003546031447664542 1
1697524851.5589788 0.27529589589426434 -0.0038180473400064325 1
1697524851.6094875 0.2790509864570383 -0.004376151584023086 1
1697524851.6593392 0.2828827237159407 -0.004957710579048516 1
1697524851.7093086 0.28478242307675417 -0.0052504894513921 1
1697524851.7595925 0.2867012071457719 -0.005549100167035312 1
1697524851.8097265 0.2905929356594003 -0.006163752624371736 1
1697524851.860097 0.29454191140812375 -0.006799194760825859 1
1697524851.9099548 0.2964977358940525 -0.007118269804093335 1
1697524851.960134 0.29846917036505693 -0.007442722242906527 1
1697524852.0101953 0.300492855725378 -0.0077786966532285996 1
1697524852.0611334 0.3044431144249069 -0.00844300359940547 1
1697524852.1105845 0.3085117595158121 -0.009138689302862274 1
1697524852.1609433 0.3105091490669408 -0.009484424811119838 1
1697524852.210821 0.31256676522782106 -0.009843467486992191 1
1697524852.2612495 0.31871519698824546 -0.010933139039257954 1
1697524852.3110344 0.3207670387455497 -0.011302357765454494 1
1697524852.3616433 0.32495341156023994 -0.012064035025806436 1
1697524852.4112818 0.32701068953969753 -0.012442416214813862 1
1697524852.4615836 0.3311900695266869 -0.01321918520495769 1
1697524852.5122828 0.3332723072419047 -0.013609874926427663 1
1697524852.562085 0.33755321211695716 -0.014421514173892055 1
1697524852.6122825 0.33966645651735394 -0.014826168938985782 1
1697524852.666013 0.3417622583760992 -0.015229870188448501 1
1697524852.7147405 0.34603307123275484 -0.016058120089431745 1
1697524852.763746 0.3503302497829792 -0.016900343717534072 1
1697524852.8132167 0.3524594830283638 -0.0173211477488086 1
1697524852.8631437 0.3545934766603388 -0.01773979599275695 1
1697524852.9132879 0.35889006899156195 -0.018594673723715316 1
1697524852.9634213 0.3631836557012098 -0.019458486718620327 1
1697524853.013349 0.3653042078039656 -0.019888102872345867 1
1697524853.0633638 0.36742928347068904 -0.020320300232155458 1
1697524853.1134474 0.36961784170532896 -0.020767321861079876 1
1697524853.1633122 0.37386612772042294 -0.021640540036705055 1
1697524853.2133179 0.37818256827342067 -0.02253520821475273 1
1697524853.2644117 0.3803008439704577 -0.022976801067992995 1
1697524853.3141289 0.3846062244592887 -0.02388015887618337 1
1697524853.3643703 0.3889309137495079 -0.024795221659104045 1
1697524853.414428 0.393215188468615 -0.025710151555570947 1
1697524853.5162935 0.3975314568169681 -0.026646074291948554 1
1697524853.569794 0.39959915257975176 -0.027099704152398492 1
1697524853.6107874 0.40394877016232367 -0.02806168208192896 0
1697524853.6548831 0.4061923657791983 -0.028563103914604576 1
1697524853.6958528 0.4085818296344147 -0.029097852333687054 1
1697524853.7377188 0.41084181382759594 -0.02960763723154436 1
1697524853.775388 0.4130991279693415 -0.030117657420481978 1
1697524853.824496 0.41760236680989843 -0.031142516402432905 1
1697524853.8739917 0.4222181730391895 -0.032202805031481006 1
1697524853.92407 0.424509334010094 -0.03273251373647918 1
1697524853.9740896 0.42684332110187206 -0.033274566779209404 1
1697524854.0241973 0.4292166649263794 -0.03382809976408493 1
1697524854.0746815 0.43383881152062337 -0.03491302123867008 1
1697524854.1246767 0.43854903112882787 -0.03602785861544694 1
1697524854.2096167 0.44327813225526025 -0.037156130743630084 1
1697524854.277032 0.44562758708151046 -0.03771994297904543 1
1697524854.313736 0.4479796794749508 -0.03828658835356449 1
1697524854.359666 0.45280171631291455 -0.03945476029665296 1
1697524854.4092522 0.4576766340987849 -0.04064446125167416 1
1697524854.458845 0.4600887599229942 -0.04123631728867995 1
1697524854.508838 0.46248797329554325 -0.04182706056200513 1
1697524854.558717 0.464959120212372 -0.04243762893261379 1
1697524854.6099381 0.4697696860602972 -0.043632211621712914 1
1697524854.6590405 0.47470139276222173 -0.04486487629339261 1
1697524854.709217 0.47714099036697183 -0.04547773583457586 1
1697524854.759003 0.47967019254598703 -0.0461149105616697 1
1697524854.8093746 0.4871065165397606 -0.04799991700331161 1
1697524854.8591516 0.4920264132261665 -0.04925423104784641 1
1697524854.9092698 0.49456616383740765 -0.04990402505565468 1
1697524854.9595559 0.497037383093542 -0.050537286578070134 1
1697524855.0100093 0.4995093724005522 -0.05117409801290416 1
1697524855.060082 0.5045239161361037 -0.05245819124593267 1
1697524855.1099052 0.5095528858294219 -0.05375776852059058 1
1697524855.1601725 0.5120369935676319 -0.054400713001039894 1
1697524855.2102776 0.5145334114312067 -0.055047768282865145 1
1697524855.2601762 0.5195744594752927 -0.056356503208510225 1
1697524855.31022 0.5246274457480957 -0.05767198550373683 1
1697524855.3603504 0.5271137646486006 -0.0583206364515491 1
1697524855.4104114 0.5296130343259492 -0.05897390729755442 1
1697524855.4605374 0.5346879872397405 -0.06030363441227057 1
1697524855.5107868 0.5397778031711967 -0.061642517074312786 1
1697524855.5626523 0.5422831472361944 -0.06230365545411403 1
1697524855.6120389 0.5447958507747083 -0.06296828196235932 1
1697524855.6617093 0.5473843583474738 -0.06365461307025805 1
1697524855.7134848 0.5523769918092417 -0.06498603618566291 1
1697524855.7618454 0.5573911127836721 -0.06634177691757613 1
1697524855.812003 0.5599852595436775 -0.06704405950208164 1
1697524855.8620896 0.5626484066702332 -0.06776931330799904 1
1697524855.9121304 0.5704185651551374 -0.06989546990216138 1
1697524855.9622464 0.5729670988785927 -0.07059689474117763 1
1697524856.0121593 0.5782140768753549 -0.07204656676180238 1
1697524856.0622144 0.5808355260707826 -0.07277371213660083 1
1697524856.113382 0.5834682485645054 -0.07350578592317268 1
1697524856.1634476 0.5887916422729307 -0.07499170802184801 1
1697524856.213733 0.5941309104560596 -0.07648895029369704 1
1697524856.2639713 0.5967682734422937 -0.07723101004121022 1
1697524856.3139038 0.5994385835916235 -0.07798386932294951 1
1697524856.3641295 0.6048537992929204 -0.07951551863143914 1
1697524856.4141426 0.6103063537241658 -0.08106399634137006 1
1697524856.464703 0.6129858224767674 -0.08182721693004391 1
1697524856.514414 0.6156813780043912 -0.08259636700014993 1
1697524856.5646744 0.6211589608265362 -0.08416384827027877 1
1697524856.614391 0.6266819244945593 -0.08574978642808886 1
1697524856.6646714 0.6294059179316496 -0.08653399762547359 1
1697524856.7149599 0.6321414255856722 -0.08732257571520369 1
1697524856.7651203 0.6376837949763497 -0.08892339317544062 1
1697524856.8151402 0.643242560626359 -0.09053160705984852 1
1697524856.865296 0.645981046829874 -0.09132499919082737 1
1697524856.9154756 0.6487285527255895 -0.09211799178003004 1
1697524856.9653456 0.6515527844999955 -0.09293271917044461 1
1697524857.0155299 0.6570429496314317 -0.0945241597553956 1
1697524857.0657907 0.6626318505696541 -0.09614387123738094 1
1697524857.1161685 0.6653848349601139 -0.09694155357259908 1
1697524857.1660905 0.6682288658245968 -0.09776587045550879 1
1697524857.216713 0.6737619765657326 -0.09937011426012597 1
1697524857.2664337 0.6794099339314005 -0.10100929195333308 1
1697524857.3170054 0.6821844651020164 -0.10181524753634244 1
1697524857.3665297 0.6850443113200838 -0.10264670641220422 1
1697524857.4166174 0.6934882230540866 -0.105106463584857 1
1697524857.467156 0.6962818829613464 -0.10592208016679623 1
1697524857.5168586 0.7019516356764487 -0.1075835652753593 1
1697524857.5671885 0.7047026531895356 -0.10839106585161523 1
1697524857.6174822 0.7074314925249563 -0.1092000146835516 0
1697524857.6675444 0.7131718511505715 -0.11090305094281405 1
1697524857.717349 0.7190411414674046 -0.11265039736953263 1
1697524857.7675204 0.7219291945448456 -0.11351258456212969 1
1697524857.817738 0.7247867871285871 -0.11436667228690836 1
1697524857.8683722 0.7276929588075943 -0.11523627129864791 1
1697524857.9180393 0.7333449536070673 -0.11693064288369147 1
1697524857.9687436 0.7391397085687197 -0.11867202683477653 1
1697524858.0184848 0.7420391459229625 -0.11954486143648417 1
1697524858.0685258 0.7450300131126765 -0.12044631471716147 1
1697524858.1187842 0.7508499976394756 -0.1222034090275333 1
1697524858.1692367 0.756727115140821 -0.12398150130112476 1
1697524858.219115 0.7596327493953227 -0.12486192827477945 1
1697524858.26931 0.762646426697317 -0.12577598779760524 1
1697524858.3198526 0.7685138633221148 -0.12755835175142866 1
1697524858.3697615 0.7744592827894378 -0.12936792367042174 1
1697524858.420092 0.7773867472926139 -0.13026010065874363 1
1697524858.4699626 0.7833492496472478 -0.13207907570325628 1
1697524858.5200222 0.789361305864854 -0.13391450951480166 1
1697524858.5701442 0.7923246901198024 -0.13481961798461872 1
1697524858.6203964 0.7983273290866878 -0.136649493146708 1
1697524858.6713552 0.8012644800783204 -0.13754435924826572 1
1697524858.7204227 0.807260278794918 -0.13937431645298964 1
1697524858.7707741 0.8132081908628935 -0.14118705404633103 1
1697524858.8211594 0.8162868532729444 -0.14212406872432332 1
1697524858.871634 0.8192563855988831 -0.14302748952657643 1
1697524858.9214196 0.8222130773989038 -0.14392675876113664 1
1697524858.9712055 0.8282209771495327 -0.14575357977030892 1
1697524859.0213609 0.8342921855088606 -0.14760050906784133 1
1697524859.0714338 0.8372928218670358 -0.14851390562189598 1
1697524859.121645 0.8402951734374228 -0.14942842681451826 1
1697524859.1720974 0.8433639455136183 -0.15036374244096845 1
1697524859.2222767 0.8493135832828286 -0.15218027819973867 1
1697524859.2722583 0.8552840462383734 -0.1540111378641885 0
1697524859.3223488 0.8582322719663522 -0.15492382576094874 1
1697524859.3723013 0.8613777814980382 -0.15589428854169105 1
1697524859.4222274 0.8675013704760794 -0.15779115059144286 1
1697524859.472682 0.8736834548474511 -0.15971081763626496 1
1697524859.5225403 0.87665300884004 -0.16063429811315327 1
1697524859.5731244 0.8797172891116756 -0.16158823015643067 1
1697524859.6228316 0.8857472073821584 -0.16346835038286156 1
1697524859.6730738 0.892012917535588 -0.16542575788607633 1
1697524859.7234023 0.8950510743078992 -0.16637622940537333 1
1697524859.773279 0.8981673422369586 -0.16735188210600913 1
1697524859.8235033 0.9042257112013625 -0.16925094878283928 1
1697524859.8735797 0.9105027558805111 -0.171221578357196 1
1697524859.9241111 0.9167937343783251 -0.17319956093740105 1
1697524859.975657 0.9167937343783251 -0.17319956093740105 1
1697524860.025289 0.9261004750559628 -0.17613054270110728 1
1697524860.0750222 0.9322877244661945 -0.17808110082952955 1
1697524860.125304 0.9354928817018711 -0.1790916800155807 1
1697524860.1751122 0.9386006328718532 -0.18007151496885687 1
1697524860.225493 0.9416932013010864 -0.1810470813768909 1
1697524860.275422 0.9479537931522661 -0.18301281783493067 1
1697524860.3256607 0.9542214054450702 -0.18498491593814193 1
1697524860.375474 0.9573317735778349 -0.18596203798832942 1
1697524860.4254274 0.9604585123907758 -0.18694313206394447 1
1697524860.4755502 0.9668074556369696 -0.18893237084176331 1
1697524860.5255635 0.9731343608271221 -0.1909121048881581 1
1697524860.5761743 0.9762450494721133 -0.19188477340033105 1
1697524860.6262736 0.979359807759949 -0.19285859576498693 1
1697524860.6763673 0.9825702895693197 -0.19386220185831893 1
1697524860.726625 0.9888349717153502 -0.19582120155342272 1
1697524860.776786 0.9952051620268059 -0.1978153851321113 1
1697524860.8266878 0.9983243463644216 -0.19879318128037582 1
1697524860.8768497 1.0015158911732664 -0.19979522891131135 1
1697524860.9270723 1.0076720318033607 -0.2017428697618485 1
1697524860.9773262 1.014128270011026 -0.20378780300331797 1
1697524861.0272982 1.0172529345910022 -0.20478003796217614 1
1697524861.0773535 1.0204682635886257 -0.20580163164933044 1
1697524861.1273851 1.0267140171624236 -0.20778990527866187 1
1697524861.1773798 1.0331591178154915 -0.20984526544157836 1
1697524861.2283247 1.0363425364848582 -0.21086170640094218 1
1697524861.2787836 1.0395952601651919 -0.21190104706173657 1
1697524861.3292608 1.0491923594863364 -0.2149716948350535 1
1697524861.3792946 1.0523837095244215 -0.21599405242944314 1
1697524861.4293706 1.0555813070134539 -0.2170189749698567 1
1697524861.4794736 1.0588778660631188 -0.21807624091752031 1
1697524861.5295544 1.068538421173841 -0.22117760930295163 1
1697524861.5796897 1.0717320351698483 -0.2222037032714107 1
1697524861.6298122 1.078254914330407 -0.22430006287762735 1
1697524861.6805754 1.0814679002552499 -0.22533261190340592 1
1697524861.7302754 1.0846718033890395 -0.22636243389401814 1
1697524861.7805877 1.0911707086369933 -0.22845080061019798 1
1697524861.8304706 1.0976637477479305 -0.23052557929376294 1
1697524861.8807213 1.1008740062766222 -0.23155336752197672 1
1697524861.9308207 1.1040892551977612 -0.23258124245449516 1
1697524861.980726 1.1074183705354546 -0.2336447985939474 1
1697524862.0308595 1.1138733088964594 -0.2357027763972322 1
1697524862.081176 1.120419417696285 -0.23778609429266778 1
1697524862.131308 1.1236406101596883 -0.23881019706898535 1
1697524862.1813457 1.126959872950523 -0.23986493990999516 1
1697524862.2314343 1.1334248276422283 -0.24191835865705652 1
1697524862.2815676 1.1400003715690248 -0.24400731034626152 1
1697524862.331659 1.1432323491067973 -0.2450347489703748 1
1697524862.3816962 1.149757478602886 -0.2471122433860761 1
1697524862.432669 1.156234488179676 -0.24918934520072664 1
1697524862.4823263 1.1594779469169498 -0.25022887400397453 1
1697524862.5324798 1.1661174543788662 -0.2523629104975193 1
1697524862.5825088 1.1693403612464681 -0.25340051417133846 1
1697524862.6327987 1.1725576469010432 -0.25443725125643124 1
1697524862.6835103 1.1790981952634711 -0.25654761102472334 1
1697524862.7330565 1.1857412056992034 -0.25869426833715475 1
1697524862.783184 1.1890216040914716 -0.2597553706482657 1
1697524862.8333097 1.1923056665862852 -0.26081824911772455 1
1697524862.8832314 1.1989445992530277 -0.26296877484888126 1
1697524862.933312 1.2055568742745169 -0.26511248904622375 1
1697524862.983961 1.2088173251552836 -0.26617015036579283 1
1697524863.0337443 1.2121087183688197 -0.26723819887759576 1
1697524863.0837758 1.2155038945594816 -0.26834034706151194 1
1697524863.133968 1.2221006395568914 -0.27048253338225026 1
1697524863.184537 1.2287645490693415 -0.27264672514051025 1
1697524863.2344933 1.2320437326186722 -0.2737112577673927 1
1697524863.2872663 1.2420077633318471 -0.2769373856956264 1
1697524863.3343532 1.2420077633318471 -0.2769373856956264 1
1697524863.384528 1.2486825995199642 -0.2790952124513474 1
1697524863.434861 1.2519724680989384 -0.28015680283182054 1
1697524863.4848683 1.2586663591005163 -0.28231396851245466 1
1697524863.5350192 1.265376128080705 -0.28447092097508997 1
1697524863.585327 1.271985404656553 -0.28659218018023985 1
1697524863.635641 1.275386495470767 -0.287682815409769 1
1697524863.6857524 1.2786892752359544 -0.2887415020033842 1
1697524863.7357175 1.2854086697679667 -0.2908951056412195 1
1697524863.7857707 1.2887178591656723 -0.2919560725507434 1
1697524863.836058 1.295419136001123 -0.2941070906933029 1
1697524863.886258 1.298687155312704 -0.2951570135537199 1
1697524863.9364464 1.3019221574535629 -0.2962042393488606 1
1697524863.9865687 1.308637753318505 -0.29837749060781654 1
1697524864.0365658 1.3154386383998213 -0.30058193340076766 1
1697524864.0865629 1.318783414026032 -0.3016671894455803 1
1697524864.1368911 1.3220935313655087 -0.30274149992268895 1
1697524864.1872625 1.3254795668805794 -0.3038406137844788 1
1697524864.2371404 1.3320596175355033 -0.3059772064862729 1
1697524864.2874064 1.338818978619331 -0.30817279742607934 1
1697524864.3373425 1.3421644992154071 -0.3092597534359791 1
1697524864.3883588 1.3456145486600493 -0.3103808719338025 1
1697524864.4383607 1.3557102110985164 -0.31366258542096304 1
1697524864.4882388 1.359036170505976 -0.31474407496869605 1
1697524864.5383656 1.3623774151085948 -0.31583062507822296 1
1697524864.5886683 1.3691694024044332 -0.31803969476878213 1
1697524864.6387956 1.3759602273063338 -0.3202480934963909 1
1697524864.689931 1.3793046901244312 -0.3213352726448822 1
1697524864.7403831 1.3860929568718388 -0.3235408646977793 1
1697524864.7902708 1.3894388638396888 -0.32462191424937686 1
1697524864.8402002 1.392773031010384 -0.32570037994594847 1
1697524864.890627 1.3995412325360799 -0.3278903548872369 1
1697524864.9408028 1.4063359619139462 -0.3300830840928219 1
1697524864.9908702 1.4096925597849934 -0.3311640852197064 1
1697524865.0411272 1.4130466966683508 -0.3322433064774151 1
1697524865.0915005 1.4164876806623754 -0.3333496453842539 1
1697524865.141737 1.4231659623236803 -0.33549492685389964 1
1697524865.1914883 1.4299453994067004 -0.3376716191441467 1
1697524865.2419105 1.4332927810221865 -0.33874646682922166 1
1697524865.2917573 1.4367392548494757 -0.3398535802644446 1
1697524865.3418465 1.4468130861143664 -0.3430946955685477 1
1697524865.3926647 1.4500823442856627 -0.3441553786142398 1
1697524865.4422998 1.4534313932936338 -0.34523939500993467 1
1697524865.4930515 1.456866849298663 -0.3463544355571161 1
1697524865.5423706 1.4636060206713346 -0.3485432733225923 1
1697524865.592544 1.4703771913314625 -0.3507461238919312 1
1697524865.6428294 1.4737004927366275 -0.3518283797109683 1
1697524865.6928113 1.4804960349380343 -0.35404313698871714 1
1697524865.7428956 1.487323049065993 -0.3562703348725368 1
1697524865.7932997 1.490673968327768 -0.3573642400070122 1
1697524865.8434715 1.494026366524722 -0.35845895287907065 1
1697524865.8933635 1.5008301756797169 -0.3606817865337721 1
1697524865.9435682 1.5076550447418 -0.3629124611724196 1
1697524865.9936976 1.5110202478423043 -0.3640126575406498 1
1697524866.0439334 1.5178733437094973 -0.3662534777625611 1
1697524866.0941095 1.5212409772348618 -0.3673546862254504 1
1697524866.1461985 1.52806324211657 -0.36958437962069535 1
1697524866.1945581 1.5347860735826642 -0.37178009124566547 1
1697524866.244319 1.5382528144128347 -0.37290364112232394 1
1697524866.294626 1.5416052182792972 -0.3739948142759624 1
1697524866.3449469 1.5449664649091095 -0.3750875088685301 1
1697524866.3951418 1.551804605995438 -0.37730743699533204 1
1697524866.4450915 1.5586497169080122 -0.37952439029943585 1
1697524866.4958088 1.5620222761386844 -0.3806153046845809 1
1697524866.5459847 1.5653847033979493 -0.38170245609255654 1
1697524866.5959656 1.572205634889485 -0.3839069937226426 1
1697524866.6458397 1.5790093793084279 -0.3861075577172877 1
1697524866.696555 1.5823614747304975 -0.3871927953386327 1
1697524866.7467148 1.5857098866823631 -0.38827773551527367 1
1697524866.7965894 1.5924770469585974 -0.390476119827872 1
1697524866.8469415 1.5991512938033157 -0.3926565205973828 0
1697524866.8973558 1.6024939845235797 -0.3937488399640207 1
1697524866.9474742 1.60584980324823 -0.3948488735713565 1
1697524866.998588 1.6093096659526662 -0.39598377009700275 1
1697524867.0477226 1.6160105414606911 -0.3981827420880448 1
1697524867.0982435 1.6227926875792376 -0.4004081873857154 1
1697524867.1483526 1.6261372173053639 -0.4015054160619591 1
1697524867.198533 1.632979127015271 -0.40374939500013607 1
1697524867.248873 1.6398350923412592 -0.40599700834150787 1
1697524867.2990258 1.6465759424030757 -0.40820592083606566 1
1697524867.3491836 1.6500531766486144 -0.40934499494566673 1
1697524867.3993537 1.653431384834202 -0.41045133652111515 1
1697524867.449246 1.660318445888837 -0.4127061417623878 0
1697524867.5004768 1.6671124655569327 -0.414929736437874 0
1697524867.5492797 1.6706127718158645 -0.4160742187043692 0
1697524867.604221 1.6773831555266752 -0.418282702699876 0
1697524867.679856 1.6842501103794263 -0.42050477848930295 0
1697524867.7191017 1.6842501103794263 -0.42050477848930295 0
1697524867.7553709 1.691102041023037 -0.42271049804063293 0
1697524867.8020961 1.6944894342533008 -0.4237930182170944 0
1697524867.8524885 1.6978774214121342 -0.4248701179806201 0
1697524867.901778 1.708173744798314 -0.4281004351273572 0
1697524867.958244 1.7116798973878933 -0.4291851251227947 1
1697524868.0019228 1.7150864589317578 -0.4302310339123324 1
1697524868.0522113 1.7185414389107037 -0.4312839405226269 0
1697524868.1027303 1.7291409559545405 -0.43446405756099155 0
1697524868.15513 1.7327478897239812 -0.43552897013795333 0
1697524868.2051532 1.7362161332684665 -0.4365451512303727 0
1697524868.2556558 1.7431268194679874 -0.4385467033546148 0
1697524868.3276646 1.7465732747333007 -0.4395331314070067 0
1697524868.364297 1.753632610897565 -0.4415294000032342 0
1697524868.4043255 1.757158504943038 -0.44251281202024245 0
1697524868.454154 1.764226391944049 -0.4444538212957099 0
1697524868.5042653 1.767683359552267 -0.4453881355812641 0
1697524868.5545492 1.771158640542543 -0.4463172958368787 0
1697524868.6043127 1.7783114411660716 -0.4481969676980723 0
1697524868.6541963 1.785475150495035 -0.4500340054696105 0
1697524868.704346 1.7890042938582498 -0.4509216922198364 0
1697524868.7543895 1.7925062010712072 -0.4517914225426025 0
1697524868.804437 1.8067849240520228 -0.4552254021196493 0
1697524868.9036057 1.8103139731707842 -0.4560463230792525 0
1697524868.9486423 1.8138737368329712 -0.4568618577752348 0
1697524869.0056112 1.8175409371521152 -0.4576884683578 0
1697524869.0401676 1.824674103786249 -0.4592565645833898 0
1697524869.0696802 1.824674103786249 -0.4592565645833898 0
1697524869.1071599 1.8318806677372659 -0.4607854972065573 0
1697524869.156854 1.8354317129558053 -0.46150830366984974 0
1697524869.2067726 1.8391064052130253 -0.4622367725156401 0
1697524869.256691 1.8498769120204208 -0.46428484270291215 0
1697524869.3069172 1.8534013518878971 -0.4649283124659241 0
1697524869.3572323 1.856942196559131 -0.46555709429818914 0
1697524869.4068644 1.860593409468961 -0.46618808485117075 0
1697524869.4572947 1.8714203942614778 -0.46795517466329145 0
1697524869.5074844 1.874986643961157 -0.4685030503816464 0
1697524869.5573008 1.878530235974717 -0.4690319994782481 0
1697524869.6074893 1.8821375184543758 -0.4695554867044436 0
1697524869.657767 1.893017809882133 -0.4710398272048919 0
1697524869.7079792 1.8966451563145712 -0.47150179255145214 0
1697524869.757886 1.9002103221723894 -0.47193976027499696 0
1697524869.808609 1.9038804128563875 -0.4723737242374097 0
1697524869.8583136 1.9147534075501578 -0.4735589536234659 0
1697524869.908679 1.9183678556854076 -0.47391977555700243 0
1697524869.958295 1.921958438520124 -0.47426176851388147 0
1697524870.0084925 1.92565683884666 -0.47459668006247335 0
1697524870.0586028 1.9328445762566837 -0.4751972949493725 0
1697524870.1089044 1.940195899163507 -0.4757431224222767 0
1697524870.1590514 1.9438223566867872 -0.4759871424821987 0
1697524870.2090266 1.947544545550239 -0.4762200938794716 0
1697524870.2593899 1.9585127457224156 -0.47680380861307564 0
1697524870.3092346 1.9621462464397559 -0.47696348433004365 0
1697524870.3592963 1.9695195012532358 -0.4772357755070626 0
1697524870.4093492 1.9731498877407356 -0.4773445169247337 0
1697524870.459552 1.9805302997018412 -0.4775151160946384 0
1697524870.5095055 1.9841746134769638 -0.47757639126243046 0
1697524870.5601866 1.9915915424715818 -0.4776574117791423 0
1697524870.6101134 1.9952468122489804 -0.4776743867494437 0
1697524870.6603613 1.998891733445211 -0.4776746952428864 0
1697524870.710409 2.0062888961725838 -0.47761895579534863 0
1697524870.760417 2.013663640932843 -0.47747404326178894 0
1697524870.8106704 2.0172667537133386 -0.4773759505737708 0
1697524870.860728 2.020791773922341 -0.477261475922635 0
1697524870.910968 2.024455776676092 -0.47713800948896684 0
1697524870.961377 2.0316540497164484 -0.47683012826257537 0
1697524871.0113893 2.0390979961604034 -0.47644304752734123 0
1697524871.0612988 2.0426924191695863 -0.4762294825806628 0
1697524871.1113098 2.046350623249098 -0.47599498893027997 0
1697524871.1615376 2.057251263235311 -0.4751926703233971 0
1697524871.2116628 2.060894405140769 -0.4748906616265958 0
1697524871.2633224 2.0682958737515653 -0.47422473866455844 0
1697524871.3125572 2.071876558708528 -0.47387734302599877 0
1697524871.3621898 2.07912447228773 -0.4731242723842648 0
1697524871.4121907 2.08269204289178 -0.47272910949414954 0
1697524871.4623063 2.0900425070743043 -0.4718649290946818 0
1697524871.512329 2.0936671057347023 -0.47141430771942977 0
1697524871.5624957 2.097254306000043 -0.4709524905161744 0
1697524871.6126528 2.104521052335508 -0.4699685031362295 0
1697524871.662845 2.11180470503405 -0.4689173248735081 0
1697524871.7136924 2.115407153142046 -0.46837221534825535 0
1697524871.7634614 2.1190106678414784 -0.4678108409091828 0
1697524871.8134868 2.1227233534016956 -0.46721574950313677 0
1697524871.863507 2.129887242239754 -0.4660200871232557 0
1697524871.9139066 2.1371464383045793 -0.46474494232592045 0
1697524871.963985 2.140733247984685 -0.4640921148471545 0
1697524872.014199 2.1444305433372755 -0.4634040086045262 0
1697524872.0649636 2.155273736465372 -0.4613003005229545 0
1697524872.115433 2.1588361793544726 -0.460575970103124 0
1697524872.1653135 2.1660314877559204 -0.4590897611040712 0
1697524872.2153008 2.1695748094911163 -0.4583378185263871 0
1697524872.2653954 2.176789492536262 -0.45676535374270705 0
1697524872.3154345 2.1803172153850934 -0.4559655755198963 0
1697524872.3654718 2.187396872272327 -0.4543302728500923 0
1697524872.415732 2.190912644868841 -0.45349554888073956 0
1697524872.465999 2.1944546450927755 -0.4526451369945688 0
1697524872.516365 2.201585456127437 -0.4508874477827104 0
1697524872.5662265 2.208688878879716 -0.44907958606469583 0
1697524872.6163003 2.2121634152654015 -0.4481743583873322 0
1697524872.6666064 2.215660622778575 -0.4472497521192856 0
1697524872.7163732 2.2228060278220423 -0.44531992680559257 0
1697524872.7677045 2.2299295846342044 -0.44334193233317415 0
1697524872.8173885 2.2334247957076627 -0.44235167683050153 0
1697524872.8674235 2.2368996072740663 -0.4413548483535012 0
1697524872.9174683 2.2439589454783833 -0.4392917507123162 0
1697524872.9672532 2.2510257869204287 -0.43717611026955083 0
1697524873.0174289 2.254517666811028 -0.4361122270076234 0
1697524873.0673428 2.2579980038321565 -0.43504008132176897 0
1697524873.1176243 2.265055260551745 -0.4328309352819465 0
1697524873.168183 2.272088983464348 -0.43058259338113103 0
1697524873.2182186 2.2755547642968823 -0.4294579085868725 0
1697524873.2687278 2.2790172398130193 -0.4283235657918494 0
1697524873.3183749 2.286043933009907 -0.42599122640203263 0
1697524873.368355 2.293058351250423 -0.42362269976225564 0
1697524873.4184012 2.2965013224016637 -0.42243960687721305 0
1697524873.468828 2.2999229421931386 -0.421262934362959 0
1697524873.5187893 2.3034576497852615 -0.42003827182096587 0
1697524873.5693974 2.310324039364374 -0.41764282149354826 0
1697524873.6193147 2.3173278725318425 -0.415167455834159 0
1697524873.669288 2.3207559176574475 -0.4139448822749866 0
1697524873.719495 2.324284641588433 -0.4126787292222174 0
1697524873.7692807 2.3346138858273546 -0.4089266017334082 0
1697524873.8198566 2.3380064732582793 -0.4076643547762585 0
1697524873.8694782 2.3413705929270328 -0.4064125293789081 0
1697524873.920227 2.3448425369913473 -0.4051180527474579 0
1697524873.9711528 2.355135626288473 -0.40122140856412297 0
1697524874.020625 2.358514587367122 -0.39992712619278337 0
1697524874.070452 2.365402235635868 -0.3972640801750951 0
1697524874.1204228 2.3687902707496407 -0.3959424523292538 0
1697524874.1705382 2.372162989910554 -0.39461950369729115 0
1697524874.2208216 2.3790151612688035 -0.3919100098448225 0
1697524874.2709982 2.3858738221501925 -0.3891694190517292 0
1697524874.3214383 2.389257435839723 -0.38780715709844854 0
1697524874.3712893 2.3926353028058065 -0.3864407890040498 0
1697524874.421355 2.39611451496876 -0.3850267178659818 0
1697524874.471412 2.4028460788911947 -0.38227260870718 0
1697524874.5214286 2.4096811535571536 -0.37945273643653693 0
1697524874.5714028 2.4130526669379977 -0.37805365685423187 0
1697524874.621311 2.4198907816338306 -0.37520116894710137 0
1697524874.6720586 2.4267133051122642 -0.37233811816007684 0
1697524874.7218993 2.4300717266362053 -0.37092249690126533 0
1697524874.7720563 2.4368659897263796 -0.368041453021506 0
1697524874.8223963 2.4401966613629362 -0.3666312356103663 0
1697524874.8723295 2.443551552240417 -0.365205265344612 0
1697524874.9226952 2.4503840957695027 -0.36229998737335745 0
1697524874.973708 2.4571848982931117 -0.3594004113089937 0
1697524875.023245 2.460536242228567 -0.35796920360143325 0
1697524875.0732946 2.4638738635652215 -0.3565424522059282 0
1697524875.1232011 2.470670980733526 -0.3536329880572257 0
1697524875.1733298 2.4774604768446427 -0.35072137395571334 0
1697524875.2233737 2.480811447479944 -0.3492818663240291 0
1697524875.2732844 2.484146876362069 -0.347848000035221 0
1697524875.3234856 2.49084379308653 -0.3449504287492887 0
1697524875.3735988 2.497604453713888 -0.3420212779440173 0
1697524875.4243314 2.5009366184471413 -0.34057468892515796 0
1697524875.4743793 2.5042762689613816 -0.33912313034393965 0
1697524875.525008 2.5110463207224156 -0.3361738287297361 0
1697524875.5749235 2.5177998301072333 -0.333224990975427 0
1697524875.6255949 2.521124673104253 -0.3317710515318767 0
1697524875.6753073 2.524459986881052 -0.3303113996040065 0
1697524875.7252274 2.531241978872911 -0.3273407941194663 0
1697524875.7758172 2.538028366511272 -0.3243653615896336 0
1697524875.8257782 2.541364869427645 -0.3229016603510736 0
1697524875.875929 2.544697871137393 -0.3214393783420817 0
1697524875.9259999 2.551465726878217 -0.3184705267884714 0
1697524875.9768543 2.558252578066982 -0.31549450363851944 0
1697524876.026146 2.5615991237634788 -0.3140279947933313 0
1697524876.0760896 2.5649403308386214 -0.31256503510710903 0
1697524876.1272037 2.571715981843924 -0.30960265378620194 0
1697524876.1766942 2.578468874172289 -0.30665386681889567 0
1697524876.2268744 2.581784833052267 -0.30521481582020576 0
1697524876.2769246 2.5851296075643186 -0.30376269314148147 0
1697524876.327019 2.5885710349742803 -0.3022744213982052 0
1697524876.3770378 2.59528876068492 -0.2993787332247099 0
1697524876.4272308 2.6021007856753267 -0.2964569077435663 0
1697524876.4774656 2.6054507452886124 -0.2950258300908311 0
1697524876.528245 2.608900881117552 -0.2935559706032307 0
1697524876.578016 2.6190631487604477 -0.28924935826936593 0
1697524876.627993 2.6224150804853186 -0.2878347882527868 0
1697524876.6781642 2.629191542093813 -0.28498376167647127 0
1697524876.7283008 2.632492336668604 -0.28359729228272007 0
1697524876.77825 2.635847192158403 -0.2821906395844182 0
1697524876.8281527 2.642696478307846 -0.2793296555710707 0
1697524876.8782957 2.649551837474713 -0.27647781364510443 0
1697524876.9290123 2.6529026315682827 -0.2750879163691463 0
1697524876.9786131 2.6562421391087625 -0.2737055830909405 0
1697524877.0289273 2.6596851137246316 -0.2722832855800351 0
1697524877.0790212 2.6663984566016308 -0.2695189248003729 0
1697524877.129138 2.673269278145564 -0.26670223014327615 0
1697524877.179185 2.676638169071565 -0.2653259595492924 0
1697524877.2294362 2.683466080961988 -0.2625467131049323 0
1697524877.279681 2.690336945014927 -0.25976384062355984 0
1697524877.3301349 2.6971220788914954 -0.25702992281094206 0
1697524877.3804922 2.7006206200221095 -0.25562600706440936 0
1697524877.4302666 2.704002982047994 -0.25427318373733143 0
1697524877.480527 2.710870933417888 -0.25154060314477417 0
1697524877.530816 2.714255930093466 -0.250201706896139 0
1697524877.580896 2.721154670730763 -0.24749020903954969 0
1697524877.6308608 2.7245446657410146 -0.24616314620991378 0
1697524877.6811213 2.727915123402728 -0.24485431392821635 0
1697524877.7313476 2.7348009430956397 -0.24220153667509967 0
1697524877.7813456 2.7417378667779757 -0.23955783048259244 0
1697524877.8313365 2.7451643499440803 -0.23826241042748483 0
1697524877.8815029 2.7485826687932944 -0.2369772295814654 0
1697524877.9317944 2.7554849459226274 -0.23440347325443367 0
1697524877.981945 2.762389446749372 -0.2318554071130192 0
1697524878.0325255 2.7657880003079653 -0.2306096328423088 0
1697524878.0821135 2.769179970924365 -0.22937407354391587 0
1697524878.1322937 2.7726404918869645 -0.22811011655834526 0
1697524878.182309 2.779466183055627 -0.2256434599221404 0
1697524878.232393 2.7864353593998055 -0.2231483979953628 0
1697524878.2826245 2.7898471612027413 -0.22193502226381387 0
1697524878.3329976 2.7933552742862133 -0.2206929671824103 0
1697524878.3831642 2.8037370597240443 -0.2170489506448966 0
1697524878.433859 2.810626997078315 -0.21465657614189432 0
1697524878.4835157 2.8141812389752325 -0.21343073271132806 0
1697524878.5334213 2.817613813445809 -0.21225222191619353 0
1697524878.5837913 2.8210462345605856 -0.21107910362809174 0
1697524878.633454 2.828024332338195 -0.2087105145854995 0
1697524878.684028 2.8350465460063954 -0.20634902808287425 0
1697524878.7341125 2.838511838981124 -0.20519187441326042 0
1697524878.7846177 2.8419793313319626 -0.20403944160064003 0
1697524878.834209 2.8455400874823615 -0.20286176447044144 0
1697524878.8849864 2.852458312789992 -0.20059099406740127 0
1697524878.9344149 2.8594920352726056 -0.1983087221467472 0
1697524878.9847758 2.8665545098911545 -0.19604432365827035 0
1697524879.0348082 2.8665545098911545 -0.19604432365827035 0
1697524879.0848444 2.877085091893523 -0.19272246401205329 0
1697524879.134805 2.880540599860731 -0.19164897167652262 0
1697524879.1853893 2.8876028247762915 -0.18948180605733603 0
1697524879.2356315 2.8910985111069922 -0.18842192302598854 0
1697524879.2855532 2.8945943131907406 -0.18736991436520112 0
1697524879.3357775 2.9016749367054495 -0.18526404532235513 0
1697524879.3860009 2.9087203349118305 -0.1831979377372004 0
1697524879.436451 2.912169768344253 -0.18219840509539068 0
1697524879.486561 2.915592851190661 -0.18120528822379725 0
1697524879.536746 2.919192515901934 -0.18017301922978626 0
1697524879.5869324 2.9261979531362043 -0.1781813402628315 0
1697524879.6371567 2.933348686048328 -0.17617633071083896 0
1697524879.6873107 2.9368161692399264 -0.175213370223225 0
1697524879.7374973 2.940390305681737 -0.1742270808638309 0
1697524879.7873685 2.950954996815742 -0.17134772897158962 0
1697524879.8372567 2.9544771945107136 -0.17039979560247104 0
1697524879.887336 2.9616075247170808 -0.16849908415196097 0
1697524879.9377048 2.9651074878117587 -0.1675750292135684 0
1697524879.987988 2.9722396069443104 -0.16570954725249734 0
1697524880.03808 2.9757705004411794 -0.16479469821381848 0
1697524880.0883195 2.9829301734243963 -0.1629572428767914 0
1697524880.1385264 2.986452380069961 -0.16206195286049332 0
1697524880.1886547 2.9899752107486792 -0.16117217916428356 0
1697524880.239374 2.9971621514811533 -0.15937418886768562 0
1697524880.2893176 3.0043615665419585 -0.15760074047361838 0
1697524880.339208 3.0079139754610695 -0.1567354075946819 0
1697524880.3893285 3.011457875973699 -0.1558787236225988 0
1697524880.4394283 3.0151087138464936 -0.1550031926016014 0
1697524880.4893687 3.022199734261983 -0.15332384230688897 0
1697524880.5395494 3.0294148740489204 -0.15164468920126647 0
1697524880.5895238 3.032967262397878 -0.15082813502328715 0
1697524880.6397986 3.0366122187612463 -0.14999866439784226 0
1697524880.689793 3.043691253538211 -0.14841670937041027 0
1697524880.7403173 3.0509110700935826 -0.14683473168927974 0
1697524880.790248 3.054462216192675 -0.14606671054895884 0
1697524880.8402207 3.0580916754510783 -0.145290328541812 0
1697524880.890265 3.065101265866886 -0.14380069418923225 0
1697524880.940281 3.0723342361232713 -0.14229167686369462 0
1697524880.9903977 3.075877547892732 -0.14156212163380127 0
1697524881.0412307 3.0795098137242367 -0.1408203600707941 0
1697524881.091398 3.0902567780501107 -0.13865995627387748 0
1697524881.1414711 3.093825732615394 -0.13795346992054427 0
1697524881.1912353 3.101053921551245 -0.13653973089956856 0
1697524881.241257 3.104603676618296 -0.1358536342701005 0
1697524881.291258 3.1081531073418995 -0.13517295025500395 0
1697524881.3413029 3.115409310942596 -0.13379764211844028 0
1697524881.3916216 3.1226799973114336 -0.13244087749927488 0
1697524881.442084 3.1262670551410627 -0.13177926371567422 0
1697524881.4922934 3.1298395944792126 -0.1311253866474714 0
1697524881.5422804 3.1335180445972544 -0.13045733681022606 0
1697524881.5925996 3.1406657006507 -0.12917378656357673 0
1697524881.6426399 3.147955085092093 -0.12788631307161027 0
1697524881.6926477 3.1515503844165287 -0.127260173716759 0
1697524881.7439125 3.1624291668889155 -0.12539844118815477 0
1697524881.7932842 3.1624291668889155 -0.12539844118815477 0
1697524881.8433428 3.1697342381386138 -0.12417670150374087 0
1697524881.89334 3.1733384721560105 -0.1235826486576305 0
1697524881.9433067 3.1806552905419334 -0.12239492470336984 0
1697524881.9933283 3.187957778551501 -0.12123514509956713 0
1697524882.0433216 3.1915542205130376 -0.12067407566407506 0
1697524882.0936518 3.1988187743158187 -0.11955411639848929 0
1697524882.1438203 3.2023914273863614 -0.11901327092710419 0
1697524882.1939185 3.209575523314589 -0.117940288017997 0
1697524882.2444496 3.2131475906358755 -0.11741474049744746 0
1697524882.294379 3.2204496331653014 -0.11634953767645759 0
1697524882.34445 3.224065307027229 -0.11583128609447874 0
1697524882.3945305 3.2276436522836804 -0.11532281846189242 0
1697524882.4447253 3.2348599077843283 -0.11431163890556831 0
1697524882.4946845 3.2421103962615705 -0.11331418390450912 0
1697524882.5448515 3.2457020059529174 -0.11282673227383824 0
1697524882.5949068 3.2493128528062103 -0.11234091863738888 0
1697524882.6450748 3.2530133188878314 -0.11184742718823028 0
1697524882.6953423 3.260199889352162 -0.11090180988615143 0
1697524882.745438 3.26747484509197 -0.10996135807468911 0
1697524882.7957468 3.271077874190017 -0.10950169428325059 0
1697524882.8456526 3.2784206112691363 -0.10857677359269437 0
1697524882.8961432 3.2784206112691363 -0.10857677359269437 0
1697524882.9464283 3.289341936474489 -0.10723017850699629 0
1697524882.99632 3.2929421466575453 -0.10679387913910564 0
1697524883.046269 3.3002781069325096 -0.10591853999711856 0
1697524883.0963778 3.3076281032161594 -0.10505874585265047 0
1697524883.1464899 3.3112480959793276 -0.10464148234480114 0
1697524883.1966064 3.31860153294157 -0.10380656650697147 0
1697524883.2468078 3.3222266185744926 -0.10340126870901654 0
1697524883.297252 3.3258513594145036 -0.10300020492534892 0
1697524883.347326 3.333214551930386 -0.10219903326632779 0
1697524883.3974054 3.3405705426180137 -0.1014173564958186 0
1697524883.447351 3.3441888259048365 -0.10103925274587858 0
1697524883.4973512 3.3478021150341712 -0.10066612876191028 0
1697524883.5475948 3.355113605501156 -0.09992000854790946 0
1697524883.597743 3.362319921633826 -0.09919819279340417 0
1697524883.6487024 3.3659078450360256 -0.09883975652053727 0
1697524883.6988769 3.369511747092271 -0.09848879465658268 0
1697524883.7491224 3.3768103585680778 -0.09778426448032282 0
1697524883.7991552 3.3841484345194264 -0.09709056406462377 0
1697524883.8497534 3.3877403041680525 -0.09675590612544922 0
1697524883.900854 3.391341984670852 -0.09642349174539419 0
1697524883.9510868 3.4022463347370473 -0.09543553317390754 0
1697524884.0107317 3.4059733863287915 -0.09510407735400483 0
1697524884.0548944 3.4095851170819302 -0.09478580707122876 0
1697524884.1035364 3.413190300065855 -0.09447082859918837 0
1697524884.153071 3.4205143438586654 -0.09383929662724945 0
1697524884.203295 3.427866180583188 -0.09321629877936499 0
1697524884.2533078 3.4351152855308396 -0.09261250805007738 0
1697524884.303029 3.4388530116076623 -0.09230521278482588 0
1697524884.3534887 3.442472496530273 -0.09201020631826859 0
1697524884.4033287 3.4460911258855877 -0.09171780995339218 0
1697524884.4542203 3.4534434389333644 -0.0911331561489816 0
1697524884.5038335 3.460817642216756 -0.0905579373098693 0
1697524884.5535758 3.464454016880651 -0.09027843754907855 0
1697524884.6040564 3.4680910456200884 -0.09000160288315083 0
1697524884.6547453 3.471840776661915 -0.08971906057207893 0
1697524884.705063 3.4791059065707004 -0.08917995250716781 0
1697524884.754426 3.486482820632361 -0.08864379719499514 0
1697524884.8046398 3.4901204500408336 -0.0883837981358586 0
1697524884.8548772 3.497499113351124 -0.08786517188309058 0
1697524884.9045668 3.504846333564901 -0.08735751732672171 0
1697524884.9548998 3.5119946428434674 -0.0868680571853814 0
1697524885.005131 3.5156634306042602 -0.08662663263090295 0
1697524885.0562727 3.5192656056065017 -0.08637918863816968 0
1697524885.105564 3.522920153495183 -0.0861363595132348 0
1697524885.156336 3.5302941158376044 -0.08564887582332334 0
1697524885.2063315 3.5376339745643284 -0.08517269504232997 0
1697524885.2560165 3.5412036107977016 -0.0849439007555485 0
1697524885.3074253 3.5448125994035693 -0.0847144862328012 0
1697524885.3581555 3.548524846355292 -0.08448033184041416 0
1697524885.409127 3.555773468558442 -0.08402852898026553 0
1697524885.4583287 3.5631530970493825 -0.08357548958990439 0
1697524885.509195 3.5667804200868516 -0.08335528712559126 0
1697524885.559083 3.5741192571378333 -0.08291466460002858 0
1697524885.608705 3.581457953809245 -0.08248035486912973 0
1697524885.6590931 3.5887174259598265 -0.08205676306077866 0
1697524885.709028 3.5924750611358602 -0.08183979468220985 0
1697524885.7590773 3.5961103960713787 -0.08163136406831266 0
1697524885.8095553 3.5997260711012715 -0.0814255180368248 0
1697524885.8637712 3.607067856536816 -0.08101267675947414 0
1697524885.9120176 3.614449337008516 -0.08060382039391709 0
1697524885.9618053 3.6180974971326223 -0.08040411002795925 0
1697524886.0123565 3.6217468219135043 -0.08020587744986722 0
1697524886.0642612 3.6291181126753016 -0.0798102109159989 0
1697524886.1141706 3.6364885175471096 -0.07942087019885077 0
1697524886.1633632 3.6401197245866954 -0.07923134856534822 0
1697524886.2131855 3.6437638277730415 -0.07904268310293454 0
1697524886.2631202 3.647519216430608 -0.07885013440769825 0
1697524886.313053 3.6547969151971746 -0.07848097475943525 0
1697524886.364962 3.6621225964416744 -0.0781174938084104 0
1697524886.4151738 3.6656808592707923 -0.0779300218583518 0
1697524886.4652996 3.669378383088836 -0.07774268635627576 0
1697524886.5147233 3.680336639647877 -0.0771870472988149 0
1697524886.5644562 3.6839228779978463 -0.07700754961560151 0
1697524886.61453 3.691259286774099 -0.07664366683218309 0
1697524886.6645768 3.6948845848762795 -0.07646509494827948 0
1697524886.7153242 3.698499081000475 -0.07628791868482959 0
1697524886.7653112 3.7058199291105236 -0.07593162267221758 0
1697524886.8163912 3.7131447161822355 -0.07557850730826222 0
1697524886.8670218 3.7167645038196513 -0.07540521357192632 0
1697524886.9172473 3.720392517650618 -0.07523228037971096 0
1697524886.9669242 3.724133108021442 -0.07505477704565643 0
1697524887.0168695 3.7313902718858816 -0.07471257383042108 0
1697524887.0671442 3.738743955732784 -0.07436861753819668 0
1697524887.1169212 3.7423668934883936 -0.0742001743711896 0
1697524887.1672251 3.7461055488358266 -0.07402702622881786 0
1697524887.2173805 3.7571134091592677 -0.07352129018180861 0
1697524887.2675056 3.7607475483065476 -0.07335581606074514 0
1697524887.3177357 3.764379714550284 -0.07319112791256313 0
1697524887.3677092 3.7717618691045387 -0.07285861299583964 0
1697524887.4179626 3.7791530529048654 -0.07252868085167297 0
1697524887.4682689 3.786437254061844 -0.0722065230287011 0
1697524887.5183818 3.7901906790082096 -0.07204168935799125 0
1697524887.5680768 3.7938329622453826 -0.07188251560014128 0
1697524887.619045 3.7974747641265716 -0.07172408448176085 0
1697524887.6685557 3.804863580217316 -0.07140531376265272 0
1697524887.7188294 3.8122320190486545 -0.07108903412859717 0
1697524887.769018 3.815843021111931 -0.07093721408862512 0
1697524887.81898 3.8194196429864657 -0.07077827077519273 0
1697524887.8692605 3.8231011112216553 -0.07061819087321553 0
1697524887.9194148 3.8303197817793206 -0.07029397133506927 0
1697524887.96951 3.837719706922766 -0.06996539545654012 0
1697524888.0199828 3.841325596366636 -0.06980581186455552 0
1697524888.0703778 3.8486229708064466 -0.06948344471096911 0
1697524888.1203394 3.8559646388274746 -0.06915969434444774 0
1697524888.1708295 3.8632258355643505 -0.06884029207246889 0
1697524888.2208476 3.866980362099806 -0.06867553379982412 0
1697524888.2705414 3.870601688289477 -0.06851688502241238 0
1697524888.320946 3.8742067676320455 -0.06835918730231667 0
1697524888.370964 3.881524330910134 -0.06803983867296462 0
1697524888.4211574 3.885148659309935 -0.06788202311195933 0
