1711627736.9231472 -0.02950146608054638 1.5195111632347107 -0.017944563140905666 -0.0 55.15797920338683 1.080839000541168 55.15797920338683 1.0808389999191697 0.5 2.194208025932312 1.424522340297699 11.97746865458748 7.776004588911129
1711627736.940536 -0.02950146608054638 1.5195111632347107 -0.017944563140905666 -0.0 2.0999999999999996 -0.006439556939581998 2.1000000000001964 -0.006439556939581998 0.5 2.194208025932312 1.424522340297699 11.97746865458748 7.776004588911129
1711627736.9471188 -0.02950146608054638 1.5195111632347107 -0.017944563140905666 -0.0 2.0999999999999996 -0.006439556939581998 2.1000000000001964 -0.006439556939581998 0.5 2.194208025932312 1.424522340297699 11.97746865458748 7.776004588911129
1711627737.0705922 -0.02933947741985321 1.5194864869117737 -0.018880633438665893 0.05732126161456108 2.031152996353334 -0.005472659551572549 0.01113258931531913 48.53264834382284 0.5 2.1941871643066406 1.4245243072509766 -0.00020668868196399128 1.948779001374775e-05
1711627737.1594682 -0.020266542211174965 1.5193535685539246 -0.025524538060363137 0.16451945900917053 1.400989919843859 0.0013372951675006302 1.2917851887766894 -89.27993224775109 0.5 2.19153368473053 1.424928069114685 -0.026075944621858388 0.003967798393199801
1711627737.2615767 -0.004508361220359802 1.518290936946869 -0.03102959298124202 0.17355899512767792 1.7556251418980853 0.008169904523900255 1.7520152587467568 18.975910991126213 0.5 2.1867796182632446 1.4250051379203796 -0.04713591406796649 0.0007641265908961969
1711627737.3805645 0.011134093627333641 1.518933892250061 -0.04001186282031376 0.17180587351322174 2.0213596610195226 0.01634891506880168 1.9945286783637795 -54.633650983807414 0.5 2.18221652507782 1.4253788590431213 -0.045534571443526094 0.0037293192297260646
1711627737.4590309 0.02540997415781021 1.5188981294631958 -0.04068622677444981 0.16898605227470398 1.982879970782078 0.01706795752735574 1.9772342711703568 -24.962598256504286 0.5 2.1773416996002197 1.4259282946586609 -0.04813070252252761 0.0054247525964426615
1711627737.565989 0.04163580387830734 1.518438696861267 -0.02676270392904989 0.16898605227470398 1.9968504799443423 0.003718412860915978 1.9956407952503146 11.608185702451884 0.5 2.1720036268234253 1.4257487058639526 -0.053380015067853025 -0.001795863969711708
1711627737.6654212 0.058304199017584324 1.5187227725982666 -0.038170535524588815 0.16898605227470398 2.0092029032084024 0.014771341239084503 2.0049206567812377 -21.81604456749099 0.5 2.1672024726867676 1.4264395833015442 -0.04614205451579198 0.006639758583395963
1711627737.7621553 0.07469946518540382 1.5187816619873047 -0.048754165486504346 0.17568594217300415 1.9077881717466234 0.025281399888223626 1.823289675104283 -93.53967735492331 0.5 2.1618927717208862 1.42665696144104 -0.052964091295010736 0.0021683397426293096
1711627737.8804886 0.09112151805311441 1.5175326466560364 -0.05015939396060022 0.17047491669654846 2.038542291971858 0.02824709337004972 0.6534582787974281 246.89347810725195 0.5 2.1573240756988525 1.4267262816429138 -0.04487799508654749 0.000680927701052247
1711627737.9654655 0.10862591676414013 1.5150566101074219 -0.06665691568282205 0.16720393300056458 1.9713282122543525 0.04783837481348574 1.9705549983500634 -9.202685093353901 0.5 2.151944637298584 1.4274569749832153 -0.05368333896425869 0.007291850068284884
1711627738.0708396 0.12545281648635864 1.512060523033142 -0.09147663333995257 0.16600832343101501 1.9600695485517166 0.07640212150090628 1.9600185419658351 -2.2988037499654177 0.5 2.1189039945602417 1.4361672401428223 -0.3269789324417746 0.08619908594780418
1711627738.1581688 0.14228204637765884 1.5090580582618713 -0.12561979820147104 0.1634347140789032 2.001355074050133 0.11429770919066959 2.001249339891909 -3.391988455346371 0.5 2.1118383407592773 1.437236487865448 -0.07034766136842704 0.010645734822157657
1711627738.2672274 0.1579354852437973 1.5066267251968384 -0.14744909037612827 0.16451945900917053 2.0182480624538814 0.13916587332710506 2.018109602860572 -3.8845925136725628 0.5 2.108475923538208 1.4371851682662964 -0.03299001387157217 -0.0005035170166529043
1711627738.3652859 0.17402099445462227 1.5020530819892883 -0.18387248266404252 0.16824162006378174 2.0067644162288585 0.18130613581155022 2.006721851106454 -2.1240567145751297 0.5 2.1039435863494873 1.437308430671692 -0.04496141265400053 0.0012227801337253168
1711627738.4757915 0.18902838230133057 1.498325526714325 -0.21781734051915924 0.16600832343101501 1.98103822286282 0.219910429069627 1.9810318442422126 -0.7661474030003533 0.5 2.100614547729492 1.4374277591705322 -0.03296145565795437 0.0011814945611119505
1711627738.5560865 0.20369354635477066 1.4937097430229187 -0.24826582746427112 0.1605420708656311 1.9903409504975331 0.25612848665472465 1.9903402338769585 -0.28455889947820145 0.5 2.096508264541626 1.437000036239624 -0.04066948926413325 -0.004236257547457183
1711627738.6556342 0.2179139405488968 1.4893378615379333 -0.2811074635518609 0.17005617916584015 1.9921900526749714 0.2944343475959184 1.9921900526749678 0.2944343480444399 0.5 2.0928930044174194 1.4372061491012573 -0.03606647448338852 0.0020562183658712945
1711627738.7592685 0.23269707709550858 1.4846117496490479 -0.301998584696945 0.17862112820148468 1.8692534147901594 0.32123152582443226 1.8692534147901498 0.32123152683997336 0.5 2.088634490966797 1.4373882412910461 -0.042373223131085005 0.0018118606593156327
1711627738.8792844 0.24955181777477264 1.4796882271766663 -0.32395690812699846 0.19299398362636566 1.9376900953745166 0.3493411705428271 1.937690095374498 0.34934117211327365 0.5 2.084713935852051 1.4370543956756592 -0.03835943659869087 -0.0032664072669251333
1711627738.9667478 0.2657468244433403 1.4737953543663025 -0.3201704677386833 0.18946856260299683 1.924669802731981 0.3529145672799577 1.9246698027319593 0.352914569433099 0.5 2.0807268619537354 1.4374573826789856 -0.03943973548043225 0.0039863070558990975
1711627739.0708869 0.28535760194063187 1.467984914779663 -0.3188859855977369 0.19308437407016754 1.9699177086481572 0.35888349911002343 1.9699177086481416 0.3588835005953817 0.5 2.076884388923645 1.4369516968727112 -0.03764974396351947 -0.0049548665620094195
1711627739.1574528 0.3033900707960129 1.461614191532135 -0.31199094649090386 0.19308437407016754 1.9634576505021988 0.35993643471543885 1.9634576505021826 0.3599364364312597 0.5 2.073243260383606 1.4370561838150024 -0.035411937384497306 0.0010161918254816622
1711627739.266061 0.3205382078886032 1.4567140340805054 -0.3035508325091185 0.19131901860237122 2.014262374366783 0.35760558049560365 2.014262374366771 0.3576055818355583 0.5 2.068817138671875 1.4374651908874512 -0.0416232262288319 0.0038463004441574573
1711627739.3602586 0.33745793998241425 1.451964795589447 -0.2994610535681109 0.19727446138858795 1.8975295908658916 0.35760558049560365 1.8975295908658787 0.3576055821166132 0.5 2.064685583114624 1.4371734857559204 -0.0347535723238907 -0.0024537478064677863
1711627739.4689617 0.3589756339788437 1.4459300637245178 -0.29740119939837806 0.1980188935995102 2.0187083712428326 0.3594330562355434 2.018708371242824 0.35943305725020686 0.5 2.059810757637024 1.4377451539039612 -0.04515569787985866 0.005295384275618375
1711627739.5648532 0.3763153702020645 1.4411951899528503 -0.29249493677706395 0.18946856260299683 1.9688906490802764 0.3648859864471861 1.968890649080267 0.36488598766070407 0.5 2.0554922819137573 1.4376262426376343 -0.0416334336262438 -0.0011463962359128301
1711627739.6572268 0.3763153702020645 1.4411951899528503 -0.29249493677706395 0.1887454092502594 1.960638964326743 0.3658689892623253 1.960638964326737 0.3658689901015224 0.5 2.0554922819137573 1.4376262426376343 -0.0416334336262438 -0.0011463962359128301
1711627739.7563143 0.3956804871559143 1.4350605010986328 -0.2772728186133419 0.1902136504650116 1.9595109989601105 0.35826960030473176 1.959510998960106 0.3582696012150308 0.5 2.051051616668701 1.4377854466438293 -0.041764394595103664 0.0014973114542364216
1711627739.8578386 0.41485412418842316 1.4293245077133179 -0.26756765863364423 0.19206345081329346 1.9917008875041238 0.3556832597576962 1.991700887504121 0.35568326045491605 0.5 2.0460890531539917 1.4382191896438599 -0.04876394544117027 0.004262115724319538
1711627739.959197 0.43317462503910065 1.425173044204712 -0.26227737616507596 0.1858527511358261 1.9217719529888608 0.35553973231762753 1.921772373927178 0.1770219537949139 0.5 2.0419507026672363 1.4380261898040771 -0.0413083987596176 -0.0019264956817462453
1711627740.0635216 0.451113760471344 1.4201421737670898 -0.25475747832801626 0.19876332581043243 1.9997532540116156 0.3542501700922941 1.9997536066210568 0.15016626469498048 0.5 2.0374807119369507 1.438494861125946 -0.04452088137026052 0.004667942638269175
1711627740.157471 0.46986114978790283 1.4157138466835022 -0.25041338872208563 0.19727446138858795 1.9156126245829903 0.35538382429643767 1.9156127565086134 -0.04667576375424182 0.5 2.0325068831443787 1.4383392333984375 -0.04830886831032718 -0.0015115517053730424
1711627740.267913 0.4894944578409195 1.4113192558288574 -0.24610096937152448 0.19597703218460083 1.954751210548505 0.356501175252225 1.9547512827303761 -0.016838064904623806 0.5 2.028011381626129 1.438796579837799 -0.04409024054323909 0.004485487201191609
1711627740.366037 0.507957711815834 1.4065960049629211 -0.24447163928004426 0.20025219023227692 1.9639465235717202 0.36070040631716715 1.963946470770828 -0.05803441809861748 0.5 2.0230904817581177 1.43926203250885 -0.0485963627630569 0.004596579377375105
1711627740.457776 0.5269586145877838 1.4018622040748596 -0.2464399663518385 0.2017410546541214 1.940189011909437 0.3685023646246999 1.9401887759686742 -0.1285915753599544 0.5 2.018445074558258 1.4390549063682556 -0.04526431334285814 -0.00201821328594162
1711627740.5603716 0.5468410700559616 1.396417260169983 -0.24849343907186117 0.19380754232406616 2.004013198963235 0.3772555018803527 2.0040133075443887 -0.01411335720858925 0.5 2.0137979388237 1.4394724369049072 -0.04610884540413694 0.00414273480819818
1711627740.6713362 0.565774530172348 1.3918192982673645 -0.24930693490307324 0.20485836267471313 1.9193651028438128 0.38371749044547454 1.9193650853557542 -0.07147657025468779 0.5 2.0089431405067444 1.4394941926002502 -0.04801038368224612 0.00021514782128937796
1711627740.767357 0.5810283720493317 1.3875550031661987 -0.24885050773475237 0.2017410546541214 1.9955344276259992 0.3884919606974738 1.9955344970541027 -0.021639328824650195 0.5 2.0054606795310974 1.4396383166313171 -0.03422000229593689 0.0014162182170878617
1711627740.8616674 0.603402316570282 1.3817760944366455 -0.24871768983837728 0.20025219023227692 1.934849733660681 0.3954356688819085 1.934849746992423 -0.047120318263041416 0.5 1.9995321035385132 1.440228283405304 -0.058776984879249095 0.005849038318351254
1711627740.9664147 0.6220059990882874 1.3765507340431213 -0.2564366298517387 0.19453071057796478 1.992405949186036 0.40954059365950607 1.9924062502102804 0.011033405715751843 0.5 1.9951407313346863 1.4401110410690308 -0.0432358933911729 -0.001154326464885471
1711627741.0657382 0.6402004957199097 1.371351420879364 -0.26236974116473005 0.19670018553733826 1.951445752225376 0.42181539064270035 1.9514462261317809 0.15973710503890315 0.5 1.9907235503196716 1.440569281578064 -0.0440734978566297 0.004572206125138569
1711627741.1619363 0.6591554582118988 1.3668779134750366 -0.27055586163498735 0.19453071057796478 1.937805193310274 0.43544760625936535 1.9378057738872312 0.1925251121772327 0.5 1.9856218695640564 1.4406284093856812 -0.050458055768437184 0.0005848022165890468
1711627741.263969 0.6784698367118835 1.3608269691467285 -0.27122315323738916 0.20248548686504364 2.012601006998315 0.4434656492255329 2.0126016013657657 0.2182973514506121 0.5 1.980982780456543 1.440511167049408 -0.04545937737281701 -0.0011488814905671397
1711627741.3648348 0.6968615651130676 1.355069100856781 -0.2726976129249894 0.1980188935995102 1.9302336050816005 0.45191742776367955 1.930234096426685 0.2825562196511893 0.5 1.9760196208953857 1.4411855340003967 -0.04884475594046745 0.006636758042830964
1711627741.464688 0.7155391275882721 1.3492056727409363 -0.2693526994174865 0.19773973524570465 1.9776637675558104 0.45565966427611027 1.9776643549539588 0.2211040256180984 0.5 1.9711876511573792 1.4414368271827698 -0.048024108319194715 0.0024975593111096366
1711627741.557797 0.7341233491897583 1.3440420627593994 -0.26330735276210776 0.18834128975868225 1.9252379493216423 0.45583997732971815 1.9252384688219808 0.15034782208843317 0.5 1.966997742652893 1.4418559074401855 -0.04134319053332392 0.004135201260968782
1711627741.6646476 0.7530932724475861 1.33814537525177 -0.2559136224418989 0.20397435128688812 1.9998690008781534 0.45553730153950184 1.999869339800594 0.04188073350227545 0.5 1.9620389938354492 1.4421874284744263 -0.04617599651878922 0.003087132397017881
1711627741.7610383 0.7729882299900055 1.3325318694114685 -0.2531987546821634 0.20397435128688812 1.9100056713606643 0.4595541079983748 1.9100057428307637 -0.05329415398926729 0.5 1.957367181777954 1.4420797228813171 -0.046634331626144734 -0.0010751242312891495
1711627741.8648686 0.792544811964035 1.3270580768585205 -0.2537574236726479 0.19876332581043243 1.9869296482449217 0.46665869408240057 1.9869298736567702 0.02062179444028006 0.5 1.9523636102676392 1.4426769614219666 -0.04897369121126839 0.005845619635681382
1711627741.9644315 0.8111886978149414 1.3214892148971558 -0.2518841186621981 0.1952538639307022 1.980871797129866 0.47142603600889316 1.9808717216602445 -0.0899254162878193 0.5 1.9476622939109802 1.4425424337387085 -0.04640808756904582 -0.0013279626452403982
1711627742.0608299 0.8305155038833618 1.3164032101631165 -0.25794269196430447 0.1952538639307022 1.9633222952485083 0.4835323372830629 1.9633226580030156 0.04089785293304404 0.5 1.9429372549057007 1.442846417427063 -0.046226019009854805 0.0029739343401947635
1711627742.1591508 0.8496118187904358 1.311416745185852 -0.26527216060576253 0.19742335379123688 1.9633222952485083 0.4967749215922753 1.9633228821437136 0.12413392056017408 0.5 1.9378098845481873 1.443227469921112 -0.05064108601973297 0.0037635104904985045
1711627742.2593338 0.867712676525116 1.3057699799537659 -0.26765976148160525 0.20099662244319916 1.9570781997026119 0.5058387781566518 1.9570788443767269 0.1183342181396721 0.5 1.933556079864502 1.44307142496109 -0.042225096381635775 -0.00154896944424065
1711627742.3629322 0.8864667415618896 1.3005407452583313 -0.2705431247099398 0.19742335379123688 1.9538090418741472 0.5148855158360675 1.9538097152649578 0.20425155607126583 0.5 1.9289747476577759 1.4435872435569763 -0.04501129059460675 0.005067884114461331
1711627742.4645152 0.9054421186447144 1.2943825125694275 -0.2657518955224548 0.19429674744606018 1.976475047387829 0.5173283705753202 1.976475670012964 0.0993298258992516 0.5 1.924026072025299 1.4436312317848206 -0.04889069213085098 0.00043458393005200877
1711627742.5664244 0.924551397562027 1.289026916027069 -0.2632182934459114 0.19670018553733826 1.9446474950089625 0.5210642271185875 1.944648022217888 0.08906847289850178 0.5 1.9196119904518127 1.4438912868499756 -0.04323256476478253 0.0025470411589708624
1711627742.6646228 0.9431874454021454 1.2827852964401245 -0.26008042883273197 0.19711655378341675 1.9590964806676028 0.5252069323934485 1.9590969311244268 0.09070296903655567 0.5 1.9146487712860107 1.4446749687194824 -0.04832264384385221 0.007630043848959022
1711627742.772555 0.9628417491912842 1.277803659439087 -0.25997639057617955 0.20025219023227692 1.960791227221489 0.5308932060713936 1.9607914921351646 -0.02530567486622526 0.5 1.9099640250205994 1.44435054063797 -0.04591160801906631 -0.003179471003317912
1711627742.8685498 0.9816944301128387 1.2717487812042236 -0.25563147798089547 0.19788354635238647 1.9649129547980342 0.5335610441229517 1.9649131735924106 0.019301376165421047 0.5 1.9060394167900085 1.4448065757751465 -0.03878396335774265 0.004506653660927177
1711627742.9593782 1.0007244944572449 1.2667037844657898 -0.2536747424631921 0.20025219023227692 1.9492932077961187 0.5374260914336684 1.949293092579519 -0.08539999275944277 0.5 1.9008175730705261 1.4448235630989075 -0.05091439955552766 0.00016563103681542076
1711627743.0639343 1.0197318494319916 1.26101952791214 -0.25982380851135806 0.1952538639307022 1.97678607108362 0.5501110098962274 1.9767864105009725 0.02856515296328188 0.5 1.8962547183036804 1.4451168179512024 -0.04471599803733732 0.00287389892287203
1711627743.1639993 1.0289846062660217 1.2580978870391846 -0.2559152637093418 0.19453071057796478 1.9775582684713378 0.5495519504206157 1.9775584625967668 0.02801547473483479 0.5 1.8937827348709106 1.4454631805419922 -0.022066820330440964 0.0030918981732739963
1711627743.2619987 1.057845115661621 1.2501180768013 -0.26713281359446367 0.20025219023227692 1.9312152227944703 0.5698832116350188 1.9312158122845622 0.06318657925927318 0.5 1.8868281841278076 1.4457951188087463 -0.06449747710377705 0.0030784419512755994
1711627743.3548946 1.070623755455017 1.246218502521515 -0.26878317311981637 0.19742335379123688 1.9725446756746166 0.5698832116350188 1.972545272265026 0.0663592450626398 0.5 1.8839691281318665 1.445949912071228 -0.025427151980865627 0.00137666132329118
1711627743.461784 1.0976253747940063 1.2375314235687256 -0.26968877327451274 0.19711655378341675 1.9665261929349882 0.5759685592651718 1.966526869748559 0.15075616026140531 0.5 1.876530110836029 1.4461178183555603 -0.07426205629364471 0.0016761711182090376
1711627743.5680754 1.1159590482711792 1.2311314940452576 -0.2683534975885792 0.19670018553733826 1.9584629582214823 0.586709064604908 1.9584636386076222 0.061763539414458224 0.5 1.8719906210899353 1.4463194608688354 -0.04269939090574738 0.001896691694250832
1711627743.6557853 1.1159590482711792 1.2311314940452576 -0.2683534975885792 0.20248548686504364 1.9963831333745645 0.5925790725273044 1.9963838648050478 0.13271506087872925 0.5 1.8719906210899353 1.4463194608688354 -0.04269939090574738 0.001896691694250832
1711627743.7632747 1.135814130306244 1.2253574132919312 -0.27331045570185974 0.19308437407016754 1.9252505646663272 0.604006923818651 1.9252513967269254 0.16850043022959033 0.5 1.8668826222419739 1.4466758370399475 -0.047325625574326714 0.0033018263589453594
1711627743.864115 1.156717598438263 1.2193573713302612 -0.27725579009214807 0.1952538639307022 1.9441465854427538 0.6146460522880874 1.9441474882159935 0.1329851804447943 0.5 1.8614969849586487 1.446349561214447 -0.052829879788577574 -0.0032005706534449694
1711627743.9680064 1.1750402450561523 1.21417635679245 -0.27777049360402134 0.19091489911079407 1.9858624839870216 0.6209156621953706 1.9858633660042058 0.19955006366424033 0.5 1.8567003011703491 1.446775197982788 -0.047217248039728786 0.004189852354789727
1711627744.0593715 1.193281888961792 1.2088286876678467 -0.27208125956285795 0.20025219023227692 1.9433149883030152 0.6211417289453278 1.9433156789154427 0.09665478264894567 0.5 1.8512508869171143 1.447039783000946 -0.05413999914727103 0.0026286554832841433
1711627744.1600015 1.21245938539505 1.2028350830078125 -0.27615426042337204 0.19380754232406616 1.9513411188665901 0.6318143763168563 1.9513419336986846 0.1540546859255516 0.5 1.8464539051055908 1.4474000334739685 -0.0471365483957877 0.003539926671274116
1711627744.2585578 1.2294083833694458 1.1978729367256165 -0.2775983559456787 0.19941753149032593 1.98339722259596 0.6386980143960439 1.983398076550454 0.16962257304888034 0.5 1.841589868068695 1.4476975202560425 -0.04194844769410763 0.002565586697399561
1711627744.358658 1.2526131868362427 1.1909959316253662 -0.27220624353010214 0.19308437407016754 1.937185476973137 0.6408076912658465 1.9371860929413816 0.07724816946512647 0.5 1.834925889968872 1.4482768774032593 -0.0651056103458075 0.005660192772655911
1711627744.4576871 1.2719733119010925 1.1855844259262085 -0.2812854588777274 0.19853070378303528 1.9770812721085298 0.6557596887652481 1.977082161095505 0.16068758014850804 0.5 1.830077350139618 1.4484853744506836 -0.048260383591291596 0.0020752943856701457
1711627744.5589006 1.2909150123596191 1.1802114248275757 -0.2738393327528646 0.19950775802135468 1.9554595847025469 0.654117860626963 1.9554600936983015 0.03306441120340031 0.5 1.8248693346977234 1.4483609795570374 -0.051799366380209814 -0.001237242236260505
1711627744.6612253 1.309347927570343 1.1744189262390137 -0.2725232972016347 0.1928078830242157 1.998542117332233 0.6590292574506784 1.9985426177521899 0.06143467675238157 0.5 1.820310652256012 1.4487320184707642 -0.045291211081844196 0.0036863286653654468
1711627744.7731857 1.3276422023773193 1.1693077683448792 -0.27398569134554285 0.20025219023227692 1.9226157340960848 0.6659605098291179 1.9226161697833755 0.04251309015630589 0.5 1.814701497554779 1.449243426322937 -0.05517614197364379 0.005030617581598024
1711627744.857206 1.3463104367256165 1.1635121703147888 -0.2709810930653713 0.1986505389213562 1.9718272416370697 0.6691273218587293 1.9718274192698504 -0.024149517523720965 0.5 1.8099371194839478 1.4490717649459839 -0.046990664534637634 -0.001693081879320886
1711627744.9774604 1.3643682599067688 1.1578338742256165 -0.2652607012277751 0.19206345081329346 1.9455835736658518 0.6694225214818226 1.9455834688985219 -0.04804529937465485 0.5 1.8053986430168152 1.449403703212738 -0.04525651480318293 0.003310002638967807
1711627745.0584877 1.3833245635032654 1.1522717475891113 -0.26133719037027703 0.19380754232406616 1.9715685331428991 0.671361675607909 1.9715680087471432 -0.12118969796210821 0.5 1.799740731716156 1.4496210813522339 -0.05568291406702786 0.002139349243631227
1711627745.1566238 1.4023786783218384 1.1467537879943848 -0.26182175148340686 0.1980188935995102 1.9808647697328319 0.67763297434369 1.9808641948694836 -0.11375333559975609 0.5 1.795115888118744 1.4500324130058289 -0.04572013095218454 0.004066329308447076
1711627745.2733607 1.4209608435630798 1.1404297947883606 -0.2621913221980609 0.19853070378303528 1.9756920456209093 0.6845983863910095 1.9756915451878005 -0.10538783181241129 0.5 1.7899777293205261 1.4504836797714233 -0.05107864561360264 0.0044860612725695515
1711627745.3557556 1.4403042197227478 1.1358529925346375 -0.26119167448441716 0.19876332581043243 1.9324619471355362 0.6883480464106911 1.9324608900512958 -0.1839674998796884 0.5 1.7849760055541992 1.4504287838935852 -0.04957909613198562 -0.0005441500034267862
1711627745.4845133 1.4591035842895508 1.1299912333488464 -0.2605752123729809 0.19597703218460083 1.9486781678042147 0.693784408081796 1.9486771815592832 -0.15684778586274917 0.5 1.7803460955619812 1.4510202407836914 -0.04525513509482505 0.005781205576244564
1711627745.5675962 1.4779682755470276 1.1241289377212524 -0.2644349024251544 0.19429674744606018 1.9998285650170458 0.7036637705835289 1.9998275462855921 -0.17374697432225128 0.5 1.7749801874160767 1.4513188004493713 -0.05262047326570168 0.002927808393089694
1711627745.6549094 1.49593585729599 1.117996871471405 -0.2703654681967642 0.19019173085689545 1.9849428804149725 0.715854787564356 1.9849420991066793 -0.1413692283473228 0.5 1.7706610560417175 1.4513762593269348 -0.0431338677917755 0.0005738245525478048
1711627745.7780702 1.5138036012649536 1.1117108464241028 -0.28122448397200894 0.19453071057796478 1.9095549195954877 0.7330928155311922 1.9095547687917962 -0.04018202525409942 0.5 1.7652435898780823 1.4521316885948181 -0.0536131828617135 0.0074759982351123
1711627745.869052 1.5318533778190613 1.105269432067871 -0.2867882047237256 0.19876332581043243 1.9966920058477737 0.7451525106825787 1.9966919014028943 -0.04681322603979321 0.5 1.7600513100624084 1.4520371556282043 -0.05124199123300306 -0.0009329345910499455
1711627745.9779754 1.5500510334968567 1.0986924171447754 -0.2978316473833805 0.19380754232406616 1.9274413112920374 0.7627859841677391 1.9274415753320164 0.0360738927141705 0.5 1.7554802298545837 1.45258367061615 -0.045618071632685595 0.005454063095580835
1711627746.057355 1.5685663223266602 1.092507004737854 -0.30422017535966445 0.20025219023227692 1.959823466837406 0.7753326732522469 1.9598236769742645 0.02649889670696004 0.5 1.7505035996437073 1.4528509378433228 -0.049121283575486306 0.0026380319011243994
1711627746.1576672 1.5860103964805603 1.0866408348083496 -0.30986712543467604 0.20099662244319916 1.9555799955643935 0.7867844791409333 1.9555799952802604 -0.01028418018350774 0.5 1.7455552220344543 1.4529281854629517 -0.048744342908408546 0.0007609331294784086
1711627746.2674155 1.6041624546051025 1.0803035497665405 -0.3162055998761674 0.20018452405929565 1.963934768611574 0.7993551029935699 1.963932275420534 0.32680632738588894 0.5 1.740518867969513 1.453652560710907 -0.04995932113598093 0.00718561387243865
1711627746.3631604 1.622191309928894 1.073713481426239 -0.318955283466991 0.19876332581043243 1.9679640711143662 0.8085425829179596 1.9679640711143624 0.808542583730489 0.5 1.7354170083999634 1.4536015391349792 -0.050828505530892 -0.000508314746590847
1711627746.4539528 1.6399469375610352 1.0670373439788818 -0.3198008159663054 0.19711655378341675 1.9702522999702516 0.815865261382108 1.970252361238329 0.10367306413989508 0.5 1.730711817741394 1.4540292024612427 -0.04700611424855718 0.004272471113927006
1711627746.5678978 1.657690942287445 1.0601785778999329 -0.315600568314046 0.18983015418052673 2.0138778400361987 0.8182723831456118 2.0138780682774944 0.7711532958416165 0.5 1.7254821062088013 1.4545481204986572 -0.051463670426044585 0.005106481818203147
1711627746.6551416 1.6737498044967651 1.053434133529663 -0.311264639269561 0.18759685754776 2.0083659228145416 0.8203872205837459 2.0083659228145314 0.8203872214945981 0.5 1.720755696296692 1.4543798565864563 -0.04698465367067607 -0.0016726906440718138
1711627746.7720091 1.6893100142478943 1.0471633076667786 -0.31200549419800294 0.18313026428222656 1.974542229885971 0.8270844680988122 1.974542229885962 0.8270844685834624 0.5 1.715811312198639 1.455155074596405 -0.048840125760983476 0.007657525052106025
1711627746.8561845 1.7043495774269104 1.0413112044334412 -0.31276244445470736 0.17645163834095 1.9981863269022837 0.8333640957106498 1.9981863269022722 0.8333640961369437 0.5 1.710567057132721 1.4552510976791382 -0.05170978950288452 0.0009468138626244199
1711627746.9803174 1.719257891178131 1.0363131761550903 -0.3007410828415393 0.17345264554023743 2.009427238761549 0.826031897715908 2.0094272387615337 0.8260318981230012 0.5 1.7058588862419128 1.4555290937423706 -0.04676045198810358 0.002760991873306939
1711627747.058382 1.7336005568504333 1.031871736049652 -0.28285519537363113 0.1699431836605072 1.9846576463189625 0.8122917076111164 1.9846576463189434 0.8122917080367652 0.5 1.7006042003631592 1.456169605255127 -0.052057277826985535 0.006345438441098317
1711627747.1625009 1.7496047019958496 1.0277456045150757 -0.26635095215148474 0.17138950526714325 1.9727968519090138 0.7996209128599205 1.9727968519089907 0.7996209132922092 0.5 1.6957792043685913 1.4560436010360718 -0.04813638742210171 -0.0012570762570762572
1711627747.2661307 1.765638530254364 1.0232221484184265 -0.2427937113317149 0.16777369379997253 2.0006284846861977 0.7802464150581446 2.000628484686169 0.7802464155045427 0.5 1.6908628344535828 1.456663727760315 -0.047906546137994645 0.0060426961436865325
1711627747.3634439 1.782147228717804 1.0193553566932678 -0.22268201294541928 0.16849686205387115 1.945934448034532 0.7636938056249625 1.9459344480344984 0.7636938060826246 0.5 1.6855132579803467 1.4569608569145203 -0.052028117478470165 0.002889774661342757
1711627747.4586012 1.7973695993423462 1.0162184834480286 -0.20234428001767438 0.17345264554023743 2.0120213936671387 0.7462321919377007 2.012021393667099 0.7462321924108382 0.5 1.6810219287872314 1.4571247100830078 -0.043769706010144314 0.0015968112567932731
1711627747.565087 1.8126661777496338 1.0133382678031921 -0.18137960762965077 0.17717480659484863 1.9619214849057849 0.7278995361225279 1.9619214849057403 0.7278995366282401 0.5 1.6763147711753845 1.4577354788780212 -0.043397480986503714 0.005630962324702158
1711627747.6613297 1.832754671573639 1.0105741620063782 -0.15322684300587475 0.17500531673431396 1.9576166567671778 0.702264783537066 1.9576166567671256 0.7022647841024343 0.5 1.6703917384147644 1.4577875137329102 -0.05903137504633546 0.0005186007166551026
1711627747.7596905 1.8496646881103516 1.0078610181808472 -0.1277925727917816 0.1853635609149933 1.9767774496378259 0.6792945791591494 1.9767774496377664 0.6792945797467089 0.5 1.665558397769928 1.4584047198295593 -0.04804900536366502 0.00613574362487053
1711627747.862349 1.8670212626457214 1.005985051393509 -0.10578752675453082 0.17940810322761536 1.9398924584789192 0.6589889229716742 1.9398924584788528 0.6589889236202648 0.5 1.6602033972740173 1.4588276147842407 -0.052167722695009106 0.004119787989148612
1711627747.9655545 1.8841766119003296 1.0044266283512115 -0.08014964508725646 0.1764303743839264 1.984315256282836 0.6347600699064249 1.9843152562827608 0.6347600705635962 0.5 1.6555121541023254 1.4589813351631165 -0.04658449795564689 0.0015264582144641238
1711627748.0592828 1.902228832244873 1.003251999616623 -0.05104924892413881 0.1787567287683487 1.9818536088020684 0.6347600699064249 1.9818536088019936 0.6347600705529602 0.5 1.650356411933899 1.4597516655921936 -0.0474888276437583 0.007095406981212873
1711627748.1663382 1.9200177788734436 1.0027599334716797 -0.029719180936708427 0.17645163834095 1.962672856723079 0.60672007665371 1.9626728567229965 0.6067200773545578 0.5 1.6447522640228271 1.4596412777900696 -0.05247384177145957 -0.001033604421951704
1711627748.2642488 1.937142014503479 1.0011529922485352 -0.014607547260543793 0.17572848498821259 2.002824060203175 0.5858338097427394 2.0028240602030816 0.5858338104341657 0.5 1.6399625539779663 1.4601885676383972 -0.046696202149147985 0.005335679436191503
1711627748.3591313 1.954953134059906 1.0016638040542603 0.004470380170763276 0.1838746964931488 1.930553799683963 0.5721697936890991 1.9305537996838626 0.5721697944582256 0.5 1.6347721815109253 1.4606594443321228 -0.051747949217125076 0.00469463480495278
1711627748.4698758 1.973135769367218 1.00186026096344 0.026579383546389567 0.18759685754776 1.991985341427516 0.5526319828504963 1.9919853414274022 0.5526319836511624 0.5 1.6300501823425293 1.4607730507850647 -0.04692379133714621 0.0011289382531190918
1711627748.5611129 1.9905668497085571 1.0027988851070404 0.04517224535283597 0.18508438766002655 1.9462542287175426 0.5303460393036474 1.9462542287174214 0.5303460401428589 0.5 1.624875783920288 1.4612814784049988 -0.05170015198220045 0.005079969317699971
1711627748.656418 1.9905668497085571 1.0027988851070404 0.04517224535283597 0.1838746964931488 1.9773449256278708 0.510907261368233 1.9773449256277364 0.5109072622673955 0.5 1.624875783920288 1.4612814784049988 -0.05170015198220045 0.005079969317699971
1711627748.7576735 2.0092613697052 1.0023610889911652 0.05762318754481825 0.17568594217300415 2.0179765407254995 0.49885098490531793 2.0179765407253494 0.498850985741988 0.5 1.6194214224815369 1.461154043674469 -0.044524640383331614 -0.0010402657786618037
1711627748.8643324 2.032205104827881 1.0039487779140472 0.07885419854815343 0.18331073224544525 1.933591557710279 0.4761877768195304 1.9335915577101175 0.4761877778028581 0.5 1.613569736480713 1.4617586731910706 -0.05827280993952805 0.006021078523316247
1711627748.969944 2.0506573915481567 1.00483837723732 0.09745438880488355 0.18440642952919006 1.9472470554906138 0.45678399714171236 1.947247055490438 0.45678399819097454 0.5 1.6082652807235718 1.4619857668876648 -0.052355078432018524 0.002241419071240652
1711627749.073502 2.0690797567367554 1.0071221590042114 0.1105822384140883 0.19220302999019623 1.9517056870680345 0.4415895063357881 1.9517056870678442 0.441589507460889 0.5 1.6036357283592224 1.4621784090995789 -0.04618402494511741 0.0019217825008384015
1711627749.1709287 2.087162733078003 1.0091659426689148 0.1283920352110353 0.18983015418052673 1.975085584199657 0.4219257740602005 1.9750855841994504 0.42192577525263303 0.5 1.5985203385353088 1.4628702998161316 -0.05040016161502268 0.00681695924153694
1711627749.2678246 2.1051180362701416 1.0115599036216736 0.14291355489992996 0.19019173085689545 1.983074364358448 0.4052272939838102 1.9830743643582252 0.4052272951424187 0.5 1.593283772468567 1.462627351284027 -0.05106934339664758 -0.002369343164131074
1711627749.3734808 2.124580979347229 1.0144595503807068 0.15942110934228262 0.1902136504650116 1.9766480877974764 0.3860751606598838 1.976648087797238 0.38607516193404945 0.5 1.5885271430015564 1.4630794525146484 -0.046860136558692755 0.004453894412461744
1711627749.463361 2.1431214809417725 1.0176764130592346 0.1709632937545687 0.18983015418052673 1.9704092815518377 0.3715891199455284 1.9704092815515826 0.3715891212210814 0.5 1.583391010761261 1.4637064933776855 -0.050945118562540054 0.0062195966958096946
1711627749.5589778 2.1614655256271362 1.0207152962684631 0.18137727898142023 0.18946856260299683 1.9435824746403465 0.3583845205209032 1.943582474640076 0.35838452184217573 0.5 1.5785484313964844 1.4636418223381042 -0.047434580039468 -0.0006334730671773374
1711627749.6590748 2.1804251670837402 1.0242003202438354 0.19361639548427648 0.1928078830242157 1.9362096676628275 0.34293357239221556 1.9362096676625384 0.3429335738838293 0.5 1.573356568813324 1.4640951752662659 -0.05103051109600919 0.004455979190588897
1711627749.7697475 2.1991612911224365 1.0276262164115906 0.20522055939723496 0.18946856260299683 1.9745543813415483 0.3281600636095816 1.9745543813412343 0.3281600651230207 0.5 1.568278193473816 1.4641264081001282 -0.04971084033672281 0.00030572974890485737
1711627749.8683643 2.2177927494049072 1.0315695405006409 0.21325928978836964 0.19131901860237122 1.9946947045268517 0.31645856831402197 1.9946947045265149 0.3164585698407343 0.5 1.5633660554885864 1.464680254459381 -0.04844994509021901 0.005462758940182437
1711627749.9774654 2.236221194267273 1.036087453365326 0.23350169596598247 0.19504117965698242 1.9241270636404852 0.2920002943133717 1.9241270636401397 0.29200029600654454 0.5 1.558057188987732 1.4653562307357788 -0.051973484583245806 0.006617767196508181
1711627750.0693417 2.254685878753662 1.0395368933677673 0.24236522969342994 0.19098062813282013 1.9587077465438247 0.2799039874485268 1.9587077465434524 0.27990398911004083 0.5 1.5532585382461548 1.4654173851013184 -0.04791891853283876 0.0006106822975939356
1711627750.1693099 2.273393154144287 1.044092833995819 0.2457476631935143 0.1916380524635315 1.9666728946672456 0.2722332750389903 1.9666728946668481 0.27223327676488485 0.5 1.5485711097717285 1.4658567309379578 -0.04612152689806604 0.004322903470990626
1711627750.270431 2.292479634284973 1.0485352277755737 0.256103401963357 0.19174762070178986 1.9859682991515746 0.25767585175536145 1.9859682991511476 0.25767585355827083 0.5 1.5432872772216797 1.4658420085906982 -0.05217239820708878 -0.00014536799879468154
1711627750.3699915 2.3106688261032104 1.0534582734107971 0.27014056851278373 0.20025219023227692 1.9172977397307158 0.23895900628710925 1.9172977397302822 0.23895900826123756 0.5 1.5386175513267517 1.4664181470870972 -0.04366803708146239 0.0053876475388271805
1711627750.4557207 2.330541491508484 1.0590146780014038 0.289927703254252 0.19950775802135468 2.0022564971420347 0.21386062237797454 2.0022564971415595 0.21386062445526424 0.5 1.532879889011383 1.467085599899292 -0.0569492496059899 0.00662481246065815
1711627750.5640075 2.349629759788513 1.0641642212867737 0.2976770616595516 0.19380754232406616 1.9480763212622059 0.20116099368764573 1.948076321261715 0.2011609957568561 0.5 1.527754545211792 1.4671197533607483 -0.050621308881290794 0.00033732233179801634
1711627750.6599984 2.3688405752182007 1.068729043006897 0.3060378389720034 0.20031601190567017 1.9577332784837616 0.18838959378300402 1.9577332784832437 0.18838959599278376 0.5 1.5229971408843994 1.4678094983100891 -0.04692232443516376 0.006802961039938296
1711627750.7650902 2.3797411918640137 1.0716595649719238 0.30868085924384686 0.19670018553733826 1.9378108336205622 0.18290393529808696 1.9378108336200337 0.1829039374861711 0.5 1.5198309421539307 1.4681032299995422 -0.031572815995625454 0.002929044375497783
1711627750.8647063 2.4063687324523926 1.0784305334091187 0.31346716897093563 0.19597703218460083 1.9762748294670276 0.17151652947369328 1.9762748294664387 0.17151653192902477 0.5 1.5130398869514465 1.468085765838623 -0.0662761125614858 -0.0001704384164700517
1711627750.9642873 2.4239535331726074 1.0840754508972168 0.3109303289349261 0.2054632157087326 1.9688989237934873 0.16851472088007796 1.9688989237928753 0.1685147232532725 0.5 1.5082246661186218 1.4687687754631042 -0.04197765653416472 0.005954273837360353
1711627751.0663836 2.446723461151123 1.0900980234146118 0.31292067070359103 0.1981465220451355 1.937809193108317 0.1605798129881626 1.937809193107666 0.1605798155513707 0.5 1.5021356344223022 1.4686084389686584 -0.059876656092992066 -0.0015766732078090456
1711627751.16276 2.4651803970336914 1.094916582107544 0.3163915538636544 0.19941753149032593 1.968302136232614 0.15232654176370153 1.9683021362319268 0.1523265443870459 0.5 1.4973052144050598 1.4691206812858582 -0.04773935950875721 0.005062524593949476
1711627751.2721565 2.483391761779785 1.101066768169403 0.30553915870557247 0.20471878349781036 1.9841392632166959 0.1570411132303176 1.9841392632159596 0.15704111578648475 0.5 1.4920392632484436 1.4692593812942505 -0.051868969031733846 0.0013661779659623835
1711627751.3604186 2.5017576217651367 1.1069784760475159 0.3040993259018662 0.20478646457195282 1.9090181099730505 0.15254548670119505 1.9090181099723038 0.1525454894355212 0.5 1.4875037670135498 1.4695982336997986 -0.044511533115883364 0.003325510438066536
1711627751.4588723 2.521003842353821 1.112238883972168 0.30193842825274636 0.19236122071743011 1.969758753294455 0.1493955628863493 1.9697587532944467 0.1493955629155081 0.5 1.48203706741333 1.4701077938079834 -0.054499559088132456 0.005079994010253875
1711627751.5675871 2.5230623483657837 1.112952172756195 0.30083010767785495 0.19950775802135468 2.007717140796466 0.1493955628863493 2.0077171407964576 0.14939556291364672 0.5 1.4813672304153442 1.4701670408248901 -0.005910692683953085 0.000522800189344133
1711627751.6708953 2.559916138648987 1.1235151886940002 0.3084305485951805 0.19727446138858795 1.9020469110197578 0.1497816408869001 1.9020469110189795 0.1497816433187631 0.5 1.4717760682106018 1.4706730842590332 -0.08796751860890253 0.004641292083234931
1711627751.7556758 2.559916138648987 1.1235151886940002 0.3084305485951805 0.19429674744606018 1.9779140304120129 0.13142658960043752 1.9779140304120038 0.13142658963350246 0.5 1.4717760682106018 1.4706730842590332 -0.08796751860890253 0.004641292083234931
1711627751.8656652 2.5811904668807983 1.129429578781128 0.31438344552171676 0.1952538639307022 1.9635414120441903 0.11940394518556197 1.963541412044181 0.11940394521631316 0.5 1.465734839439392 1.470824658870697 -0.056582696541898715 0.0014196615589368896
1711627751.961528 2.59964120388031 1.1353644132614136 0.31462855999555805 0.2054632157087326 1.9883220567523696 0.11303359999567902 1.9883220567523598 0.11303360002442782 0.5 1.4612062573432922 1.4709765315055847 -0.039142337834691024 0.0013126956421389726
1711627752.0641925 2.62298583984375 1.1420393586158752 0.31858516986735996 0.20397435128688812 1.9591990081771196 0.10214681979957702 1.9591990081771093 0.10214681983248833 0.5 1.4546725153923035 1.4717877507209778 -0.06524772206177516 0.0081010554585995
1711627752.165024 2.6418951749801636 1.147303581237793 0.31960548076925127 0.19536685943603516 1.938445260639253 0.0956304856672644 1.9384452606392424 0.09563048569883786 0.5 1.4497085213661194 1.471584141254425 -0.048866154077245164 -0.0020043560712743385
1711627752.2639594 2.6605958938598633 1.1532385349273682 0.3218959840547127 0.20099662244319916 1.9907814235165158 0.08711160504216164 1.9907814235165047 0.08711160507504308 0.5 1.4447631239891052 1.4722927808761597 -0.04783610383380687 0.006854567174643002
1711627752.3640318 2.6797468662261963 1.1583893299102783 0.32763796914734966 0.19308437407016754 1.9326276063114918 0.07593675667290867 1.9326276063114805 0.07593675670715551 0.5 1.4394875168800354 1.4724835753440857 -0.05189242303786722 0.0018767104976184948
1711627752.462248 2.6987468004226685 1.1650898456573486 0.3238033424535456 0.19380754232406616 1.996562447188487 0.07266605558561329 1.9965624471884749 0.0726660556193574 0.5 1.4345536828041077 1.4729290008544922 -0.048223149162258526 0.004353575839489199
1711627752.5620997 2.7178823947906494 1.1703453063964844 0.33151227382414244 0.20099662244319916 1.9602145965297277 0.059354381355978314 1.9602145965297153 0.05935438139113927 0.5 1.429217278957367 1.473519504070282 -0.05173111147063582 0.0057243395659509555
1711627752.6657817 2.737038493156433 1.1767383217811584 0.33315245687073664 0.20248548686504364 1.9524212820352664 0.05086371086947 1.9524212820352536 0.05086371090457079 0.5 1.4240901470184326 1.473421335220337 -0.050784386423963046 -0.0009723652267553348
1711627752.7667854 2.755395293235779 1.1822994947433472 0.33799575881634547 0.2017410546541214 1.979405975509658 0.040030261124653854 1.9794059755096445 0.040030261161104606 0.5 1.4194288849830627 1.4740575551986694 -0.04616262788682444 0.006300779894172399
1711627752.8608704 2.774550676345825 1.1881694197654724 0.3373373296319882 0.1961578130722046 1.950692076478924 0.0343349147857101 1.95069207647891 0.0343349148227028 0.5 1.4141396284103394 1.4741289019584656 -0.05166537414443179 0.0006969140158316507
1711627752.9656074 2.793043851852417 1.193373680114746 0.3340490001723269 0.19597703218460083 1.9345168151458647 0.031963542902830266 1.9345168151458505 0.031963542939762515 0.5 1.4094352722167969 1.4744217991828918 -0.044428507738934246 0.0027661567421270925
1711627753.0648987 2.812389612197876 1.199113368988037 0.33170667661854514 0.2017410546541214 1.9794605645614411 0.02803528986039927 1.9794605645614258 0.0280352899008554 0.5 1.4039552211761475 1.474944531917572 -0.05336413447251114 0.005090313893016345
1711627753.1651254 2.8320724964141846 1.2046936750411987 0.33167076461122647 0.2017410546541214 1.954803009861832 0.021946256816980758 1.9548030098618163 0.02194625685671706 0.5 1.398755133152008 1.4748912453651428 -0.05118476572217085 -0.0005245026025654866
1711627753.2656367 2.8501946926116943 1.2107365727424622 0.32759290041294353 0.1980188935995102 1.9827946140875843 0.01936006735918233 1.9827946140875679 0.019360067399169064 0.5 1.3940901160240173 1.4754289984703064 -0.0455751367265748 0.005253607997689391
1711627753.3597693 2.869498372077942 1.2155797481536865 0.32757285607237396 0.19876332581043243 1.9735070725268375 0.014015787535295587 1.9735070725268207 0.014015787575453794 0.5 1.3884270191192627 1.475582778453827 -0.05495510398615523 0.0014922921375870215
1711627753.4620113 2.8882700204849243 1.2213860750198364 0.31762536407056186 0.2017410546541214 1.9155203025572742 0.017505108856342044 1.9155203025572571 0.017505108898127748 0.5 1.3835169076919556 1.4757611155509949 -0.04803930944877665 0.0017448058203736404
1711627753.5736787 2.9062817096710205 1.2262332439422607 0.31843165351374386 0.19453071057796478 1.958781261742115 0.011285122149784999 1.958781261742097 0.011285122194487603 0.5 1.378331482410431 1.476225733757019 -0.05152751782795138 0.004616906346987609
1711627753.6784372 2.926863431930542 1.2323604822158813 0.3171473458821816 0.19380754232406616 1.954518520548775 0.005697266451611616 1.954518520548756 0.005697266496127707 0.5 1.3727858066558838 1.476124346256256 -0.05457257417426436 -0.0009977101349988035
1711627753.7685456 2.9459786415100098 1.2379339337348938 0.31588987175532107 0.20322991907596588 1.9540179566587412 0.0006761090065324216 1.954017956658722 0.0006761090525199595 0.5 1.368187129497528 1.476639211177826 -0.04470067068677028 0.005004658190767976
1711627753.8703606 2.9651029109954834 1.242864727973938 0.31958071759691176 0.1952538639307022 2.003219350494254 -0.008591030557835277 2.0032193504942337 -0.008591030512959284 0.5 1.363088309764862 1.4769144654273987 -0.050948282228612134 0.002750387722478851
1711627753.969098 2.984486222267151 1.2487777471542358 0.3166888149532912 0.19727446138858795 1.9518050246261915 -0.012412663274808888 1.951805024626171 -0.012412663230987593 0.5 1.3584733605384827 1.4769747257232666 -0.045204027061930906 0.0005902574246327093
1711627754.0654001 3.003261685371399 1.2530060410499573 0.3235098225090499 0.20322991907596588 1.9775345907097979 -0.024051856309547037 1.9775345907097766 -0.02405185626221754 0.5 1.3533375263214111 1.4776800274848938 -0.050874186981309424 0.006986528805777687
1711627754.1647284 3.021977424621582 1.2587535381317139 0.3247965944804434 0.19876332581043243 1.9473270306709798 -0.031910984944070186 1.947327030670958 -0.031910984898545255 0.5 1.3484089970588684 1.477571427822113 -0.04510852843429704 -0.0009939620352327355
1711627754.2624328 3.039000153541565 1.2629836201667786 0.3238238020904989 0.19308437407016754 1.941444689506497 -0.035792092756606 1.9414446895064748 -0.03579209270841486 0.5 1.3443278074264526 1.477905035018921 -0.039305518880380245 0.00321293670566354
1711627754.3652718 3.0630736351013184 1.269530177116394 0.32109654571336466 0.20099662244319916 2.0085276956222637 -0.04060436547091839 2.0085276956222398 -0.04060436541967931 0.5 1.3377314805984497 1.4785563945770264 -0.06489573804329979 0.006408181455679872
1711627754.458858 3.0822075605392456 1.2747556567192078 0.3179401027549331 0.2040674090385437 1.8986241884831858 -0.04060436547091839 1.8986241884831632 -0.040604365416633426 0.5 1.3329209089279175 1.4785982966423035 -0.04409126369315959 0.00038405310968294586
1711627754.570642 3.101255178451538 1.2799034714698792 0.3206223910444115 0.20322991907596588 2.0444296988101422 -0.04348963399200001 2.0444296988101165 -0.04348963394181601 0.5 1.327698290348053 1.4792476296424866 -0.051673562686947415 0.006424621859047547
1711627754.664715 3.119901657104492 1.2859897017478943 0.3231470850457824 0.20248548686504364 1.8894939610315737 -0.05214400634184713 1.8894939610315498 -0.052144006288568974 0.5 1.3224034309387207 1.4791179299354553 -0.050747910853962006 -0.0012430904508259467
1711627754.774214 3.1360596418380737 1.2903770804405212 0.322437345863439 0.19742335379123688 1.949771973897097 -0.06175483337831389 1.9497719738970718 -0.061754833324698735 0.5 1.3185601234436035 1.4795771837234497 -0.03718792822637575 0.004443749798142449
1711627754.870553 3.1585904359817505 1.2962879538536072 0.3221692509187513 0.20090357959270477 2.0151774201840555 -0.06617003173698272 2.015177420184029 -0.06617003168622904 0.5 1.3123568296432495 1.4801026582717896 -0.05675083811555416 0.00480730431065132
1711627754.9608204 3.1585904359817505 1.2962879538536072 0.3221692509187513 0.19950775802135468 1.9318416968564158 -0.07282826506956008 1.9318416968563892 -0.07282826501360064 0.5 1.3123568296432495 1.4801026582717896 -0.05675083811555416 0.00480730431065132
1711627755.0616488 3.1802510023117065 1.3017364144325256 0.3187536773948136 0.19578559696674347 1.981424755571463 -0.07581889576315831 1.9814247555714348 -0.07581889570950716 0.5 1.3069294691085815 1.48017817735672 -0.05236763163222114 0.0007286701510940979
1711627755.1552265 3.199815511703491 1.30667245388031 0.3177918017195901 0.2017410546541214 1.9287914428408093 -0.08067835784944088 1.928791442840781 -0.08067835779106465 0.5 1.301686942577362 1.4808128476142883 -0.051548053299825584 0.006240505616923913
1711627755.2548904 3.2180181741714478 1.3114398121833801 0.310856873618108 0.19236122071743011 2.012240769746869 -0.07938142866171014 2.012240769746839 -0.07938142860982612 0.5 1.2966918349266052 1.480610191822052 -0.04992315299107621 -0.0020254250414020705
1711627755.377653 3.252546191215515 1.3210878372192383 0.2942604077424787 0.19634956121444702 1.9694634412331569 -0.0747199935181575 1.9694634412331267 -0.0747199934658516 0.5 1.28760427236557 1.4816619753837585 -0.04491196745235872 0.0046720365269376785
1711627755.4671612 3.252546191215515 1.3210878372192383 0.2942604077424787 0.19236122071743011 1.9167128568030896 -0.07424061559624423 1.9167128568030591 -0.07424061554095508 0.5 1.28760427236557 1.4816619753837585 -0.04491196745235872 0.0046720365269376785
1711627755.5580306 3.2647687196731567 1.3242483139038086 0.29025004936035753 0.19380754232406616 1.968316076143746 -0.07399582659435619 1.9683160761437144 -0.07399582654555706 0.5 1.2843215465545654 1.4813795685768127 -0.024455387511878014 -0.002103851584771276
1711627755.6635673 3.299905300140381 1.3332491517066956 0.28407578417040746 0.19950775802135468 1.9726221883893171 -0.07857954723098184 1.9726221883892834 -0.07857954716476145 0.5 1.274473786354065 1.4824641942977905 -0.09702565379474615 0.010686340605158008
1711627755.756049 3.31855571269989 1.3375970125198364 0.27637290930983893 0.20397435128688812 1.9208866762791932 -0.07609081875468679 1.9208866762791594 -0.07609081869784502 0.5 1.2695647478103638 1.4825881719589233 -0.04810882548108825 0.0012149873360935354
1711627755.8710322 3.3374509811401367 1.3416093587875366 0.2688079424791204 0.19876332581043243 1.9784535671247596 -0.07334745429234535 1.9784535671247243 -0.07334745423354243 0.5 1.2647095322608948 1.4832435250282288 -0.04777648742492493 0.006448831644144144
1711627755.9734674 3.356326937675476 1.3458772897720337 0.2647625958256194 0.20248548686504364 2.0006707418163345 -0.07444096246711152 2.0006707418162977 -0.07444096241381222 0.5 1.2597089409828186 1.4833747744560242 -0.04912231395280754 0.0012893026523801158
1711627756.0578198 3.3757131099700928 1.3500514030456543 0.25955239867737556 0.19886967539787292 1.9318841284251715 -0.07426652100632472 1.931884128425135 -0.07426652095043089 0.5 1.2548208236694336 1.4837369322776794 -0.048822204283023404 0.003617209248053875
1711627756.173938 3.3945670127868652 1.354180097579956 0.2557884413034073 0.2017410546541214 1.9741462743448028 -0.07549289514250918 1.9741462743447646 -0.07549289508448415 0.5 1.2495560050010681 1.4844079613685608 -0.05137234876595626 0.006547678592615512
1711627756.2555933 3.4136195182800293 1.3576257824897766 0.2522323910039557 0.1952538639307022 1.969702914592211 -0.07610859826002006 1.9697029145921718 -0.0761085982072676 0.5 1.2445271611213684 1.4842705726623535 -0.049279699824305634 -0.0013463281746476767
1711627756.3562708 3.4325073957443237 1.3622816801071167 0.2392563465091479 0.19380754232406616 1.926340868583757 -0.06877936386010566 1.9263408685837178 -0.06877936380239819 0.5 1.239806592464447 1.4849070310592651 -0.046742574117180455 0.0063021440746389166
1711627756.456811 3.4518086910247803 1.3653700947761536 0.23881527076079603 0.19308437407016754 1.9757519524066933 -0.07209009722636939 1.975751952406652 -0.07209009716924991 0.5 1.2344558238983154 1.4851922988891602 -0.05267830736513987 0.0028084612965162403
1711627756.574738 3.469757080078125 1.369454801082611 0.23524838176673168 0.19380754232406616 1.9778382790892557 -0.07349258315734647 1.9778382790892135 -0.07349258310449616 0.5 1.2297924160957336 1.4853644967079163 -0.046177118425991724 0.0017051048087614884
1711627756.6650672 3.488935947418213 1.3726131319999695 0.2343967906958632 0.19578559696674347 1.9494900391156373 -0.07648890224680047 1.949490039115595 -0.07648890218794281 0.5 1.2245669960975647 1.486009418964386 -0.05122637584551451 0.006322368328791201
1711627756.758637 3.508171796798706 1.3771658539772034 0.23019096637142114 0.20099662244319916 1.954055188847724 -0.07783810612870354 1.9540551888476803 -0.07783810607415083 0.5 1.2195855975151062 1.4858853816986084 -0.049592691228619847 -0.001234862402741976
1711627756.8572721 3.5270142555236816 1.3802375793457031 0.23031333415399138 0.20025219023227692 1.9556495422081432 -0.08171383848805111 1.9556495422080986 -0.08171383842894943 0.5 1.2150004506111145 1.4863665103912354 -0.04556385312667327 0.00478110680964182
1711627756.9584706 3.5447951555252075 1.3838040828704834 0.22854598910084925 0.19876332581043243 1.9683018811122879 -0.0843097222458506 1.9683018811122421 -0.08430972218617717 0.5 1.2098881602287292 1.486862063407898 -0.049115722299465606 0.004760966715608687
1711627757.0605516 3.565798044204712 1.3870968222618103 0.22385722343365128 0.20320865511894226 1.9355027110095722 -0.0836541843368743 1.9355027110095258 -0.08365418427779746 0.5 1.2045158743858337 1.4869210124015808 -0.0528235627832178 0.0005796221496538677
1711627757.1747534 3.5819876194000244 1.3900921940803528 0.22001085041343593 0.19950775802135468 2.0012097717361956 -0.08348079390458304 2.0012097717361472 -0.08348079384801241 0.5 1.2007981538772583 1.4874206185340881 -0.03648439967711368 0.004902958621415787
1711627757.2585185 3.6028308868408203 1.3935060501098633 0.21347621276644005 0.19950775802135468 1.9407088939298622 -0.08113681132835265 1.9407088939298136 -0.0811368112723409 0.5 1.195144236087799 1.4873348474502563 -0.05561438069441024 -0.0008436814765305285
1711627757.3559105 3.6222822666168213 1.3964788317680359 0.21113867512638834 0.19788354635238647 1.9696009962571566 -0.0824523085478999 1.9696009962571066 -0.08245230848922613 0.5 1.1904338002204895 1.487833857536316 -0.04627105465310175 0.004901823019129522
1711627757.466886 3.641206383705139 1.399479329586029 0.20361784338164612 0.1965300291776657 1.976470469114491 -0.07862207512568956 1.9764704691144397 -0.07862207506762828 0.5 1.1852920055389404 1.4884217977523804 -0.05078139716686132 0.005806615680217006
1711627757.5731573 3.660107374191284 1.4025180339813232 0.19429206847155672 0.19876332581043243 1.9797976622927411 -0.07303738377008301 1.9797976622926885 -0.07303738372019868 0.5 1.1804414987564087 1.4883336424827576 -0.04811041665188675 -0.0008743801301106011
1711627757.6746292 3.6787779331207275 1.405059814453125 0.18469305337806702 0.20099662244319916 1.9415676087699203 -0.06657029352405296 1.9415676087698674 -0.06657029346838773 0.5 1.175856590270996 1.4887741804122925 -0.045700400432514644 0.004391093050060005
1711627757.7572775 3.6980862617492676 1.4078051447868347 0.17437027458899873 0.20031601190567017 1.9497137750521387 -0.06657029352405296 1.9497137750520857 -0.06657029346934862 0.5 1.1706824898719788 1.4888842701911926 -0.04905713904655983 0.0010437929639199144
1711627757.8771126 3.7169582843780518 1.409855604171753 0.16781282972569173 0.19876332581043243 1.9767524100043365 -0.05963286461098194 1.9767524100042806 -0.05963286456125401 0.5 1.1661975979804993 1.4891365766525269 -0.04450538010921101 0.0025037381585547047
1711627757.9632046 3.7358505725860596 1.4124862551689148 0.15656322178090648 0.2017410546541214 1.9669439338282164 -0.055605631926930466 1.9669439338281607 -0.05560563187777119 0.5 1.160922348499298 1.4898356199264526 -0.05034151047283615 0.00667094407965089
1711627758.0775979 3.7549755573272705 1.414511263370514 0.15350571018675996 0.19742335379123688 1.9396998635942875 -0.04760428688887691 1.939699863594231 -0.04760428683600912 0.5 1.1558791399002075 1.4897211194038391 -0.04973431456685045 -0.0011291630908855789
1711627758.1673436 3.773777961730957 1.4165311455726624 0.14497717910916583 0.19876332581043243 1.9925139561206637 -0.04704878242892019 1.9925139561206047 -0.04704878238434131 0.5 1.151207685470581 1.4903461337089539 -0.04625002655537799 0.006187993192381321
